     172
     197
     188
     181
     185
     173
     177
     195
     202
     207
     178
     150
     175
     188
     180
     195
     206
     185
     198
     186
     184
     193
     190
     206
     198
     169
     187
     185
     189
     188
     182
     175
     203
     192
     219
     168
     219
     224
     195
     222
     206
     192
     181
     206
     220
     209
     171
     189
     214
     186
     196
     189
     185
     186
     170
     172
     161
     194
     203
     207
     180
     188
     188
     207
     193
     203
     225
     217
     190
     212
     211
     195
     184
     204
     177
     194
     202
     199
     190
     218
     186
     198
     174
     204
     205
     204
     173
     223
     220
     209
     216
     212
     210
     209
     213
     181
     223
     205
     213
     193
     219
     187
     199
     219
     198
     210
     194
     206
     187
     230
     206
     224
     222
     211
     218
     204
     195
     209
     230
     201
     190
     192
     187
     238
     194
     222
     187
     214
     228
     219
     212
     219
     195
     205
     214
     226
     178
     225
     215
     220
     199
     219
     223
     242
     213
     201
     204
     221
     213
     206
     191
     209
     219
     209
     210
     210
     238
     199
     223
     245
     214
     222
     232
     224
     221
     201
     242
     245
     232
     237
     231
     220
     243
     233
     214
     249
     222
     219
     241
     223
     231
     210
     215
     255
     252
     238
     244
     239
     236
     235
     237
     231
     228
     216
     226
     217
     215
     225
     230
     267
     214
     215
     234
     225
     195
     240
     217
     248
     224
     233
     219
     213
     237
     233
     217
     227
     225
     228
     239
     221
     214
     237
     246
     248
     237
     200
     215
     220
     244
     227
     204
     214
     204
     255
     257
     222
     233
     235
     202
     221
     227
     233
     226
     228
     238
     226
     209
     244
     226
     224
     204
     228
     213
     222
     209
     239
     227
     254
     215
     233
     244
     208
     239
     212
     245
     217
     221
     230
     236
     233
     218
     231
     266
     221
     209
     216
     226
     248
     210
     244
     243
     224
     238
     242
     230
     189
     224
     238
     245
     223
     248
     236
     226
     236
     211
     216
     228
     229
     245
     247
     257
     256
     227
     241
     269
     239
     241
     242
     243
     217
     244
     265
     242
     232
     268
     238
     284
     267
     250
     249
     268
     281
     288
     279
     278
     286
     328
     278
     293
     284
     309
     318
     318
     300
     323
     330
     295
     318
     342
     310
     337
     352
     359
     362
     355
     384
     372
     424
     409
     391
     398
     434
     397
     394
     408
     416
     476
     455
     439
     407
     448
     438
     433
     454
     462
     478
     458
     480
     470
     472
     454
     480
     430
     462
     412
     498
     427
     458
     468
     453
     472
     426
     468
     482
     454
     502
     461
     453
     409
     435
     440
     452
     438
     415
     417
     429
     418
     397
     399
     445
     426
     435
     362
     411
     390
     378
     377
     377
     391
     387
     427
     385
     425
     370
     376
     367
     400
     363
     360
     373
     367
     350
     401
     361
     375
     349
     366
     368
     351
     347
     334
     348
     365
     406
     358
     374
     364
     352
     364
     345
     380
     337
     331
     340
     320
     350
     328
     337
     324
     344
     334
     313
     334
     335
     346
     322
     323
     303
     315
     305
     295
     285
     320
     305
     312
     284
     319
     275
     289
     291
     293
     313
     281
     267
     307
     279
     308
     256
     273
     268
     278
     268
     267
     253
     272
     243
     248
     236
     262
     258
     256
     239
     250
     249
     265
     258
     236
     242
     258
     246
     225
     231
     251
     243
     233
     258
     264
     233
     245
     236
     258
     217
     261
     234
     252
     245
     245
     223
     264
     269
     249
     210
     255
     248
     231
     232
     255
     254
     241
     249
     217
     249
     229
     233
     251
     239
     264
     237
     256
     243
     248
     260
     234
     257
     248
     262
     246
     260
     245
     238
     275
     231
     249
     262
     246
     278
     223
     246
     233
     268
     264
     264
     246
     237
     246
     253
     259
     265
     291
     248
     260
     246
     236
     239
     243
     275
     261
     260
     252
     282
     267
     262
     272
     254
     276
     251
     243
     244
     248
     275
     266
     265
     248
     220
     250
     228
     271
     260
     253
     288
     259
     287
     264
     245
     248
     278
     252
     270
     244
     271
     263
     268
     283
     275
     294
     263
     266
     285
     248
     291
     274
     267
     272
     257
     240
     288
     293
     268
     257
     272
     308
     276
     287
     265
     270
     284
     278
     306
     278
     266
     274
     277
     266
     270
     258
     292
     277
     253
     271
     259
     275
     270
     255
     317
     290
     310
     264
     247
     291
     282
     250
     302
     265
     256
     280
     302
     295
     279
     302
     273
     270
     227
     271
     291
     296
     293
     272
     274
     281
     271
     273
     272
     289
     290
     268
     261
     299
     292
     269
     304
     314
     316
     293
     288
     300
     324
     302
     288
     300
     289
     308
     292
     318
     306
     300
     314
     279
     291
     279
     308
     306
     289
     327
     311
     303
     285
     307
     269
     322
     283
     292
     298
     303
     293
     286
     299
     325
     315
     299
     305
     300
     290
     306
     303
     304
     282
     289
     278
     305
     301
     323
     298
     317
     308
     330
     284
     312
     307
     316
     297
     295
     274
     260
     350
     326
     310
     313
     319
     313
     325
     290
     306
     308
     319
     326
     323
     340
     299
     293
     308
     295
     297
     312
     334
     309
     303
     299
     312
     354
     326
     329
     297
     311
     307
     308
     323
     332
     323
     336
     306
     341
     320
     312
     327
     337
     307
     314
     313
     302
     324
     322
     307
     288
     327
     317
     316
     326
     317
     317
     320
     306
     305
     298
     326
     333
     270
     338
     327
     322
     283
     305
     324
     331
     327
     301
     321
     317
     309
     330
     331
     341
     333
     316
     323
     309
     297
     317
     318
     329
     302
     298
     318
     340
     309
     348
     331
     323
     347
     316
     304
     327
     313
     322
     319
     320
     275
     291
     343
     317
     318
     307
     302
     319
     333
     316
     305
     349
     346
     345
     312
     317
     327
     298
     332
     315
     331
     325
     347
     337
     332
     317
     308
     338
     341
     367
     324
     302
     284
     308
     322
     377
     315
     321
     312
     325
     337
     346
     333
     330
     316
     316
     336
     331
     328
     330
     325
     331
     335
     333
     306
     343
     300
     339
     330
     313
     312
     297
     337
     315
     331
     333
     316
     348
     293
     321
     346
     292
     331
     326
     318
     325
     362
     314
     314
     322
     319
     362
     341
     306
     324
     322
     336
     312
     334
     328
     334
     340
     325
     337
     316
     326
     313
     337
     326
     325
     349
     347
     328
     350
     322
     311
     323
     321
     305
     322
     304
     339
     310
     316
     319
     334
     334
     339
     323
     339
     343
     320
     342
     329
     310
     357
     338
     314
     359
     336
     324
     356
     320
     359
     365
     340
     311
     330
     325
     314
     324
     363
     321
     304
     326
     333
     341
     324
     321
     290
     334
     327
     305
     345
     295
     371
     298
     326
     321
     332
     338
     320
     337
     319
     354
     326
     314
     295
     337
     365
     333
     329
     333
     354
     330
     325
     348
     311
     295
     325
     327
     323
     370
     344
     327
     302
     316
     343
     318
     332
     343
     324
     345
     340
     341
     362
     344
     314
     317
     327
     322
     336
     332
     372
     329
     350
     345
     354
     366
     328
     357
     336
     373
     364
     393
     367
     354
     360
     348
     364
     366
     329
     405
     382
     322
     347
     370
     378
     347
     373
     373
     341
     342
     366
     402
     361
     416
     407
     369
     392
     386
     338
     394
     393
     369
     357
     388
     387
     369
     394
     383
     364
     395
     415
     405
     407
     338
     384
     407
     392
     385
     428
     397
     385
     372
     365
     404
     416
     373
     401
     388
     408
     386
     382
     416
     389
     410
     396
     461
     405
     388
     385
     400
     425
     413
     416
     416
     408
     437
     432
     444
     424
     452
     392
     431
     436
     397
     431
     408
     413
     410
     435
     441
     426
     439
     405
     443
     439
     455
     463
     454
     429
     427
     433
     446
     419
     470
     429
     441
     418
     439
     475
     399
     412
     383
     452
     447
     400
     442
     446
     480
     477
     441
     449
     466
     455
     462
     456
     457
     488
     482
     469
     452
     438
     466
     449
     475
     448
     423
     427
     457
     463
     431
     458
     446
     465
     470
     436
     458
     452
     423
     411
     418
     460
     471
     425
     465
     443
     396
     447
     463
     435
     401
     451
     435
     439
     416
     420
     451
     427
     438
     450
     462
     429
     394
     443
     433
     453
     443
     465
     451
     449
     485
     418
     389
     407
     433
     391
     434
     426
     451
     426
     429
     427
     412
     427
     438
     435
     448
     434
     421
     446
     449
     401
     427
     438
     423
     421
     435
     419
     410
     420
     410
     427
     434
     419
     440
     414
     412
     404
     423
     433
     401
     411
     394
     404
     422
     419
     421
     428
     411
     404
     414
     378
     380
     412
     411
     390
     433
     452
     408
     372
     429
     415
     412
     412
     417
     440
     400
     396
     393
     403
     405
     394
     407
     404
     401
     409
     402
     354
     390
     385
     391
     416
     397
     371
     384
     435
     371
     413
     424
     376
     415
     384
     378
     366
     395
     386
     372
     400
     393
     393
     393
     390
     380
     364
     379
     363
     396
     352
     385
     372
     352
     379
     383
     382
     372
     325
     342
     339
     368
     355
     369
     375
     367
     360
     370
     398
     359
     343
     383
     425
     333
     365
     372
     383
     360
     382
     352
     377
     388
     371
     341
     347
     387
     368
     395
     368
     380
     397
     381
     356
     360
     366
     360
     344
     342
     368
     374
     359
     366
     394
     356
     352
     373
     366
     355
     339
     338
     341
     346
     342
     301
     333
     343
     392
     345
     336
     349
     352
     326
     316
     331
     372
     341
     347
     336
     332
     354
     340
     326
     349
     335
     328
     332
     335
     363
     351
     343
     316
     343
     351
     348
     332
     337
     323
     359
     352
     327
     359
     340
     362
     351
     310
     303
     315
     344
     340
     344
     357
     339
     331
     355
     371
     344
     357
     347
     304
     332
     356
     326
     332
     322
     346
     303
     334
     334
     333
     328
     354
     349
     359
     333
     320
     329
     337
     299
     351
     329
     335
     348
     343
     308
     353
     319
     309
     354
     332
     329
     317
     340
     370
     338
     310
     339
     307
     304
     287
     305
     348
     358
     328
     316
     324
     305
     343
     303
     319
     313
     341
     318
     344
     305
     299
     293
     314
     341
     325
     316
     280
     319
     298
     306
     353
     341
     310
     315
     293
     329
     298
     311
     307
     315
     344
     364
     323
     296
     318
     309
     288
     316
     342
     312
     301
     307
     333
     327
     296
     338
     302
     333
     315
     311
     300
     328
     314
     309
     313
     332
     337
     342
     289
     308
     299
     309
     359
     296
     326
     301
     328
     309
     282
     341
     345
     311
     316
     286
     330
     314
     305
     302
     313
     309
     319
     333
     315
     297
     349
     326
     300
     331
     315
     349
     307
     319
     318
     300
     304
     305
     293
     294
     302
     329
     324
     299
     325
     321
     290
     335
     292
     322
     298
     336
     311
     310
     324
     325
     310
     290
     304
     345
     318
     277
     302
     316
     296
     277
     314
     313
     302
     312
     321
     301
     298
     318
     317
     281
     285
     309
     291
     310
     321
     274
     322
     282
     310
     237
     300
     307
     319
     318
     304
     302
     297
     299
     315
     334
     307
     309
     298
     287
     301
     320
     261
     296
     294
     301
     329
     296
     328
     314
     306
     279
     302
     291
     334
     299
     292
     270
     291
     316
     308
     266
     306
     305
     307
     306
     302
     292
     311
     283
     315
     297
     299
     296
     275
     293
     294
     312
     261
     301
     251
     296
     326
     316
     294
     294
     277
     298
     283
     275
     318
     279
     291
     308
     282
     293
     308
     330
     299
     307
     319
     309
     320
     288
     330
     285
     308
     287
     301
     294
     302
     274
     290
     267
     332
     266
     266
     306
     295
     295
     293
     283
     276
     275
     329
     284
     286
     287
     307
     300
     252
     298
     283
     294
     309
     302
     282
     296
     295
     270
     291
     273
     275
     264
     259
     304
     261
     299
     301
     238
     312
     265
     291
     274
     278
     305
     298
     260
     297
     284
     277
     264
     304
     280
     291
     273
     289
     292
     276
     291
     279
     276
     293
     256
     295
     302
     262
     312
     266
     294
     284
     276
     289
     263
     279
     279
     306
     282
     283
     301
     279
     252
     253
     302
     271
     310
     273
     293
     260
     275
     289
     289
     275
     286
     267
     253
     290
     270
     286
     280
     310
     253
     278
     262
     249
     287
     253
     247
     267
     270
     275
     276
     268
     271
     290
     272
     293
     264
     303
     304
     301
     255
     228
     238
     285
     292
     275
     282
     272
     255
     274
     279
     258
     256
     273
     281
     252
     283
     288
     254
     260
     273
     246
     252
     246
     245
     278
     291
     286
     277
     254
     285
     258
     262
     284
     302
     253
     276
     235
     266
     274
     246
     264
     272
     248
     281
     276
     267
     244
     272
     262
     261
     269
     241
     259
     248
     262
     282
     262
     240
     240
     255
     234
     287
     259
     260
     258
     240
     258
     238
     272
     264
     237
     273
     258
     242
     255
     251
     252
     247
     265
     262
     252
     261
     247
     248
     273
     220
     245
     250
     291
     269
     227
     234
     248
     259
     233
     259
     250
     274
     247
     237
     244
     258
     239
     240
     264
     219
     233
     224
     260
     247
     263
     270
     253
     257
     245
     239
     262
     218
     248
     254
     255
     241
     220
     251
     221
     249
     263
     298
     258
     287
     246
     265
     241
     215
     261
     243
     246
     271
     240
     234
     238
     262
     236
     258
     247
     267
     214
     234
     228
     253
     247
     219
     246
     268
     242
     237
     278
     243
     272
     230
     246
     241
     218
     247
     251
     236
     228
     276
     222
     255
     211
     254
     262
     247
     255
     240
     238
     248
     247
     228
     217
     259
     239
     242
     243
     273
     231
     244
     253
     263
     234
     266
     243
     264
     249
     239
     233
     225
     254
     233
     255
     243
     216
     248
     251
     228
     255
     222
     223
     206
     234
     223
     200
     251
     220
     221
     237
     238
     247
     226
     227
     231
     249
     241
     258
     223
     232
     225
     223
     254
     228
     228
     231
     223
     243
     223
     251
     231
     253
     243
     227
     242
     217
     224
     244
     249
     229
     244
     202
     255
     239
     229
     224
     239
     210
     256
     203
     235
     232
     239
     240
     247
     252
     235
     260
     241
     227
     215
     218
     236
     225
     211
     216
     218
     247
     256
     223
     241
     206
     226
     228
     213
     230
     243
     203
     215
     213
     228
     209
     231
     213
     232
     214
     190
     240
     197
     223
     231
     224
     221
     237
     245
     205
     234
     230
     227
     189
     222
     235
     227
     210
     192
     221
     242
     219
     225
     224
     242
     235
     239
     210
     242
     205
     263
     204
     232
     235
     238
     201
     195
     232
     204
     238
     203
     230
     191
     218
     205
     226
     205
     215
     215
     201
     208
     197
     246
     212
     206
     218
     219
     254
     214
     189
     206
     227
     200
     210
     192
     231
     188
     212
     219
     236
     223
     217
     193
     200
     203
     208
     198
     209
     201
     230
     235
     192
     225
     197
     214
     214
     211
     222
     221
     183
     222
     179
     199
     181
     215
     238
     197
     211
     238
     195
     183
     215
     221
     209
     208
     215
     201
     200
     217
     213
     220
     208
     225
     219
     206
     207
     200
     206
     198
     225
     206
     199
     199
     212
     234
     195
     203
     198
     206
     209
     213
     211
     227
     213
     209
     204
     194
     187
     223
     212
     213
     182
     207
     218
     219
     185
     206
     196
     208
     212
     193
     228
     212
     202
     218
     211
     194
     165
     205
     202
     201
     212
     210
     212
     234
     196
     208
     198
     194
     208
     193
     199
     190
     198
     224
     194
     182
     219
     208
     173
     186
     221
     199
     203
     183
     182
     201
     206
     205
     199
     205
     202
     195
     225
     208
     192
     178
     199
     210
     218
     193
     207
     207
     172
     185
     187
     215
     199
     210
     198
     166
     198
     200
     179
     187
     182
     203
     198
     169
     177
     186
     200
     161
     175
     221
     185
     204
     192
     188
     211
     190
     211
     180
     204
     206
     217
     192
     185
     177
     188
     188
     184
     201
     193
     192
     211
     180
     189
     183
     203
     177
     180
     198
     188
     206
     194
     178
     195
     208
     198
     213
     193
     174
     192
     205
     189
     199
     217
     209
     192
     176
     210
     194
     177
     160
     195
     171
     187
     209
     177
     168
     209
     164
     197
     200
     183
     199
     199
     150
     194
     192
     197
     178
     209
     185
     189
     192
     213
     178
     189
     193
     188
     178
     186
     186
     177
     197
     188
     160
     188
     170
     182
     188
     182
     190
     196
     179
     179
     170
     181
     189
     177
     189
     195
     177
     157
     162
     176
     185
     166
     176
     178
     185
     187
     194
     182
     167
     176
     214
     202
     163
     189
     190
     192
     184
     183
     165
     153
     171
     175
     171
     158
     176
     175
     181
     183
     160
     166
     162
     173
     183
     190
     192
     157
     171
     184
     185
     182
     169
     192
     170
     165
     164
     177
     158
     172
     175
     186
     160
     189
     156
     207
     178
     169
     207
     180
     179
     201
     195
     172
     191
     162
     153
     183
     206
     169
     159
     175
     179
     174
     174
     170
     167
     186
     188
     165
     162
     209
     193
     184
     174
     181
     164
     178
     168
     201
     206
     172
     170
     191
     194
     161
     163
     183
     186
     176
     181
     195
     171
     154
     186
     205
     179
     194
     163
     193
     188
     174
     202
     195
     161
     171
     163
     185
     160
     171
     192
     179
     167
     181
     163
     185
     164
     164
     184
     166
     172
     154
     148
     164
     155
     188
     159
     162
     197
     167
     161
     180
     163
     179
     171
     163
     182
     169
     191
     162
     159
     172
     176
     150
     171
     194
     182
     148
     164
     186
     164
     217
     168
     162
     169
     166
     180
     166
     168
     158
     172
     157
     157
     196
     153
     190
     152
     171
     195
     173
     173
     175
     166
     176
     167
     180
     152
     158
     168
     202
     195
     182
     170
     177
     155
     179
     154
     179
     180
     186
     189
     181
     158
     186
     151
     149
     151
     165
     176
     147
     171
     170
     167
     172
     173
     169
     139
     157
     164
     180
     193
     177
     158
     157
     168
     178
     169
     164
     173
     166
     189
     169
     164
     179
     188
     178
     176
     195
     151
     170
     183
     145
     183
     175
     153
     190
     166
     180
     178
     187
     160
     190
     160
     156
     198
     176
     168
     140
     150
     153
     187
     156
     169
     161
     177
     167
     160
     187
     186
     185
     160
     168
     157
     177
     140
     184
     158
     186
     178
     159
     159
     179
     144
     168
     154
     152
     161
     162
     170
     155
     181
     170
     172
     160
     179
     168
     184
     169
     175
     201
     167
     141
     169
     166
     151
     171
     159
     153
     177
     153
     166
     196
     176
     167
     180
     149
     163
     160
     168
     162
     153
     177
     164
     136
     141
     158
     175
     151
     179
     162
     158
     134
     161
     158
     169
     163
     185
     150
     167
     152
     160
     169
     163
     158
     160
     166
     176
     174
     164
     152
     145
     147
     137
     150
     171
     145
     140
     176
     158
     165
     147
     179
     159
     168
     122
     145
     151
     156
     161
     162
     160
     149
     144
     148
     174
     144
     150
     167
     159
     143
     176
     151
     142
     143
     184
     177
     159
     180
     121
     156
     161
     144
     152
     174
     132
     137
     180
     149
     143
     170
     131
     160
     144
     153
     169
     158
     181
     169
     148
     153
     194
     135
     136
     135
     160
     150
     140
     161
     140
     176
     152
     146
     160
     153
     143
     154
     164
     147
     178
     158
     137
     146
     157
     173
     153
     158
     159
     156
     134
     147
     150
     133
     170
     170
     173
     147
     163
     142
     133
     160
     149
     147
     156
     145
     157
     143
     156
     133
     146
     157
     165
     147
     155
     127
     146
     156
     158
     145
     151
     135
     167
     142
     167
     161
     154
     166
     145
     132
     140
     153
     151
     173
     169
     116
     137
     143
     177
     141
     131
     141
     166
     164
     145
     147
     141
     141
     154
     149
     154
     137
     140
     166
     152
     158
     150
     146
     132
     120
     136
     133
     146
     141
     137
     139
     177
     131
     134
     143
     125
     128
     153
     162
     123
     140
     145
     135
     143
     140
     128
     129
     128
     151
     158
     140
     140
     147
     155
     143
     160
     131
     137
     155
     139
     143
     148
     147
     145
     140
     157
     150
     130
     126
     112
     126
     143
     138
     142
     142
     130
     137
     152
     148
     141
     159
     143
     146
     157
     160
     158
     138
     151
     137
     149
     148
     131
     138
     136
     148
     140
     158
     154
     138
     130
     125
     152
     150
     146
     128
     137
     145
     160
     148
     140
     165
     120
     146
     153
     134
     151
     141
     118
     118
     151
     112
     153
     155
     135
     120
     133
     159
     123
     137
     154
     142
     129
     120
     140
     139
     139
     147
     122
     130
     167
     158
     138
     158
     158
     127
     126
     156
     139
     151
     142
     130
     133
     136
     133
     157
     153
     142
     161
     154
     142
     133
     176
     137
     141
     121
     143
     120
     161
     139
     108
     128
     135
     115
     121
     134
     133
     123
     144
     152
     147
     144
     139
     125
     112
     150
     163
     131
     153
     125
     140
     137
     143
     145
     143
     119
     143
     143
     123
     141
     156
     149
     125
     138
     139
     105
     126
     141
     124
     129
     134
     142
     130
     133
     153
     155
     145
     123
     162
     139
     141
     149
     142
     156
     139
     123
     135
     142
     147
     130
     124
     111
     127
     135
     150
     141
     127
     152
     123
     109
     135
     136
     114
     131
     110
     132
     141
     150
     144
     129
     142
     141
     123
     143
     133
     130
     145
     120
     123
     154
     148
     125
     157
     133
     100
     125
     135
     126
     143
     146
     133
     156
     120
     144
     136
     149
     123
     131
     145
     135
     145
     130
     129
     118
     136
     131
     128
     111
     153
     125
     144
     144
     142
     130
     126
     129
     146
     137
     141
     132
     133
     124
     130
     103
     142
     128
     127
     114
     144
     145
     144
     141
     132
     159
     111
     152
     139
     142
     116
     145
     143
     118
     126
     133
     148
     146
     146
     147
     142
     128
     140
     145
     122
     114
     130
     121
     144
     127
     125
     146
     121
     133
     114
     130
     126
     126
     134
     136
     122
     149
     137
     127
     136
     123
     133
     129
     131
     130
     137
     127
     122
     124
     127
     113
     118
     133
     148
     123
     133
     132
     117
     128
     120
     119
     131
     128
     144
     160
     145
     151
     152
     136
     135
     127
     139
     141
     137
     126
     156
     112
     149
     116
     146
     119
     147
     116
     132
     123
     141
     154
     141
     123
     154
     139
     131
     145
     150
     122
     143
     144
     130
     121
     146
     151
     132
     132
     121
     134
     131
     147
     132
     126
     125
     150
     122
     143
     130
     135
     144
     140
     125
     148
     120
     142
     125
     130
     131
     118
     125
     157
     117
     118
     117
     116
     112
     130
     121
     109
     133
     117
     128
     137
     129
     135
     144
     129
     131
     126
     143
     111
     123
     130
     117
     126
     125
     108
     126
     132
     135
     127
     126
     130
     140
     114
     128
     135
     110
     117
     130
     122
     124
     133
     136
     133
     119
     122
     109
     144
     125
     131
     135
     125
     138
     151
     157
     143
     145
     141
     118
     141
     134
     126
     110
     112
     116
     146
     131
     136
     142
     145
     129
     121
     131
     117
     126
     134
     145
     127
     140
     130
     144
     119
     130
     124
     136
     145
     120
     113
     137
     131
     131
     115
     144
     126
     122
     137
     133
     143
     135
     126
     154
     116
     129
     132
     133
     144
     143
     122
     116
     118
     133
     120
     110
     112
     125
     128
     123
     130
     134
     146
     127
     104
     120
     139
     116
     111
     129
     126
     137
     126
     155
     125
     148
     126
     142
     133
     152
     119
     135
     108
     118
     138
     137
     134
     111
     132
     125
     114
     118
     122
     130
     112
     117
     122
     148
     142
     108
     140
     127
     139
     122
     133
     118
     122
     127
     118
     114
     126
     138
     144
     118
     121
     141
     132
     119
     119
     126
     141
     140
     124
     139
     126
     154
     127
     132
     137
     143
     134
     137
     119
     134
     146
     128
     119
     133
     134
     112
     130
     111
     135
     156
     119
     138
     140
     128
     136
     142
     125
     105
     113
     123
     115
     143
     113
     119
     136
     119
     139
     117
     125
     126
     101
     119
     112
     125
     114
     127
     132
     126
     117
     124
     132
     148
     130
     141
     133
     110
     131
     143
     110
     124
     129
     125
     118
     127
     118
     124
     142
     130
     123
     116
     130
     130
     127
     135
     132
     118
     117
     128
     123
     132
     113
     131
     120
     123
     130
     134
     137
     145
     118
     134
     125
     123
     142
     132
     120
     131
     140
     107
     127
     126
     125
     113
     123
     124
     127
     125
     116
     113
     115
     121
     133
     128
     126
     136
     117
     131
     116
     124
     132
     116
     140
     123
     136
     122
     119
     114
     124
     129
     131
     114
     119
     111
     119
     102
     135
     137
     128
     136
     133
     118
     148
     130
     121
     129
     136
     133
     129
     117
     105
     126
     131
     141
     137
     123
     141
     111
     139
     130
     127
     118
     132
     130
     150
     112
     121
     117
     126
     121
     140
     134
     139
     105
     136
     113
     119
     131
     110
     120
     123
     119
     143
     131
     107
     112
     121
     131
     145
     137
     141
     121
     137
     126
     122
     129
     125
     110
     110
     120
     112
     108
     122
     129
     134
     126
     113
     138
     118
     120
     127
     130
     120
     142
     131
     127
     129
     143
     138
     143
      94
     128
     123
     118
     123
     130
      95
     122
     112
     152
     132
     121
     117
     131
     127
     127
     128
     124
     141
     119
     122
     115
     146
     124
     114
     119
     128
     115
     135
     115
     135
     119
     123
     114
     125
     124
     126
     116
     107
     112
     143
     137
     138
     129
     139
     122
     130
     130
     131
     131
     125
     115
     146
     132
     119
     118
     112
     125
     142
     128
     135
     133
     121
     145
     128
     116
     127
     123
     112
     132
     125
     128
     110
     131
     123
     124
     129
     132
     124
     131
     129
     117
     122
     131
     137
     128
     124
     122
     124
     132
     141
     141
     119
     117
     120
     126
     135
     127
     117
     114
     137
     109
     120
     123
     128
     113
     119
     116
     142
     111
     105
     117
     123
     122
     127
     109
     113
     125
     122
     126
     112
     143
     145
     150
     119
     115
     121
     117
     144
     136
     121
     112
     129
     136
     111
     115
     115
     114
     134
     125
     125
     127
     111
     116
     104
     122
     113
     119
     106
     113
     131
     125
     134
     104
     125
     131
     127
     129
     119
     124
     115
     103
     124
     132
     128
     125
     127
     133
     119
     147
     109
     142
     118
     117
     123
     152
     125
     122
     118
     129
     125
     138
     149
     130
     124
     129
     143
     105
     139
     122
     130
     130
     148
     147
     123
     101
     122
     137
     132
     139
     115
     139
     137
     128
     107
     112
     124
     126
     123
     120
     130
     121
     123
     122
     135
     128
     139
     113
     140
     130
     124
     126
     137
     124
     131
     130
     138
     112
     129
     114
     125
     134
     137
     131
     140
     122
     117
     118
     141
     138
     129
     109
     134
     128
     130
     132
     120
     140
     115
     125
     141
     128
     123
     152
     122
     132
     121
     145
     136
     112
     145
     126
     126
     109
     130
     106
     131
     113
     134
     128
     134
     106
     126
     124
     108
     141
     116
     129
     128
     125
     112
     131
     132
     119
     131
     134
     159
     125
     109
     133
     116
     124
     133
     113
     120
     146
     143
     132
     140
     139
     141
     125
     122
     138
     127
     128
     124
     130
     106
     143
     126
     144
     126
     121
     125
     125
     128
     118
     121
     122
     127
     116
     133
     129
     121
     130
     133
     135
     121
     144
     128
     126
     103
     110
     117
     121
     131
     131
     143
     128
     145
     115
      96
     114
     116
     139
     122
     138
     119
     140
     135
     124
     128
     129
     117
     130
     120
     120
     133
     119
     148
     127
     104
     129
     126
     147
     127
     128
     113
     114
     106
     115
     117
     137
     124
     149
     131
     131
     130
     136
     133
     116
     127
     128
     133
     136
     142
     134
     151
     150
     117
     138
     125
     131
     136
     133
     128
     130
     119
     129
     139
     137
     135
     133
     133
     100
     122
     136
     127
     126
     133
     122
     153
     133
     124
     116
     132
     121
     128
     126
     135
     139
     141
     133
     126
     137
     139
     118
     105
     146
     133
     127
     138
     121
     126
     139
     131
     128
     136
     135
     140
     123
     138
     132
     159
     132
     113
     125
     133
     141
     127
     145
     137
     113
     142
     136
     135
     125
     128
     125
     149
     109
     131
     116
     143
     136
     133
     127
     120
     115
     121
     156
     123
     129
     128
     140
     119
     112
     134
     143
     128
     122
     127
     133
     106
     118
     134
     140
     115
     134
     122
     139
     125
     124
     134
     124
     127
     133
     139
     117
     145
     120
     131
     143
     132
     114
     125
     131
     132
     136
     139
     139
     142
     133
     132
     122
     131
     145
     137
     139
     132
     112
     141
     124
     135
     139
     129
     131
     139
     133
     132
     123
     133
     121
     137
     139
     147
     149
     130
     142
     128
     122
     127
     141
     119
     134
     128
     126
     131
     128
     136
     126
     118
     136
     126
     156
     140
     138
     136
     161
     143
     122
     137
     114
     148
     128
     132
     137
     123
     131
     139
     138
     169
     127
     145
     127
     135
     136
     118
     134
     161
     115
     119
     120
     128
     158
     120
     137
     145
     156
     142
     153
     153
     143
     144
     139
     144
     140
     115
     131
     134
     137
     144
     134
     154
     118
     128
     109
     154
     147
     133
     159
     151
     142
     136
     152
     128
     138
     135
     134
     144
     132
     133
     130
     114
     133
     138
     144
     145
     152
     151
     133
     126
     137
     109
     131
     152
     131
     146
     139
     136
     148
     134
     137
     139
     128
     135
     126
     134
     134
     136
     148
     140
     176
     136
     126
     127
     131
     127
     143
     150
     153
     133
     121
     134
     133
     142
     132
     148
     134
     112
     144
     140
     154
     151
     167
     132
     133
     141
     127
     137
     123
     131
     127
     133
     136
     152
     120
     159
     127
     137
     142
     133
     121
     133
     138
     136
     154
     136
     136
     130
     129
     129
     139
     138
     139
     118
     121
     149
     162
     154
     132
     150
     130
     145
     120
     136
     110
     142
     128
     131
     135
     120
     156
     140
     149
     148
     156
     134
     146
     145
     114
     156
     149
     146
     145
     118
     151
     156
     142
     150
     153
     148
     144
     135
     127
     158
     154
     141
     146
     151
     146
     148
     135
     142
     138
     135
     147
     135
     138
     144
     140
     140
     154
     137
     151
     140
     119
     155
     122
     157
     147
     117
     150
     141
     136
     140
     156
     129
     163
     136
     133
     133
     152
     119
     125
     145
     162
     149
     163
     122
     137
     137
     109
     134
     152
     137
     136
     150
     153
     164
     160
     148
     134
     143
     158
     145
     138
     135
     139
     140
     133
     123
     144
     126
     149
     145
     138
     140
     150
     162
     135
     152
     153
     147
     112
     152
     141
     149
     139
     145
     145
     147
     139
     139
     143
     133
     148
     148
     139
     144
     132
     131
     153
     152
     143
     160
     148
     151
     156
     143
     144
     145
     143
     168
     141
     143
     141
     134
     130
     161
     145
     143
     137
     134
     119
     138
     169
     132
     143
     149
     165
     148
     149
     145
     129
     151
     130
     149
     155
     150
     141
     138
     137
     164
     139
     156
     154
     146
     145
     173
     138
     168
     165
     144
     149
     158
     165
     134
     144
     145
     136
     138
     146
     150
     151
     143
     141
     156
     177
     150
     141
     155
     147
     140
     147
     125
     143
     140
     141
     146
     120
     146
     120
     158
     156
     156
     162
     132
     141
     132
     152
     136
     154
     149
     147
     145
     153
     142
     146
     148
     149
     147
     149
     130
     136
     141
     167
     155
     136
     122
     150
     158
     164
     146
     151
     146
     162
     153
     133
     145
     155
     130
     141
     131
     165
     121
     148
     165
     146
     131
     155
     151
     139
     160
     170
     151
     164
     134
     155
     152
     141
     154
     162
     153
     143
     154
     127
     128
     121
     124
     153
     161
     174
     160
     153
     128
     155
     156
     135
     152
     136
     149
     158
     167
     146
     155
     148
     138
     128
     174
     161
     149
     146
     143
     158
     145
     140
     156
     144
     144
     140
     160
     151
     138
     144
     154
     142
     146
     144
     139
     165
     135
     140
     152
     138
     155
     156
     131
     139
     137
     141
     166
     142
     142
     145
     150
     137
     134
     167
     130
     130
     135
     147
     141
     141
     167
     165
     149
     161
     146
     174
     148
     155
     180
     130
     146
     146
     155
     141
     125
     148
     144
     150
     166
     150
     139
     164
     142
     169
     166
     151
     153
     146
     155
     151
     142
     143
     122
     147
     139
     180
     145
     139
     147
     156
     149
     126
     149
     163
     147
     156
     141
     162
     142
     177
     130
     130
     166
     144
     160
     158
     161
     130
     153
     157
     132
     149
     157
     162
     145
     153
     137
     148
     145
     165
     154
     156
     141
     152
     148
     147
     143
     144
     146
     155
     141
     141
     160
     142
     127
     154
     139
     153
     149
     108
     138
     146
     152
     149
     128
     157
     131
     151
     141
     125
     130
     116
     139
     156
     145
     146
     142
     134
     152
     125
     128
     162
     106
     142
     153
     143
     144
     141
     135
     133
     148
     158
     150
     124
     141
     129
     145
     126
     130
     136
     119
     128
     128
     144
     117
     148
     143
     142
     144
     159
     149
     133
     130
     117
     122
     132
     146
     127
     143
     121
     129
     136
     132
     126
     128
     129
     137
     136
     137
     127
     138
     127
     137
     150
     137
     125
     150
     128
     151
     118
     136
     128
     136
     111
     144
     120
     133
     149
     122
     127
     134
     120
     133
     139
     135
     132
     134
     144
     136
     129
     117
     143
     132
     133
     133
     157
     119
     137
     138
     114
     136
     123
     124
     136
     134
     126
     132
     134
     130
     131
     116
     123
     124
     130
     132
     144
     113
     128
     113
     128
     133
     121
     136
     127
     134
     129
     121
     127
     131
     145
     143
      99
     118
     128
     115
     117
     112
     123
     119
     138
     132
     129
     123
     131
     109
     127
     117
     100
     115
     112
     117
     103
     148
     128
     117
     127
     121
     117
     164
     102
     104
     125
     117
     127
     116
     107
      97
     122
     115
     115
      91
     136
     114
     110
     137
     140
     117
     112
     125
     126
     114
     136
     112
     106
     105
     133
     109
      90
     114
     104
     125
     121
     118
     111
     131
     107
     105
     108
     120
     122
     106
     110
     126
     108
     109
     111
     102
     138
     115
     125
     111
     100
     114
     119
     123
     110
      96
     118
     120
     114
     148
     104
      99
     128
     106
     110
     110
     109
      91
     113
     101
     111
     121
     114
     102
     121
     112
     100
     125
      88
     105
     108
     105
     109
     103
      94
     119
     108
     122
      95
     131
     103
      96
     106
     108
      90
     105
      95
     107
      99
     113
     100
     110
      82
     104
      87
      85
      98
      90
     102
      91
     103
      91
     113
     108
     105
     103
     105
      81
      98
     120
      94
     106
     104
     125
     110
     122
     111
      81
     100
     104
     105
     107
     107
      95
      96
      89
     120
     103
     102
      85
     100
     101
     112
     115
     100
     121
     104
      97
      91
      97
     108
     123
     116
     105
     100
     114
     100
      95
      97
      99
      83
      88
     100
      93
      94
     111
      97
     124
     105
      98
      92
     111
     104
      91
     115
     109
     118
     102
      94
      93
      91
      86
      99
     110
     108
      91
      88
      83
     109
     113
      95
      94
      77
     110
      95
     102
      81
      86
      92
     106
      95
      90
     103
     113
     120
     102
     118
      80
     104
      75
     105
     103
      91
      90
     102
      91
      90
      75
      99
     103
     100
      87
      91
      93
      88
      83
      91
      93
      84
     101
      75
      79
      89
      98
     107
      97
      94
      80
      96
      86
      99
     104
      84
      93
      91
      81
      91
     109
     104
      88
     105
      96
      79
      99
     103
     104
      84
      92
      94
      96
      87
      95
     100
     102
      93
     101
     100
      91
      95
      83
      97
     101
      98
      95
      96
     101
     101
     107
      77
      87
      94
      86
     110
      99
      85
      89
     109
      90
     102
      88
     105
      97
      93
      97
      99
      91
     110
      93
      97
      92
      88
      92
      96
      91
     111
      85
      98
      86
      98
      88
      88
      91
     108
     113
      95
     101
      98
      91
      94
     108
      96
      99
      93
      95
      95
      93
     111
      80
      95
      81
      81
      84
     102
      93
      82
      95
      87
      96
      92
     101
      88
      90
      86
      84
     108
     110
      92
      77
     104
      96
     101
     107
      72
      79
      93
      91
      95
      97
     101
     102
     104
      93
     100
      92
      86
      99
      96
      86
     102
     100
     102
      79
      93
      81
     106
      95
      70
      92
      86
      90
      75
      91
      82
      81
      87
      87
      79
     107
      82
      83
      83
      96
      91
     104
     107
      95
      99
      94
      86
      97
      87
      77
      80
      78
      87
      81
      85
      88
     107
     119
      98
      91
      83
     110
     109
     104
      87
     102
      89
      78
      99
      91
     104
      90
      89
      88
      86
      88
      80
      91
      82
      86
      98
      88
      99
     112
      92
      85
      76
      94
      94
      90
      87
      86
      98
      95
      89
      94
     107
      87
      93
      94
     122
     104
      75
      87
      84
      81
      89
      97
      90
      87
     103
      93
      90
      89
      83
     106
     106
      76
      86
      88
     103
      80
      98
      80
      93
     103
      90
     106
      96
      64
      95
      97
     104
      85
      90
      95
      77
     102
      81
     101
     100
      79
      83
     109
     107
      91
      91
      88
      79
      84
      80
      97
      88
     108
      95
      81
      94
     112
      84
      72
     106
      78
      69
      83
      99
      84
      93
      94
      78
      94
     102
      86
      68
     107
      95
      87
     101
      80
      95
      92
      80
      83
     104
     106
      96
      83
      70
     103
      78
      83
      96
      90
      91
      69
      74
      73
      75
      89
      86
      96
      95
      93
      93
      88
      84
     104
      99
      93
      96
      87
      91
      80
      89
      95
      84
      89
      93
      86
      82
      72
      89
      72
     109
      83
      83
      86
      66
      88
      84
      85
      79
      89
      80
      82
      74
      72
      96
      74
      90
      79
      86
      67
      84
      98
      93
      90
      74
      86
      84
      83
      77
      71
      94
      91
      97
      96
      75
      79
      80
      91
      89
      85
      95
      78
      92
     100
      89
      88
      77
      88
      86
      74
      86
      70
     100
      71
      77
      75
      80
      77
      88
     104
      89
      76
      92
      77
      87
      93
      87
      82
      84
      68
      64
      68
      87
      76
      75
      75
      93
      73
      73
      78
      81
      88
      81
      93
      90
      85
      87
      97
      80
      69
      90
      95
      69
      85
      85
      81
      83
      76
      93
      95
      75
      92
      63
      87
      86
      91
      77
      80
      92
      70
      84
      82
      83
      64
      84
      79
      82
      73
      73
      90
      85
      81
      82
      94
      76
      77
      72
      72
      73
      74
      82
      69
      76
      83
      89
      86
      83
      93
      70
      74
      65
      73
      89
      84
      71
      74
      74
      73
      90
      80
      70
      73
      77
      84
      77
      78
      81
      74
      78
      54
      91
      67
      79
      83
      82
      73
      79
      83
      90
      76
      82
      65
      73
      92
      77
      81
      80
      65
      87
      69
      71
      77
      75
      90
      73
      84
      75
      78
      72
      80
      88
      76
      72
      81
      86
      75
      83
      79
      76
      70
      63
      67
      68
      57
      64
      70
      63
      50
      80
      72
      72
      92
      80
      61
      74
      66
      82
      76
      68
      76
      66
      74
      81
      70
      86
      60
      70
      78
      59
      84
      99
      78
      74
      87
      75
      79
      73
      83
      65
      79
      87
      76
      88
      80
      63
      81
      84
      96
      89
      71
      77
      79
      84
      93
      70
      80
      75
      75
      81
      79
      76
      85
      76
      75
      87
      65
      80
      95
      81
      91
      71
      99
      78
      84
      88
      97
      84
      73
      76
      91
      95
      68
      78
      88
     100
      86
      91
      89
      90
      79
     101
      81
     112
      86
      98
      92
      98
      86
      81
      90
     112
     107
     103
     101
      98
      94
      97
      94
      85
      98
     108
     107
      94
     101
      84
      99
      98
      97
     101
      92
     117
     103
     103
     107
     122
      93
     111
     120
     106
      99
     117
     104
     111
     102
     110
     108
     107
     123
      88
     123
     114
     102
      93
     122
     124
     114
     119
     108
     141
     108
     123
     149
     134
     123
     124
     135
     128
     143
     137
     131
     106
     117
     107
     121
     131
     123
     130
     145
     135
     123
     164
     123
     140
     126
     157
     135
     140
     159
     135
     132
     139
     127
     151
     114
     162
     141
     122
     147
     165
     153
     109
     141
     162
     146
     149
     145
     152
     132
     161
     161
     156
     166
     154
     181
     154
     178
     171
     164
     162
     163
     161
     186
     161
     184
     163
     152
     190
     186
     147
     164
     154
     177
     182
     181
     158
     194
     174
     182
     172
     168
     172
     155
     191
     199
     174
     194
     185
     207
     198
     189
     193
     172
     198
     193
     200
     210
     224
     180
     207
     213
     206
     192
     208
     218
     209
     227
     204
     221
     233
     200
     213
     237
     238
     212
     205
     215
     207
     226
     228
     198
     228
     214
     248
     238
     229
     207
     234
     224
     225
     220
     242
     231
     223
     221
     224
     234
     229
     248
     259
     253
     240
     246
     266
     248
     229
     242
     245
     227
     239
     245
     243
     233
     248
     258
     276
     272
     241
     275
     259
     283
     259
     254
     288
     260
     245
     297
     282
     268
     250
     274
     271
     288
     270
     255
     245
     286
     262
     287
     287
     267
     298
     293
     276
     254
     255
     287
     243
     277
     292
     277
     264
     300
     301
     273
     284
     313
     253
     289
     260
     277
     275
     293
     268
     281
     297
     272
     299
     311
     308
     301
     279
     323
     319
     289
     282
     288
     288
     297
     291
     309
     315
     299
     290
     255
     320
     298
     300
     275
     305
     280
     299
     289
     301
     309
     273
     321
     291
     317
     294
     311
     299
     296
     286
     304
     336
     288
     290
     317
     275
     295
     289
     292
     336
     308
     301
     316
     298
     310
     302
     292
     311
     303
     301
     285
     282
     290
     332
     273
     320
     317
     275
     299
     308
     269
     336
     310
     280
     275
     267
     309
     287
     266
     312
     274
     313
     321
     300
     300
     309
     316
     304
     256
     303
     333
     317
     298
     301
     296
     283
     267
     284
     278
     247
     284
     270
     286
     267
     290
     261
     266
     274
     290
     258
     287
     280
     272
     249
     310
     245
     267
     269
     271
     294
     287
     270
     275
     282
     289
     270
     274
     256
     269
     287
     261
     286
     275
     258
     244
     263
     283
     268
     272
     230
     254
     235
     249
     286
     230
     246
     253
     262
     232
     271
     225
     263
     259
     259
     222
     275
     248
     219
     210
     237
     253
     221
     238
     251
     236
     218
     227
     242
     223
     228
     247
     242
     234
     221
     215
     231
     236
     218
     199
     231
     199
     255
     204
     217
     213
     214
     202
     203
     209
     209
     197
     174
     190
     199
     194
     189
     196
     202
     196
     190
     190
     190
     175
     173
     206
     183
     185
     175
     163
     172
     169
     185
     152
     160
     191
     173
     196
     160
     183
     174
     166
     164
     168
     178
     184
     167
     183
     160
     149
     163
     157
     160
     156
     160
     150
     139
     175
     161
     138
     153
     128
     132
     152
     128
     128
     121
     166
     126
     147
     146
     142
     138
     146
     125
     133
     130
     140
     105
     139
     139
     127
     129
     110
     114
     117
     115
     120
     130
      99
      93
     109
     116
     117
     100
     121
      88
     100
     111
      79
     125
     113
     117
      99
      88
     103
     100
      98
     109
     113
      95
      76
      90
      96
      70
      98
      89
      81
      82
      95
      88
      88
      90
      84
     103
     104
      56
      75
      76
      81
      76
      74
      75
      73
      79
      71
      75
      81
      58
      84
      70
      72
      73
      81
      70
      66
      83
      66
      58
      79
      56
      74
      70
      73
      45
      73
      59
      62
      63
      63
      62
      55
      58
      55
      54
      57
      40
      58
      63
      38
      53
      54
      56
      46
      63
      49
      54
      52
      45
      43
      46
      56
      38
      54
      48
      46
      51
      40
      34
      61
      43
      43
      47
      48
      32
      47
      43
      34
      37
      47
      33
      37
      48
      40
      49
      56
      42
      31
      43
      33
      40
      36
      33
      43
      33
      43
      37
      36
      44
      47
      33
      43
      26
      25
      28
      39
      38
      42
      31
      30
      29
      29
      38
      30
      29
      32
      20
      27
      36
      43
      37
      21
      31
      36
      35
      39
      42
      26
      27
      47
      21
      25
      23
      29
      27
      35
      30
      25
      27
      26
      34
      19
      24
      40
      22
      35
      19
      27
      28
      30
      34
      22
      30
      29
      35
      25
      20
      34
      24
      33
      28
      31
      28
      25
      22
      29
      21
      25
      33
      22
      31
      24
      24
      28
      31
      23
      31
      26
      34
      24
      30
      19
      25
      25
      38
      22
      27
      35
      27
      24
      32
      23
      36
      24
      30
      23
      27
      30
      34
      35
      27
      30
      40
      26
      24
      27
      36
      22
      37
      28
      35
      41
      42
      31
      42
      37
      35
      32
      39
      32
      40
      27
      35
      34
      35
      33
      28
      31
      37
      38
      39
      41
      41
      38
      27
      45
      38
      41
      43
      43
      38
      41
      31
      42
      34
      25
      41
      27
      40
      45
      41
      38
      40
      43
      43
      38
      30
      31
      32
      46
      48
      41
      48
      46
      53
      44
      42
      42
      59
      38
      31
      45
      50
      30
      46
      46
      44
      49
      50
      52
      51
      57
      51
      54
      55
      52
      47
      60
      59
      47
      50
      65
      47
      60
      67
      54
      61
      65
      37
      65
      56
      50
      58
      60
      45
      80
      68
      70
      79
      76
      57
      57
      81
      74
      76
      62
      52
      61
      65
      63
      67
      69
      84
      71
      65
      62
      64
      69
      74
      64
      76
      80
      92
      56
      81
      83
      82
      95
      71
      78
      83
      76
      69
      88
      81
      71
      74
      81
      86
      97
      90
      76
      99
      67
     103
      89
      77
      70
      90
     107
      93
      93
      87
     100
      77
      92
     108
     100
     112
     109
      95
      93
      90
     125
     101
     100
     112
      98
     107
      90
     114
      99
      98
     110
     105
     108
     111
     112
     115
      91
     105
     112
     130
     109
     110
     122
     132
     121
     118
     122
     124
     102
     127
     129
     127
     113
     154
     123
     145
     147
     136
     142
     119
     147
     127
     146
     119
     155
     136
     138
     117
     136
     127
     145
     142
     152
     124
     122
     129
     145
     138
     150
     154
     151
     175
     151
     161
     160
     168
     184
     167
     161
     153
     148
     147
     141
     178
     162
     159
     159
     150
     148
     153
     164
     153
     157
     181
     169
     148
     177
     152
     192
     150
     166
     172
     145
     173
     173
     170
     197
     169
     171
     170
     174
     184
     184
     178
     174
     177
     166
     157
     186
     187
     179
     179
     188
     167
     182
     204
     169
     185
     181
     189
     195
     220
     195
     192
     204
     216
     210
     202
     199
     193
     203
     206
     215
     208
     187
     199
     199
     216
     196
     206
     195
     227
     202
     182
     185
     215
     217
     206
     211
     183
     209
     234
     213
     198
     220
     219
     218
     232
     191
     207
     216
     261
     204
     235
     222
     210
     191
     232
     206
     213
     208
     235
     224
     183
     195
     239
     235
     231
     225
     203
     236
     217
     231
     204
     212
     250
     193
     250
     234
     249
     254
     211
     209
     207
     223
     214
     227
     237
     240
     197
     225
     223
     232
     203
     217
     256
     246
     222
     266
     233
     262
     222
     219
     231
     250
     213
     258
     227
     242
     236
     222
     254
     246
     243
     231
     236
     247
     218
     234
     216
     217
     222
     205
     228
     236
     242
     254
     229
     239
     236
     222
     242
     221
     249
     209
     229
     245
     211
     243
     224
     218
     232
     229
     235
     229
     250
     233
     254
     265
     226
     235
     232
     223
     229
     217
     267
     234
     220
     222
     209
     238
     238
     219
     227
     197
     209
     256
     226
     226
     223
     213
     213
     215
     227
     196
     232
     211
     230
     223
     225
     191
     204
     207
     219
     207
     194
     184
     230
     207
     218
     220
     177
     209
     186
     218
     192
     217
     196
     180
     232
     198
     214
     182
     214
     206
     192
     187
     218
     207
     196
     165
     193
     198
     178
     213
     172
     194
     185
     176
     162
     200
     180
     192
     193
     175
     201
     210
     205
     182
     214
     190
     179
     166
     151
     185
     187
     198
     184
     190
     193
     169
     177
     181
     173
     167
     170
     166
     164
     171
     183
     178
     152
     160
     166
     185
     154
     148
     162
     150
     146
     166
     166
     150
     151
     157
     150
     176
     169
     155
     143
     151
     154
     144
     136
     141
     135
     149
     134
     141
     154
     163
     135
     142
     151
     152
     134
     133
     132
     152
     120
     107
     141
     136
     126
     130
     114
     104
     121
     117
     130
     126
     127
     112
      89
     112
     129
     124
     104
     123
     102
     121
     117
     106
     116
     108
      94
     101
     125
     111
     102
     109
     102
     114
     101
     116
      95
     111
     117
     109
      86
      93
      94
      88
      86
      86
      95
      96
     108
      81
      86
      93
      88
      94
      96
      95
      79
      90
      88
      88
      89
      94
      81
      79
      93
      74
      83
      72
      78
      79
      75
      97
      75
      64
      78
      71
      67
      70
      85
      66
      68
      65
      56
      71
      74
      66
      53
      67
      52
      67
      59
      61
      63
      60
      63
      72
      56
      67
      60
      68
      58
      42
      64
      65
      51
      55
      60
      46
      45
      59
      46
      58
      60
      48
      56
      41
      38
      50
      53
      51
      54
      53
      67
      47
      41
      46
      49
      39
      44
      51
      50
      58
      27
      33
      45
      51
      35
      32
      40
      28
      32
      26
      43
      36
      35
      40
      44
      24
      48
      36
      38
      32
      32
      37
      42
      32
      29
      23
      37
      34
      24
      28
      29
      36
      28
      27
      24
      19
      21
      28
      30
      33
      30
      27
      23
      27
      26
      20
      24
      19
      24
      26
      22
      26
      24
      24
      25
      28
      28
      16
      17
      20
      19
      18
      18
      10
      11
      17
      19
      14
      16
      13
      20
      23
       9
      13
      14
      15
      11
      14
      15
      12
      12
      17
      20
      19
      14
      18
      11
      24
       8
      19
      12
      13
      13
      13
      11
      18
      15
      12
      11
      14
      17
      12
      11
      11
      12
      15
      14
      16
       8
       9
      12
      15
       6
      10
      15
       7
      13
      13
       8
      13
       9
      16
      18
       7
       7
      10
       9
       7
      10
      11
       9
       8
       7
       8
      10
      10
       6
       6
       8
       9
       5
       9
       6
       8
      15
       4
      11
       3
       7
      12
       5
       8
       8
       9
       8
       1
       2
       7
       4
       9
       5
       6
       8
       9
       7
       4
       3
       6
       2
       5
       5
       3
       2
       4
       5
       5
       3
       3
       6
       9
      10
       5
       8
      10
       2
       4
       7
       4
       3
       8
       7
       8
       7
       5
       2
       4
       2
       4
       4
       3
       4
       6
       5
       3
       5
       8
       8
       4
       5
       3
       5
       4
       5
       2
       6
       3
       7
       5
       9
       3
       3
       3
       6
       2
       2
       7
       7
       2
       3
       6
       6
       3
       3
       6
       6
       3
       6
       6
       3
       5
       2
       5
       8
       2
       4
       2
       3
       1
       5
       3
       3
       3
       0
       3
       2
       3
       2
       4
       2
       2
       5
       1
       5
       4
       1
       4
       5
       2
       3
       3
       2
       6
       4
       3
       2
       2
       2
       7
       3
       3
       2
       3
       3
       3
       1
       6
       6
       4
       3
       4
       0
       2
       2
       0
       5
       1
       4
       1
       4
       7
       5
       3
       4
       3
       2
       0
       2
       3
       4
       3
       2
       5
       1
       3
       5
       0
       4
       3
       4
       3
       2
       6
       5
       3
       0
       0
       2
       2
       0
       1
       1
       2
       2
       5
       3
       6
       2
       3
       2
       3
       3
       2
       0
       3
       1
       1
       5
       3
       2
       4
       2
       0
       2
       6
       3
       3
       3
       3
       1
       3
       3
       4
       1
       3
       0
       3
       2
       0
       1
       0
       3
       4
       3
       1
       5
       2
       3
       4
       1
       2
       2
       2
       5
       2
       3
       1
       3
       1
       1
       2
       2
       1
       3
       1
       1
       0
       1
       1
       1
       1
       3
       2
       1
       2
       2
       2
       3
       2
       0
       1
       0
       4
       3
       2
       1
       2
       7
       4
       1
       1
       1
       2
       5
       2
       3
       1
       3
       4
       1
       1
       0
       2
       3
       3
       4
       2
       0
       2
       4
       4
       3
       1
       3
       0
       2
       2
       2
       1
       3
       0
       6
       0
       3
       2
       4
       1
       1
       4
       3
       2
       0
       0
       6
       4
       4
       1
       1
       2
       1
       0
       1
       0
       0
       1
       0
       2
       0
       1
       0
       1
       0
       0
       0
       0
       0
       0
       0
       0
       0
       0
       1
       0
       1
       0
       1
       0
       0
       0
       0
       0
       0
       0
       0
       0
       0
       0
       0
       0
       1
       0
       0
       3
       0
       0
       0
       0
       0
       0
       0
       0
       0
       0
       0
       0
       0
       0
       0
       0
       0
       0
       0
       0
       0
       0
       0
       0
       0
       0
       0
       0
       0
       0
       0
       0
       0
       0
       0
       0
       0
       0
       0
       0
       0
       0
       0
       0
       0
       0
       0
       0
       0
       0
       0
       0
       0
       0
       0
       0
       0
       0
       0
       0
       0
       0
       0
       0
       0
       0
       0
       0
       0
       0
       0
       0
       0
       0
       0
       0
       0
       0
       0
       0
       0
       0
       0
       0
       0
       0
       0
       0
       0
       0
       0
       0
       0
       0
       0
       0
       0
       0
       0
       0
       0
       0
       0
       0
       0
       0
       0
       0
       0
       0
       0
       0
       0
       0
       0
       0
       0
       0
       0
       0
       0
       0
       0
       0
       0
       0
       0
       0
       0
       0
