     223
     283
     288
     304
     289
     301
     265
     303
     284
     298
     272
     272
     264
     267
     271
     259
     268
     243
     271
     289
     299
     266
     254
     276
     267
     277
     273
     267
     258
     296
     274
     273
     261
     229
     216
     244
     273
     244
     236
     240
     228
     242
     263
     230
     239
     257
     233
     277
     246
     237
     254
     237
     203
     235
     237
     249
     225
     232
     223
     236
     228
     207
     222
     241
     242
     241
     215
     227
     215
     252
     209
     215
     215
     204
     231
     202
     214
     217
     246
     236
     208
     239
     242
     220
     210
     205
     220
     227
     210
     186
     203
     220
     209
     225
     221
     201
     223
     207
     219
     203
     225
     214
     195
     176
     198
     209
     180
     198
     202
     194
     228
     184
     205
     225
     191
     191
     188
     172
     178
     197
     198
     180
     198
     208
     182
     212
     186
     183
     210
     183
     183
     218
     182
     170
     174
     173
     185
     200
     170
     188
     196
     183
     177
     214
     175
     170
     204
     187
     172
     213
     211
     182
     198
     185
     182
     183
     191
     174
     185
     174
     167
     179
     172
     187
     179
     163
     161
     191
     177
     178
     173
     188
     169
     158
     180
     163
     177
     194
     178
     161
     204
     178
     170
     170
     170
     186
     189
     176
     181
     174
     167
     169
     170
     170
     172
     169
     169
     188
     154
     176
     184
     157
     160
     162
     171
     167
     165
     177
     148
     190
     167
     173
     189
     185
     175
     168
     143
     172
     174
     145
     142
     165
     152
     154
     157
     184
     153
     161
     203
     153
     176
     143
     162
     192
     158
     141
     182
     142
     156
     171
     163
     168
     176
     141
     154
     186
     172
     176
     179
     172
     163
     161
     155
     192
     161
     163
     160
     162
     165
     167
     166
     153
     156
     162
     161
     150
     168
     177
     192
     156
     153
     160
     148
     165
     172
     159
     168
     196
     157
     170
     180
     185
     163
     131
     183
     174
     148
     165
     171
     151
     151
     154
     165
     140
     178
     162
     162
     157
     164
     192
     176
     168
     157
     182
     145
     178
     159
     163
     172
     169
     161
     164
     162
     152
     171
     125
     151
     164
     169
     166
     160
     177
     215
     168
     160
     153
     153
     164
     161
     154
     161
     161
     193
     164
     171
     185
     182
     176
     212
     193
     171
     202
     176
     159
     154
     169
     164
     172
     172
     161
     173
     176
     173
     183
     159
     170
     175
     179
     154
     174
     168
     158
     168
     153
     162
     162
     186
     163
     161
     154
     165
     140
     178
     159
     161
     142
     180
     172
     162
     169
     154
     147
     164
     155
     151
     173
     165
     183
     138
     184
     170
     170
     172
     172
     175
     179
     184
     176
     145
     163
     179
     175
     151
     156
     171
     180
     197
     171
     185
     151
     172
     144
     167
     162
     180
     177
     157
     155
     166
     152
     165
     167
     177
     175
     155
     169
     177
     148
     164
     133
     150
     174
     172
     153
     150
     167
     137
     190
     161
     173
     149
     187
     176
     188
     174
     173
     173
     137
     162
     162
     167
     154
     167
     157
     160
     159
     181
     168
     152
     147
     174
     157
     183
     143
     165
     169
     171
     164
     155
     172
     154
     162
     158
     168
     147
     172
     160
     168
     161
     163
     161
     177
     170
     179
     163
     173
     169
     169
     162
     148
     184
     160
     168
     178
     166
     172
     158
     154
     156
     168
     148
     174
     172
     172
     165
     175
     183
     181
     158
     179
     172
     175
     185
     179
     200
     157
     173
     177
     165
     198
     151
     158
     140
     167
     158
     193
     180
     154
     165
     148
     174
     171
     155
     144
     158
     196
     169
     168
     161
     160
     165
     158
     150
     166
     162
     165
     152
     168
     150
     157
     188
     179
     163
     146
     145
     158
     158
     171
     164
     154
     154
     151
     176
     155
     148
     177
     179
     180
     169
     163
     176
     160
     170
     166
     170
     146
     179
     180
     163
     145
     179
     152
     177
     148
     127
     183
     145
     183
     164
     179
     155
     169
     144
     141
     176
     140
     169
     186
     172
     162
     154
     172
     132
     162
     179
     169
     160
     157
     149
     154
     160
     203
     178
     176
     160
     163
     172
     165
     153
     193
     179
     170
     156
     188
     181
     175
     177
     189
     174
     168
     162
     203
     173
     162
     156
     152
     176
     147
     163
     159
     170
     165
     161
     164
     170
     184
     160
     177
     141
     168
     164
     186
     147
     144
     169
     152
     168
     158
     170
     160
     150
     156
     180
     175
     188
     178
     179
     175
     139
     183
     161
     171
     148
     150
     153
     154
     145
     162
     178
     161
     179
     160
     161
     165
     178
     166
     171
     160
     155
     151
     140
     151
     169
     161
     169
     163
     156
     153
     151
     156
     136
     144
     148
     158
     152
     152
     182
     176
     169
     160
     161
     175
     164
     143
     167
     148
     155
     182
     132
     174
     157
     158
     163
     164
     155
     145
     169
     170
     155
     175
     155
     166
     163
     163
     135
     179
     162
     143
     164
     170
     162
     154
     177
     180
     134
     143
     157
     164
     167
     138
     139
     134
     164
     167
     148
     148
     178
     165
     159
     153
     158
     151
     170
     150
     166
     162
     153
     133
     145
     180
     163
     163
     139
     137
     190
     158
     167
     178
     169
     171
     176
     159
     165
     155
     142
     156
     174
     148
     146
     160
     138
     151
     134
     177
     166
     144
     133
     169
     156
     129
     151
     153
     157
     167
     144
     164
     182
     166
     129
     153
     152
     148
     163
     164
     165
     159
     154
     143
     158
     147
     186
     162
     155
     178
     146
     147
     162
     149
     168
     189
     143
     136
     177
     165
     147
     157
     155
     161
     166
     149
     150
     151
     151
     148
     157
     154
     165
     161
     167
     151
     137
     150
     169
     144
     157
     168
     160
     160
     136
     141
     143
     136
     154
     146
     154
     173
     178
     135
     162
     139
     140
     137
     159
     136
     159
     152
     147
     149
     146
     159
     149
     152
     143
     131
     191
     153
     138
     162
     139
     162
     117
     143
     149
     164
     143
     145
     166
     159
     160
     161
     149
     158
     169
     156
     172
     136
     152
     159
     148
     154
     159
     169
     146
     129
     153
     121
     153
     161
     142
     135
     155
     146
     143
     163
     144
     160
     157
     171
     151
     164
     164
     165
     156
     143
     171
     140
     150
     158
     127
     176
     137
     150
     161
     165
     128
     151
     141
     158
     148
     142
     172
     158
     147
     146
     158
     145
     146
     170
     141
     162
     134
     155
     154
     151
     152
     158
     143
     136
     162
     138
     145
     137
     153
     153
     161
     150
     142
     133
     157
     164
     147
     165
     163
     146
     162
     140
     167
     168
     149
     155
     153
     177
     139
     149
     161
     160
     167
     152
     151
     147
     153
     149
     161
     142
     151
     133
     146
     141
     180
     152
     166
     149
     152
     146
     141
     169
     145
     156
     163
     151
     153
     165
     156
     149
     155
     169
     168
     167
     150
     154
     147
     151
     143
     147
     160
     127
     153
     144
     173
     153
     154
     153
     153
     165
     141
     143
     156
     153
     152
     170
     168
     133
     157
     151
     130
     138
     146
     134
     155
     152
     171
     159
     162
     158
     170
     168
     158
     159
     152
     167
     156
     139
     162
     165
     179
     154
     154
     176
     156
     164
     162
     148
     163
     143
     127
     169
     150
     148
     163
     165
     166
     167
     138
     133
     173
     170
     137
     159
     149
     159
     148
     163
     157
     172
     190
     168
     170
     151
     170
     171
     147
     156
     175
     168
     179
     185
     194
     177
     167
     178
     203
     175
     184
     188
     186
     182
     185
     186
     194
     188
     187
     171
     190
     201
     189
     189
     200
     205
     214
     168
     207
     203
     206
     206
     206
     236
     193
     218
     209
     236
     238
     204
     218
     226
     222
     206
     225
     210
     193
     206
     226
     202
     231
     198
     195
     195
     194
     221
     223
     198
     202
     205
     190
     229
     176
     178
     241
     225
     230
     208
     209
     208
     216
     200
     207
     238
     226
     220
     198
     201
     218
     218
     226
     200
     190
     219
     200
     231
     249
     201
     201
     238
     219
     207
     191
     176
     207
     198
     216
     256
     210
     203
     210
     216
     201
     205
     197
     197
     196
     182
     216
     222
     206
     203
     168
     213
     201
     185
     175
     199
     195
     167
     224
     195
     187
     198
     195
     186
     189
     201
     193
     228
     195
     212
     182
     183
     186
     184
     177
     179
     171
     172
     206
     169
     166
     183
     183
     185
     209
     173
     172
     168
     182
     174
     189
     156
     186
     165
     189
     167
     196
     155
     176
     172
     166
     178
     183
     173
     187
     166
     161
     174
     188
     185
     161
     198
     180
     167
     174
     165
     175
     154
     140
     144
     160
     168
     166
     158
     182
     153
     152
     175
     152
     165
     150
     147
     176
     151
     145
     149
     157
     133
     162
     136
     152
     164
     133
     132
     151
     140
     144
     147
     137
     129
     145
     136
     151
     154
     145
     149
     145
     151
     128
     134
     148
     158
     158
     147
     146
     123
     150
     133
     138
     142
     131
     136
     142
     139
     141
     150
     108
     123
     135
     129
     127
     148
     143
     136
     153
     134
     145
     125
     137
     136
     132
     143
     147
     124
     156
     137
     130
     138
     121
     147
     130
     119
     141
     132
     112
     125
     129
     139
     119
     129
     133
     104
     153
     131
     138
     143
     119
     136
     151
     125
     132
     123
     123
     131
     131
     119
     118
     131
     136
     132
     111
     130
     142
     135
     130
     133
     111
     125
     134
     106
     129
     119
     136
     131
     120
     127
     133
     141
     129
     117
     123
     130
     124
     114
     128
     120
     124
     139
     130
     125
     141
     149
     128
     115
     110
     113
     121
     121
     112
     117
     117
     122
     139
     132
     126
     107
     123
     115
     115
     125
     133
     143
     118
     128
     122
     136
     114
     118
     137
     121
     124
     130
     119
     127
     116
     117
     120
     123
     102
     123
     120
     122
     107
     125
     135
     127
     121
     102
     104
     109
     106
     129
     122
     105
     110
     118
     104
     123
      99
     118
     111
      99
     107
     112
     141
     136
      93
     110
     120
     105
     115
     119
     101
     105
     129
     122
     107
     111
     137
     131
     122
     113
     107
     104
     111
     114
     110
     107
     114
     104
      93
     103
     103
     114
     120
      97
     123
     100
     107
     116
     134
     108
     113
     114
     112
     134
     102
     129
     110
      85
      92
     120
     107
      89
     121
     121
      96
     112
     116
     118
     120
     118
     115
     126
     115
     116
     119
      97
     100
     128
      93
     126
     130
      98
     103
      94
     122
     104
     121
     116
     106
     117
     116
     112
     101
     116
     108
     102
     104
     117
     102
     100
     115
     107
     101
     108
     103
      95
     120
     100
     107
     113
     117
     121
     105
     103
     117
     114
     144
     104
     112
     119
     116
     124
     121
      98
     100
     104
     134
      98
     114
     106
     114
      91
     117
     104
      98
     105
     116
     110
     105
      95
     108
     115
     128
     107
     103
     106
     114
     103
     120
     123
      92
      98
     108
     108
      93
     105
     116
     123
     108
     102
     116
     109
     103
     114
      98
     106
     106
     107
     106
     109
     106
      91
      95
      97
     124
     106
     105
      96
     118
     107
      95
     114
      92
     112
      93
      86
     107
      96
     113
     123
     101
      92
     102
     105
     100
     108
     105
     109
      68
     115
     104
     103
      81
     113
     118
     107
     104
      91
     116
     103
     107
     108
     157
     132
     131
     112
     113
     122
      98
      93
     104
     107
     113
     106
      86
      91
     107
     102
     102
     116
     117
     108
      92
     119
      97
      95
     105
     102
     110
      98
      97
      96
      98
      97
     113
     100
      99
     107
     115
      80
     115
     112
     101
     102
     101
     106
     101
     125
      88
     114
     102
     111
      99
      86
     108
      97
      87
     125
      88
     108
     103
     100
     122
     109
     104
     103
      90
      88
      99
      96
     115
     105
     114
      96
     100
     106
      97
     106
      94
      82
      82
     123
      94
      79
      92
     105
     112
      96
      92
      88
     108
     107
      91
     129
     102
      93
      82
      77
     110
     115
      97
     100
      82
     102
     104
      95
     107
     114
     109
     107
     113
      95
     100
     107
      86
     104
      95
     104
      86
      79
      98
      96
     107
      96
      94
      93
     114
      98
      92
      99
      97
     107
     101
     112
      92
     103
      95
     107
      78
      96
     106
      96
     102
      89
      93
      90
     101
     107
      82
      96
      99
      95
     104
      76
     105
     128
     108
     106
     101
      94
     115
      85
     109
     110
      97
      89
     106
      92
     118
      91
      98
      81
     103
      94
     106
     115
      93
      99
      81
      94
     109
     116
      93
      85
     104
      94
     114
     100
      87
     101
      82
     111
     108
      95
     103
     103
      93
     106
      93
      74
     100
      92
      95
     113
      90
     122
      99
      96
      85
     102
      95
     114
     110
     104
      95
     101
     113
     101
     100
     100
      86
      79
      76
     115
      99
      79
      93
      79
      91
     102
      85
      87
      97
      83
      94
     105
      98
      94
      97
      99
      68
     104
     101
     109
     107
      99
     107
      88
     121
      89
      76
      86
      94
      95
      88
      87
      96
     100
      91
      69
      91
      96
      88
      83
     103
     106
      83
      98
      96
      98
      94
      83
      79
     102
     102
      95
      90
      81
     103
      99
      70
      93
      96
      83
      89
     100
      97
     101
      76
      89
      96
      93
     104
     110
      93
      77
      92
      88
      93
      92
     100
      94
      76
     104
      98
     104
     103
     100
      83
      91
     111
      91
      98
     105
      89
      80
      85
      94
      98
      86
      80
      98
      99
      90
     106
      85
     106
      98
      84
      98
     104
     108
      80
      90
      96
      83
      91
     107
      91
     102
      95
      94
      67
      86
      97
     103
      83
      97
      89
      93
      86
     100
      86
      93
     100
      68
      93
      81
      81
     101
     101
      86
      95
     114
      98
     106
      96
      91
      86
      71
      87
      88
      96
      95
      91
      87
     101
     110
      85
      90
      91
     108
      95
     102
      95
      91
      86
      95
     108
      79
     113
      88
     100
     104
      98
     106
      89
      88
      78
      81
      80
      90
      86
      86
      92
      99
      68
      96
      99
      74
      92
      93
      91
      99
      91
      87
      87
      83
      94
      95
      87
      82
      87
      94
      79
     100
     106
      95
      95
      94
      81
      98
      73
     107
      80
      76
      97
     100
      65
      75
      85
      92
      88
      98
     103
      95
      91
      79
      82
      99
      97
      92
      91
      84
      80
     124
      95
      92
      88
     106
     101
      92
      83
      95
      85
      92
      91
     101
      94
      89
      82
      78
      95
      80
      89
      90
      83
      99
      90
      93
      87
      80
      77
      86
      93
      98
      86
      95
      86
      81
      83
      94
      95
      83
      88
      82
      75
      86
      94
      93
      94
      92
     104
     106
      79
     105
     101
      98
      81
      77
      93
      89
      96
      95
      98
      83
      78
      83
      82
      85
      88
      99
      69
      90
      94
      84
      81
      75
      88
      72
      77
      84
      93
      91
      74
      83
      87
      90
      95
      81
      94
      83
      73
     103
      70
      88
      92
      84
      99
      71
      79
      87
     102
      72
      97
      79
      92
      98
     109
     105
      96
      75
      89
      98
      76
      96
      85
      86
      84
      82
      98
      91
      75
      88
      74
      87
      83
      96
      73
      99
      93
      64
      94
      85
     100
      89
     103
      88
      81
      96
      98
      92
      85
      99
      81
      83
      80
      91
     104
      82
     113
      84
     101
      96
      79
     103
      97
      77
      89
      81
      84
      95
      96
     107
      92
      75
      96
      89
      78
      98
      82
      88
      74
      76
      82
      80
      73
      84
      72
      94
      84
     101
     111
      96
      66
      84
      83
      65
      78
      96
      75
     101
      73
      74
      90
      90
      88
      79
      74
      82
      78
     101
      90
      91
      79
      81
      84
      81
      82
      88
      85
      79
      84
      85
      85
      76
      81
      82
      84
      63
      82
      85
      76
      82
      79
      91
      84
      87
      68
      85
      84
      77
      85
      86
      83
      83
      90
      82
     102
      89
      79
      91
      94
     102
      96
      81
      87
      98
      79
      81
      76
     102
      82
      76
      84
      78
      91
      81
      92
      81
     101
      86
      64
      85
      79
      91
      83
      89
      83
      86
      91
      74
      82
      72
     101
      84
      92
      89
      86
      91
      90
      89
      76
      78
     107
      73
      86
      91
      70
      81
      80
      93
      78
      78
     105
      78
      84
      78
      81
      90
      85
      80
      91
      74
      77
      80
      82
      84
      85
      91
      96
      77
      81
      90
      89
      84
      93
      86
      99
      72
      81
      93
      90
      90
      83
      70
      79
      75
      92
      89
      86
      83
      90
      80
      94
      95
      79
      73
      72
      71
      75
      70
      72
      88
      89
      78
      70
      88
      83
      81
      92
      92
      79
      93
     105
      88
      80
      75
      89
      95
      91
      96
      81
      92
      79
      76
      81
      73
      81
      88
      88
      95
      78
      73
      89
      89
      73
      83
      81
      80
      75
      92
      84
      81
      74
      88
      66
      75
      90
      85
      77
      73
      88
      90
     100
      71
      78
      71
      83
      88
      93
      66
      84
      77
      90
      94
      84
      82
      97
      84
      87
      79
      82
      93
      96
      91
      81
      88
      77
      87
      78
     104
      75
      90
      87
      83
      84
      72
      78
      72
      82
      92
      79
      86
      75
     103
      84
      67
      76
      85
      89
      94
      77
      76
      81
      82
      93
      82
      75
      78
     103
      67
      87
      89
      84
      80
      77
      73
      79
      79
      87
      72
      85
      73
      74
      79
      86
      96
      80
      84
      77
      93
      86
      80
      87
      82
      85
      78
      77
      93
      80
      85
      84
      85
      86
      76
      72
      73
      78
      84
      75
      78
      83
      87
      83
      83
      72
      86
      91
      91
      76
      70
      84
      87
      81
      65
      81
      81
      65
      72
      94
      64
      92
      77
      86
      73
      86
      87
      84
      82
      87
      97
      77
      75
      77
      87
      84
      71
      81
      84
      77
      78
      71
      74
      90
      79
      98
      65
      74
      85
      85
      67
      80
      82
      69
      85
      93
      80
      82
      92
      97
      86
      88
      91
      85
      88
      91
      68
      89
      79
     103
      73
      74
      83
      69
      79
      81
      73
      73
      82
      73
      89
      72
      75
      75
      81
      83
      82
      62
     109
      73
      89
      77
      91
      96
      94
      86
      84
      72
      85
      79
      84
      84
      66
      79
      92
      76
      96
      66
      89
      82
      63
      68
      88
      88
      76
      67
      92
      77
      61
      88
      76
      84
      88
      87
      92
      80
      89
      84
      96
      90
      77
      72
      92
      86
      78
      83
      69
      76
      83
      83
      81
      69
      86
      83
      91
      84
      64
      77
      74
      76
      88
      82
      70
      96
      76
      86
      79
      81
      69
      77
      83
      75
      82
      82
      75
      89
      81
      81
      70
      80
      69
      83
     100
      96
      84
      76
      80
      83
      93
      79
      64
      67
      80
      72
      82
      90
      59
      62
      79
      69
      82
      81
      74
      87
      80
      84
      67
      84
      74
      81
      83
      89
      88
      85
      83
      67
      90
      76
      86
      81
      93
      84
      82
      75
      99
      85
      84
      76
      86
      90
      91
      79
      93
     101
      95
      80
      87
      86
      94
      91
     107
      69
      99
      81
      75
      72
      78
      90
      70
      97
      83
      74
      90
      85
      97
      74
      90
      72
      70
      80
      66
      84
      77
      83
      76
      62
      64
      93
      70
      90
     102
      72
      69
      85
      79
      74
      80
      90
      70
      72
      71
      99
      87
      79
      74
      88
      63
      80
      73
      77
      71
      85
      83
      77
      77
      72
      86
      64
      83
      77
      74
      77
      83
      74
      74
      76
      76
      70
      83
      71
      85
      95
      94
      83
      63
      78
      78
      67
      76
      71
      95
      94
      65
      93
      76
      81
      75
      80
      83
      79
      86
      65
      91
      88
      79
      87
      83
      88
      65
      73
      73
      70
      89
      74
      80
      91
      63
      75
      76
      72
      82
      74
      75
      67
      82
      72
      87
      84
      94
      88
      83
      76
      69
      75
      69
      80
      76
      75
      73
      66
      71
      76
      86
      71
      80
      74
      88
      82
      88
      87
     102
      89
      83
      69
      80
      63
      84
      72
      76
      83
      77
      87
      75
      78
      80
      74
      83
      71
      81
      84
      87
      83
      73
      74
      95
      95
      81
      95
      75
      85
      78
      73
      57
      72
      95
      83
      70
      79
      77
      87
      73
      78
      95
      70
      66
      71
      94
      71
      79
      71
      73
      62
      69
      66
      75
      69
      86
      89
      86
      82
      95
      76
      89
      86
      97
      75
      83
      77
      85
      70
      76
      74
      73
      70
      82
      63
      82
      75
      75
      80
      64
     102
      97
      57
      70
      81
      88
      86
      91
      77
      81
      75
      74
      79
      80
      74
      69
      80
      80
      84
      68
      76
      79
      74
      75
      91
      74
      80
      95
      80
      97
      84
      78
      72
      88
      81
      91
      76
      82
      93
      63
      76
      82
      90
      62
      83
      66
      89
      83
      72
      69
      91
     101
      88
      91
      67
      95
      80
      77
      79
      72
      68
      77
      93
      69
      89
      89
      67
      80
      84
      91
      70
      82
      81
      88
      81
      73
      73
      77
      84
      72
      81
      95
      81
      65
      85
      91
      62
      88
      73
      69
      72
      86
      81
      89
      78
      82
      69
      70
      74
      76
      74
      78
      89
      91
      82
      89
      78
      79
      82
      68
      60
      76
      96
      82
      79
      77
      75
      76
      92
      74
      73
      77
      75
      89
      76
      86
      79
      98
      86
      68
      85
      91
      68
      91
      84
      82
      90
      90
      68
      70
      73
      88
      80
      82
      76
      77
      85
      80
      80
      87
      80
      74
      67
      75
      62
      78
      64
      78
      74
      86
      70
      60
     107
      74
      66
      83
      71
      84
      75
      99
      94
      72
      83
      83
      91
      81
      71
      81
      79
      77
      67
      86
      80
      78
      88
      87
      87
      98
      72
      85
      72
      70
      87
      85
      78
      92
     116
      95
      72
      78
      81
      72
      92
      81
      92
      77
      95
      81
      71
      90
      77
      83
      74
      75
      79
      74
      79
      78
      77
      85
      90
      74
      74
      83
      65
      76
      81
      72
      81
      76
      98
      91
      81
      89
      73
     104
      81
      71
      71
      83
      87
      85
      98
      80
      71
      80
      86
      84
      76
      69
      84
      83
      87
      81
      86
      66
      76
      75
      68
      79
      70
      82
      62
      69
      74
      99
      93
      68
      71
      79
      67
      83
      81
      85
      73
      79
      77
      77
      70
      78
      78
      89
      89
      73
      91
      72
      92
      86
      76
      77
      67
      85
      80
      85
      72
      85
      67
      81
      83
      77
      79
      77
      84
      74
      65
      77
      87
      90
      69
      69
      86
      77
      81
      70
      73
      65
      88
      87
      80
      77
      88
      74
      78
      70
      83
      94
      73
      79
      93
      74
      78
      82
      62
      77
      81
      75
     104
      80
      84
      96
     100
      84
      90
      80
      94
      78
      83
      87
      79
      75
      70
      70
      78
      75
      73
      86
      85
      90
      80
      82
      73
      76
      77
      84
      87
      78
      61
      86
      97
      84
      86
      78
      70
      86
      77
      87
      77
      77
      82
      87
      73
      83
      89
      65
      76
      79
      83
      81
      55
      62
      89
      70
      78
      98
      63
      76
      68
     100
      79
      76
      69
      78
      77
      59
      85
      74
      88
      80
     104
      90
      84
      85
      94
      71
      81
      88
      68
      72
      70
      80
      64
      75
      67
      79
      78
      70
      57
      84
      72
      92
      76
      86
      78
      86
      84
      69
      77
      61
      73
      75
      68
      85
      85
      79
      87
      91
      82
      78
      82
      99
      76
      75
      77
      90
      71
      80
      76
      84
      69
      75
      76
      73
      71
      79
      65
      77
      77
      74
      86
      93
      88
      81
      84
      73
      72
      76
      80
      80
      82
      87
      71
      91
      68
      82
      74
      73
      76
      84
      75
      63
      69
      75
      76
      80
     101
      87
      76
      58
      76
      77
      80
      74
      71
      97
      99
      78
      68
      96
     101
      78
      70
      87
     100
      87
      75
      93
      71
      80
      96
      77
      90
      87
      70
      82
      90
      84
      92
      75
      90
      93
      81
      65
      79
      88
      92
      80
      81
      90
      96
      75
      80
      85
      75
     106
      72
      74
      75
      84
      75
      78
      86
      75
      79
      66
      77
      67
      77
      79
      72
      73
      87
      78
      89
      86
      82
      67
      78
      86
      70
      65
      76
      70
      83
      87
      76
      81
      66
      72
      94
      99
      73
      85
      97
      88
      60
      78
      94
      69
      66
      76
      67
      68
      75
      82
      79
      81
      68
      81
      86
      80
      67
      71
      88
      78
      74
     103
      81
      76
      80
      81
      65
      85
      71
      75
      69
      77
      81
      79
      75
      81
      96
      90
      79
      76
      83
      78
      87
      80
      91
      81
      72
      77
      89
      70
      72
      88
      94
      87
      68
      87
      79
      86
      98
     109
      94
      89
      83
     103
      82
      89
      75
      90
      90
      71
      88
      86
      94
      77
      76
      83
      81
      70
      87
      78
      77
      69
      92
      74
      67
      79
      72
      74
      65
      63
      83
      87
      75
      80
      91
      79
      91
      74
      80
      85
      69
      69
      77
      82
      70
      73
      68
      81
      66
      68
      80
      77
      66
      55
      78
      76
      60
      66
      76
      74
      80
      87
      78
      71
      88
      90
      83
      72
      56
      73
      78
     105
      75
      86
      71
      79
      81
      81
     101
      73
      75
      65
      84
      85
      89
      92
      66
      93
      81
      74
      83
      74
      88
      77
      98
      82
     106
      77
      75
      86
      78
      80
      75
      78
      79
      81
      85
      79
      83
      96
      70
      78
      89
      75
      91
      81
      90
      79
     100
      89
      82
      66
      73
      81
      95
      75
      96
      67
      72
      62
      74
      70
      98
      82
      81
      76
      76
      75
      70
      81
      79
      75
      65
      90
      79
     102
      83
      75
      90
      78
      82
      85
      81
      92
      73
      75
      79
      66
      89
      91
      92
      95
      86
      94
      83
      84
      80
      87
      87
      83
      83
      87
      86
      67
      62
      96
      75
      87
      77
      72
      95
      75
      78
      85
      78
      99
      77
      97
      79
      78
      74
      72
      75
      72
      94
      76
      88
      78
      88
      79
      76
      88
      68
      77
      99
      70
      85
      64
      80
      61
      77
      86
      75
      88
      83
      79
      95
      97
      84
      80
      78
      97
      79
     101
      80
      73
      80
      80
      76
      77
      92
      76
      76
      75
      80
      77
      97
      84
      74
      81
      87
      78
      89
      81
      77
      82
      85
      94
     102
      84
      94
      78
      87
     103
      80
      86
      66
      77
      82
      77
     100
      77
      90
     101
      87
      82
      80
      88
      84
      85
      83
      95
      83
      76
      76
      80
      82
      71
      95
      90
      69
      64
      87
      77
      83
      90
      91
      71
      69
      99
      79
     103
      83
      80
      73
      62
      77
      89
      78
      96
     100
      82
      87
      76
     101
      97
      92
      69
      74
      82
      88
      77
      82
      85
      79
      75
      84
      90
      98
      78
      86
      71
      82
      87
      90
      94
      91
      78
      89
      66
      89
      82
      87
      91
      84
      82
      92
      82
      76
      83
      91
      91
      98
      93
      78
      75
      89
      78
      76
      87
      88
      80
      90
      85
      72
      94
      82
      72
      97
      78
      76
      87
      83
      76
      98
      74
      75
      83
      85
      74
     102
      79
      76
      79
      97
      74
      70
      74
      89
      79
      90
      87
      97
      80
      90
      76
      78
      94
      73
      75
      85
      89
      87
      78
      87
      66
     100
      80
      88
      93
      93
      89
      90
      75
      80
      88
      80
      73
      74
      88
      81
      93
      88
      94
      84
      91
      80
      98
      80
      81
      79
      79
      82
      95
      79
      97
      82
      99
      70
      92
      76
      90
      78
      89
      83
      83
      81
      83
      77
      87
      82
      72
      79
      72
      92
      84
      88
      99
      85
      84
      79
      83
      79
      98
      96
      83
      87
      89
      95
      68
      90
      95
      93
      91
      77
      82
      95
      81
      82
      84
      92
      93
     100
      88
      86
      75
      77
      93
      92
      76
      94
      87
      83
      73
      85
      78
     100
      83
      90
      67
      71
      75
      88
     102
      86
      96
      76
     101
      80
      87
      92
      90
      88
      89
      87
      85
      92
      73
      94
      85
      70
      88
      87
      76
      97
      82
      85
      91
      86
      76
      86
      91
      80
      94
     100
      95
     104
      76
      92
      65
      84
      83
      85
      93
      84
      91
      75
      82
      74
     100
      84
      84
      93
      94
      81
      83
      85
      89
      83
      89
      88
      87
      89
      92
      89
      72
      76
      85
      83
      88
      76
      81
      81
      95
      78
      73
      87
      92
      84
      99
      77
      94
      91
      89
      85
      73
      85
     110
      86
      80
      92
      64
      82
      84
      89
      98
      82
      86
      96
      88
      99
      97
      88
      97
      80
      69
      86
      76
      88
      78
      58
      87
      90
      95
     101
      88
      74
      76
      77
      85
      96
      95
     101
      87
      82
      97
      96
      71
      99
      77
      89
      73
      83
      89
      86
      93
     104
      91
      86
      85
      88
     100
      92
      86
      86
      91
      97
     100
      81
      84
      95
      89
      85
      88
      86
      73
      90
      79
      97
      95
      87
      76
     105
      79
      75
      92
      91
      83
     105
      90
      95
      80
     101
     114
      88
      76
      83
      98
      95
      79
      88
      79
      78
      81
      78
      90
      80
     101
      92
      87
      95
      74
      98
      83
      83
      74
      93
      89
      91
      96
      77
      74
     101
      81
      80
     104
      77
      92
      89
      92
      96
      70
      78
      87
      86
      75
      83
     100
     102
      91
      94
      78
      93
     107
      72
      67
      96
     100
      77
     105
      95
      84
      90
      79
      82
      77
      95
     107
      87
      89
      91
      80
     104
      89
      95
      91
      98
      71
      88
      88
      89
      92
      98
      98
      72
      85
      91
      97
      76
     102
      81
     107
      87
      71
      95
      91
      81
     100
      95
      95
      83
      95
      91
     101
      96
      89
     109
      90
     104
      92
      91
      97
     101
      92
      99
      72
      97
      99
      91
      76
      96
     109
     105
      95
      85
      75
     112
      84
      98
      70
      78
      85
      89
      81
      94
      78
      78
     102
      67
      93
      87
      95
     102
      81
      88
      81
      87
      97
     107
      87
     108
     106
      78
      80
      93
     102
      85
      80
      96
      97
      99
      90
      91
      97
      92
      79
     106
      89
     111
      79
      97
      88
      89
      82
      77
      99
      95
      91
      81
      97
      95
      83
      79
      90
      74
      98
     112
     100
     100
      88
      84
      90
      90
      91
      75
      87
      79
     103
     100
      99
      82
     102
      92
      93
     111
     100
      91
      95
      80
      89
      92
      85
      94
     101
     109
      83
      91
      85
     100
      90
      77
      91
     102
      87
      92
      90
      95
     109
      94
      76
      96
     107
      94
      88
     101
      96
     106
     112
     108
      72
      99
      80
     109
     112
      91
      87
      96
      78
      76
      89
      76
      99
      88
      85
     113
     101
      82
     117
      91
      97
      99
     102
     122
     108
     115
     125
      97
      94
     112
     112
      84
     106
     102
      92
      92
      90
     103
      97
     102
      94
     109
     100
      79
      93
      95
      99
     112
      88
     105
      86
     101
     101
      95
      69
      78
      86
      96
      90
      90
      92
      93
      94
      92
      76
      87
     100
      95
      95
     106
      85
      99
     119
      97
      98
      90
     100
      90
     109
      93
      99
      99
     106
      89
     101
      97
     100
     106
      99
      98
     101
      97
      99
     103
      98
      99
     105
     101
      90
     103
      88
     106
      83
     104
      90
     112
      99
      76
      96
      95
      90
      81
      97
      96
      83
      99
      97
      99
     102
      85
      95
      92
      93
     103
      94
      98
     101
      95
      96
      91
      84
      99
      90
      96
      87
      93
      98
      94
      99
     114
     105
     117
     106
     114
     103
      99
      80
      99
      95
     101
     100
     107
     107
      97
      93
      94
      89
      86
     101
      86
     101
     101
     109
      99
     115
      93
     101
      99
      86
      95
      97
      96
      91
     100
      99
      97
     105
     104
      93
      89
      95
      93
      86
     109
     105
     113
     104
      95
     106
     112
     103
      94
      97
     107
      99
     104
     102
     114
      94
      84
     100
     104
     112
      96
     110
     104
      95
     100
      85
     114
     110
      96
      93
      88
     107
     108
     106
     107
      78
     107
      98
      93
      98
     103
      96
      92
     100
     103
      99
     100
      96
      92
      86
      90
      93
     116
     113
     107
      83
     110
      95
     107
      98
     104
     106
      95
      89
     110
     116
      86
     108
      99
     114
      83
     108
     104
     104
      98
     115
     105
      95
     113
     105
      88
     106
     101
     118
     136
     123
      90
      95
     103
     108
     106
     123
      99
     116
     106
     106
      97
      89
      96
     106
     114
     103
     102
     103
     106
     109
     108
      97
     106
     103
     104
     108
     115
      95
      99
      99
      95
      95
      99
      89
     113
     120
     101
     104
     105
      88
     106
     121
      92
     118
     103
     105
     108
     106
     116
     106
      89
     119
      95
     106
     102
     102
     107
      82
      95
     141
     111
     108
      91
     105
     129
     112
      89
     120
     119
     114
      95
     120
     112
     114
     109
     122
      97
     117
     103
      93
      98
     107
     117
     115
     129
     103
     108
     110
     132
      94
     115
     112
     106
     101
      89
     114
     113
     108
     107
     101
     124
     115
     108
     112
     119
     117
     117
     100
     129
     121
     104
     118
     113
     131
     140
     125
     116
     103
     115
     121
     122
     117
     120
     103
     108
     129
     108
     116
      93
     107
     121
     104
     119
     106
      94
     118
     113
     116
     108
     124
      99
     113
     118
     115
     103
     100
     101
     126
     118
     118
     113
     117
     115
     124
     115
     106
     111
     123
     102
     112
     110
     127
      89
     121
     100
     115
     100
     108
     114
     110
     113
     114
     120
     125
     105
     115
     125
     117
     124
     112
     123
     107
     105
     106
     126
     124
      94
      97
     126
     112
      98
     110
     110
     108
     122
     126
     121
     124
     115
     118
     129
     107
     110
      97
     102
     103
     115
     102
     105
     139
     114
     113
     119
     106
     118
     120
     134
     113
     107
     123
     119
     132
     107
     116
     120
     123
     121
     104
     118
     131
     127
     115
     126
     124
      99
     107
     109
     105
      98
     108
     114
     111
     123
     141
     117
     131
     111
     113
     103
     114
     126
     115
     108
     106
     136
     102
     123
     132
     116
     118
     128
     111
     110
     125
     125
     113
     132
     145
     114
     116
     112
     106
     119
     140
     127
     112
     135
     132
     109
     117
     129
      99
     112
     108
     122
     153
     132
     107
     110
     118
     118
     102
     122
     121
     137
     116
     125
     128
     130
     135
     116
     119
     117
     129
     125
     138
     144
     109
     132
     116
     123
     123
     118
     127
     143
     129
     128
     119
     130
     111
     106
     121
     111
     135
     123
     129
     119
     133
     116
     124
     138
     102
     113
     114
     138
     139
     101
     104
     133
     126
     129
     124
     143
     134
     123
     130
     124
     121
     125
     147
     108
     102
     125
     132
     111
     128
     119
     136
     132
     111
     147
     120
     129
     127
     133
     142
     112
     129
     108
     126
     116
     121
     130
     119
     131
     134
     148
     122
     114
     124
     125
     133
     131
     144
     128
     132
     126
     116
     128
     142
     137
     139
     126
     120
     127
     120
     124
     117
     125
     125
     131
     122
     128
     139
     126
     127
     122
     139
     141
     121
     132
     117
     125
     104
     128
     134
     123
     138
     133
     154
     121
     137
     147
     146
     122
     151
     135
     142
     124
      99
     114
     121
     144
     147
     137
     129
     149
     148
     138
     155
     132
     142
     130
     120
     123
     128
     125
     144
     118
     124
     118
     128
     115
     136
     123
     108
     139
     163
     135
     128
     149
     128
     119
     165
     134
     140
     143
     130
     132
     146
     131
     151
     149
     150
     135
     144
     143
     139
     143
     123
     150
     117
     128
     147
     130
     159
     153
     120
     122
     136
     149
     134
     131
     159
     120
     136
     141
     125
     158
     143
     123
     130
     145
     122
     146
     126
     141
     138
     144
     149
     115
     139
     157
     137
     136
     154
     141
     147
     145
     153
     130
     155
     125
     136
     137
     135
     126
     139
     110
     134
     153
     130
     143
     132
     125
     125
     143
     145
     117
     141
     124
     137
     137
     139
     144
     115
     119
     135
     137
     133
     166
     126
     126
     140
     117
     121
     145
     135
     132
     121
     111
     129
     132
     126
     149
     123
     141
     119
     131
     135
     123
     138
     131
     107
     122
     132
     127
     125
     128
     157
     108
     118
     103
     124
     108
     119
      88
      96
     106
     114
     111
     126
     106
      98
     110
     100
     107
      85
     109
     119
     112
     117
     117
      87
     118
      99
     104
      98
      90
     117
     119
     137
     113
     113
     105
     101
     113
     115
     102
      87
     103
     104
     102
     103
      93
     115
     118
     114
     121
      93
     109
      92
     102
      88
      96
     104
     108
      94
      97
     103
     100
      91
     114
      99
      95
     103
      95
     108
     108
      87
      98
      89
     113
      97
     105
     103
     101
      94
      96
     103
     104
     122
      95
     108
     107
     124
      96
      85
      98
      86
     106
      86
      99
      89
      90
      81
      93
      95
      71
      89
      90
      97
     104
      98
     102
      88
     117
      99
     105
      94
      87
      78
      75
      94
      87
     109
      82
      83
      90
     107
      84
     100
      88
      90
     102
     102
      99
     105
      99
      89
      81
      90
      82
      95
      85
      98
      99
      96
      85
      85
      98
      78
      98
     104
      96
     119
     109
      88
      81
      94
      99
      97
      90
     114
      95
     109
     108
     105
      99
      88
     101
      98
     100
      75
      90
      99
      91
      75
     107
      99
      92
      75
      92
     108
      89
      91
      75
      96
      88
      87
      99
      98
      67
      92
      81
      84
      85
      99
      89
      89
      87
     103
     100
      79
      91
      89
     106
      91
      83
      91
      98
      87
      93
      90
      86
      84
      93
      83
     102
      87
      88
      84
     105
     105
      80
      84
      98
     111
      89
     105
      87
     104
      99
     100
      91
     103
     103
      90
      92
      86
      82
      92
      91
      99
      85
      97
      85
      92
      79
      96
      88
      85
     100
      97
      92
      86
      81
      97
      80
      76
      81
      78
     100
      90
      95
      97
      78
     104
      79
     100
      94
      95
     101
      86
      99
      74
     103
      83
      82
     110
      89
      87
      99
      88
      79
      74
     105
      84
      82
     106
     109
      80
     106
      98
      76
      84
      70
      85
      81
      95
      92
      98
      67
     104
      87
      79
     112
      78
      85
     109
      94
      96
      87
      97
      96
      72
      78
      98
      83
      75
      84
     104
      94
      91
     101
      84
     101
      83
      81
      90
      97
      75
      99
      79
     100
      85
      78
      97
      83
     100
      78
      96
      91
      76
      74
      79
      85
     102
      90
     105
     103
      79
     101
      91
      97
     102
      93
     102
      97
      92
      70
      89
      84
     110
      92
      88
      84
      94
      79
     102
      85
      88
      99
      96
      89
      92
     100
     109
      84
      89
      83
     108
      80
      97
      81
      86
      71
      85
      78
      94
      94
      89
      78
      74
      80
      83
      84
      78
      83
      81
      70
      79
      85
     100
      90
      92
      74
      91
      99
      83
      75
      90
      71
      83
      80
      84
      80
      92
      71
      93
      98
      96
      80
      94
      83
      87
      90
      76
      82
      77
      91
      80
      96
      99
      84
      78
      64
      79
      80
      85
      90
      81
      77
      89
      89
      99
      92
      92
      83
      98
      75
      91
      69
      76
      76
      84
      84
      93
      76
      70
      93
      96
      90
     100
      86
      78
      90
      87
      70
      90
      77
      76
      88
      99
      74
      95
      76
      78
      89
      83
      64
      86
      93
      88
      74
      81
      69
      99
      87
      69
     105
      96
      96
      88
      76
      77
      74
      98
      88
      83
      93
      80
      76
      82
      84
      81
      91
      73
      85
      84
      72
      81
      73
      87
      90
      85
      75
      93
      84
      82
      56
     101
      83
     100
      88
      90
      82
      89
      78
      90
      70
      76
      67
      66
      72
      74
      97
      86
      82
      75
      97
      93
     101
      92
      93
      91
      83
      83
      83
      80
      81
      89
      92
      79
      70
      88
      71
      96
      85
      87
     102
      87
      80
      95
      94
      88
      77
      81
      82
      74
      78
      94
      67
      69
      80
      78
      87
      88
      93
      75
      92
      86
      91
      69
      87
      87
      91
      94
      66
      91
      82
      95
      86
      90
      89
      79
      84
      78
      98
      88
      94
      79
      74
      92
      98
      67
      93
      91
      84
      84
      94
      90
      76
      97
      80
     106
      87
      95
      77
      80
      76
      78
      80
      90
      90
      84
      67
      92
      86
      97
      78
     100
      76
      85
      85
      81
      73
      94
      91
     102
      94
      79
      92
      86
      92
      77
      78
      87
      88
      84
      75
      83
      70
      90
      86
      79
     110
      83
      75
      76
      84
      88
      82
      87
      80
      85
      68
      90
      77
      76
      75
      87
      74
      64
      90
      82
      86
      83
      86
      81
      93
      93
      84
      81
      80
      82
      86
      73
      69
      86
      80
      97
      81
     110
      82
      87
      82
      71
      89
      91
      94
      84
      90
      93
      91
      89
      88
     107
      77
      74
     104
      83
      77
      96
      76
      83
      81
      86
      73
      89
      77
      86
      85
      88
      78
      94
     106
      80
      87
      87
      90
      95
      89
      83
      89
      70
      73
      90
      78
     107
      85
      70
      93
      73
      73
      88
     104
      73
      90
      71
      88
      79
      83
      67
      81
      97
      77
     101
      82
     102
      96
      84
     104
      82
      66
     102
      74
      89
      92
      76
      75
      82
      98
      78
      87
     100
      79
      81
      99
      91
      75
      72
      96
      86
      71
      77
      95
      94
      98
      82
      88
      83
      83
      95
     102
      98
      71
      86
      87
     100
      92
      88
      96
      83
      92
     108
     109
      85
      86
      90
      89
      86
      89
      93
      93
      92
      87
      92
      79
      75
      82
      77
      87
      87
     102
      85
     107
      85
      83
      77
      86
      89
      76
     100
      95
      86
      85
      85
      98
     103
      93
      87
      72
      93
      85
      98
      78
      99
      86
      81
      90
      70
      90
      98
      82
      85
      98
      88
      98
      86
      90
      89
      78
      95
      89
      91
      79
      89
      72
      76
      84
      95
      89
      81
      96
      78
      81
      80
      75
      70
      85
      84
      90
      86
      85
      77
      69
      92
      73
      70
      74
      82
      73
      84
      82
      88
      71
      73
      83
      86
      69
      78
      66
      59
      76
      76
      66
      76
      77
      69
      68
      62
      76
      69
      68
      68
      72
      73
      56
      68
      54
      56
      52
      58
      53
      70
      60
      65
      64
      57
      63
      58
      62
      53
      55
      53
      63
      49
      62
      57
      59
      47
      54
      54
      62
      55
      47
      54
      60
      56
      68
      51
      49
      66
      50
      63
      53
      61
      62
      63
      47
      45
      61
      55
      56
      53
      44
      52
      61
      53
      51
      58
      56
      54
      65
      47
      43
      56
      51
      38
      64
      50
      47
      52
      56
      53
      42
      42
      44
      48
      48
      55
      60
      49
      44
      62
      47
      57
      49
      46
      51
      57
      48
      47
      49
      45
      60
      59
      54
      54
      51
      51
      50
      47
      55
      42
      60
      51
      50
      56
      44
      57
      50
      56
      43
      39
      53
      56
      50
      57
      53
      42
      61
      46
      45
      57
      45
      35
      46
      33
      50
      50
      62
      45
      52
      50
      60
      53
      41
      32
      55
      52
      46
      38
      58
      52
      52
      53
      38
      42
      53
      36
      46
      45
      46
      36
      52
      42
      44
      50
      52
      47
      68
      43
      48
      52
      57
      45
      51
      49
      46
      43
      59
      56
      36
      60
      44
      54
      53
      60
      47
      37
      38
      48
      37
      52
      46
      54
      43
      58
      48
      50
      40
      33
      50
      39
      29
      49
      35
      41
      46
      54
      55
      50
      47
      49
      44
      43
      39
      49
      47
      60
      42
      38
      49
      54
      37
      35
      53
      59
      44
      35
      40
      49
      49
      55
      49
      44
      38
      42
      39
      48
      40
      35
      32
      38
      50
      58
      43
      37
      34
      42
      43
      35
      45
      37
      46
      39
      48
      28
      38
      44
      45
      38
      41
      38
      35
      38
      43
      50
      55
      47
      43
      49
      30
      39
      41
      40
      38
      49
      49
      52
      31
      49
      50
      45
      39
      48
      41
      46
      58
      47
      47
      45
      42
      46
      38
      40
      41
      48
      46
      73
      53
      64
      77
     104
     114
     177
     262
     342
     482
     678
     991
    1353
    1746
    2248
    2758
    3325
    3830
    4014
    4167
    3998
    3876
    3254
    2754
    2143
    1700
    1279
     828
     526
     365
     279
     194
     131
     117
     118
     105
      86
      92
     103
      86
      78
      60
      73
      71
      52
      63
      58
      50
      32
      39
      49
      40
      44
      31
      33
      44
      34
      37
      31
      37
      23
      35
      40
      40
      29
      30
      25
      30
      36
      28
      39
      31
      30
      35
      36
      26
      34
      26
      31
      30
      23
      22
      21
      28
      31
      23
      33
      21
      24
      20
      22
      23
      25
      21
      25
      30
      32
      34
      31
      25
      18
      27
      26
      24
      21
      28
      28
      29
      34
      25
      33
      31
      34
      29
      29
      23
      23
      23
      29
      21
      32
      21
      28
      29
      16
      33
      22
      25
      24
      25
      28
      23
      29
      21
      21
      17
      21
      23
      32
      24
      29
      18
      21
      21
      21
      28
      24
      24
      28
      22
      30
      18
      30
      35
      23
      21
      26
      20
      27
      19
      18
      26
      12
      31
      22
      20
      29
      26
      31
      20
      26
      21
      11
      12
      25
      18
      21
      26
      20
      25
      20
      20
      21
      16
      22
      18
      19
      22
      18
      14
      20
      19
      22
      18
      30
      15
      20
      22
      18
      10
      24
      14
      19
      16
      13
      14
      10
      17
      20
      21
      23
      18
      22
      19
      22
      24
      26
      21
      19
      19
      17
      22
      26
      16
      22
      12
      14
      18
      25
      24
      27
      17
       9
      22
      18
      16
      12
      19
      17
      17
      22
      15
      11
      16
      17
      22
      21
      17
      13
      12
      17
      15
      20
      19
       9
      16
      17
      13
      14
      14
      15
      16
      18
       9
      15
      25
      22
      14
      10
      21
      19
      15
      18
      19
      16
      17
      16
      12
      14
      12
      12
      16
      13
      16
      11
      14
      14
      15
      23
      18
      15
      11
      11
      15
      16
       9
       8
      23
      12
      15
      16
      16
      12
      15
      14
       8
      18
      19
      15
       8
      11
      12
      12
      13
      17
      11
      16
      14
      10
      20
       9
      12
      13
      15
      11
      19
       8
      17
      13
      16
      14
      14
      16
      10
      12
      15
      17
      14
      10
      16
      11
      14
       9
      21
      13
      18
      12
      18
      18
      15
      11
       9
       7
       6
      17
      18
      13
       7
      12
       8
      11
      12
       7
      12
      17
      12
       7
      24
      12
      11
      18
       8
      13
       8
      15
      18
      12
       9
      14
      10
      13
      11
      14
       8
       8
      11
       9
      10
      10
      11
      11
      11
      11
      16
      10
      19
      14
      17
       9
      14
      16
      11
       8
      12
      11
      11
       8
       7
      16
      10
      14
       8
      16
       7
       9
       9
      10
       7
      16
      12
       6
      14
       9
      11
      15
      12
      11
      10
       7
       8
      11
       8
       7
       7
       9
      13
      11
      13
       8
      14
      16
       7
      12
       6
       6
       7
       7
      17
       7
       7
       9
      13
       7
       9
      11
      10
       9
       9
      13
      13
       8
       8
      10
       6
      13
      10
      10
      13
       7
       7
       8
      16
       1
       4
       9
       3
      17
       6
      10
      12
       4
      12
      10
       8
       9
       8
      10
       9
      12
       8
       7
      11
       8
       8
       6
       6
       6
      13
       7
       9
       4
       5
       7
       8
       9
       9
      17
       9
      10
       8
       7
       5
      10
       6
       9
       5
       8
      10
       6
      13
      10
       6
       6
       5
       8
       6
       8
      11
       7
      12
       5
       9
      10
      12
      10
       5
      10
       8
       9
       5
      10
       6
       8
       7
      10
      11
       8
       7
      10
       9
      10
       5
      15
      15
       9
       7
       6
       9
      12
      10
      11
       9
       9
      10
       8
       5
       5
      11
       4
       9
       8
       3
       8
       4
       7
      10
       3
       8
       9
       8
       7
       9
       8
       5
       5
      10
       5
       6
       8
       9
       6
       8
       8
       8
      10
       7
      10
       6
       7
       8
       8
       4
       8
       6
      11
       9
       8
       4
      10
       5
      12
      10
       6
       5
      12
      10
       8
      11
       6
       4
       9
       4
       4
       8
       2
      11
       7
       7
       3
      16
       7
      11
       7
      11
       4
       9
      12
       5
       5
      11
       4
       7
       9
       3
       6
       5
       5
       8
       9
       7
      11
       4
       7
       6
       5
       7
       2
       5
       6
       9
       6
       3
       9
      11
      11
       7
       6
      10
       5
       8
       9
       5
       6
       6
       8
       9
       7
      10
       3
       7
       9
      11
       7
       6
       7
       7
      15
       2
       6
       5
       7
       6
       7
      10
       4
       6
       9
       3
       9
       5
       7
      12
       6
       9
       7
       8
       5
       7
      11
      11
       4
       7
      10
      10
       8
      13
       7
      11
       5
       8
       4
      10
      10
       7
       4
      13
       6
      11
       7
      10
      10
      19
       4
       9
       7
      11
       7
       2
       8
       7
       5
       4
       7
       9
       5
       4
       7
       8
       2
       4
       5
      13
      11
       9
       9
       6
       7
       7
       7
      10
      12
       4
      11
       4
       4
       1
       9
      13
       2
      10
       7
       7
       5
       6
       3
       6
       3
       9
      12
       3
       6
       8
       3
      11
       6
       2
       6
       8
      13
       4
      12
       6
       9
       8
       6
       6
      10
       7
       6
       8
       5
       6
       2
       6
      11
       7
      11
      11
       9
       7
       6
       4
       3
      12
       9
      12
      10
       9
       7
       7
       8
       9
      12
       8
       4
       0
       9
      15
      10
      13
      11
       7
       5
       3
       5
       8
      13
      10
      13
       9
       8
       8
       9
      10
      11
       8
       6
      11
       7
       6
       8
       9
       6
      12
       9
       4
       9
       5
       8
       6
       9
       6
      11
       8
      13
      10
       8
      14
      12
       9
       4
       9
      13
       8
       9
       7
       6
       9
       9
       6
       9
       8
      11
       8
       7
       6
       9
      14
      10
       3
       8
      10
       8
      15
       5
      11
       9
      11
      11
       8
      11
      11
       6
       8
      10
       7
       6
       8
      12
      12
      11
       9
      16
       9
      16
      13
      13
      15
      14
      23
      25
      31
      22
      36
      68
      66
     112
     171
     253
     333
     454
     653
     904
    1175
    1558
    1970
    2437
    2706
    3115
    3482
    3419
    3390
    3115
    2860
    2429
    1906
    1535
    1124
     819
     564
     398
     270
     175
     118
      88
      68
      71
      62
      52
      55
      62
      33
      45
      32
      33
      25
      29
      22
      25
      16
      19
      12
       8
      12
       2
       7
       5
       4
       5
       2
       4
       2
       2
       4
       3
       8
       2
       1
       4
       4
       3
       2
       1
       3
       5
       1
       1
       1
       4
       0
       2
       2
       0
       1
       2
       2
       1
       0
       3
       3
       1
       1
       7
       1
       4
       1
       0
       3
       2
       2
       1
       1
       2
       0
       1
       0
       4
       1
       1
       4
       1
       3
       4
       2
       2
       1
       2
       1
       4
       2
       1
       0
       0
       1
       2
       1
       1
       3
       2
       2
       3
       0
       1
       2
       1
       1
       1
       1
       1
       3
       3
       2
       2
       1
       2
       3
       2
       1
       1
       4
       2
       2
       3
       0
       2
       1
       2
       0
       3
       0
       1
       3
       4
       1
       1
       1
       0
       1
       1
       1
       1
       2
       4
       0
       0
       2
       4
       1
       1
       2
       2
       4
       2
       1
       3
       2
       2
       2
       3
       2
       1
       2
       0
       2
       2
       3
       2
       0
       1
       3
       0
       1
       0
       4
       1
       1
       1
       2
       1
       2
       2
       1
       4
       0
       1
       1
       0
       0
       3
       1
       2
       2
       0
       2
       1
       2
       0
       0
       2
       0
       1
       3
       2
       0
       0
       1
       0
       1
       0
       3
       3
       4
       1
       4
       1
       2
       1
       1
       0
       3
       1
       0
       0
       2
       1
       2
       1
       1
       1
       1
       2
       2
       0
       2
       2
       1
       3
       3
       1
       0
       0
       1
       1
       2
       2
       3
       1
       2
       0
       2
       1
       1
       1
       1
       0
       2
       2
       0
       0
       1
       0
       0
       1
       1
       1
       1
       2
       0
       2
       0
       2
       2
       1
       1
       1
       3
       1
       2
       2
       2
       0
       1
       0
       0
       1
       1
       2
       0
       0
       1
       1
       1
       0
       1
       1
       0
       1
       1
       0
       5
       1
       2
       2
       2
       0
       2
       3
       4
       6
       0
       1
       1
       1
       0
       2
       1
       0
       1
       1
       0
       0
       2
       2
       0
       0
       2
       3
       0
       0
       0
       1
       1
       0
       3
       2
       0
       1
       2
       0
       1
       1
       0
       1
       1
       0
       1
       1
       3
       0
       0
       0
       0
       0
       0
       0
       0
       0
       0
       0
       0
       0
       0
       0
       0
       0
       0
       0
       0
       0
       0
       0
       0
       0
       0
       0
       0
       0
       0
       0
       0
       0
       0
       0
       0
       0
       0
       0
       0
       0
       0
       0
       0
       0
       0
       0
       0
       0
       0
       0
       0
       0
       0
       0
       0
       0
       0
       0
       0
       0
       0
       0
       0
       0
       0
       0
       0
       0
       0
       0
       0
       0
       0
       0
       0
       0
       0
       0
       0
       0
       0
       0
       0
       0
       0
       0
       0
       0
       0
       0
       0
       0
       0
       0
       0
       0
       0
       0
       0
       0
       0
       0
       0
       0
       0
       0
       0
       0
       0
       0
       0
       0
       0
       0
       0
       0
       0
       0
       0
       0
       0
       0
       0
       0
       0
       0
       0
