$SPEC_ID:
No sample description was entered.
$SPEC_REM:
DET# 3
DETDESC# PCKP27 MCB 129
AP# Maestro Version 7.01
$DATE_MEA:
05/13/2019 13:01:36
$MEAS_TIM:
1623 1643
$DATA:
0 8191
       0
       0
       0
       0
       0
       0
       0
       0
       0
       0
       0
       0
       0
       0
       0
       0
       0
       0
       0
       0
       0
       0
       0
       0
       0
       0
       0
       0
       0
       0
       0
       0
       0
       0
       0
       0
       0
       0
       0
       0
       0
       0
       0
       0
       0
       0
       0
       0
       0
       0
       0
       0
       0
       0
       0
       0
       0
       0
       0
       0
       0
       0
       0
       0
       0
       0
       0
       0
       0
       0
       0
       0
       0
       0
       0
       0
       0
       0
       0
       0
       0
       0
       0
       0
       0
       0
       0
       0
       0
       0
       0
       0
       0
       1
     125
     334
     362
     364
     355
     359
     350
     360
     346
     382
     401
     350
     378
     366
     370
     386
     359
     418
     352
     416
     383
     361
     340
     385
     389
     364
     392
     379
     336
     365
     383
     375
     415
     385
     374
     371
     384
     345
     379
     382
     358
     407
     385
     376
     406
     394
     388
     408
     400
     344
     406
     367
     357
     373
     414
     348
     399
     396
     388
     388
     380
     374
     348
     390
     388
     358
     379
     358
     363
     391
     393
     397
     388
     390
     372
     371
     387
     385
     408
     431
     386
     406
     393
     360
     371
     399
     365
     424
     399
     407
     406
     399
     386
     388
     401
     381
     437
     395
     375
     387
     404
     409
     418
     438
     389
     395
     408
     382
     405
     413
     381
     375
     417
     421
     450
     394
     395
     400
     413
     403
     426
     404
     402
     430
     439
     390
     426
     432
     405
     426
     440
     455
     403
     415
     428
     400
     394
     408
     445
     418
     433
     408
     386
     358
     387
     438
     386
     415
     412
     443
     401
     432
     449
     442
     423
     401
     387
     415
     415
     427
     395
     403
     438
     435
     395
     441
     430
     446
     442
     438
     432
     407
     405
     384
     461
     429
     411
     433
     446
     425
     401
     398
     418
     406
     441
     435
     440
     406
     448
     421
     400
     442
     423
     425
     467
     459
     444
     409
     426
     433
     415
     422
     442
     429
     406
     399
     417
     398
     420
     422
     432
     423
     419
     436
     459
     417
     444
     428
     429
     439
     435
     431
     431
     434
     426
     407
     432
     438
     452
     431
     411
     441
     450
     432
     424
     432
     427
     431
     434
     394
     422
     450
     402
     376
     423
     430
     430
     486
     450
     464
     421
     426
     448
     433
     417
     461
     435
     449
     454
     417
     408
     471
     415
     404
     450
     462
     419
     431
     441
     423
     438
     398
     447
     432
     444
     437
     486
     465
     441
     466
     428
     434
     449
     422
     417
     429
     465
     460
     456
     419
     408
     443
     460
     466
     451
     442
     443
     459
     457
     453
     421
     451
     433
     438
     466
     446
     445
     476
     442
     438
     439
     451
     441
     418
     454
     430
     455
     438
     484
     452
     454
     438
     431
     465
     447
     450
     410
     435
     486
     418
     483
     453
     498
     479
     455
     467
     491
     480
     474
     439
     478
     461
     481
     435
     514
     445
     469
     525
     471
     493
     532
     497
     469
     471
     469
     496
     523
     480
     453
     492
     499
     499
     492
     477
     492
     520
     480
     496
     537
     507
     541
     515
     524
     485
     446
     498
     499
     453
     507
     491
     525
     496
     538
     502
     528
     506
     502
     483
     518
     508
     510
     484
     483
     487
     507
     500
     491
     511
     486
     431
     512
     515
     493
     502
     498
     501
     496
     513
     466
     518
     496
     463
     515
     424
     498
     487
     464
     460
     476
     498
     526
     550
     493
     486
     489
     501
     473
     481
     497
     472
     471
     510
     498
     448
     522
     455
     520
     473
     492
     485
     496
     480
     457
     492
     477
     495
     503
     436
     501
     483
     457
     493
     448
     530
     477
     466
     512
     497
     491
     455
     505
     501
     505
     457
     498
     482
     470
     470
     477
     505
     438
     499
     471
     487
     457
     441
     448
     448
     492
     486
     470
     433
     436
     452
     457
     493
     482
     437
     455
     451
     500
     480
     489
     483
     487
     447
     485
     450
     435
     462
     473
     469
     480
     427
     509
     473
     451
     466
     456
     478
     523
     480
     445
     504
     462
     467
     457
     453
     462
     467
     499
     489
     457
     437
     448
     510
     521
     518
     486
     496
     469
     495
     491
     434
     478
     470
     492
     496
     470
     515
     493
     490
     516
     504
     482
     488
     470
     491
     479
     452
     488
     476
     471
     471
     423
     477
     476
     513
     478
     445
     484
     460
     452
     463
     475
     491
     445
     489
     466
     488
     457
     509
     464
     463
     471
     485
     479
     470
     526
     511
     484
     507
     467
     496
     490
     464
     524
     485
     487
     493
     490
     482
     499
     490
     526
     498
     487
     513
     481
     479
     494
     473
     476
     487
     491
     465
     545
     469
     503
     504
     465
     494
     481
     522
     496
     486
     496
     488
     485
     530
     481
     497
     483
     512
     499
     504
     551
     531
     505
     517
     498
     496
     507
     511
     538
     507
     495
     506
     479
     497
     513
     467
     537
     474
     507
     477
     488
     506
     510
     497
     511
     505
     496
     490
     539
     497
     515
     498
     550
     493
     535
     541
     493
     457
     503
     476
     495
     496
     500
     520
     519
     502
     500
     528
     545
     500
     527
     503
     548
     521
     521
     574
     496
     499
     505
     496
     513
     505
     514
     540
     534
     498
     509
     494
     539
     500
     478
     520
     567
     515
     502
     535
     467
     483
     528
     490
     498
     519
     540
     522
     539
     515
     494
     464
     517
     520
     520
     505
     560
     509
     513
     554
     535
     512
     517
     533
     526
     535
     509
     544
     510
     469
     513
     557
     524
     494
     531
     544
     493
     524
     495
     551
     574
     524
     530
     546
     545
     525
     550
     526
     537
     512
     502
     530
     544
     508
     565
     540
     523
     510
     538
     515
     518
     532
     494
     497
     543
     514
     478
     503
     519
     539
     506
     501
     482
     575
     525
     532
     521
     524
     616
     554
     540
     530
     539
     554
     523
     498
     582
     537
     536
     500
     550
     543
     532
     560
     522
     558
     534
     576
     572
     547
     539
     521
     536
     535
     542
     531
     564
     535
     559
     551
     485
     550
     555
     543
     549
     562
     540
     525
     515
     561
     554
     552
     547
     534
     634
     543
     558
     579
     548
     518
     579
     617
     524
     528
     595
     566
     571
     563
     534
     539
     545
     529
     563
     549
     548
     558
     549
     544
     526
     556
     545
     555
     569
     583
     510
     559
     585
     602
     569
     571
     540
     589
     581
     541
     540
     577
     586
     583
     592
     562
     566
     558
     583
     619
     569
     609
     594
     610
     587
     603
     616
     583
     566
     610
     594
     564
     575
     585
     648
     585
     620
     590
     616
     567
     615
     597
     599
     594
     591
     591
     636
     603
     641
     597
     655
     593
     588
     623
     609
     599
     626
     628
     603
     630
     639
     657
     623
     597
     604
     625
     666
     613
     612
     610
     583
     619
     634
     666
     664
     626
     689
     683
     654
     699
     655
     690
     699
     646
     620
     660
     643
     718
     637
     679
     660
     662
     689
     680
     674
     636
     674
     674
     630
     685
     676
     728
     744
     717
     710
     681
     718
     715
     723
     700
     700
     718
     725
     740
     693
     707
     730
     687
     666
     721
     721
     702
     767
     741
     792
     719
     735
     745
     747
     721
     772
     716
     743
     749
     797
     724
     730
     795
     797
     747
     773
     820
     771
     755
     793
     766
     810
     746
     761
     757
     804
     789
     855
     790
     775
     821
     822
     801
     826
     796
     821
     783
     811
     841
     810
     802
     814
     790
     798
     812
     878
     819
     852
     830
     822
     812
     806
     747
     801
     813
     791
     812
     797
     817
     769
     805
     734
     855
     757
     838
     826
     834
     806
     878
     820
     823
     815
     843
     799
     828
     783
     791
     824
     793
     770
     799
     808
     825
     766
     868
     827
     844
     822
     807
     786
     791
     816
     827
     837
     813
     811
     820
     768
     778
     768
     819
     839
     794
     777
     828
     797
     757
     820
     735
     762
     744
     753
     776
     819
     786
     804
     765
     747
     775
     758
     795
     781
     774
     740
     755
     721
     735
     754
     758
     738
     753
     726
     787
     728
     732
     712
     709
     768
     722
     761
     683
     767
     733
     734
     698
     765
     727
     755
     727
     723
     725
     733
     735
     782
     708
     743
     743
     710
     730
     706
     693
     757
     739
     751
     705
     763
     667
     663
     780
     734
     765
     693
     714
     708
     718
     729
     678
     702
     698
     680
     734
     688
     686
     746
     653
     713
     706
     708
     669
     681
     641
     653
     695
     714
     696
     722
     670
     689
     674
     722
     660
     678
     709
     676
     681
     670
     731
     707
     645
     626
     674
     704
     678
     653
     706
     632
     644
     717
     685
     658
     694
     659
     670
     680
     642
     660
     644
     645
     674
     649
     649
     682
     662
     642
     664
     636
     663
     630
     683
     635
     683
     655
     635
     717
     662
     672
     630
     629
     692
     618
     671
     687
     681
     613
     654
     642
     635
     667
     601
     649
     587
     660
     599
     612
     654
     646
     667
     637
     594
     694
     653
     592
     636
     646
     606
     665
     627
     559
     612
     642
     643
     624
     596
     618
     619
     605
     619
     607
     591
     637
     627
     616
     656
     607
     599
     658
     595
     598
     663
     641
     620
     632
     661
     602
     606
     616
     650
     600
     604
     637
     640
     657
     588
     567
     633
     580
     637
     586
     603
     606
     642
     598
     578
     635
     627
     594
     616
     594
     612
     591
     563
     647
     626
     612
     590
     620
     600
     577
     665
     605
     575
     575
     610
     557
     534
     607
     599
     617
     618
     531
     534
     575
     586
     603
     591
     585
     594
     552
     582
     622
     561
     584
     582
     576
     579
     602
     582
     613
     589
     575
     579
     570
     543
     598
     576
     543
     551
     566
     565
     610
     579
     593
     591
     577
     571
     573
     560
     561
     585
     520
     511
     587
     565
     570
     561
     567
     579
     609
     593
     617
     590
     546
     576
     560
     588
     563
     586
     615
     545
     559
     587
     599
     564
     606
     548
     561
     617
     554
     563
     537
     581
     572
     577
     614
     559
     571
     570
     556
     545
     589
     552
     553
     545
     580
     566
     535
     537
     555
     585
     525
     574
     580
     547
     585
     525
     567
     540
     538
     508
     540
     562
     603
     572
     560
     570
     551
     580
     591
     576
     517
     599
     551
     570
     564
     561
     557
     566
     588
     553
     520
     582
     500
     540
     536
     528
     554
     542
     549
     546
     550
     543
     526
     514
     578
     551
     567
     540
     508
     533
     567
     574
     522
     540
     567
     607
     533
     550
     547
     526
     547
     527
     521
     523
     515
     553
     548
     533
     522
     546
     557
     553
     576
     550
     510
     478
     575
     523
     522
     555
     557
     551
     523
     513
     548
     521
     570
     561
     541
     552
     527
     501
     494
     568
     563
     534
     536
     539
     581
     542
     518
     492
     520
     541
     538
     546
     490
     511
     535
     563
     504
     565
     546
     534
     537
     546
     550
     538
     525
     514
     517
     544
     511
     562
     522
     555
     604
     534
     522
     538
     515
     541
     533
     509
     573
     516
     534
     537
     516
     521
     566
     547
     511
     511
     544
     514
     568
     513
     511
     527
     555
     523
     545
     528
     524
     522
     544
     537
     508
     578
     521
     498
     530
     562
     525
     544
     509
     499
     520
     510
     499
     529
     511
     515
     539
     542
     531
     498
     486
     557
     535
     505
     552
     563
     573
     518
     495
     506
     531
     548
     512
     484
     538
     565
     535
     518
     495
     527
     493
     600
     503
     535
     511
     526
     511
     555
     511
     529
     527
     521
     482
     514
     496
     540
     498
     515
     517
     505
     483
     508
     516
     543
     535
     575
     519
     519
     531
     504
     499
     502
     540
     503
     518
     521
     523
     525
     501
     524
     491
     540
     542
     566
     530
     536
     546
     475
     518
     507
     467
     519
     497
     507
     518
     478
     511
     522
     516
     551
     555
     508
     491
     546
     541
     570
     532
     498
     526
     519
     533
     516
     518
     506
     516
     520
     529
     506
     505
     501
     509
     555
     522
     491
     460
     498
     511
     522
     466
     490
     537
     490
     468
     472
     514
     536
     506
     504
     516
     562
     508
     533
     512
     493
     512
     545
     525
     497
     508
     571
     509
     497
     499
     522
     475
     512
     527
     491
     527
     519
     504
     518
     528
     518
     524
     464
     523
     517
     553
     490
     545
     487
     526
     555
     496
     516
     484
     517
     531
     540
     544
     519
     484
     522
     494
     533
     472
     522
     518
     489
     528
     489
     512
     519
     505
     514
     514
     526
     557
     518
     510
     481
     519
     516
     504
     519
     478
     478
     517
     486
     528
     507
     478
     519
     526
     499
     558
     470
     502
     530
     517
     526
     485
     474
     533
     517
     535
     518
     501
     489
     509
     487
     529
     505
     513
     485
     479
     528
     517
     526
     497
     484
     508
     517
     508
     505
     568
     493
     489
     527
     523
     552
     509
     502
     552
     489
     516
     523
     466
     556
     543
     526
     509
     516
     483
     488
     514
     493
     502
     502
     502
     504
     480
     536
     491
     477
     502
     521
     485
     502
     478
     519
     492
     473
     568
     502
     486
     493
     482
     488
     513
     509
     524
     489
     525
     469
     504
     516
     528
     486
     529
     497
     499
     512
     523
     471
     482
     481
     508
     525
     487
     496
     517
     478
     544
     497
     509
     494
     521
     499
     483
     521
     509
     510
     521
     543
     518
     497
     498
     485
     517
     481
     465
     499
     480
     516
     514
     535
     509
     528
     489
     476
     566
     492
     483
     503
     521
     517
     503
     510
     505
     537
     536
     502
     481
     474
     513
     483
     475
     495
     506
     544
     498
     555
     470
     506
     502
     518
     501
     472
     477
     504
     492
     490
     462
     514
     475
     484
     570
     513
     489
     509
     541
     548
     516
     505
     532
     513
     525
     517
     509
     490
     490
     471
     513
     479
     524
     508
     534
     553
     525
     505
     494
     494
     502
     523
     490
     502
     502
     526
     507
     503
     538
     532
     462
     536
     529
     571
     508
     468
     516
     522
     472
     495
     537
     500
     496
     460
     530
     498
     512
     530
     530
     534
     528
     528
     528
     514
     527
     483
     498
     509
     551
     509
     524
     536
     498
     516
     493
     531
     505
     465
     512
     482
     527
     473
     532
     473
     514
     475
     539
     520
     500
     517
     525
     506
     563
     529
     505
     546
     557
     498
     542
     512
     518
     496
     502
     545
     524
     533
     489
     513
     488
     498
     522
     481
     536
     461
     500
     506
     543
     528
     546
     546
     511
     512
     519
     527
     521
     550
     506
     515
     532
     504
     511
     556
     524
     557
     508
     482
     526
     498
     548
     537
     541
     544
     493
     575
     529
     517
     506
     521
     512
     492
     537
     526
     497
     528
     516
     530
     554
     507
     565
     550
     546
     527
     520
     538
     530
     498
     562
     541
     509
     480
     529
     526
     536
     554
     486
     539
     475
     521
     550
     539
     526
     565
     516
     482
     555
     547
     569
     519
     501
     511
     534
     522
     567
     573
     523
     519
     516
     518
     549
     521
     531
     530
     482
     505
     490
     550
     518
     529
     555
     527
     536
     523
     515
     548
     506
     530
     523
     488
     522
     511
     522
     508
     512
     508
     523
     534
     536
     521
     499
     517
     487
     530
     533
     554
     579
     522
     509
     522
     527
     551
     517
     512
     556
     483
     519
     614
     526
     536
     524
     510
     556
     514
     540
     536
     537
     523
     528
     532
     545
     514
     519
     499
     509
     528
     527
     519
     493
     492
     505
     525
     506
     510
     562
     512
     519
     554
     561
     524
     520
     535
     532
     521
     552
     572
     539
     549
     526
     540
     564
     547
     536
     534
     537
     541
     554
     544
     537
     545
     521
     550
     497
     514
     519
     520
     497
     502
     555
     530
     533
     540
     545
     551
     536
     514
     498
     556
     578
     488
     510
     556
     509
     517
     499
     551
     532
     561
     554
     533
     525
     559
     573
     518
     526
     537
     541
     553
     551
     518
     556
     551
     523
     506
     529
     585
     541
     576
     576
     512
     526
     524
     551
     531
     551
     510
     554
     536
     570
     517
     554
     524
     526
     556
     482
     525
     527
     529
     520
     539
     509
     480
     523
     499
     522
     551
     501
     534
     525
     524
     553
     505
     514
     534
     510
     509
     536
     566
     554
     536
     523
     557
     539
     528
     547
     538
     528
     549
     529
     505
     542
     541
     520
     563
     493
     528
     552
     484
     510
     529
     525
     509
     524
     535
     505
     519
     533
     524
     502
     520
     540
     521
     513
     489
     527
     490
     510
     469
     525
     544
     531
     461
     505
     503
     486
     523
     490
     522
     529
     523
     505
     499
     489
     512
     500
     530
     511
     523
     522
     492
     476
     481
     499
     517
     511
     485
     479
     557
     530
     519
     465
     482
     491
     513
     488
     477
     498
     501
     478
     495
     520
     491
     464
     480
     520
     478
     442
     465
     522
     478
     468
     467
     427
     472
     462
     455
     497
     500
     458
     455
     449
     497
     451
     446
     422
     466
     441
     450
     467
     461
     450
     442
     485
     444
     423
     435
     475
     440
     442
     463
     460
     428
     438
     451
     413
     382
     457
     452
     461
     485
     441
     447
     447
     418
     409
     465
     434
     445
     373
     431
     406
     455
     375
     397
     439
     407
     411
     404
     413
     386
     416
     407
     370
     397
     401
     398
     406
     371
     395
     361
     380
     396
     385
     403
     364
     384
     397
     340
     388
     377
     373
     349
     377
     383
     370
     365
     366
     340
     365
     352
     357
     354
     329
     355
     337
     361
     354
     347
     335
     316
     373
     362
     374
     309
     321
     341
     328
     343
     371
     368
     361
     322
     311
     314
     290
     327
     353
     305
     330
     315
     314
     334
     332
     323
     292
     331
     308
     297
     287
     326
     337
     317
     275
     285
     302
     284
     337
     298
     325
     291
     303
     287
     283
     301
     308
     281
     271
     297
     292
     336
     266
     300
     280
     288
     269
     264
     292
     262
     312
     271
     296
     274
     259
     277
     254
     252
     265
     301
     277
     266
     261
     275
     268
     265
     242
     254
     241
     244
     270
     261
     274
     251
     243
     246
     279
     273
     246
     245
     269
     289
     265
     275
     261
     239
     218
     249
     234
     232
     290
     248
     251
     236
     236
     235
     265
     231
     229
     254
     255
     214
     229
     225
     250
     254
     212
     208
     196
     235
     257
     227
     234
     216
     221
     204
     209
     221
     210
     221
     242
     209
     206
     257
     212
     210
     231
     213
     215
     201
     204
     203
     195
     198
     230
     227
     193
     210
     169
     190
     223
     198
     220
     192
     198
     179
     221
     202
     183
     198
     192
     232
     175
     188
     201
     197
     195
     168
     207
     207
     215
     179
     208
     197
     184
     190
     207
     200
     175
     186
     197
     173
     195
     195
     192
     181
     197
     191
     181
     207
     185
     179
     204
     207
     211
     178
     176
     176
     181
     185
     186
     181
     170
     183
     188
     182
     190
     179
     175
     200
     187
     167
     179
     182
     188
     169
     203
     179
     170
     160
     182
     160
     174
     186
     167
     176
     197
     148
     179
     159
     163
     164
     171
     181
     192
     160
     164
     167
     167
     183
     168
     170
     183
     188
     174
     173
     182
     157
     171
     173
     161
     172
     189
     183
     163
     154
     169
     161
     147
     169
     182
     147
     139
     152
     186
     179
     172
     164
     164
     154
     154
     123
     171
     172
     152
     175
     163
     163
     157
     133
     179
     173
     172
     172
     152
     161
     147
     157
     168
     178
     160
     177
     164
     170
     141
     164
     158
     166
     153
     173
     142
     148
     163
     160
     162
     146
     154
     151
     162
     154
     162
     148
     133
     147
     147
     146
     156
     153
     129
     155
     150
     132
     151
     157
     146
     152
     144
     147
     145
     158
     135
     158
     133
     144
     123
     158
     153
     149
     142
     150
     174
     163
     139
     155
     146
     147
     120
     134
     142
     161
     142
     136
     152
     156
     169
     150
     129
     139
     124
     141
     143
     133
     123
     151
     127
     131
     127
     128
     135
     139
     147
     135
     129
     136
     128
     119
     119
     160
     129
     152
     130
     146
     125
     144
     159
     131
     134
     121
     148
     123
     120
     139
     131
     127
     153
     119
     159
     135
     141
     142
     115
     134
     148
     145
     114
     127
     138
     129
     141
     130
     125
     140
     121
     123
     129
     134
     131
     134
     150
     151
     112
     150
     133
     147
     121
     149
     135
     120
     133
     124
     136
     143
     136
     125
     140
     137
     136
     126
     129
     133
     131
     123
     133
     127
     115
     111
     112
     120
      94
     138
     109
     135
     133
     138
     130
     123
     131
     125
     126
     141
     130
     120
     125
     146
     116
     136
     107
     115
     120
     103
     122
     118
     108
     130
     140
     122
     120
     112
     134
     113
     135
     116
     117
     118
     134
     121
     119
     125
     121
     136
     131
     127
     129
     123
     111
     128
     134
     120
     112
     129
     118
     125
     123
     111
     148
     122
     125
     130
     112
     126
     107
     122
     122
     115
     137
     139
     141
     107
     130
     142
     123
     134
     117
     131
     123
     132
     119
     115
     125
     124
     145
     137
     134
     125
     103
     135
     142
     138
     133
     108
     137
     111
     127
     125
     115
     153
     125
     109
     141
     143
     103
     126
     117
     101
     121
     114
     120
     145
     119
     112
     137
     113
     139
     136
     140
     138
     123
     121
     133
     129
     117
     128
     130
     151
     127
     137
     139
     132
     131
     126
     115
     140
     136
     136
     150
     116
     142
     120
     121
     127
     145
     128
     117
     111
     142
     130
     126
     145
     134
     130
     135
     126
     136
     122
     139
     142
     125
     125
     120
     111
     119
     137
     131
     140
     119
     134
     127
     115
     143
     138
     158
     133
     142
     159
     129
     149
     156
     136
     143
     154
     136
     166
     139
     153
     162
     149
     155
     145
     143
     162
     153
     105
     129
     155
     131
     140
     144
     143
     143
     142
     128
     170
     147
     160
     177
     178
     149
     152
     138
     167
     163
     141
     137
     167
     151
     164
     153
     162
     159
     156
     157
     154
     177
     162
     185
     179
     156
     171
     153
     164
     164
     145
     165
     162
     157
     163
     177
     189
     150
     184
     163
     170
     180
     165
     170
     194
     170
     206
     203
     181
     178
     209
     196
     185
     182
     167
     189
     196
     207
     199
     191
     213
     192
     209
     198
     190
     232
     234
     213
     202
     195
     213
     223
     226
     229
     235
     233
     216
     237
     250
     213
     229
     232
     254
     207
     227
     226
     239
     240
     261
     244
     265
     245
     244
     253
     246
     253
     248
     245
     289
     285
     256
     302
     294
     289
     258
     292
     325
     286
     277
     289
     306
     297
     292
     330
     300
     311
     325
     308
     321
     351
     326
     312
     361
     333
     348
     336
     342
     328
     350
     344
     332
     379
     362
     392
     399
     387
     377
     389
     385
     401
     395
     390
     406
     415
     417
     410
     414
     447
     451
     469
     453
     427
     472
     492
     440
     449
     420
     470
     472
     498
     483
     530
     557
     532
     501
     502
     572
     541
     537
     540
     562
     512
     606
     556
     585
     583
     599
     623
     593
     600
     688
     596
     642
     657
     630
     664
     684
     627
     703
     695
     647
     700
     683
     710
     677
     717
     726
     733
     663
     723
     785
     751
     835
     817
     820
     833
     828
     801
     798
     883
     892
     840
     884
     928
     909
     970
     898
     940
     906
     949
     997
     957
    1030
     912
    1021
    1018
    1004
    1014
    1017
    1020
    1115
    1069
    1060
    1074
    1126
    1066
    1097
    1159
    1147
    1150
    1172
    1182
    1168
    1161
    1220
    1228
    1150
    1263
    1264
    1329
    1301
    1281
    1229
    1304
    1366
    1373
    1422
    1352
    1343
    1390
    1367
    1424
    1509
    1502
    1506
    1501
    1503
    1592
    1541
    1579
    1535
    1566
    1579
    1561
    1683
    1631
    1662
    1597
    1623
    1645
    1711
    1676
    1634
    1724
    1770
    1694
    1844
    1787
    1860
    1821
    1805
    1792
    1832
    1940
    1935
    1853
    1861
    1944
    1998
    2008
    1918
    1966
    1953
    1991
    1951
    1986
    2021
    2044
    2054
    2041
    2162
    2103
    2080
    2182
    2155
    2283
    2109
    2174
    2216
    2256
    2244
    2182
    2202
    2352
    2302
    2286
    2237
    2255
    2285
    2365
    2360
    2333
    2328
    2367
    2353
    2378
    2380
    2398
    2428
    2374
    2460
    2409
    2555
    2564
    2464
    2563
    2541
    2553
    2557
    2566
    2570
    2639
    2633
    2642
    2501
    2563
    2621
    2644
    2681
    2525
    2664
    2675
    2742
    2757
    2734
    2734
    2701
    2743
    2791
    2764
    2671
    2791
    2689
    2774
    2818
    2793
    2802
    2770
    2773
    2843
    2737
    2819
    2835
    2833
    2715
    2829
    2836
    2815
    2796
    2850
    2959
    2917
    2830
    2859
    2828
    2816
    2897
    2831
    2860
    2951
    2797
    2984
    2855
    2804
    2803
    2782
    2831
    2941
    2860
    2768
    2822
    2858
    2791
    2931
    2771
    2766
    2815
    2858
    2775
    2857
    2823
    2851
    2799
    2861
    2950
    2739
    2807
    2754
    2800
    2778
    2761
    2806
    2802
    2680
    2764
    2823
    2786
    2823
    2768
    2794
    2608
    2793
    2729
    2785
    2686
    2722
    2659
    2613
    2637
    2653
    2648
    2568
    2711
    2598
    2646
    2662
    2485
    2501
    2619
    2607
    2517
    2501
    2475
    2489
    2491
    2479
    2410
    2498
    2452
    2402
    2418
    2407
    2423
    2340
    2492
    2351
    2273
    2322
    2372
    2334
    2259
    2229
    2319
    2192
    2295
    2241
    2205
    2203
    2226
    2205
    2158
    2239
    2087
    2104
    2078
    2040
    2092
    2021
    2093
    1963
    2016
    1988
    1966
    1965
    1945
    1920
    1953
    1881
    1914
    1906
    1819
    1789
    1857
    1772
    1749
    1730
    1781
    1706
    1698
    1918
    1659
    1673
    1722
    1651
    1566
    1591
    1572
    1656
    1611
    1557
    1554
    1531
    1542
    1497
    1563
    1441
    1477
    1467
    1395
    1447
    1363
    1360
    1344
    1373
    1385
    1260
    1272
    1243
    1243
    1256
    1271
    1237
    1185
    1215
    1163
    1115
    1200
    1148
    1119
    1106
    1084
    1100
    1062
    1085
    1084
     979
    1038
    1030
     933
     963
     946
     935
     957
     879
     900
     908
     868
     858
     859
     846
     888
     793
     837
     791
     824
     774
     782
     758
     722
     737
     755
     726
     671
     646
     662
     640
     628
     629
     656
     561
     622
     619
     609
     545
     572
     540
     557
     532
     533
     523
     521
     533
     514
     517
     475
     448
     473
     438
     456
     418
     443
     436
     439
     383
     396
     422
     388
     403
     393
     350
     333
     344
     371
     334
     321
     317
     336
     302
     276
     324
     294
     295
     281
     268
     293
     278
     242
     235
     270
     252
     236
     240
     214
     211
     235
     188
     236
     190
     204
     178
     191
     173
     206
     173
     203
     173
     211
     161
     164
     157
     135
     139
     144
     182
     135
     145
     139
     131
     138
     136
     121
     142
     126
     155
     102
     114
      96
     111
     118
     108
      94
     101
      87
      87
      81
      85
      78
      82
      84
      74
      71
      79
      75
      75
      71
      68
      90
      73
      68
      53
      58
      71
      53
      53
      42
      49
      54
      44
      66
      29
      39
      43
      49
      35
      40
      37
      42
      42
      47
      34
      39
      36
      49
      37
      31
      27
      22
      25
      42
      27
      33
      23
      34
      25
      21
      23
      23
      18
      18
      26
      22
      25
      18
      18
      20
      18
      25
      14
      20
      20
      12
      18
      19
      20
      10
      16
      10
      11
      14
      11
      11
      13
      15
      13
      14
      14
      10
       7
      10
       9
      10
      19
       6
       9
      12
       7
      10
       7
      10
       9
       8
      11
      13
       4
      10
       7
       8
       8
       4
      10
       7
       6
       3
       4
      14
       8
       6
       4
       9
       9
       2
       3
       8
       6
       6
       3
       3
      10
       4
       6
       4
       1
       7
       0
       4
       5
       7
       2
       8
       4
       7
       5
       2
       1
       2
       5
       2
       5
       3
       4
       2
       3
       5
       5
       0
       7
       3
       1
       5
       4
       2
       4
       4
       1
       3
       2
       0
       6
       2
       2
       3
       1
       2
       4
       6
       6
       1
       5
       1
       3
       1
       4
       4
       2
       5
       5
       2
       4
       3
       5
       3
       2
       1
       8
       2
       3
       3
       6
       2
       2
       2
       4
       2
       3
       3
       3
       7
       4
       5
       1
       2
       2
       1
       3
       2
       4
       2
       4
       2
       3
       3
       2
       3
       2
       2
       0
       2
       1
       1
       4
       3
       3
       5
       4
       2
       7
       2
       4
       0
       5
       2
       2
       2
       4
       5
       2
       2
       2
       3
       5
       5
       1
       1
       4
       3
       5
       5
       1
       2
       0
       1
       1
       1
       0
       5
       2
       3
       1
       3
       3
       5
       1
       3
       5
       3
       0
       2
       2
       1
       1
       3
       5
       2
       4
       3
       2
       1
       2
       6
       1
       4
       2
       2
       1
       2
       1
       2
       3
       3
       2
       2
       6
       1
       3
       3
       4
       4
       1
       2
       5
       2
       2
       2
       5
       4
       1
       4
       7
       0
       2
       5
       3
       1
       1
       5
       1
       3
       2
       5
       2
       2
       3
       2
       2
       1
       2
       1
       2
       1
       6
       1
       1
       1
       1
       1
       1
       2
       4
       1
       4
       3
       1
       2
       1
       2
       6
       0
       4
       2
       6
       3
       3
       4
       3
       3
       0
       2
       2
       2
       3
       0
       1
       3
       1
       0
       5
       3
       5
       2
       4
       4
       4
       2
       0
       0
       4
       2
       4
       3
       4
       4
       3
       3
       1
       4
       3
       0
       4
       4
       6
       2
       3
       2
       3
       6
       2
       1
       1
       0
       3
       1
       3
       1
       1
       0
       2
       2
       3
       4
       3
       0
       5
       3
       2
       4
       3
       2
       3
       2
       4
       0
       1
       2
       4
       2
       1
       1
       0
       1
       3
       2
       2
       2
       1
       2
       4
       1
       6
       3
       1
       4
       6
       1
       5
       2
       4
       1
       1
       1
       1
       3
       1
       1
       2
       1
       1
       4
       6
       0
       2
       6
       1
       3
       2
       1
       5
       5
       4
       3
       1
       4
       2
       3
       5
       2
       3
       1
       1
       2
       2
       6
       2
       1
       5
       2
       3
       1
       3
       5
       2
       3
       2
       3
       1
       4
       0
       2
       1
       1
       2
       1
       5
       2
       1
       3
       1
       1
       1
       2
       0
       2
       2
       0
       4
       0
       3
       2
       3
       3
       3
       6
       1
       3
       3
       1
       4
       2
       6
       2
       3
       1
       1
       2
       1
       2
       1
       4
       5
       3
       3
       2
       1
       4
       2
       6
       1
       0
       0
       4
       0
       3
       0
       1
       3
       1
       1
       3
       3
       2
       3
       3
       2
       3
       4
       4
       3
       4
       1
       3
       0
       3
       5
       1
       1
       5
       2
       3
       1
       3
       0
       2
       3
       6
       4
       1
       1
       1
       3
       5
       2
       0
       2
       3
       2
       1
       5
       0
       4
       2
       2
       1
       3
       2
       2
       1
       1
       1
       2
       0
       6
       2
       2
       5
       4
       1
       5
       2
       3
       7
       3
       4
       3
       1
       3
       3
       2
       2
       0
       3
       3
       1
       1
       2
       1
       0
       2
       3
       4
       5
       1
       0
       3
       1
       4
       3
       1
       1
       0
       0
       2
       2
       2
       1
       1
       2
       0
       3
       2
       6
       3
       2
       2
       3
       6
       0
       2
       2
       2
       5
       2
       4
       7
       5
       2
       2
       5
       0
       4
       1
       4
       1
       4
       1
       3
       1
       2
       1
       2
       4
       2
       0
       1
       6
       0
       2
       3
       1
       2
       2
       0
       2
       0
       2
       0
       3
       0
       0
       1
       3
       1
       3
       4
       3
       4
       5
       4
       2
       3
       2
       3
       0
       1
       2
       3
       6
       0
       0
       0
       1
       4
       0
       2
       2
       0
       1
       1
       6
       1
       1
       1
       2
       1
       0
       1
       2
       0
       0
       0
       3
       0
       1
       3
       1
       4
       3
       0
       3
       0
       2
       3
       1
       1
       3
       1
       0
       1
       4
       1
       2
       3
       3
       2
       2
       2
       0
       3
       1
       2
       1
       1
       1
       3
       0
       3
       2
       3
       2
       3
       0
       2
       4
       3
       1
       3
       1
       2
       0
       1
       0
       1
       3
       4
       4
       1
       1
       2
       3
       4
       1
       0
       2
       1
       5
       3
       2
       0
       2
       0
       2
       1
       1
       3
       1
       2
       3
       3
       2
       1
       2
       4
       2
       4
       0
       2
       3
       1
       1
       1
       1
       1
       1
       0
       1
       2
       2
       3
       3
       2
       7
       5
       2
       1
       1
       2
       2
       4
       3
       6
       1
       7
       2
       1
       1
       4
       0
       1
       3
       5
       1
       2
       3
       0
       1
       2
       1
       3
       2
       3
       1
       0
       1
       0
       2
       1
       3
       1
       2
       1
       2
       1
       1
       2
       1
       4
       2
       2
       2
       3
       2
       2
       0
       3
       2
       3
       3
       2
       1
       2
       2
       2
       4
       1
       0
       0
       2
       5
       1
       5
       2
       3
       2
       1
       3
       4
       3
       0
       1
       1
       0
       1
       1
       1
       3
       4
       5
       1
       2
       2
       1
       1
       0
       1
       0
       0
       0
       2
       5
       3
       0
       1
       0
       3
       1
       2
       1
       2
       1
       5
       2
       1
       1
       2
       3
       1
       2
       2
       1
       1
       5
       1
       1
       1
       2
       2
       1
       1
       2
       1
       2
       1
       3
       1
       4
       0
       4
       1
       2
       0
       2
       2
       1
       3
       4
       1
       2
       1
       3
       1
       0
       2
       4
       3
       4
       3
       2
       1
       0
       3
       1
       1
       4
       2
       1
       3
       3
       0
       1
       2
       2
       1
       0
       1
       2
       2
       1
       1
       2
       0
       4
       1
       4
       2
       1
       0
       0
       2
       2
       0
       2
       4
       1
       1
       1
       1
       1
       4
       3
       1
       3
       1
       2
       3
       1
       2
       2
       1
       4
       3
       1
       1
       0
       0
       2
       1
       1
       0
       2
       2
       1
       0
       2
       4
       1
       1
       1
       1
       3
       3
       4
       3
       1
       3
       0
       1
       3
       2
       3
       2
       2
       0
       2
       3
       4
       2
       2
       2
       1
       0
       0
       2
       1
       0
       1
       0
       1
       3
       1
       0
       1
       0
       3
       1
       0
       1
       1
       1
       2
       3
       0
       1
       2
       1
       4
       4
       0
       4
       2
       0
       0
       2
       1
       1
       3
       1
       4
       1
       1
       0
       2
       0
       1
       0
       3
       2
       1
       1
       2
       1
       2
       2
       3
       3
       0
       1
       1
       1
       0
       0
       1
       0
       3
       1
       1
       4
       0
       3
       0
       3
       1
       2
       1
       0
       2
       0
       1
       0
       0
       1
       3
       1
       2
       1
       1
       2
       3
       0
       2
       3
       0
       4
       4
       2
       2
       1
       0
       2
       0
       0
       1
       2
       1
       1
       4
       0
       2
       1
       1
       1
       0
       2
       1
       2
       3
       1
       2
       2
       3
       2
       2
       1
       1
       1
       0
       1
       3
       1
       1
       3
       2
       1
       0
       4
       0
       2
       1
       2
       1
       1
       2
       0
       0
       2
       1
       1
       0
       1
       3
       2
       2
       0
       2
       4
       0
       2
       1
       1
       0
       3
       2
       1
       0
       0
       4
       0
       4
       0
       1
       0
       1
       1
       3
       3
       0
       1
       0
       0
       1
       3
       0
       1
       0
       0
       2
       2
       1
       1
       1
       0
       0
       1
       3
       2
       3
       0
       0
       2
       2
       3
       2
       2
       2
       0
       4
       0
       0
       1
       1
       1
       2
       1
       2
       2
       2
       1
       3
       0
       1
       0
       4
       0
       2
       1
       4
       0
       1
       0
       0
       1
       2
       1
       2
       2
       1
       2
       0
       1
       0
       2
       1
       2
       0
       5
       1
       0
       1
       1
       0
       1
       1
       0
       1
       3
       1
       1
       1
       0
       2
       1
       3
       2
       0
       2
       1
       0
       1
       0
       0
       2
       2
       2
       0
       1
       0
       2
       1
       0
       0
       2
       2
       3
       0
       1
       0
       2
       0
       2
       1
       1
       0
       1
       1
       2
       2
       1
       0
       1
       0
       0
       1
       3
       1
       0
       1
       0
       2
       1
       3
       1
       0
       1
       2
       0
       0
       0
       1
       0
       2
       2
       1
       4
       0
       2
       2
       0
       1
       2
       0
       2
       3
       0
       1
       0
       1
       2
       0
       3
       2
       1
       3
       1
       2
       3
       1
       1
       2
       2
       1
       0
       3
       1
       1
       2
       4
       1
       2
       0
       1
       0
       2
       3
       4
       1
       1
       1
       1
       1
       2
       0
       1
       1
       3
       1
       1
       2
       1
       2
       1
       1
       1
       3
       0
       0
       0
       0
       0
       1
       2
       1
       2
       5
       2
       0
       2
       3
       2
       1
       2
       0
       0
       3
       0
       0
       0
       2
       1
       2
       0
       1
       2
       3
       0
       0
       1
       0
       2
       1
       2
       1
       1
       3
       0
       2
       1
       0
       0
       1
       2
       4
       3
       1
       1
       3
       1
       1
       1
       2
       1
       0
       2
       3
       0
       2
       0
       0
       1
       0
       2
       1
       1
       1
       2
       0
       1
       0
       2
       1
       0
       2
       1
       0
       0
       1
       2
       4
       1
       3
       1
       1
       0
       1
       0
       0
       1
       3
       3
       0
       0
       1
       2
       0
       0
       0
       2
       0
       1
       0
       3
       0
       1
       0
       0
       1
       2
       3
       1
       0
       1
       0
       3
       2
       2
       0
       1
       1
       1
       0
       1
       0
       1
       0
       3
       1
       0
       3
       0
       0
       0
       0
       1
       0
       1
       1
       0
       0
       1
       1
       1
       2
       3
       2
       1
       1
       1
       1
       2
       2
       0
       3
       1
       0
       0
       1
       2
       1
       1
       3
       1
       1
       5
       2
       0
       5
       1
       2
       3
       1
       2
       1
       1
       2
       1
       2
       0
       1
       1
       2
       1
       1
       0
       0
       1
       0
       2
       0
       1
       1
       0
       3
       1
       0
       3
       3
       2
       1
       1
       1
       0
       1
       2
       1
       4
       1
       3
       1
       1
       0
       0
       0
       3
       0
       0
       1
       0
       2
       2
       0
       1
       0
       0
       0
       1
       1
       1
       1
       1
       3
       1
       0
       1
       0
       0
       2
       1
       1
       0
       1
       1
       0
       0
       1
       1
       0
       2
       1
       1
       1
       0
       0
       1
       1
       1
       0
       1
       0
       0
       0
       0
       2
       3
       1
       2
       0
       3
       1
       0
       1
       1
       0
       0
       2
       0
       3
       5
       3
       0
       0
       1
       1
       1
       0
       0
       0
       1
       2
       0
       1
       1
       0
       0
       1
       1
       2
       2
       0
       3
       0
       0
       1
       1
       2
       1
       2
       1
       2
       0
       1
       2
       2
       1
       1
       1
       2
       2
       0
       0
       0
       1
       1
       0
       1
       3
       0
       4
       0
       0
       1
       1
       0
       0
       1
       4
       1
       0
       1
       2
       2
       0
       0
       4
       3
       0
       0
       2
       2
       0
       1
       0
       4
       1
       0
       0
       1
       2
       0
       2
       1
       1
       3
       0
       0
       0
       1
       0
       2
       2
       2
       0
       3
       0
       2
       2
       2
       0
       1
       0
       1
       0
       0
       1
       1
       1
       1
       1
       2
       2
       0
       1
       0
       0
       1
       0
       1
       1
       2
       1
       2
       2
       2
       0
       1
       3
       0
       0
       0
       0
       0
       2
       0
       1
       2
       0
       1
       2
       2
       1
       0
       1
       3
       0
       0
       3
       0
       3
       3
       0
       3
       1
       2
       0
       2
       1
       2
       2
       2
       1
       1
       0
       1
       0
       2
       0
       1
       1
       1
       1
       1
       0
       0
       1
       3
       0
       0
       1
       1
       1
       3
       0
       0
       3
       0
       0
       2
       0
       0
       0
       0
       0
       3
       2
       0
       1
       1
       0
       2
       2
       1
       2
       1
       0
       0
       1
       1
       2
       0
       0
       1
       1
       2
       1
       0
       0
       2
       0
       2
       0
       2
       4
       1
       0
       2
       0
       0
       0
       2
       1
       0
       0
       1
       1
       1
       0
       1
       0
       0
       3
       0
       1
       3
       1
       1
       0
       0
       1
       0
       0
       1
       2
       0
       0
       1
       0
       0
       1
       3
       1
       0
       0
       2
       0
       0
       1
       0
       1
       1
       1
       0
       0
       0
       2
       1
       0
       1
       0
       1
       2
       1
       3
       3
       0
       1
       1
       1
       2
       0
       0
       3
       0
       0
       0
       0
       0
       1
       2
       0
       2
       3
       1
       1
       3
       1
       2
       1
       0
       1
       1
       1
       1
       2
       0
       2
       1
       1
       3
       2
       1
       0
       1
       0
       0
       1
       1
       0
       0
       0
       1
       1
       2
       0
       1
       4
       0
       0
       1
       0
       1
       1
       1
       0
       0
       1
       1
       0
       0
       1
       0
       1
       0
       1
       0
       0
       1
       1
       0
       1
       0
       1
       0
       0
       1
       1
       1
       0
       3
       1
       1
       0
       0
       0
       0
       1
       3
       0
       3
       4
       1
       3
       0
       0
       1
       2
       0
       0
       0
       0
       0
       1
       1
       1
       0
       0
       1
       0
       1
       1
       1
       2
       0
       1
       0
       0
       0
       0
       0
       0
       1
       1
       0
       0
       2
       0
       0
       3
       2
       1
       0
       0
       1
       2
       1
       1
       1
       0
       1
       2
       3
       0
       1
       0
       2
       0
       2
       0
       0
       2
       0
       1
       0
       0
       0
       0
       0
       0
       0
       2
       0
       0
       1
       1
       0
       2
       0
       0
       2
       1
       0
       1
       0
       1
       0
       3
       1
       1
       0
       0
       2
       1
       3
       0
       3
       1
       1
       0
       0
       0
       3
       2
       2
       2
       3
       0
       2
       0
       0
       2
       1
       0
       0
       0
       1
       0
       3
       3
       0
       1
       1
       0
       0
       3
       1
       1
       2
       0
       1
       1
       1
       0
       2
       1
       3
       0
       2
       2
       0
       0
       0
       1
       2
       0
       0
       2
       1
       0
       0
       2
       0
       1
       2
       0
       1
       0
       0
       0
       0
       0
       0
       0
       1
       2
       0
       0
       0
       1
       0
       0
       0
       1
       1
       1
       1
       0
       2
       1
       0
       0
       0
       0
       1
       1
       0
       1
       1
       0
       1
       0
       1
       0
       2
       0
       1
       0
       3
       0
       0
       0
       3
       0
       1
       1
       1
       2
       0
       0
       0
       2
       1
       1
       3
       1
       1
       1
       1
       1
       0
       0
       2
       0
       0
       0
       1
       0
       0
       3
       4
       0
       1
       1
       0
       2
       2
       1
       2
       0
       0
       0
       0
       0
       1
       0
       1
       1
       1
       1
       0
       1
       1
       0
       3
       4
       1
       2
       2
       1
       0
       0
       1
       0
       0
       1
       0
       1
       0
       2
       0
       1
       0
       1
       2
       1
       1
       1
       1
       0
       1
       0
       0
       1
       1
       1
       0
       0
       0
       1
       1
       0
       1
       1
       1
       1
       1
       3
       0
       0
       0
       0
       0
       0
       1
       1
       0
       0
       0
       0
       0
       0
       0
       2
       1
       1
       0
       0
       1
       0
       0
       0
       0
       0
       1
       0
       1
       1
       1
       0
       1
       0
       0
       0
       1
       1
       0
       1
       0
       2
       2
       1
       0
       0
       1
       1
       1
       3
       3
       0
       0
       0
       1
       0
       1
       0
       1
       0
       0
       0
       0
       0
       1
       1
       0
       0
       0
       1
       0
       0
       0
       0
       0
       0
       0
       0
       0
       3
       2
       1
       0
       0
       1
       0
       0
       0
       3
       2
       1
       1
       1
       2
       0
       0
       0
       1
       1
       0
       0
       0
       2
       1
       1
       0
       0
       1
       0
       2
       0
       0
       0
       0
       2
       1
       2
       0
       1
       1
       0
       0
       1
       2
       1
       1
       1
       2
       1
       0
       0
       0
       2
       0
       0
       1
       0
       0
       1
       1
       0
       0
       1
       1
       0
       1
       1
       2
       0
       1
       1
       2
       3
       0
       0
       0
       0
       0
       0
       0
       1
       2
       0
       0
       0
       1
       0
       0
       0
       0
       1
       1
       2
       0
       0
       1
       0
       2
       0
       1
       1
       1
       2
       1
       1
       2
       0
       0
       3
       1
       0
       0
       0
       2
       0
       0
       2
       0
       1
       1
       1
       0
       1
       0
       0
       1
       0
       0
       2
       0
       1
       0
       0
       1
       0
       0
       0
       1
       1
       0
       0
       1
       1
       1
       1
       0
       0
       0
       2
       1
       1
       1
       0
       1
       1
       1
       1
       0
       0
       0
       1
       1
       0
       0
       0
       3
       1
       1
       1
       1
       0
       0
       1
       1
       0
       0
       1
       0
       0
       1
       1
       0
       0
       1
       1
       2
       1
       0
       0
       2
       1
       0
       1
       1
       0
       0
       0
       0
       0
       0
       0
       2
       3
       0
       0
       2
       1
       2
       0
       0
       0
       0
       0
       0
       1
       1
       1
       2
       1
       1
       1
       0
       0
       0
       0
       1
       1
       0
       1
       1
       0
       1
       0
       0
       0
       2
       0
       3
       2
       0
       2
       1
       0
       0
       1
       0
       0
       1
       1
       0
       0
       2
       0
       0
       0
       1
       0
       0
       0
       1
       0
       0
       1
       0
       0
       1
       0
       0
       0
       0
       0
       0
       0
       1
       1
       2
       0
       1
       0
       0
       0
       0
       0
       0
       0
       1
       2
       0
       1
       0
       1
       0
       0
       0
       0
       0
       2
       1
       2
       0
       0
       1
       0
       1
       0
       1
       0
       0
       1
       1
       0
       0
       1
       0
       0
       1
       1
       0
       0
       0
       1
       0
       0
       0
       1
       1
       2
       1
       1
       0
       0
       4
       0
       0
       0
       0
       1
       0
       0
       1
       0
       1
       2
       1
       0
       0
       1
       0
       1
       0
       0
       0
       1
       0
       1
       0
       0
       2
       1
       0
       0
       1
       0
       0
       0
       0
       2
       0
       0
       0
       1
       1
       1
       0
       0
       0
       0
       0
       1
       1
       0
       0
       0
       0
       0
       2
       0
       0
       1
       1
       0
       1
       1
       0
       0
       1
       1
       0
       1
       0
       0
       0
       0
       0
       0
       1
       2
       0
       1
       1
       0
       0
       1
       2
       1
       0
       1
       0
       1
       0
       0
       0
       2
       0
       2
       0
       1
       0
       1
       1
       0
       1
       0
       2
       0
       0
       1
       0
       0
       0
       0
       0
       1
       1
       2
       2
       2
       0
       0
       0
       1
       2
       1
       0
       0
       1
       0
       0
       1
       0
       0
       0
       1
       1
       0
       1
       4
       0
       0
       1
       0
       2
       1
       0
       1
       0
       1
       0
       0
       2
       1
       1
       2
       1
       2
       2
       2
       1
       1
       0
       0
       0
       0
       0
       0
       3
       0
       0
       0
       0
       1
       0
       0
       2
       1
       0
       2
       0
       1
       2
       0
       1
       2
       1
       3
       0
       0
       0
       0
       0
       1
       1
       2
       2
       0
       0
       3
       1
       0
       3
       1
       1
       2
       0
       1
       0
       1
       0
       0
       2
       0
       0
       1
       0
       0
       0
       1
       0
       3
       2
       0
       0
       1
       1
       2
       0
       0
       3
       2
       0
       2
       0
       0
       1
       1
       0
       2
       0
       0
       1
       0
       0
       2
       0
       1
       1
       0
       0
       1
       1
       0
       0
       1
       1
       0
       0
       0
       0
       1
       1
       1
       3
       1
       0
       1
       0
       0
       0
       0
       0
       1
       1
       0
       1
       0
       1
       0
       1
       0
       4
       1
       1
       2
       0
       0
       1
       0
       1
       1
       0
       1
       0
       0
       0
       1
       1
       1
       0
       1
       0
       0
       0
       1
       0
       0
       0
       0
       1
       0
       0
       1
       2
       0
       0
       1
       0
       2
       1
       1
       1
       3
       2
       1
       0
       1
       2
       1
       3
       1
       1
       2
       1
       1
       0
       2
       1
       0
       1
       0
       0
       0
       0
       1
       1
       0
       0
       0
       1
       0
       1
       2
       0
       1
       0
       3
       0
       0
       1
       3
       0
       0
       1
       0
       0
       0
       1
       1
       2
       1
       0
       1
       1
       3
       0
       1
       0
       1
       2
       0
       1
       0
       0
       1
       0
       0
       0
       0
       0
       0
       0
       0
       0
       0
       0
       1
       0
       0
       0
       1
       0
       2
       0
       0
       0
       0
       0
       0
       0
       0
       1
       1
       2
       1
       0
       3
       1
       1
       0
       0
       1
       2
       2
       0
       1
       0
       0
       3
       2
       0
       0
       0
       0
       1
       0
       0
       1
       1
       1
       1
       0
       0
       1
       0
       1
       2
       2
       0
       0
       1
       1
       3
       1
       0
       0
       0
       0
       0
       0
       1
       0
       2
       0
       1
       0
       0
       0
       1
       1
       1
       2
       1
       1
       1
       1
       1
       2
       0
       0
       0
       0
       2
       1
       0
       2
       1
       0
       1
       1
       1
       1
       2
       1
       0
       1
       1
       2
       1
       0
       2
       1
       0
       0
       0
       1
       0
       1
       1
       0
       1
       0
       0
       0
       0
       0
       0
       2
       0
       0
       1
       0
       0
       0
       2
       1
       0
       0
       2
       2
       0
       0
       1
       2
       0
       0
       0
       1
       0
       1
       0
       1
       1
       1
       0
       1
       0
       0
       0
       1
       1
       2
       0
       0
       0
       0
       0
       0
       1
       2
       0
       2
       2
       1
       0
       0
       0
       2
       1
       1
       0
       0
       0
       0
       0
       0
       1
       0
       0
       1
       1
       1
       1
       1
       0
       0
       0
       1
       0
       2
       0
       0
       0
       0
       0
       1
       0
       1
       0
       0
       2
       0
       1
       0
       0
       0
       0
       2
       1
       0
       0
       0
       0
       2
       2
       0
       1
       2
       0
       0
       0
       1
       0
       0
       0
       0
       0
       0
       1
       0
       0
       0
       0
       1
       1
       0
       0
       0
       0
       1
       0
       2
       0
       0
       1
       0
       0
       1
       0
       1
       0
       0
       0
       0
       0
       1
       0
       0
       1
       0
       0
       0
       0
       1
       1
       0
       0
       0
       1
       0
       0
       0
       1
       0
       0
       0
       2
       1
       0
       0
       0
       0
       1
       0
       1
       1
       2
       0
       0
       1
       0
       0
       0
       0
       0
       0
       0
       0
       0
       0
       1
       0
       0
       0
       0
       0
       0
       1
       0
       0
       1
       0
       0
       0
       0
       0
       1
       0
       0
       0
       0
       1
       0
       0
       0
       0
       0
       1
       1
       0
       0
       0
       0
       0
       0
       0
       2
       1
       1
       1
       2
       0
       1
       0
       0
       0
       1
       1
       0
       0
       0
       0
       1
       1
       0
       0
       0
       0
       0
       0
       0
       0
       0
       1
       0
       1
       0
       1
       0
       0
       0
       1
       0
       0
       0
       2
       0
       2
       0
       0
       0
       0
       0
       0
       0
       0
       0
       0
       0
       1
       0
       0
       1
       0
       0
       0
       0
       0
       2
       1
       0
       0
       0
       0
       0
       0
       2
       0
       0
       0
       0
       1
       2
       1
       0
       0
       0
       0
       0
       0
       1
       0
       0
       0
       0
       0
       0
       0
       0
       0
       0
       0
       1
       0
       1
       0
       0
       0
       0
       0
       0
       0
       0
       0
       0
       0
       0
       0
       0
       0
       1
       0
       0
       0
       0
       0
       0
       1
       1
       2
       0
       1
       0
       0
       0
       1
       0
       0
       0
       0
       1
       0
       1
       0
       0
       0
       0
       0
       0
       0
       0
       1
       0
       0
       0
       0
       0
       1
       0
       0
       0
       0
       1
       0
       0
       1
       0
       0
       0
       0
       0
       0
       0
       1
       1
       1
       0
       0
       0
       0
       1
       0
       1
       0
       1
       0
       0
       1
       0
       0
       0
       1
       0
       0
       0
       0
       0
       0
       0
       0
       0
       1
       0
       0
       0
       0
       1
       0
       0
       0
       0
       1
       0
       1
       0
       1
       2
       0
       0
       1
       0
       0
       1
       0
       0
       1
       1
       1
       1
       0
       1
       0
       0
       0
       1
       0
       1
       2
       0
       0
       0
       0
       1
       0
       0
       0
       0
       1
       0
       0
       0
       0
       0
       0
       0
       1
       0
       0
       0
       0
       0
       0
       1
       0
       0
       0
       0
       0
       1
       0
       1
       0
       0
       0
       0
       0
       1
       0
       0
       0
       0
       1
       0
       0
       0
       0
       0
       0
       0
       0
       0
       0
       1
       0
       1
       0
       0
       0
       0
       0
       0
       0
       0
       0
       0
       1
       1
       0
       0
       0
       0
       0
       0
       0
       0
       1
       0
       0
       0
       0
       0
       0
       0
       1
       0
       1
       1
       1
       0
       0
       0
       1
       1
       1
       0
       0
       1
       0
       0
       1
       0
       0
       0
       0
       1
       0
       0
       0
       0
       0
       0
       0
       0
       0
       0
       0
       0
       1
       1
       0
       0
       0
       0
       0
       0
       0
       1
       1
       0
       0
       0
       0
       0
       0
       0
       0
       0
       1
       0
       0
       0
       0
       1
       0
       1
       0
       0
       1
       1
       0
       0
       0
       0
       0
       0
       0
       0
       0
       0
       3
       0
       2
       0
       0
       1
       0
       0
       0
       2
       0
       0
       1
       0
       0
       0
       0
       1
       0
       1
       0
       0
       0
       0
       0
       0
       0
       1
       0
       1
       0
       0
       0
       0
       0
       2
       0
       0
       1
       0
       1
       0
       0
       1
       1
       0
       0
       0
       0
       0
       0
       2
       0
       0
       0
       1
       0
       0
       0
       0
       0
       1
       0
       0
       0
       0
       1
       0
       1
       0
       0
       0
       0
       0
       0
       0
       0
       0
       0
       0
       0
       0
       0
       0
       0
       0
       0
       0
       0
       0
       0
       0
       0
       0
       0
       0
       0
       0
       0
       0
       0
       0
       0
       0
       0
       0
       0
       0
       0
       0
       0
       0
       0
       0
       0
       0
       0
       0
       0
       0
       0
       0
       0
       0
       0
       0
       0
       0
       0
       0
       0
       0
       0
       0
       0
       0
       0
       0
       0
       0
       0
       0
       0
       0
       0
       0
       0
       0
       0
       0
       0
       0
       0
       0
       0
       0
       0
       0
       0
       0
       0
       0
       0
       0
       0
       0
       0
       0
       0
       0
       0
       0
       0
       0
       0
       0
       0
       0
       0
       0
       0
       0
       0
       0
       0
       0
       0
       0
       0
       0
       0
       0
       0
       0
       0
       0
       0
       0
       0
       0
       0
       0
       0
       0
       0
       0
       0
       0
       0
       0
       0
       0
       0
       0
       0
       0
       0
       0
       0
       0
       0
       0
       0
       0
       0
       0
       0
       0
       0
       0
       0
       0
       0
       0
       0
       0
       0
       0
       0
       0
       0
       0
$ROI:
0
$PRESETS:
None
0
0
$ENER_FIT:
-0.946274 0.242428
$MCA_CAL:
3
-9.462742E-001 2.424276E-001 -2.056130E-007 keV
$SHAPE_CAL:
3
4.142836E+001 -1.952030E-002 2.453628E-006
