$SPEC_ID:
No sample description was entered.
$SPEC_REM:
DET# 3
DETDESC# PCKP27 MCB 129
AP# Maestro Version 7.01
$DATE_MEA:
05/13/2019 14:36:06
$MEAS_TIM:
522 536
$DATA:
0 8191
       0
       0
       0
       0
       0
       0
       0
       0
       0
       0
       0
       0
       0
       0
       0
       0
       0
       0
       0
       0
       0
       0
       0
       0
       0
       0
       0
       0
       0
       0
       0
       0
       0
       0
       0
       0
       0
       0
       0
       0
       0
       0
       0
       0
       0
       0
       0
       0
       0
       0
       0
       0
       0
       0
       0
       0
       0
       0
       0
       0
       0
       0
       0
       0
       0
       0
       0
       0
       0
       0
       0
       0
       0
       0
       0
       0
       0
       0
       0
       0
       0
       0
       0
       0
       0
       0
       0
       0
       0
       0
       0
       0
       0
       0
      35
     368
     514
     533
     494
     477
     526
     479
     484
     490
     478
     471
     504
     459
     474
     467
     485
     472
     491
     498
     464
     444
     506
     452
     465
     477
     444
     421
     432
     433
     457
     469
     469
     441
     434
     444
     418
     416
     462
     444
     415
     404
     443
     427
     445
     450
     431
     425
     418
     412
     466
     413
     404
     407
     435
     412
     427
     395
     443
     439
     462
     424
     394
     411
     421
     398
     406
     427
     397
     401
     400
     404
     401
     372
     417
     412
     392
     416
     371
     376
     429
     376
     400
     397
     407
     400
     401
     371
     379
     355
     392
     363
     362
     381
     422
     374
     409
     379
     372
     386
     361
     343
     406
     411
     377
     394
     372
     397
     407
     387
     390
     363
     373
     349
     344
     413
     350
     334
     416
     360
     387
     356
     327
     382
     363
     356
     365
     386
     365
     386
     359
     346
     355
     339
     349
     357
     355
     366
     356
     356
     344
     359
     344
     331
     364
     342
     337
     360
     342
     348
     365
     342
     344
     340
     352
     356
     318
     374
     379
     359
     333
     394
     349
     359
     306
     351
     358
     365
     382
     329
     360
     327
     348
     303
     364
     348
     339
     337
     340
     332
     352
     339
     330
     318
     351
     312
     323
     323
     310
     332
     321
     341
     326
     346
     301
     376
     323
     331
     363
     321
     330
     326
     340
     349
     309
     314
     313
     353
     318
     324
     340
     326
     346
     328
     313
     324
     321
     325
     339
     324
     318
     405
     315
     326
     332
     336
     314
     330
     330
     315
     318
     349
     333
     298
     386
     346
     339
     311
     341
     360
     338
     311
     294
     342
     312
     336
     306
     344
     351
     325
     345
     322
     327
     308
     343
     307
     342
     321
     331
     318
     337
     330
     308
     307
     335
     306
     340
     328
     295
     323
     348
     318
     331
     304
     333
     311
     319
     317
     339
     320
     348
     334
     318
     308
     319
     318
     312
     299
     331
     318
     317
     287
     319
     288
     288
     319
     298
     303
     303
     330
     336
     309
     334
     319
     284
     335
     315
     319
     317
     301
     314
     322
     287
     312
     322
     306
     301
     281
     327
     322
     331
     339
     322
     350
     320
     323
     323
     319
     327
     350
     300
     331
     279
     319
     314
     357
     336
     344
     360
     378
     368
     324
     317
     354
     348
     334
     300
     304
     319
     290
     337
     340
     315
     297
     325
     327
     312
     311
     282
     342
     279
     318
     345
     325
     291
     323
     328
     299
     299
     312
     310
     308
     286
     309
     303
     318
     319
     337
     297
     315
     319
     321
     359
     323
     295
     311
     304
     309
     332
     346
     303
     323
     334
     325
     338
     349
     338
     365
     336
     334
     315
     329
     298
     331
     332
     323
     365
     315
     322
     319
     321
     314
     337
     326
     285
     317
     301
     329
     309
     309
     318
     316
     328
     322
     330
     310
     316
     296
     300
     310
     319
     321
     294
     345
     330
     351
     319
     327
     316
     321
     308
     257
     287
     335
     325
     298
     320
     295
     339
     319
     275
     313
     309
     315
     320
     334
     323
     308
     301
     305
     325
     285
     333
     321
     306
     311
     327
     305
     355
     309
     346
     346
     321
     342
     345
     302
     332
     282
     326
     318
     299
     338
     286
     278
     339
     308
     344
     299
     305
     341
     322
     293
     311
     321
     320
     318
     338
     309
     321
     302
     321
     322
     328
     337
     305
     327
     295
     350
     313
     323
     331
     322
     309
     306
     345
     338
     354
     322
     308
     320
     306
     319
     294
     320
     301
     332
     332
     319
     302
     321
     290
     327
     310
     362
     327
     337
     340
     320
     303
     339
     368
     333
     313
     331
     350
     274
     339
     318
     327
     331
     321
     362
     361
     336
     321
     361
     314
     319
     337
     335
     323
     319
     316
     361
     335
     356
     354
     339
     350
     329
     338
     332
     347
     318
     323
     318
     316
     378
     336
     299
     341
     334
     360
     328
     326
     374
     344
     354
     331
     376
     328
     328
     346
     320
     328
     324
     362
     348
     337
     336
     334
     359
     367
     352
     332
     325
     329
     342
     299
     356
     320
     361
     373
     337
     355
     336
     341
     321
     337
     356
     380
     344
     342
     348
     400
     360
     335
     346
     333
     325
     375
     350
     303
     349
     379
     331
     338
     323
     355
     354
     329
     369
     358
     328
     341
     352
     350
     376
     325
     312
     339
     328
     341
     357
     333
     352
     320
     363
     304
     316
     331
     350
     358
     337
     323
     341
     324
     339
     364
     341
     382
     320
     359
     340
     336
     314
     362
     328
     330
     364
     316
     328
     343
     336
     313
     390
     352
     314
     337
     315
     368
     331
     320
     326
     343
     350
     363
     349
     311
     316
     327
     339
     354
     351
     359
     333
     318
     344
     326
     326
     350
     339
     337
     374
     363
     361
     347
     371
     336
     342
     352
     353
     363
     334
     358
     327
     341
     369
     360
     335
     356
     342
     323
     390
     352
     326
     326
     399
     323
     357
     319
     314
     345
     309
     341
     363
     345
     339
     345
     319
     357
     341
     344
     358
     348
     367
     349
     379
     353
     357
     343
     358
     356
     367
     381
     353
     344
     337
     370
     345
     365
     382
     359
     360
     350
     333
     352
     341
     359
     365
     378
     368
     362
     350
     364
     366
     324
     345
     359
     357
     403
     324
     371
     363
     374
     346
     328
     344
     342
     381
     357
     358
     371
     364
     384
     373
     335
     341
     376
     342
     337
     334
     343
     338
     388
     340
     374
     386
     378
     380
     354
     384
     344
     373
     336
     369
     375
     383
     360
     349
     355
     355
     346
     361
     366
     374
     342
     341
     372
     357
     355
     374
     372
     336
     351
     338
     375
     389
     378
     353
     349
     402
     373
     386
     322
     361
     345
     372
     376
     357
     332
     409
     368
     386
     356
     381
     362
     376
     360
     370
     377
     361
     357
     374
     357
     385
     373
     353
     416
     383
     370
     368
     379
     373
     388
     374
     352
     386
     389
     386
     371
     352
     372
     355
     387
     370
     414
     355
     357
     391
     367
     379
     390
     395
     370
     350
     379
     390
     379
     426
     396
     402
     356
     396
     404
     368
     357
     396
     377
     396
     373
     416
     429
     373
     410
     385
     375
     365
     374
     425
     380
     375
     434
     376
     415
     385
     335
     398
     401
     411
     444
     425
     438
     364
     397
     459
     400
     386
     366
     433
     415
     400
     410
     428
     437
     443
     378
     403
     447
     462
     419
     428
     459
     425
     470
     480
     533
     455
     499
     466
     511
     493
     526
     564
     555
     515
     540
     563
     560
     551
     523
     552
     559
     575
     540
     569
     572
     550
     551
     536
     532
     565
     571
     616
     565
     584
     537
     576
     533
     578
     522
     561
     528
     605
     587
     567
     550
     581
     506
     529
     599
     535
     510
     550
     533
     485
     482
     533
     483
     520
     502
     493
     545
     480
     578
     521
     482
     485
     532
     521
     536
     503
     503
     538
     535
     487
     519
     470
     471
     520
     551
     525
     516
     506
     491
     518
     491
     489
     530
     499
     558
     478
     504
     521
     503
     489
     526
     472
     544
     477
     490
     470
     464
     494
     537
     498
     471
     495
     441
     479
     508
     492
     503
     463
     467
     461
     473
     438
     448
     501
     501
     479
     446
     453
     485
     448
     472
     481
     471
     462
     472
     478
     473
     456
     472
     466
     460
     485
     448
     454
     457
     447
     458
     463
     447
     462
     454
     455
     436
     390
     466
     444
     436
     433
     437
     440
     460
     450
     433
     411
     444
     384
     365
     428
     423
     415
     460
     405
     411
     410
     404
     402
     375
     362
     430
     389
     387
     403
     396
     361
     365
     381
     400
     382
     365
     374
     375
     364
     379
     376
     382
     357
     388
     381
     355
     354
     306
     331
     341
     318
     376
     331
     393
     350
     319
     343
     341
     330
     333
     327
     375
     331
     329
     317
     356
     320
     294
     339
     303
     334
     324
     356
     340
     358
     314
     316
     343
     324
     304
     345
     303
     296
     332
     338
     304
     313
     344
     323
     285
     338
     320
     325
     346
     338
     313
     310
     307
     295
     348
     302
     293
     282
     270
     307
     330
     334
     316
     325
     296
     299
     307
     274
     298
     302
     320
     299
     294
     261
     288
     287
     334
     282
     289
     336
     305
     309
     302
     302
     295
     302
     304
     316
     293
     337
     290
     305
     274
     310
     310
     305
     293
     289
     282
     312
     324
     287
     288
     283
     281
     275
     310
     254
     286
     315
     282
     284
     257
     325
     307
     288
     272
     302
     279
     260
     264
     257
     291
     297
     267
     288
     307
     314
     287
     310
     272
     281
     301
     298
     294
     277
     306
     306
     259
     279
     278
     286
     271
     265
     311
     301
     280
     269
     297
     292
     287
     287
     290
     272
     288
     266
     290
     298
     287
     254
     296
     308
     295
     263
     250
     275
     287
     286
     270
     309
     294
     287
     264
     283
     268
     265
     286
     250
     260
     256
     316
     271
     266
     245
     299
     272
     255
     262
     282
     272
     252
     284
     261
     283
     239
     279
     272
     257
     254
     257
     266
     250
     255
     274
     280
     280
     273
     278
     263
     260
     284
     296
     260
     265
     263
     268
     254
     280
     238
     260
     260
     256
     304
     249
     252
     257
     267
     271
     276
     265
     257
     258
     266
     294
     272
     255
     292
     240
     267
     240
     258
     263
     244
     272
     233
     274
     281
     291
     269
     275
     261
     247
     292
     282
     259
     260
     279
     258
     247
     253
     250
     257
     266
     266
     242
     263
     262
     278
     275
     276
     257
     285
     276
     277
     262
     265
     255
     290
     263
     283
     254
     259
     252
     274
     273
     278
     261
     244
     292
     266
     267
     254
     243
     269
     257
     280
     286
     269
     246
     245
     281
     265
     255
     243
     269
     266
     261
     229
     262
     272
     243
     260
     252
     271
     251
     242
     275
     252
     257
     248
     259
     268
     267
     257
     248
     250
     264
     266
     286
     267
     250
     226
     237
     258
     281
     266
     260
     259
     246
     250
     262
     268
     267
     256
     251
     255
     263
     275
     269
     239
     232
     251
     263
     237
     286
     249
     253
     248
     244
     260
     251
     233
     248
     299
     277
     225
     267
     245
     260
     262
     248
     301
     235
     235
     239
     242
     263
     273
     273
     231
     255
     254
     288
     252
     255
     253
     269
     214
     271
     262
     261
     247
     257
     259
     276
     255
     265
     240
     239
     257
     258
     232
     244
     273
     264
     239
     249
     233
     255
     263
     250
     239
     261
     265
     237
     269
     281
     270
     246
     257
     248
     213
     240
     263
     218
     247
     246
     252
     238
     237
     221
     248
     241
     262
     265
     236
     243
     250
     268
     285
     245
     263
     266
     259
     239
     254
     246
     282
     258
     248
     247
     239
     259
     262
     241
     255
     285
     242
     271
     255
     262
     267
     249
     230
     252
     257
     253
     227
     260
     265
     267
     266
     243
     215
     221
     239
     251
     248
     262
     244
     241
     261
     274
     227
     239
     245
     250
     241
     266
     260
     254
     280
     227
     250
     244
     258
     242
     260
     256
     258
     219
     240
     260
     214
     290
     258
     249
     266
     270
     249
     223
     231
     252
     258
     275
     238
     249
     240
     272
     210
     263
     251
     250
     239
     243
     254
     260
     274
     252
     244
     241
     243
     219
     236
     215
     251
     247
     254
     217
     250
     254
     209
     261
     268
     251
     221
     212
     240
     231
     243
     206
     261
     227
     228
     253
     241
     260
     235
     256
     238
     248
     277
     231
     245
     254
     230
     249
     269
     252
     290
     253
     235
     251
     236
     243
     266
     244
     227
     268
     216
     243
     229
     255
     278
     268
     241
     270
     251
     249
     250
     241
     254
     246
     243
     275
     250
     244
     231
     231
     252
     235
     239
     258
     244
     240
     247
     212
     214
     266
     230
     241
     231
     247
     287
     224
     249
     237
     230
     257
     239
     254
     247
     258
     227
     220
     246
     226
     244
     257
     217
     239
     232
     240
     273
     264
     232
     234
     237
     254
     237
     246
     262
     249
     223
     257
     243
     269
     249
     266
     210
     268
     234
     246
     272
     237
     248
     264
     234
     262
     246
     255
     252
     253
     247
     224
     240
     249
     247
     240
     219
     239
     231
     251
     238
     223
     255
     212
     273
     239
     234
     247
     226
     235
     241
     252
     259
     230
     249
     232
     257
     233
     240
     234
     226
     231
     247
     241
     243
     227
     222
     229
     265
     241
     227
     273
     234
     254
     250
     217
     219
     243
     241
     227
     261
     231
     262
     241
     236
     253
     250
     258
     241
     251
     239
     271
     239
     239
     259
     252
     225
     230
     232
     240
     258
     273
     258
     214
     252
     228
     244
     269
     225
     272
     255
     234
     236
     230
     261
     227
     242
     244
     240
     242
     273
     236
     248
     250
     232
     288
     236
     252
     263
     237
     241
     245
     236
     237
     265
     248
     226
     260
     234
     248
     262
     256
     252
     243
     255
     256
     212
     244
     250
     235
     250
     256
     247
     258
     256
     244
     234
     260
     255
     227
     225
     264
     258
     249
     260
     266
     251
     228
     229
     233
     245
     286
     239
     260
     245
     222
     258
     250
     249
     259
     234
     256
     231
     252
     256
     238
     266
     245
     232
     261
     233
     241
     260
     265
     247
     258
     275
     254
     253
     243
     244
     247
     252
     235
     236
     244
     228
     293
     250
     244
     243
     257
     218
     236
     239
     255
     258
     244
     242
     256
     293
     242
     240
     231
     237
     246
     257
     243
     241
     250
     256
     244
     233
     233
     250
     241
     228
     253
     244
     233
     237
     220
     241
     249
     211
     256
     230
     239
     214
     258
     235
     226
     271
     250
     241
     274
     240
     257
     245
     251
     233
     271
     264
     257
     240
     254
     257
     232
     264
     262
     261
     229
     257
     258
     238
     277
     244
     216
     232
     254
     235
     265
     268
     217
     259
     243
     256
     260
     229
     248
     230
     233
     251
     248
     229
     262
     225
     249
     244
     239
     235
     256
     266
     267
     266
     261
     245
     250
     228
     233
     259
     262
     262
     238
     264
     261
     265
     276
     258
     251
     237
     231
     259
     241
     252
     251
     254
     227
     244
     240
     262
     242
     262
     267
     242
     230
     226
     264
     289
     259
     243
     254
     289
     295
     258
     245
     257
     237
     268
     250
     263
     256
     269
     251
     256
     254
     255
     235
     256
     272
     246
     268
     226
     267
     260
     231
     249
     280
     240
     284
     251
     251
     272
     237
     266
     264
     233
     259
     290
     265
     251
     266
     242
     269
     256
     289
     263
     286
     250
     279
     238
     278
     246
     264
     254
     257
     279
     252
     247
     264
     265
     255
     253
     254
     262
     254
     257
     277
     271
     265
     283
     269
     252
     233
     268
     278
     248
     285
     269
     256
     234
     266
     253
     218
     252
     245
     264
     267
     242
     266
     270
     259
     300
     254
     279
     280
     249
     261
     265
     286
     231
     278
     246
     299
     282
     288
     268
     253
     243
     267
     260
     245
     259
     313
     243
     244
     303
     267
     263
     253
     228
     269
     316
     277
     264
     248
     280
     254
     263
     291
     281
     284
     283
     255
     277
     290
     245
     278
     292
     273
     269
     283
     295
     262
     286
     276
     296
     256
     266
     270
     253
     263
     271
     268
     268
     277
     263
     278
     265
     277
     266
     285
     254
     275
     264
     304
     262
     282
     279
     300
     275
     294
     311
     261
     279
     274
     283
     283
     302
     251
     287
     277
     285
     275
     262
     268
     303
     274
     296
     281
     287
     273
     273
     275
     279
     266
     297
     262
     283
     278
     287
     283
     273
     267
     256
     303
     295
     295
     297
     278
     291
     298
     281
     272
     302
     294
     288
     265
     317
     313
     266
     264
     303
     301
     262
     289
     296
     264
     280
     266
     335
     304
     252
     298
     306
     288
     271
     274
     278
     304
     335
     269
     300
     324
     305
     289
     269
     298
     265
     309
     298
     276
     295
     285
     277
     288
     294
     279
     287
     287
     283
     318
     293
     284
     291
     269
     311
     274
     297
     299
     278
     333
     298
     308
     282
     331
     306
     280
     301
     291
     297
     293
     310
     303
     294
     289
     311
     342
     311
     310
     291
     303
     316
     320
     327
     300
     310
     307
     315
     276
     297
     325
     299
     301
     291
     298
     289
     318
     322
     329
     341
     275
     276
     330
     278
     263
     321
     318
     293
     274
     328
     304
     308
     327
     334
     317
     272
     343
     323
     266
     302
     313
     301
     330
     290
     315
     312
     341
     279
     320
     325
     300
     324
     334
     315
     330
     303
     337
     339
     304
     308
     309
     335
     337
     299
     295
     317
     325
     331
     324
     333
     320
     306
     355
     341
     320
     330
     316
     315
     356
     332
     327
     347
     341
     333
     316
     333
     323
     320
     358
     330
     369
     317
     321
     331
     345
     322
     291
     361
     344
     360
     330
     321
     313
     324
     359
     348
     341
     320
     350
     309
     312
     342
     316
     347
     343
     342
     327
     327
     332
     328
     347
     332
     324
     355
     307
     295
     323
     337
     313
     318
     338
     351
     367
     349
     323
     356
     361
     346
     356
     322
     328
     330
     319
     326
     346
     363
     357
     353
     323
     369
     324
     340
     349
     304
     373
     311
     356
     316
     326
     323
     316
     324
     314
     327
     308
     346
     345
     341
     333
     336
     345
     343
     313
     337
     330
     308
     310
     340
     334
     314
     331
     346
     336
     338
     326
     330
     346
     314
     328
     311
     356
     328
     362
     338
     381
     313
     339
     316
     333
     318
     347
     326
     306
     349
     331
     323
     346
     325
     328
     343
     340
     321
     309
     312
     355
     319
     318
     338
     315
     352
     340
     296
     326
     319
     310
     342
     351
     328
     314
     283
     324
     333
     298
     306
     299
     329
     303
     299
     306
     272
     272
     283
     279
     285
     301
     271
     305
     328
     272
     276
     259
     250
     273
     283
     276
     248
     256
     217
     231
     242
     256
     235
     227
     239
     231
     217
     261
     220
     230
     224
     215
     222
     246
     225
     217
     206
     225
     204
     203
     191
     190
     209
     217
     205
     200
     227
     187
     202
     184
     215
     202
     204
     179
     176
     176
     184
     200
     196
     171
     178
     219
     185
     196
     186
     182
     182
     191
     160
     168
     189
     194
     196
     203
     161
     189
     160
     189
     187
     184
     182
     185
     173
     181
     183
     169
     169
     177
     177
     182
     185
     184
     171
     180
     181
     171
     179
     161
     176
     172
     167
     181
     171
     166
     184
     165
     154
     156
     162
     186
     156
     170
     162
     166
     156
     174
     167
     177
     163
     156
     187
     151
     154
     155
     164
     172
     179
     179
     165
     172
     154
     159
     163
     152
     170
     144
     186
     157
     142
     136
     165
     161
     149
     152
     147
     140
     140
     138
     155
     159
     144
     180
     142
     140
     163
     159
     155
     139
     147
     131
     163
     147
     138
     149
     145
     151
     141
     154
     118
     137
     144
     138
     130
     140
     152
     167
     153
     161
     167
     146
     142
     139
     148
     147
     140
     158
     149
     147
     150
     118
     139
     136
     144
     127
     155
     154
     144
     151
     122
     150
     130
     136
     146
     129
     123
     134
     127
     141
     155
     129
     122
     125
     135
     142
     149
     123
     121
     126
     136
     138
     119
     131
     126
     126
     138
     133
     146
     139
     148
     127
     123
     140
     143
     145
     148
     116
     122
     128
     119
     116
     123
     109
     124
     109
     132
     129
     131
     139
     128
     135
     136
     109
     126
     126
     140
     122
     130
     125
     130
     122
     126
     119
     113
     122
     123
     101
     121
     112
     124
     129
     113
      96
     127
     117
     114
     108
     107
     124
     121
     125
     109
     109
     104
     100
     107
     102
     107
     109
     136
     100
     115
     107
     109
      99
     104
     114
      99
     109
     123
      87
     108
      92
      94
      95
     118
      86
     102
     107
      99
      79
     104
     117
     106
      97
     111
     108
      90
     104
     101
     107
     116
     102
     100
      86
      97
      82
     104
      98
      89
      93
      96
      95
     106
      91
      97
      91
      81
      91
     101
      96
     110
      91
      94
     113
      81
     101
      93
      90
      90
      95
      91
      97
      94
      88
      83
      77
      88
      99
      96
      97
      89
      83
      85
      95
      87
      91
      84
     110
      95
      67
      73
      80
      94
     102
      92
      91
      84
      80
      72
      84
      78
     104
      87
      82
      81
      84
      93
      82
      70
      71
      81
      71
      85
      65
      79
      74
      78
      82
      78
      84
      78
      80
      83
      75
      79
      87
      55
      73
      71
      92
      81
      91
      74
      67
      73
      81
      84
      82
      75
      85
      82
      80
      69
      66
      78
      70
      88
      83
      72
      86
      81
      80
      84
      76
      59
      73
      67
      77
      68
      60
      66
      72
      79
      73
      79
      70
      75
      81
      77
      60
      71
      59
      71
      52
      74
      75
      62
      70
      72
      61
      65
      61
      58
      81
      64
      61
      53
      69
      70
      72
      72
      60
      69
      78
      69
      61
      45
      55
      69
      72
      61
      58
      53
      62
      50
      65
      55
      71
      61
      58
      58
      65
      70
      53
      59
      60
      59
      62
      69
      74
      63
      60
      65
      67
      51
      73
      54
      55
      57
      67
      65
      57
      62
      48
      67
      54
      55
      57
      56
      56
      57
      54
      60
      58
      56
      58
      57
      58
      52
      54
      52
      82
      61
      56
      67
      63
      58
      51
      61
      53
      60
      54
      62
      41
      54
      60
      50
      61
      58
      62
      64
      70
      58
      59
      59
      62
      49
      60
      61
      45
      61
      57
      55
      51
      59
      59
      43
      49
      58
      57
      45
      57
      44
      54
      61
      51
      59
      54
      63
      69
      58
      55
      79
      48
      53
      47
      57
      55
      72
      62
      62
      57
      58
      56
      57
      62
      51
      77
      57
      54
      53
      56
      56
      62
      54
      49
      61
      43
      47
      49
      46
      53
      42
      40
      54
      57
      54
      58
      51
      52
      66
      66
      51
      49
      72
      54
      58
      61
      58
      43
      65
      56
      59
      51
      51
      54
      56
      45
      57
      57
      56
      61
      54
      67
      55
      52
      51
      45
      51
      52
      68
      44
      53
      46
      69
      42
      36
      49
      58
      55
      55
      44
      71
      52
      67
      69
      49
      42
      55
      48
      39
      53
      33
      53
      67
      50
      59
      56
      49
      51
      61
      57
      42
      62
      56
      41
      45
      49
      46
      46
      52
      44
      53
      45
      54
      50
      58
      49
      37
      63
      54
      30
      63
      34
      42
      49
      43
      53
      52
      53
      53
      56
      40
      54
      47
      51
      36
      55
      51
      54
      41
      48
      52
      43
      52
      38
      44
      55
      59
      53
      55
      45
      46
      42
      40
      50
      50
      54
      52
      59
      69
      54
      43
      40
      39
      39
      35
      43
      40
      47
      52
      53
      61
      52
      47
      54
      44
      50
      48
      48
      52
      56
      48
      44
      44
      50
      53
      56
      56
      61
      63
      45
      47
      56
      50
      50
      45
      56
      55
      40
      50
      48
      52
      46
      52
      48
      52
      56
      62
      46
      46
      42
      55
      41
      56
      39
      58
      51
      30
      50
      47
      53
      43
      49
      32
      42
      44
      39
      38
      45
      54
      45
      44
      59
      49
      38
      56
      63
      58
      43
      40
      42
      38
      61
      38
      43
      45
      39
      48
      45
      47
      58
      52
      35
      45
      48
      46
      41
      47
      43
      52
      33
      41
      43
      43
      49
      33
      52
      40
      45
      48
      40
      45
      47
      36
      42
      42
      33
      55
      59
      55
      47
      45
      48
      39
      33
      41
      39
      52
      42
      57
      37
      46
      57
      41
      59
      45
      33
      38
      55
      49
      39
      44
      49
      49
      35
      50
      40
      38
      45
      49
      46
      45
      39
      48
      48
      41
      44
      50
      49
      47
      41
      46
      43
      37
      40
      44
      48
      46
      43
      41
      35
      48
      52
      53
      36
      47
      47
      60
      45
      45
      45
      42
      49
      51
      49
      44
      42
      36
      31
      44
      49
      41
      49
      44
      51
      54
      55
      64
      38
      55
      51
      49
      56
      48
      52
      45
      49
      44
      54
      42
      42
      38
      45
      42
      27
      43
      45
      50
      37
      51
      54
      46
      35
      57
      41
      41
      52
      38
      55
      51
      47
      53
      44
      59
      49
      54
      45
      41
      49
      36
      47
      33
      45
      48
      48
      34
      56
      44
      49
      47
      43
      35
      34
      45
      41
      50
      50
      48
      50
      50
      57
      53
      42
      46
      45
      33
      40
      43
      52
      38
      49
      44
      43
      51
      35
      49
      42
      38
      42
      44
      50
      39
      44
      46
      41
      43
      49
      41
      52
      38
      51
      31
      48
      41
      46
      46
      45
      39
      41
      46
      68
      48
      65
      48
      47
      50
      36
      44
      44
      39
      59
      57
      58
      54
      46
      60
      64
      65
      62
      74
      88
     112
     157
     222
     422
     725
    1306
    2308
    3814
    6207
    8893
   12171
   15513
   17958
   19584
   19735
   18004
   15206
   11846
    8411
    5917
    3633
    2130
    1220
     740
     486
     366
     279
     213
     186
     177
     142
     130
     107
      68
      56
      29
      42
      27
      19
      17
      21
      14
       9
      16
      16
      13
      18
       7
       7
       6
      14
      11
      10
      11
       8
      10
      10
      11
       7
       4
       9
      10
      10
       4
      16
      10
       4
       6
       8
       9
       8
       6
       9
      10
      10
       6
       7
       5
       6
       9
       8
       6
       7
       7
       8
      10
       6
       5
       3
       4
       7
       7
       7
       4
       8
       7
       5
       6
       6
       5
       2
       7
       4
       9
       7
       5
       8
       4
       6
       3
       5
       8
       4
       6
       4
       6
       6
       5
       8
       9
       8
       4
       6
       3
       4
       6
       2
       6
       7
       5
       5
       4
       4
       4
       4
      10
       9
       3
       4
       3
       5
       6
      10
       6
       3
       3
       5
       4
       4
       1
       4
       5
       3
       6
       6
       5
       1
       4
       8
       5
       3
       5
       5
       1
       6
       8
       1
       6
       7
       4
       7
       9
       4
       6
       5
       3
       7
       7
       1
       6
       6
       4
       9
       5
       1
       8
       4
       8
       2
       7
       6
       5
       4
       4
       3
       9
       5
       1
       4
       8
       2
       6
       2
       6
       3
       6
       6
       3
       8
       3
       6
       4
       1
       2
       6
       6
       6
       3
       4
       1
       0
       6
       3
       1
       3
       2
       8
       6
       8
       7
       2
       4
       4
       2
       6
       2
       6
       3
       2
       3
       1
       2
       7
       4
       4
       2
       4
       3
       6
       0
       2
       5
       2
       3
       7
       4
       4
       6
       3
       4
       4
       2
       7
       4
       3
       5
       3
       8
       3
       4
       8
       3
       5
       1
       5
       6
       7
       1
       2
       3
       2
       3
       3
       3
       3
       7
       3
       4
       2
       4
       3
       2
       2
       4
       2
       6
       6
       5
       1
       1
       4
       4
       4
       4
       4
       3
       4
       2
       3
       5
       0
       0
       1
       2
       5
       1
       4
       4
       1
       1
       4
       3
       3
       4
       4
       9
       4
       3
       4
       2
       4
       3
       1
       2
       0
       4
       6
       2
       1
       1
       4
       5
       3
       1
       2
       6
       1
       5
       3
       7
       2
       5
       5
       3
       4
       4
       2
       2
       5
       4
       2
       4
       4
       4
       2
       1
       2
       5
       4
       3
       4
       2
       7
       1
       3
       6
       1
       6
       3
       4
       2
       1
       4
       5
       3
       3
       4
       4
       1
       3
       5
       3
       3
       4
       5
       3
       3
       1
       4
       1
       5
       2
       1
       4
       3
       6
       3
       2
       2
       4
       2
       2
       5
       2
       6
       4
       6
       3
       7
       3
       2
       1
       4
       3
       5
       5
       8
       4
       2
       2
       5
       3
       4
       2
       6
       3
       7
       1
       2
       4
       3
       6
       2
       3
       3
       3
       1
       4
       4
       0
       2
       5
       4
       4
       3
       4
       3
       3
       4
       1
       1
       1
       3
       4
       1
       5
       1
       1
       4
       1
       4
       2
       2
       3
       3
       3
       3
       3
       2
       1
       2
       2
       2
       3
       5
       0
       4
       3
       5
       2
       5
       5
       3
       2
       1
       1
       4
       2
       5
       6
       2
       3
       5
       1
       5
       4
       4
       3
       3
       3
       2
       3
       1
       7
       4
       5
       2
       1
       2
       5
       2
       3
       1
       2
       2
       2
       5
       2
       4
       5
       3
       7
       8
       4
       1
       2
       5
       7
       3
       2
       1
       2
       4
       3
       3
       6
       2
       3
       1
       5
       2
       6
       4
       4
       3
       1
       2
       4
       3
       2
       4
       2
       3
       4
       6
       4
       4
       2
       5
       2
       2
       4
       5
       3
       2
       1
       5
       2
       0
       2
       6
       4
       2
       0
       5
       3
       5
       1
       3
       5
       3
       6
       2
       2
       2
       2
       4
       5
       4
       2
       5
       4
       1
       3
       6
       2
       5
       2
       2
       3
       1
       2
       1
       3
       0
       3
       0
       3
       2
       2
       3
       6
       2
       2
       1
       4
       2
       2
       0
       7
       4
       9
       1
       3
       6
       5
       2
       1
       7
       4
       1
       4
       3
       0
       3
       3
       2
       1
       1
       4
       3
       3
       3
       1
       1
       0
       3
       2
       1
       2
       3
       6
       7
       3
       2
       2
       1
       1
       3
       2
       3
       3
       2
       2
       1
       3
       5
       1
       1
       4
       0
       0
       2
       2
       0
       4
       5
       3
       2
       2
       2
       1
       2
       7
       0
       2
       1
       4
       2
       2
       1
       2
       1
       3
       0
       5
       3
       4
       5
       0
       4
       2
       2
       5
       2
       0
       1
       1
       6
       1
       4
       2
       0
       2
       3
       2
       3
       6
       1
       2
       4
       2
       2
       6
       2
       5
       3
       3
       4
       4
       3
       1
       0
       2
       3
       3
       1
       1
       1
       1
       4
       3
       3
       3
       1
       3
       2
       1
       1
       4
       3
       2
       4
       3
       2
       0
       2
       5
       2
       1
       1
       2
       0
       4
       3
       3
       2
       1
       4
       0
       2
       3
       3
       3
       6
       3
       1
       2
       2
       4
       3
       2
       4
       2
       1
       1
       4
       3
       2
       1
       4
       2
       2
       1
       3
       2
       5
       0
       3
       1
       2
       1
       4
       4
       1
       1
       0
       3
       2
       3
       2
       1
       1
       2
       5
       0
       0
       3
       3
       7
       2
       0
       2
       2
       3
       2
       1
       1
       3
       1
       0
       3
       3
       5
       6
       3
       0
       6
       2
       3
       3
       2
       2
       3
       4
       3
       3
       1
       3
       2
       4
       2
       0
       2
       4
       3
       0
       2
       1
       3
       4
       4
       4
       1
       3
       2
       2
       2
       3
       3
       6
       5
       2
       1
       1
       3
       4
       4
       4
       4
       2
       0
       3
       1
       4
       3
       3
       1
       1
       4
       1
       3
       1
       4
       2
       1
       2
       2
       6
       5
       0
       1
       3
       1
       0
       1
       2
       1
       2
       3
       2
       5
       1
       4
       2
       0
       2
       5
       0
       0
       0
       1
       1
       2
       4
       3
       2
       2
       3
       4
       1
       2
       3
       3
       1
       2
       0
       2
       7
       2
       1
       3
       2
       0
       3
       4
       3
       4
       2
       3
       0
       0
       3
       4
       1
       0
       0
       2
       4
       0
       3
       1
       4
       1
       3
       1
       2
       2
       3
       3
       1
       2
       0
       2
       1
       3
       1
       6
       1
       1
       1
       0
       6
       3
       6
       2
       1
       0
       5
       2
       3
       3
       2
       1
       0
       2
       1
       3
       2
       2
       1
       1
       2
       0
       6
       1
       1
       3
       3
       3
       5
       3
       1
       3
       3
       0
       2
       1
       1
       3
       0
       2
       2
       2
       1
       0
       4
       2
       4
       2
       2
       1
       2
       2
       2
       3
       0
       1
       2
       2
       4
       7
       5
       4
       6
       3
       3
       2
       1
       3
       0
       2
       4
       2
       0
       1
       1
       2
       0
       2
       1
       2
       1
       1
       5
       2
       2
       1
       3
       5
       2
       0
       2
       1
       2
       3
       0
       3
       1
       2
       4
       2
       2
       1
       2
       1
       1
       5
       2
       0
       7
       2
       3
       0
       5
       1
       4
       2
       1
       4
       1
       0
       0
       0
       0
       3
       1
       1
       1
       1
       0
       0
       1
       2
       4
       3
       1
       2
       3
       2
       4
       2
       0
       0
       2
       0
       4
       0
       0
       2
       1
       0
       0
       1
       2
       3
       3
       1
       0
       4
       4
       3
       2
       2
       1
       1
       3
       1
       1
       2
       3
       3
       2
       1
       2
       2
       0
       4
       1
       4
       4
       3
       1
       0
       0
       1
       3
       4
       2
       2
       2
       1
       2
       2
       4
       3
       5
       4
       4
       1
       1
       2
       2
       1
       2
       0
       2
       4
       1
       2
       3
       1
       0
       1
       4
       1
       0
       1
       2
       0
       2
       0
       1
       2
       2
       0
       2
       4
       1
       2
       1
       2
       1
       2
       2
       1
       1
       1
       2
       2
       1
       1
       0
       2
       4
       5
       2
       2
       2
       3
       0
       3
       5
       2
       3
       1
       2
       3
       3
       3
       1
       2
       1
       1
       1
       0
       4
       1
       1
       2
       1
       2
       0
       2
       3
       1
       2
       1
       3
       1
       2
       1
       2
       1
       3
       0
       6
       0
       0
       3
       3
       0
       1
       0
       2
       0
       3
       3
       0
       1
       2
       1
       5
       1
       0
       3
       2
       1
       1
       3
       4
       2
       1
       2
       0
       0
       1
       0
       2
       3
       3
       0
       0
       3
       3
       1
       1
       3
       1
       0
       2
       1
       2
       0
       2
       0
       1
       3
       4
       4
       1
       2
       1
       2
       0
       2
       2
       2
       1
       1
       1
       1
       1
       2
       0
       2
       0
       0
       1
       2
       2
       2
       1
       3
       0
       4
       0
       0
       3
       2
       0
       2
       2
       0
       1
       2
       1
       0
       1
       2
       0
       1
       3
       2
       3
       2
       0
       0
       0
       1
       1
       2
       1
       1
       0
       1
       0
       1
       1
       1
       2
       1
       4
       0
       2
       2
       2
       1
       1
       0
       3
       0
       0
       2
       2
       2
       3
       2
       1
       1
       5
       2
       2
       1
       0
       3
       3
       2
       2
       0
       3
       0
       1
       0
       2
       0
       1
       1
       3
       1
       4
       5
       1
       1
       0
       2
       2
       2
       2
       1
       2
       2
       2
       2
       5
       0
       1
       1
       1
       2
       2
       1
       5
       1
       3
       2
       3
       3
       9
       3
       4
       3
       3
       2
       2
       3
       3
       1
       3
       0
       1
       0
       1
       2
       2
       1
       2
       0
       0
       0
       2
       1
       1
       1
       1
       2
       1
       0
       1
       0
       1
       2
       1
       1
       3
       2
       0
       1
       1
       2
       2
       1
       3
       3
       0
       2
       2
       0
       0
       2
       2
       1
       1
       0
       1
       2
       1
       1
       0
       2
       1
       1
       1
       1
       2
       0
       0
       1
       3
       1
       0
       0
       2
       0
       0
       1
       2
       3
       0
       1
       0
       0
       0
       1
       1
       1
       2
       0
       1
       1
       0
       2
       2
       6
       2
       3
       4
       1
       2
       1
       1
       2
       1
       5
       1
       2
       0
       2
       3
       3
       0
       1
       3
       0
       0
       0
       2
       0
       0
       2
       1
       2
       1
       1
       1
       4
       2
       1
       5
       4
       4
       2
       2
       0
       1
       1
       1
       0
       2
       1
       2
       4
       2
       3
       2
       2
       0
       0
       1
       1
       3
       0
       0
       1
       2
       3
       2
       2
       0
       1
       0
       1
       1
       2
       1
       1
       0
       2
       0
       1
       4
       1
       1
       1
       3
       0
       3
       2
       0
       1
       1
       1
       3
       0
       1
       2
       3
       2
       0
       1
       1
       0
       0
       0
       1
       1
       1
       1
       1
       1
       1
       3
       3
       1
       2
       2
       0
       1
       1
       1
       2
       1
       2
       2
       4
       1
       1
       4
       0
       2
       1
       1
       1
       7
       0
       3
       1
       1
       2
       0
       2
       3
       1
       3
       0
       4
       2
       0
       2
       1
       1
       3
       1
       0
       2
       2
       3
       0
       1
       1
       1
       2
       1
       3
       2
       1
       0
       0
       2
       2
       2
       2
       0
       1
       3
       4
       0
       1
       0
       2
       2
       1
       0
       0
       0
       0
       1
       2
       0
       1
       3
       1
       3
       1
       1
       0
       0
       4
       1
       0
       0
       0
       1
       0
       1
       0
       1
       1
       4
       3
       0
       1
       2
       1
       1
       3
       3
       0
       1
       3
       2
       1
       1
       2
       0
       2
       1
       4
       0
       0
       1
       1
       5
       1
       0
       1
       2
       1
       2
       4
       3
       3
       4
       3
       2
       1
       1
       1
       1
       1
       2
       1
       1
       1
       0
       2
       3
       0
       1
       0
       1
       1
       0
       0
       3
       3
       3
       1
       2
       2
       0
       2
       1
       1
       2
       1
       1
       1
       4
       1
       1
       0
       2
       3
       3
       4
       2
       0
       2
       0
       0
       1
       0
       2
       1
       3
       1
       1
       2
       1
       0
       1
       0
       0
       0
       1
       0
       1
       1
       1
       1
       1
       2
       1
       1
       0
       1
       0
       0
       2
       0
       2
       1
       1
       3
       1
       2
       1
       0
       1
       0
       2
       0
       0
       0
       1
       0
       3
       1
       0
       1
       1
       0
       2
       2
       1
       0
       0
       1
       3
       2
       2
       1
       0
       0
       0
       2
       1
       0
       1
       2
       0
       0
       1
       1
       0
       1
       3
       1
       1
       1
       0
       1
       0
       1
       2
       1
       4
       0
       1
       1
       0
       0
       0
       0
       0
       1
       3
       1
       2
       1
       2
       1
       0
       0
       0
       2
       0
       0
       0
       0
       2
       0
       1
       1
       1
       1
       3
       2
       0
       3
       0
       1
       1
       1
       0
       1
       1
       3
       1
       0
       4
       0
       1
       0
       0
       1
       1
       4
       0
       2
       3
       1
       2
       0
       3
       0
       0
       0
       1
       1
       4
       2
       1
       1
       2
       1
       0
       1
       0
       1
       2
       1
       1
       3
       0
       0
       0
       1
       1
       0
       0
       0
       2
       1
       0
       0
       2
       1
       0
       0
       0
       1
       1
       1
       2
       2
       3
       1
       1
       1
       0
       0
       0
       0
       5
       2
       1
       0
       1
       1
       2
       2
       1
       1
       0
       1
       2
       0
       1
       0
       0
       3
       4
       1
       1
       0
       1
       0
       0
       1
       2
       0
       3
       0
       1
       0
       1
       1
       2
       1
       1
       1
       3
       1
       2
       0
       3
       1
       4
       0
       0
       1
       2
       0
       3
       2
       1
       1
       0
       0
       3
       0
       1
       2
       1
       0
       1
       4
       0
       1
       1
       1
       2
       0
       0
       2
       0
       1
       0
       1
       4
       0
       2
       2
       0
       1
       1
       3
       2
       1
       1
       0
       0
       0
       1
       1
       1
       0
       4
       1
       1
       2
       0
       2
       1
       1
       1
       1
       0
       0
       1
       2
       0
       1
       2
       0
       0
       0
       0
       1
       1
       0
       0
       1
       0
       2
       0
       2
       2
       0
       1
       0
       0
       1
       2
       1
       2
       1
       1
       1
       0
       1
       2
       4
       1
       1
       1
       1
       1
       1
       2
       3
       1
       0
       1
       0
       2
       0
       0
       0
       0
       2
       0
       0
       0
       0
       1
       0
       0
       0
       2
       0
       2
       0
       1
       0
       0
       0
       2
       1
       1
       0
       2
       1
       0
       1
       0
       1
       1
       0
       0
       0
       5
       1
       2
       1
       2
       1
       2
       0
       2
       0
       0
       1
       0
       1
       3
       1
       1
       1
       1
       0
       0
       0
       1
       1
       0
       0
       2
       2
       1
       1
       0
       0
       1
       0
       2
       0
       0
       2
       2
       1
       2
       1
       1
       1
       1
       2
       2
       1
       1
       0
       4
       1
       0
       1
       2
       1
       0
       0
       0
       0
       0
       1
       1
       3
       0
       0
       0
       1
       0
       0
       0
       1
       1
       0
       0
       0
       3
       1
       1
       0
       1
       1
       1
       3
       0
       1
       0
       0
       1
       0
       0
       0
       2
       0
       0
       2
       1
       2
       2
       0
       1
       0
       0
       3
       1
       2
       2
       0
       0
       2
       2
       1
       0
       2
       2
       0
       2
       1
       1
       2
       1
       1
       2
       1
       0
       1
       2
       2
       0
       1
       0
       0
       2
       0
       1
       1
       0
       0
       1
       1
       1
       1
       1
       1
       0
       3
       0
       0
       1
       4
       0
       1
       1
       1
       0
       2
       0
       2
       1
       2
       0
       3
       0
       0
       1
       0
       1
       2
       3
       0
       0
       0
       1
       1
       1
       1
       0
       0
       2
       0
       0
       1
       1
       2
       2
       1
       1
       1
       0
       2
       0
       2
       0
       0
       1
       0
       0
       1
       1
       0
       2
       2
       4
       0
       0
       1
       1
       0
       1
       0
       1
       0
       2
       0
       0
       0
       0
       1
       0
       1
       1
       0
       2
       1
       2
       1
       0
       3
       0
       1
       0
       0
       3
       0
       1
       0
       0
       1
       0
       1
       2
       1
       2
       0
       0
       2
       1
       0
       0
       3
       1
       0
       0
       0
       1
       1
       0
       1
       2
       0
       0
       0
       2
       2
       0
       0
       1
       3
       0
       2
       2
       0
       0
       0
       1
       0
       1
       1
       1
       2
       0
       1
       1
       0
       1
       0
       1
       1
       3
       0
       1
       0
       1
       1
       0
       0
       0
       2
       0
       3
       0
       0
       1
       0
       1
       1
       1
       1
       1
       0
       0
       1
       2
       3
       3
       0
       1
       0
       2
       0
       1
       1
       1
       2
       0
       1
       1
       0
       0
       0
       2
       2
       1
       1
       2
       0
       3
       0
       1
       1
       0
       4
       2
       3
       1
       0
       1
       1
       0
       0
       1
       1
       0
       0
       1
       3
       0
       0
       2
       1
       0
       0
       0
       1
       0
       2
       0
       0
       0
       2
       1
       1
       3
       1
       1
       1
       1
       1
       1
       1
       0
       0
       1
       0
       2
       0
       2
       0
       0
       1
       1
       0
       2
       0
       2
       1
       1
       1
       4
       1
       2
       1
       3
       0
       0
       0
       1
       2
       0
       2
       0
       2
       0
       0
       1
       1
       1
       1
       0
       1
       4
       2
       1
       3
       1
       1
       0
       2
       1
       1
       1
       0
       0
       0
       0
       0
       1
       1
       1
       2
       1
       1
       1
       3
       3
       5
       3
       1
       1
       2
       0
       0
       1
       1
       0
       0
       5
       0
       1
       1
       0
       0
       2
       0
       3
       1
       1
       0
       2
       1
       0
       0
       1
       1
       0
       1
       0
       1
       1
       0
       0
       1
       2
       0
       0
       1
       2
       0
       1
       3
       0
       2
       0
       0
       4
       1
       0
       0
       0
       1
       0
       1
       4
       0
       1
       0
       0
       1
       1
       0
       0
       1
       0
       0
       0
       1
       3
       0
       0
       0
       1
       0
       1
       2
       0
       0
       0
       1
       0
       1
       1
       0
       1
       0
       2
       1
       0
       0
       2
       1
       0
       1
       0
       0
       0
       0
       1
       1
       1
       0
       1
       1
       0
       0
       2
       0
       2
       1
       0
       1
       0
       0
       1
       0
       4
       0
       0
       1
       3
       1
       2
       3
       0
       0
       1
       1
       0
       0
       1
       2
       2
       0
       1
       0
       1
       0
       1
       0
       2
       0
       1
       3
       2
       0
       2
       1
       1
       0
       0
       2
       0
       1
       0
       1
       0
       2
       1
       1
       1
       1
       3
       0
       0
       0
       1
       1
       1
       2
       0
       2
       0
       0
       0
       2
       0
       0
       0
       0
       0
       0
       1
       2
       0
       0
       2
       2
       0
       0
       1
       0
       1
       1
       1
       1
       2
       0
       0
       2
       1
       1
       1
       0
       0
       1
       0
       0
       1
       0
       0
       0
       0
       1
       0
       0
       1
       0
       1
       0
       0
       0
       0
       3
       0
       1
       0
       0
       1
       0
       0
       1
       0
       0
       0
       0
       1
       0
       0
       1
       0
       1
       0
       0
       0
       3
       3
       0
       1
       0
       0
       2
       0
       1
       0
       2
       0
       0
       1
       1
       0
       3
       0
       1
       0
       0
       2
       1
       1
       1
       0
       0
       2
       1
       1
       1
       2
       0
       4
       0
       1
       1
       2
       1
       0
       1
       0
       4
       0
       1
       0
       1
       0
       0
       2
       2
       0
       0
       1
       2
       0
       0
       1
       0
       0
       2
       1
       0
       3
       1
       0
       0
       1
       1
       0
       0
       1
       1
       1
       0
       0
       1
       0
       0
       0
       1
       1
       0
       1
       0
       0
       1
       0
       0
       0
       0
       0
       0
       0
       0
       0
       0
       1
       0
       0
       1
       1
       0
       2
       0
       1
       1
       0
       1
       0
       0
       1
       1
       2
       0
       1
       0
       1
       0
       2
       0
       0
       2
       0
       1
       0
       2
       3
       1
       0
       1
       3
       0
       0
       2
       0
       0
       0
       1
       2
       0
       0
       0
       0
       2
       0
       1
       3
       0
       1
       1
       1
       0
       0
       1
       0
       0
       1
       0
       0
       1
       3
       0
       1
       1
       1
       1
       1
       0
       0
       0
       2
       0
       0
       0
       2
       2
       0
       2
       1
       0
       0
       0
       0
       2
       1
       1
       1
       1
       0
       3
       0
       1
       0
       2
       1
       1
       0
       1
       0
       0
       0
       3
       2
       0
       0
       2
       1
       1
       1
       3
       1
       0
       1
       0
       0
       2
       0
       1
       0
       0
       2
       1
       0
       0
       1
       0
       1
       0
       1
       2
       1
       0
       1
       2
       0
       0
       2
       3
       2
       0
       1
       1
       0
       1
       1
       0
       0
       1
       0
       1
       4
       0
       0
       0
       1
       2
       0
       0
       2
       0
       1
       1
       1
       0
       1
       1
       1
       0
       0
       3
       0
       0
       1
       2
       0
       0
       0
       1
       2
       2
       0
       1
       0
       1
       0
       0
       2
       0
       0
       1
       1
       0
       1
       2
       0
       0
       0
       0
       0
       0
       0
       1
       0
       0
       0
       1
       0
       0
       2
       0
       1
       0
       2
       1
       1
       0
       0
       0
       0
       1
       0
       0
       1
       1
       1
       1
       1
       0
       2
       1
       0
       2
       0
       0
       0
       0
       1
       1
       2
       0
       2
       1
       0
       1
       0
       0
       1
       1
       1
       0
       1
       0
       0
       0
       1
       0
       1
       1
       0
       0
       0
       0
       1
       1
       1
       0
       0
       1
       0
       1
       0
       0
       0
       0
       1
       1
       0
       0
       2
       0
       0
       1
       0
       2
       0
       0
       2
       0
       0
       1
       1
       1
       0
       0
       0
       0
       1
       0
       0
       1
       1
       0
       0
       0
       1
       0
       0
       0
       0
       0
       0
       1
       2
       0
       0
       0
       0
       1
       0
       0
       0
       0
       0
       0
       2
       0
       0
       0
       0
       2
       2
       1
       1
       1
       0
       1
       0
       0
       0
       1
       1
       0
       0
       0
       1
       0
       2
       0
       2
       1
       0
       2
       1
       0
       0
       3
       0
       1
       0
       1
       1
       0
       0
       0
       0
       0
       0
       0
       2
       3
       0
       1
       0
       1
       0
       0
       0
       0
       1
       0
       1
       0
       0
       0
       1
       0
       0
       0
       1
       1
       0
       1
       0
       1
       0
       0
       1
       1
       1
       0
       0
       0
       0
       0
       0
       0
       0
       0
       2
       0
       0
       2
       0
       1
       1
       0
       0
       1
       0
       2
       0
       1
       0
       0
       0
       1
       1
       0
       1
       0
       0
       0
       1
       1
       0
       0
       0
       0
       2
       1
       0
       0
       0
       2
       0
       0
       0
       0
       0
       0
       0
       1
       1
       0
       0
       1
       3
       0
       1
       0
       1
       0
       0
       0
       0
       2
       0
       1
       1
       0
       0
       1
       0
       1
       1
       0
       1
       0
       1
       1
       1
       1
       2
       0
       1
       0
       0
       0
       1
       0
       0
       0
       1
       0
       0
       1
       1
       0
       1
       0
       0
       0
       0
       0
       1
       1
       0
       0
       0
       0
       0
       0
       0
       1
       0
       1
       0
       0
       0
       0
       0
       0
       0
       2
       0
       0
       2
       0
       0
       0
       0
       0
       0
       0
       0
       0
       0
       0
       0
       0
       0
       1
       1
       1
       0
       1
       0
       1
       0
       1
       1
       1
       0
       0
       0
       0
       1
       1
       0
       3
       1
       0
       0
       1
       1
       0
       0
       0
       1
       2
       2
       0
       0
       0
       1
       0
       4
       1
       1
       1
       2
       2
       2
       0
       2
       0
       1
       1
       1
       1
       0
       0
       2
       1
       0
       0
       0
       1
       1
       0
       2
       2
       0
       0
       0
       0
       2
       1
       0
       1
       1
       0
       0
       2
       0
       2
       0
       0
       0
       0
       0
       1
       0
       0
       0
       1
       0
       0
       0
       0
       0
       1
       0
       0
       1
       1
       0
       1
       1
       0
       1
       0
       2
       0
       1
       0
       0
       1
       1
       0
       0
       1
       0
       0
       0
       1
       1
       1
       1
       0
       0
       0
       0
       0
       0
       0
       1
       1
       1
       0
       0
       0
       0
       0
       1
       0
       0
       0
       0
       0
       0
       1
       0
       0
       1
       1
       0
       0
       0
       0
       1
       0
       0
       2
       0
       0
       1
       1
       1
       0
       0
       1
       0
       1
       1
       0
       1
       0
       0
       0
       0
       1
       1
       0
       1
       0
       1
       0
       1
       1
       1
       1
       2
       1
       0
       0
       0
       0
       2
       0
       1
       0
       0
       0
       2
       1
       0
       0
       0
       1
       1
       2
       0
       1
       0
       0
       0
       1
       1
       0
       2
       1
       0
       1
       0
       0
       2
       0
       0
       1
       1
       0
       1
       1
       1
       0
       0
       1
       0
       0
       0
       0
       2
       0
       1
       0
       1
       0
       1
       1
       0
       2
       0
       0
       1
       0
       0
       0
       2
       0
       1
       1
       1
       0
       0
       1
       1
       0
       2
       0
       0
       0
       0
       2
       0
       1
       3
       0
       0
       0
       2
       1
       2
       1
       2
       2
       0
       1
       2
       2
       1
       0
       1
       0
       1
       0
       0
       0
       0
       0
       0
       2
       1
       0
       0
       0
       0
       0
       1
       0
       0
       0
       0
       0
       1
       0
       0
       0
       0
       0
       0
       0
       0
       0
       0
       3
       0
       0
       0
       0
       0
       0
       0
       0
       0
       1
       0
       1
       0
       0
       0
       0
       0
       0
       0
       0
       0
       0
       1
       0
       0
       0
       0
       0
       0
       0
       1
       1
       0
       0
       0
       0
       0
       0
       1
       2
       0
       0
       0
       0
       0
       1
       0
       2
       0
       0
       1
       2
       0
       0
       0
       0
       1
       0
       0
       0
       0
       0
       0
       1
       0
       1
       0
       2
       0
       0
       2
       0
       0
       0
       0
       0
       0
       1
       0
       0
       0
       0
       1
       1
       0
       0
       0
       0
       0
       0
       1
       0
       0
       0
       0
       0
       0
       0
       0
       0
       0
       0
       1
       1
       0
       0
       0
       0
       0
       0
       1
       0
       1
       0
       0
       0
       0
       0
       1
       0
       1
       0
       0
       0
       0
       0
       0
       0
       0
       0
       0
       0
       0
       0
       0
       1
       0
       0
       0
       0
       0
       0
       1
       0
       0
       0
       1
       0
       0
       0
       0
       0
       0
       0
       2
       1
       1
       1
       0
       0
       1
       0
       0
       0
       0
       0
       0
       0
       0
       0
       0
       0
       0
       1
       1
       0
       1
       2
       0
       0
       1
       0
       1
       0
       1
       0
       0
       0
       1
       0
       1
       0
       2
       0
       1
       0
       0
       0
       0
       0
       0
       0
       0
       0
       0
       1
       0
       0
       1
       0
       0
       0
       0
       0
       0
       0
       1
       0
       0
       0
       0
       0
       0
       0
       0
       0
       0
       0
       0
       0
       0
       0
       0
       0
       0
       1
       0
       1
       0
       0
       0
       0
       0
       0
       0
       0
       0
       0
       0
       0
       0
       0
       0
       0
       0
       0
       0
       0
       0
       0
       0
       1
       0
       0
       0
       1
       0
       0
       0
       0
       0
       1
       0
       0
       0
       0
       0
       1
       0
       0
       0
       1
       1
       1
       0
       0
       1
       0
       1
       0
       0
       0
       0
       0
       1
       0
       0
       0
       0
       0
       0
       0
       1
       0
       0
       1
       0
       1
       0
       0
       0
       1
       0
       0
       0
       0
       0
       0
       0
       0
       0
       0
       0
       0
       0
       0
       0
       0
       0
       0
       0
       1
       0
       0
       1
       0
       1
       0
       1
       0
       0
       0
       0
       1
       0
       0
       2
       0
       1
       0
       0
       0
       1
       1
       0
       0
       0
       0
       0
       0
       0
       0
       0
       0
       0
       0
       0
       1
       0
       0
       0
       0
       1
       1
       0
       0
       0
       0
       0
       0
       0
       0
       0
       0
       0
       0
       0
       0
       0
       0
       0
       0
       0
       0
       0
       0
       0
       0
       0
       0
       0
       0
       0
       0
       0
       0
       0
       0
       0
       0
       0
       0
       0
       0
       0
       0
       0
       0
       0
       0
       0
       0
       0
       0
       0
       0
       0
       0
       0
       0
       0
       0
       0
       0
       0
       0
       0
       0
       0
       0
       0
       0
       0
       0
       0
       0
       0
       0
       0
       0
       0
       0
       0
       0
       0
       0
       0
       0
       0
       0
       0
       0
       0
       0
       0
       0
       0
       0
       0
       0
       0
       0
       0
       0
       0
       0
       0
       0
       0
       0
       0
       0
       0
       0
       0
       0
       0
       0
       0
       0
       0
       0
       0
       0
       0
       0
       0
       0
       0
       0
       0
       0
       0
       0
       0
       0
$ROI:
0
$PRESETS:
None
0
0
$ENER_FIT:
-0.946274 0.242428
$MCA_CAL:
3
-9.462742E-001 2.424276E-001 -2.056130E-007 keV
$SHAPE_CAL:
3
4.142836E+001 -1.952030E-002 2.453628E-006
