     307
     435
     382
     455
     401
     428
     411
     452
     416
     383
     407
     369
     366
     395
     424
     417
     420
     373
     418
     382
     385
     405
     403
     370
     375
     413
     382
     356
     384
     361
     366
     381
     387
     350
     358
     347
     332
     348
     349
     354
     345
     333
     364
     327
     351
     345
     343
     334
     364
     362
     362
     315
     368
     328
     341
     341
     329
     322
     357
     329
     325
     301
     347
     354
     313
     324
     333
     318
     325
     335
     306
     290
     291
     318
     347
     329
     309
     292
     300
     280
     315
     298
     320
     287
     302
     325
     317
     289
     321
     293
     297
     271
     312
     279
     278
     291
     278
     294
     246
     255
     314
     256
     300
     308
     287
     299
     271
     302
     264
     257
     268
     268
     269
     292
     276
     272
     261
     242
     283
     250
     244
     295
     283
     272
     285
     279
     294
     263
     259
     283
     258
     253
     275
     261
     286
     261
     245
     278
     278
     268
     251
     251
     277
     274
     267
     288
     280
     247
     263
     236
     263
     262
     251
     235
     256
     218
     248
     268
     263
     252
     242
     249
     261
     299
     236
     235
     252
     232
     261
     270
     234
     246
     249
     249
     254
     253
     253
     261
     240
     246
     250
     265
     238
     220
     256
     241
     211
     228
     254
     264
     261
     239
     248
     255
     208
     240
     232
     234
     246
     251
     246
     218
     236
     224
     233
     248
     257
     230
     229
     238
     245
     247
     274
     224
     254
     237
     252
     229
     227
     203
     220
     236
     235
     231
     291
     221
     231
     223
     214
     239
     253
     220
     240
     241
     252
     219
     226
     243
     220
     239
     223
     231
     245
     253
     222
     221
     246
     223
     233
     225
     235
     243
     229
     248
     225
     241
     233
     235
     246
     230
     213
     230
     222
     227
     240
     223
     237
     260
     276
     316
     322
     306
     278
     250
     228
     236
     233
     249
     245
     251
     232
     241
     224
     236
     249
     254
     228
     262
     248
     219
     274
     238
     239
     258
     242
     247
     263
     254
     265
     255
     259
     272
     238
     223
     276
     246
     246
     253
     254
     259
     259
     237
     265
     273
     282
     238
     276
     249
     256
     240
     271
     284
     281
     317
     321
     307
     306
     273
     287
     292
     307
     318
     365
     442
     567
     593
     677
     615
     576
     460
     365
     314
     307
     301
     317
     402
     524
     710
     801
     872
     890
     742
     568
     444
     364
     279
     258
     256
     294
     281
     300
     336
     314
     281
     309
     312
     268
     243
     268
     313
     310
     344
     367
     299
     311
     317
     272
     253
     293
     303
     271
     254
     247
     278
     284
     292
     398
     417
     410
     425
     359
     386
     347
     362
     321
     335
     315
     297
     297
     305
     233
     296
     318
     366
     401
     469
     554
     556
     595
     627
     562
     469
     384
     356
     288
     316
     265
     300
     308
     342
     350
     374
     426
     417
     412
     391
     343
     316
     324
     269
     271
     269
     289
     324
     368
     483
     529
     679
     751
     777
     767
     645
     530
     458
     377
     375
     428
     543
     680
     896
    1001
    1004
     919
     764
     624
     454
     347
     323
     265
     311
     271
     295
     268
     263
     275
     293
     318
     419
     539
     734
    1008
    1291
    1596
    1682
    1450
    1090
     822
     504
     393
     303
     298
     273
     284
     261
     245
     286
     266
     270
     249
     275
     250
     264
     246
     244
     221
     250
     268
     264
     253
     229
     227
     230
     268
     258
     234
     239
     236
     279
     255
     259
     271
     259
     221
     258
     220
     242
     239
     228
     246
     269
     251
     254
     272
     224
     247
     263
     234
     255
     273
     249
     227
     264
     272
     257
     267
     299
     300
     282
     327
     340
     401
     455
     463
     562
     583
     679
     726
     697
     653
     578
     470
     427
     363
     285
     304
     323
     297
     310
     267
     262
     266
     278
     296
     329
     405
     426
     419
     414
     382
     344
     323
     277
     276
     264
     258
     266
     217
     223
     235
     222
     203
     209
     170
     226
     214
     229
     198
     198
     229
     206
     204
     196
     219
     225
     218
     206
     209
     232
     192
     208
     214
     217
     222
     210
     229
     195
     222
     184
     185
     216
     203
     207
     212
     214
     208
     234
     209
     173
     217
     203
     208
     211
     209
     208
     226
     187
     228
     221
     220
     230
     177
     225
     214
     245
     211
     221
     216
     213
     235
     212
     198
     203
     219
     204
     199
     213
     210
     196
     223
     238
     224
     201
     227
     194
     195
     219
     187
     207
     201
     223
     190
     225
     218
     212
     203
     208
     213
     221
     249
     224
     220
     192
     194
     216
     228
     226
     212
     206
     230
     242
     206
     230
     202
     218
     228
     199
     208
     213
     221
     223
     217
     207
     208
     230
     207
     212
     211
     205
     213
     207
     192
     204
     228
     202
     216
     219
     231
     232
     210
     219
     250
     219
     206
     225
     212
     219
     208
     211
     207
     196
     197
     210
     212
     222
     215
     207
     209
     192
     228
     216
     235
     234
     221
     266
     273
     291
     316
     300
     264
     280
     249
     229
     203
     217
     221
     235
     193
     204
     181
     213
     226
     210
     204
     229
     219
     209
     221
     213
     207
     182
     198
     214
     206
     208
     219
     195
     221
     215
     225
     229
     222
     223
     206
     242
     223
     220
     236
     210
     219
     233
     232
     220
     248
     232
     203
     243
     237
     213
     223
     239
     206
     209
     221
     247
     245
     272
     249
     276
     230
     246
     258
     216
     211
     213
     228
     232
     232
     221
     177
     215
     208
     193
     210
     196
     208
     191
     239
     201
     233
     204
     193
     205
     220
     211
     188
     199
     188
     181
     254
     197
     225
     212
     201
     197
     184
     210
     183
     199
     204
     215
     209
     197
     210
     206
     198
     206
     226
     231
     221
     228
     241
     242
     204
     228
     198
     202
     220
     216
     207
     223
     196
     228
     196
     201
     183
     187
     205
     193
     215
     212
     191
     189
     234
     188
     208
     199
     206
     195
     203
     183
     194
     222
     197
     150
     192
     208
     183
     206
     174
     203
     200
     190
     178
     184
     203
     226
     197
     200
     204
     202
     203
     192
     206
     188
     195
     211
     208
     204
     200
     228
     192
     204
     202
     186
     201
     188
     204
     174
     217
     204
     198
     198
     201
     203
     183
     182
     203
     221
     222
     184
     182
     187
     172
     219
     228
     183
     192
     190
     183
     192
     183
     224
     200
     184
     181
     225
     196
     193
     165
     224
     225
     208
     210
     198
     177
     180
     194
     207
     217
     188
     172
     208
     190
     218
     199
     210
     198
     201
     204
     207
     211
     219
     233
     220
     340
     468
     573
     779
    1034
    1089
    1111
    1061
     871
     629
     473
     368
     243
     235
     223
     197
     191
     189
     196
     179
     170
     204
     193
     163
     198
     197
     176
     187
     212
     190
     165
     196
     196
     210
     191
     210
     210
     196
     215
     179
     187
     216
     200
     203
     203
     220
     192
     214
     215
     203
     173
     189
     170
     182
     179
     215
     227
     205
     182
     216
     198
     179
     207
     184
     202
     193
     201
     198
     209
     192
     210
     181
     187
     171
     177
     177
     170
     177
     187
     173
     162
     172
     204
     194
     193
     190
     178
     170
     193
     175
     169
     181
     166
     185
     192
     178
     185
     194
     189
     177
     188
     175
     182
     183
     162
     180
     169
     172
     164
     159
     180
     176
     171
     160
     179
     208
     211
     207
     220
     201
     173
     167
     163
     169
     163
     166
     197
     148
     177
     187
     150
     184
     142
     138
     142
     151
     142
     185
     158
     162
     160
     155
     157
     156
     164
     185
     137
     164
     171
     169
     166
     164
     153
     139
     150
     147
     155
     122
     149
     145
     142
     159
     151
     132
     156
     160
     130
     150
     129
     142
     143
     154
     162
     135
     145
     164
     166
     148
     135
     165
     161
     156
     166
     161
     149
     154
     164
     136
     139
     148
     148
     153
     138
     157
     156
     139
     154
     140
     135
     125
     125
     119
     166
     147
     136
     166
     144
     126
     142
     142
     145
     137
     123
     152
     132
     145
     147
     165
     153
     165
     163
     133
     170
     134
     140
     164
     166
     149
     139
     149
     162
     143
     139
     152
     140
     143
     114
     123
     123
     129
     140
     147
     152
     129
     129
     141
     137
     150
     157
     173
     134
     134
     139
     143
     120
     145
     160
     124
     126
     144
     137
     128
     128
     144
     139
     153
     156
     141
     128
     125
     135
     157
     138
     126
     148
     139
     167
     158
     141
     136
     122
     134
     136
     121
     124
     135
     144
     142
     148
     120
     158
     153
     153
     167
     210
     227
     214
     184
     164
     148
     160
     141
     144
     122
     119
     156
     136
     157
     141
     170
     144
     155
     148
     166
     142
     150
     124
     138
     132
     116
     118
     152
     141
     182
     242
     362
     634
     766
    1154
    1275
    1344
    1216
     956
     645
     450
     281
     185
     147
     135
     135
      98
     139
     117
     142
     123
     116
     135
     121
     117
     112
     123
     121
     112
     129
     118
     120
     116
     131
     130
     142
     139
     110
     126
     121
     134
     137
     127
     110
     119
     109
     103
      95
     112
     122
     112
     110
     103
     118
      98
     135
     116
     118
     130
     128
     130
     134
     132
     117
      89
      95
     102
     126
     109
     133
     113
     141
     127
     110
     117
     113
     124
     114
     119
     102
     130
     116
     133
     138
     131
     118
     149
     164
     154
     167
     150
     140
     135
     134
     115
     127
     105
     124
     107
     136
     162
     188
     205
     178
     228
     190
     168
     123
     129
     131
     119
     112
     111
     124
     108
     123
     128
     126
     109
     126
      90
     116
      99
     118
     104
     106
     119
     110
     111
     117
     138
     112
     106
     117
     121
     129
     109
      93
     111
     125
      95
     113
     101
     103
     103
      96
     108
     122
     116
     119
     117
     107
     114
     123
     132
     124
     110
     111
     128
     110
     112
     135
     178
     173
     237
     193
     200
     182
     142
     140
     127
     156
     152
     167
     167
     169
     185
     157
     134
     126
     121
     118
     126
     114
      92
     124
     123
     103
      96
     131
     113
     135
     152
     151
     141
     188
     151
     145
     125
     158
     135
     123
     105
      96
     111
      95
     100
     107
     106
      93
     114
     111
     100
     113
      83
     116
     113
      95
      99
      99
     118
     108
     111
     100
     110
      80
      95
     111
      98
     106
     104
     114
      94
     118
      99
     113
     119
     108
      96
     101
     105
     103
      94
     130
     126
     108
     124
     115
      92
     113
     107
     100
     123
      99
     111
     106
      92
     116
      99
     107
     121
      98
     139
     119
     103
     108
     106
      86
      95
      76
     108
     109
     112
      97
     107
     106
      88
     112
     102
     104
      82
     111
      87
     105
      99
      91
     123
     114
      96
      96
      92
     119
      86
     119
     108
     109
     110
     110
     101
      90
     104
     100
     101
      91
     108
     132
     159
     264
     508
     786
    1237
    1911
    2448
    2693
    2871
    2544
    2030
    1362
     900
     469
     286
     171
     112
     125
     104
      87
     106
      95
     101
     109
      95
     102
     105
      83
      86
     101
     106
     104
     109
     130
     110
     136
     116
     128
     111
     120
      92
      82
      89
      75
      97
      92
     107
      98
      94
     113
     106
     112
     104
     108
      91
      83
     116
     105
      99
      92
      96
      96
      92
     109
     107
      91
      91
      93
      91
     102
      83
     105
      75
     103
      98
      79
      90
      79
      87
      76
      92
      69
      84
      78
      79
     110
      77
      82
      97
      92
      95
      80
      82
      76
      81
      93
      94
      78
      92
      81
      87
      86
      83
      94
      88
      96
      90
     111
      79
     105
      96
      86
      90
      98
      75
      78
     109
     108
     113
     100
      81
     103
     102
      74
      77
      90
      93
      81
      87
     104
      96
      80
      80
      89
      89
      95
      87
      88
      83
      81
      78
     103
      88
      69
      81
      83
      97
      77
      82
     100
      85
     103
      89
      75
      77
      91
      87
      80
      90
      80
      82
      84
     100
      82
      97
      90
      73
      80
      94
     103
     102
     116
      98
      94
     107
      92
     102
      89
      94
      83
      97
      86
      82
      81
      91
      83
      80
      90
      86
      82
     100
      76
      85
      81
      87
      95
      90
      96
      91
      83
      97
      97
      74
      89
     104
      91
      91
     118
     134
      95
     103
     113
     103
      95
      80
      94
     103
      84
      97
      83
      84
      98
      97
      89
      98
      90
      91
     104
     110
      91
      67
      89
      73
     100
      79
     106
      83
     125
      91
      89
     103
      94
      68
     100
      85
      86
      88
      96
      66
      91
     103
      89
      69
      96
      76
      93
      93
     112
     106
     109
      96
     101
      88
     103
      84
      91
      79
      71
      81
      81
      89
      81
      71
      88
      99
      90
      92
      90
      80
      76
      94
      88
      96
     101
      91
      84
      87
      86
      76
      89
      64
      88
      74
      71
      80
      83
      93
      84
      99
      80
      83
      85
      79
     100
      75
      79
      96
      77
     100
      84
      80
      89
     100
      95
      85
      95
      83
     102
      91
     110
     123
     100
     126
      93
     108
     109
     139
     183
     269
     457
     784
    1359
    2202
    2994
    3945
    4661
    4633
    4229
    3506
    2521
    1652
     946
     537
     251
     155
      94
     113
      88
     103
      86
      88
      77
     109
      82
      86
      79
      67
      70
      80
      72
      86
      94
      87
      63
      75
      63
      78
      83
      74
      85
      55
      57
      70
      71
      70
      53
      76
      74
      71
      72
      54
      59
      73
      78
      65
      71
      72
      79
      81
      80
      77
      72
      85
      80
      61
      75
      67
      75
      67
      75
      71
      76
      71
      82
      88
      73
      71
      87
      63
      80
      61
      52
      75
      71
      59
      71
      59
      78
      71
      88
      84
      78
      84
      66
      61
      60
      81
      68
      74
      69
      75
      81
      73
      76
      81
      60
      81
      53
      68
      79
      73
      71
      59
      69
      71
      78
      74
      72
      71
      83
      72
      72
      63
      69
      77
      76
      74
      69
      73
      73
      76
      68
      65
      60
      87
      79
      77
      71
      62
      55
      69
      62
      61
      71
      91
      64
      78
      74
      79
      82
      79
      77
      71
      77
      67
      78
      68
      72
      65
      73
      68
      66
      66
      68
      66
      74
      72
      80
      74
      78
      59
      59
      73
      92
      66
      52
      73
      63
      67
      80
      61
      74
      89
      63
      73
      77
      63
      73
      76
      75
      76
      64
      78
      73
      84
      79
      59
      74
      57
      67
      66
      77
      72
      74
      86
      90
      92
     103
     111
      76
      75
      85
      71
      67
      72
      87
      77
     107
     103
     107
     104
     110
     105
      95
      84
      84
      91
      80
      67
      72
      71
      72
      74
      70
      71
      68
      75
      69
      70
      68
      72
      82
      78
      71
      88
      71
      69
      77
      64
      89
      79
      62
      64
      57
      70
      61
      65
      71
      69
      69
      57
      76
      76
      62
      71
      84
      71
      79
      79
      69
      58
      71
      75
      75
      82
      82
      66
      67
      66
      80
      76
      78
      75
      78
      74
      64
      80
      69
      79
      73
      86
      93
      91
     105
     121
      93
      90
     104
      81
      86
      62
      65
      85
      72
      72
      72
      74
      83
      87
      83
      98
      93
     102
      94
      99
     100
      95
      93
      83
      93
      75
      87
      70
      77
      74
      74
      81
      65
      75
      83
      69
      56
      71
      68
      81
      77
      81
      75
      69
      79
      75
      67
      76
      68
      73
      79
      87
      77
      83
      72
      70
      87
      87
      92
      66
      63
      84
      82
      85
      72
      75
      78
      59
      99
      76
      73
      85
      87
      85
      72
      87
      68
      73
      81
      87
      76
      75
      75
      84
      81
      62
      95
      78
      77
      76
      77
      68
      77
      83
      75
      70
      68
      80
      79
      63
      84
      77
      79
      60
      71
      69
      86
      80
      81
      70
      98
      75
      73
      79
      75
      66
      59
      69
      78
      74
      75
      82
      79
      79
      82
      81
      81
      71
      78
      74
      67
      59
      81
      68
      76
      79
      71
      86
      77
      71
      69
      82
      83
      79
      69
      86
      89
      96
      69
      67
      63
      76
      60
      64
      69
      74
      68
      78
      71
      64
      66
      79
      67
      60
      68
      59
      70
      67
      63
      71
      61
      57
      59
      68
      63
      58
      61
      52
      54
      64
      59
      57
      60
      68
      50
      69
      55
      76
      61
      50
      41
      49
      73
      59
      61
      58
      64
      53
      56
      54
      56
      62
      59
      59
      60
      60
      51
      56
      60
      49
      49
      63
      55
      48
      42
      57
      64
      50
      66
      60
      66
      48
      54
      55
      57
      66
      59
      59
      54
      51
      41
      61
      50
      46
      52
      54
      46
      48
      53
      51
      53
      42
      51
      51
      54
      57
      43
      51
      56
      60
      59
      48
      66
      67
      51
      62
      58
      52
      55
      53
      52
      47
      49
      49
      48
      54
      61
      44
      46
      60
      44
      48
      50
      44
      43
      61
      48
      52
      45
      63
      53
      53
      44
      50
      54
      51
      62
      61
      47
      56
      67
      49
      59
      49
      56
      59
      57
      62
      46
      62
      56
      51
      63
      68
      75
      57
      80
      73
      69
      58
      65
      45
      67
      49
      46
      49
      64
      53
      42
      38
      48
      58
      43
      46
      55
      61
      58
      40
      44
      54
      55
      44
      52
      49
      47
      51
      54
      65
      65
      56
      47
      57
      44
      53
      71
      81
      60
      61
      58
      43
      49
      42
      58
      50
      57
      52
      46
      34
      52
      54
      35
      46
      40
      55
      37
      38
      42
      45
      40
      41
      42
      55
      46
      45
      52
      54
      56
      52
      58
      48
      46
      45
      51
      60
      52
      41
      44
      39
      43
      51
      39
      72
      44
      62
      50
      44
      61
      42
      56
      50
      47
      34
      36
      37
      45
      55
      44
      46
      42
      56
      56
      48
      47
      51
      47
      36
      62
      51
      58
      46
      58
      50
      52
      49
      47
      39
      44
      40
      51
      41
      32
      41
      32
      41
      36
      48
      42
      49
      25
      44
      35
      43
      44
      51
      45
      40
      45
      56
      35
      49
      47
      49
      59
      72
      65
      82
      68
      64
      59
      47
      48
      44
      51
      46
      42
      38
      37
      44
      47
      33
      39
      33
      29
      52
      45
      43
      42
      37
      36
      49
      51
      37
      41
      50
      47
      37
      51
      53
      53
      61
      78
      61
      77
      83
      73
      52
      59
      58
      41
      59
      52
      44
      40
      45
      45
      38
      44
      61
      51
      42
      33
      43
      37
      30
      40
      40
      44
      55
      39
      29
      39
      36
      41
      49
      33
      37
      39
      38
      43
      37
      46
      39
      51
      48
      38
      38
      33
      47
      32
      36
      40
      41
      34
      46
      33
      45
      37
      45
      40
      37
      43
      37
      50
      33
      40
      33
      35
      41
      44
      35
      33
      33
      38
      46
      34
      47
      44
      46
      45
      37
      43
      28
      32
      32
      47
      35
      36
      24
      33
      34
      36
      32
      37
      37
      26
      35
      43
      35
      36
      38
      19
      28
      41
      37
      35
      40
      35
      32
      25
      51
      26
      38
      47
      36
      40
      27
      37
      40
      25
      39
      47
      33
      37
      31
      48
      42
      26
      31
      35
      49
      41
      40
      63
      47
      52
      58
      55
      52
      58
      48
      39
      61
      59
      60
      55
      46
      52
      38
      59
      51
      49
      48
      43
      50
      55
      36
      42
      48
      24
      37
      27
      30
      49
      42
      26
      33
      42
      39
      28
      34
      45
      31
      28
      34
      36
      36
      31
      32
      38
      42
      33
      35
      35
      37
      35
      45
      34
      38
      29
      26
      35
      31
      29
      36
      36
      32
      40
      31
      32
      28
      31
      39
      32
      36
      35
      36
      35
      34
      41
      35
      31
      41
      39
      34
      41
      43
      29
      43
      35
      34
      36
      30
      31
      36
      38
      39
      33
      42
      31
      32
      38
      32
      33
      40
      36
      40
      35
      33
      41
      31
      43
      32
      37
      41
      43
      29
      37
      40
      32
      35
      32
      37
      37
      45
      29
      40
      32
      42
      24
      32
      42
      44
      36
      37
      43
      30
      38
      37
      33
      44
      40
      47
      56
      49
      62
      43
      47
      38
      37
      45
      37
      29
      25
      40
      39
      35
      32
      50
      46
      39
      22
      43
      33
      33
      42
      29
      29
      38
      37
      44
      32
      36
      33
      48
      49
      36
      38
      31
      35
      30
      38
      37
      29
      40
      32
      29
      25
      29
      37
      27
      43
      25
      41
      37
      29
      38
      41
      36
      53
      32
      58
      44
      43
      36
      39
      33
      40
      30
      32
      41
      25
      42
      31
      33
      36
      28
      40
      32
      30
      28
      40
      29
      47
      30
      36
      35
      31
      29
      32
      27
      23
      39
      27
      42
      41
      23
      40
      28
      31
      34
      37
      32
      36
      36
      33
      43
      38
      42
      33
      34
      46
      42
      31
      36
      25
      42
      38
      40
      45
      32
      34
      44
      33
      42
      34
      46
      36
      27
      28
      38
      31
      34
      32
      47
      35
      35
      35
      30
      30
      25
      32
      37
      25
      41
      33
      30
      33
      41
      33
      41
      26
      30
      35
      27
      34
      35
      26
      41
      31
      23
      35
      37
      37
      43
      28
      39
      39
      32
      25
      39
      33
      23
      32
      30
      28
      37
      42
      24
      36
      35
      33
      34
      29
      42
      33
      38
      41
      31
      35
      32
      34
      40
      41
      31
      35
      45
      33
      28
      37
      30
      30
      31
      36
      39
      34
      34
      37
      39
      30
      28
      42
      36
      31
      42
      32
      36
      40
      23
      32
      40
      29
      40
      37
      34
      41
      37
      36
      33
      49
      35
      40
      38
      37
      31
      44
      35
      35
      35
      35
      32
      27
      27
      26
      26
      26
      45
      28
      25
      25
      40
      36
      25
      45
      26
      34
      26
      36
      33
      29
      28
      39
      31
      27
      19
      33
      49
      49
      60
      47
      44
      52
      65
      48
      54
      45
      55
      45
      39
      36
      36
      32
      35
      27
      22
      39
      42
      44
      41
      45
      46
      43
      31
      36
      28
      28
      50
      25
      31
      34
      21
      23
      30
      44
      29
      33
      34
      25
      35
      24
      35
      42
      29
      34
      28
      26
      36
      43
      26
      38
      32
      25
      28
      20
      24
      39
      35
      28
      31
      27
      35
      41
      33
      24
      31
      39
      21
      32
      28
      30
      31
      44
      31
      32
      23
      25
      38
      33
      34
      40
      32
      36
      27
      38
      18
      34
      33
      32
      39
      31
      31
      30
      29
      33
      29
      29
      30
      22
      34
      27
      32
      30
      33
      19
      31
      25
      33
      33
      29
      32
      35
      37
      28
      37
      28
      36
      27
      35
      27
      30
      37
      29
      26
      28
      41
      19
      25
      33
      26
      25
      26
      28
      30
      34
      26
      36
      26
      25
      40
      31
      32
      43
      42
      33
      28
      32
      37
      37
      32
      39
      32
      34
      32
      42
      43
      33
      32
      45
      45
      55
      76
     102
     162
     288
     429
     689
    1104
    1439
    2024
    2347
    2626
    2634
    2519
    2245
    1720
    1216
     850
     519
     305
     179
     104
      73
      45
      45
      44
      33
      43
      36
      34
      30
      39
      35
      36
      35
      32
      35
      35
      28
      27
      29
      34
      32
      40
      34
      24
      24
      41
      23
      29
      28
      39
      29
      28
      27
      23
      35
      29
      38
      25
      27
      26
      25
      27
      28
      43
      25
      23
      32
      28
      17
      34
      20
      19
      27
      23
      22
      22
      18
      22
      20
      21
      27
      25
      28
      29
      19
      27
      25
      31
      28
      23
      25
      34
      22
      36
      30
      21
      18
      29
      23
      30
      20
      26
      28
      26
      31
      31
      33
      31
      23
      21
      22
      28
      28
      24
      21
      22
      21
      27
      24
      22
      31
      39
      25
      23
      15
      30
      23
      29
      22
      28
      24
      27
      25
      23
      24
      26
      30
      18
      22
      29
      33
      21
      24
      29
      30
      32
      24
      38
      24
      19
      26
      26
      22
      29
      32
      33
      31
      29
      27
      21
      22
      26
      20
      18
      24
      26
      27
      15
      27
      29
      26
      26
      30
      24
      28
      27
      20
      36
      24
      30
      23
      27
      33
      24
      23
      26
      32
      25
      21
      32
      29
      30
      29
      37
      22
      25
      28
      27
      25
      24
      25
      25
      26
      27
      23
      16
      25
      27
      31
      29
      25
      27
      33
      31
      34
      21
      20
      22
      18
      24
      26
      24
      18
      29
      26
      26
      25
      33
      21
      24
      26
      22
      16
      23
      29
      29
      22
      28
      29
      26
      30
      27
      23
      26
      27
      29
      21
      27
      20
      27
      26
      23
      26
      21
      29
      22
      12
      20
      34
      18
      29
      30
      19
      21
      27
      19
      23
      31
      24
      18
      23
      20
      23
      20
      25
      25
      21
      19
      23
      35
      15
      24
      27
      25
      20
      26
      25
      31
      30
      32
      18
      15
      23
      20
      23
      18
      29
      24
      24
      20
      24
      26
      26
      34
      25
      40
      34
      24
      21
      32
      33
      30
      29
      27
      35
      22
      24
      13
      29
      34
      18
      23
      19
      26
      20
      25
      26
      37
      41
      51
      60
      61
      77
      86
     103
     107
      79
      82
      70
      64
      48
      30
      41
      28
      23
      22
      20
      27
      26
      26
      39
      21
      23
      17
      21
      25
      14
      24
      27
      35
      25
      20
      32
      20
      19
      18
      16
      17
      20
      19
      13
      24
      20
      26
      25
      20
      19
      27
      24
      23
      19
      19
      28
      27
      22
      26
      22
      19
      21
      23
      31
      16
      19
      14
      20
      29
      17
      20
      24
      25
      25
      29
      25
      19
      21
      18
      19
      18
      21
      21
      20
      19
      28
      19
      20
      24
      28
      23
      20
      23
      31
      21
      22
      21
      18
      19
      21
      19
      23
      38
      27
      24
      27
      25
      16
      35
      17
      27
      27
      26
      28
      23
      24
      30
      19
      33
      24
      23
      17
      24
      22
      37
      16
      25
      30
      26
      28
      24
      25
      15
      25
      26
      25
      27
      25
      20
      16
      24
       9
      28
      28
      22
      24
      24
      18
      19
      24
      32
      22
      21
      20
      32
      31
      25
      13
      27
      34
      24
      20
      21
      25
      31
      29
      24
      25
      19
      22
      20
      19
      23
      18
      30
      20
      21
      18
      29
      13
      24
      32
      20
      24
      26
      24
      30
      23
      26
      24
      24
      25
      21
      17
      13
      29
      29
      32
      18
      35
      22
      36
      28
      31
      25
      27
      26
      26
      22
      22
      21
      25
      23
      21
      26
      20
      19
      26
      36
      33
      44
      40
      51
      47
      38
      47
      35
      53
      43
      36
      35
      25
      37
      28
      40
      35
      20
      31
      24
      30
      22
      19
      23
      24
      36
      32
      29
      29
      34
      29
      32
      34
      24
      36
      39
      32
      27
      35
      31
      21
      29
      27
      22
      31
      20
      14
      36
      19
      17
      30
      33
      31
      25
      25
      25
      18
      23
      24
      30
      24
      26
      18
      24
      29
      24
      27
      26
      27
      24
      11
      17
      23
      24
      28
      19
      20
      16
      17
      17
      21
      31
      25
      20
      28
      27
      20
      18
      23
      16
      15
      29
      23
      25
      21
      35
      20
      21
      27
      34
      30
      33
      40
      41
      40
      49
      34
      38
      29
      28
      25
      30
      30
      26
      23
      21
      25
      27
      23
      21
      19
      25
      21
      30
      19
      21
      21
      22
      25
      23
      18
      22
      25
      23
      19
      21
      28
      22
      30
      29
      23
      19
      29
      26
      26
      29
      30
      26
      31
      22
      23
      31
      22
      25
      26
      15
      18
      21
      24
      23
      16
      26
      14
      24
      16
      28
       9
      17
      29
      34
      21
      21
      30
      23
      21
      17
      30
      26
      11
      26
      23
      28
      26
      28
      20
      19
      21
      22
      17
      19
      34
      23
      19
      24
      22
      24
      33
      16
      21
      16
      22
      29
      31
      23
      21
      27
      17
      29
      17
      24
      26
      22
      28
      24
      14
      32
      25
      20
      22
      21
      26
      22
      27
      38
      24
      25
      27
      39
      24
      31
      31
      34
      48
      36
      39
      53
      36
      52
      34
      35
      41
      30
      33
      24
      25
      28
      27
      20
      30
      20
      21
      20
      28
      30
      26
      26
      24
      18
      24
      19
      25
      22
      20
      20
      30
      22
      17
      20
      19
      24
      21
      25
      23
      21
      31
      12
      26
      17
      23
      25
      20
      21
      20
       9
      23
      23
      29
      30
      29
      20
      22
      34
      27
      33
      31
      28
      29
      22
      25
      23
      32
      26
      21
      20
      30
      17
      20
      25
      24
      20
      21
      22
      24
      24
      24
      22
      27
      24
      23
      20
      22
      24
      24
      21
      18
      26
      22
      19
      20
      32
      24
      21
      30
      29
      25
      22
      19
      19
      26
      21
      28
      25
      20
      20
      15
      28
      21
      27
      17
      25
      21
      21
      22
      22
      19
      26
      20
      31
      26
      21
      17
      16
      23
      18
      23
      26
      32
      40
      42
      43
      46
      40
      34
      44
      50
      49
      57
      64
     104
     117
     143
     191
     204
     241
     256
     219
     194
     161
     132
      89
      68
      65
      56
      31
      35
      31
      24
      18
      27
      27
      14
      27
      25
      21
      27
      27
      24
      17
      20
      19
      18
      21
      23
      23
      22
      23
      16
      15
      19
      19
      19
      21
      21
      24
      24
      21
      24
      24
      27
      18
      26
      18
      28
      16
      26
      21
      17
      22
      19
      19
      26
      22
      17
      16
      19
      24
      16
      16
      20
      23
      33
      27
      23
      21
      23
      20
      20
      14
      19
      34
      14
      30
      17
      24
      25
      19
      14
      20
      22
      14
      28
      26
      19
      23
      18
      21
      27
      23
      30
      30
      47
      44
      60
      58
      75
      68
      73
      68
      65
      55
      45
      42
      36
      29
      23
      21
      17
      25
      22
      26
      23
      18
      16
      23
      32
      29
      26
      24
      19
      20
      22
      20
      25
      18
      20
      23
      16
      23
      25
      21
      15
      23
      27
      24
      13
      21
      18
      25
      15
      24
      14
      22
      22
      35
      17
      24
      29
      19
      12
      22
      14
      19
      16
      22
      25
      23
      23
      23
      22
      22
      18
      20
      30
      21
      22
      22
       9
      21
      26
      27
      17
      20
      24
      22
      15
      27
      32
      22
      25
      25
      16
      25
      24
      19
      18
      22
      21
      30
      25
      23
      19
      24
      26
      22
      19
      18
      25
      14
      22
      17
      19
      27
      19
      31
      17
      26
      37
      45
      50
      63
      67
      65
      68
      78
      74
      70
      64
      47
      39
      34
      32
      20
      21
      25
      15
      17
      13
      23
      21
      25
      19
      16
      11
      21
      21
      15
      18
      18
      32
      21
      26
      24
      30
      22
      22
      23
      20
      23
      22
      21
      19
      22
      27
      27
      24
      29
      17
      27
      29
      27
      15
      29
      27
      32
      27
      21
      24
      20
      18
      20
      21
      18
      27
      23
      23
      25
      21
      14
      23
      20
      16
      29
      26
      26
      16
      24
      19
      21
      19
      23
      22
      25
      14
      22
      25
      17
      16
      20
      28
      23
      41
      23
      30
      23
      22
      20
      26
      36
      20
      15
      22
      23
      14
      26
      28
      22
      14
      30
      28
      16
      29
      22
      28
      23
      23
      14
      22
      37
      25
      20
      27
      20
      33
      30
      34
      19
      21
      26
      11
      21
      24
      23
      18
      29
      15
      15
      22
      16
      19
      25
      22
      15
      28
      12
      28
      21
      20
      26
      24
      26
      31
      28
      24
      29
      23
      35
      18
      28
      20
      30
      24
      28
      21
      28
      28
      16
      25
      16
      29
      21
      29
      24
      23
      21
      27
      25
      17
      22
      25
      25
      12
      28
      18
      30
      19
      28
      29
      27
      32
      39
      45
      46
      53
      43
      48
      39
      47
      29
      29
      25
      18
      27
      25
      24
      21
      18
      16
      24
      14
      17
      18
      26
      30
      16
      14
      25
      20
      24
      14
      16
      21
      21
      16
      23
      22
      22
      22
      24
      26
      26
      15
      21
      16
      21
      15
      30
      22
      18
      18
      28
      22
      31
      21
      20
      23
      20
      31
      17
      21
      25
      22
      31
      20
      22
      21
      26
      20
      12
      19
      21
      18
      19
      21
      25
      22
      18
      22
      28
      20
      18
      23
      29
      12
      15
      22
      19
      15
      25
      25
      32
      35
      21
      23
      25
      24
      27
      25
      26
      19
      27
      24
      28
      18
      23
      14
      15
      19
      26
      18
      21
      16
      19
      25
      26
      23
      22
      25
      24
      18
      19
      22
      24
      22
      30
      34
      20
      22
      23
      22
      16
      24
      12
      26
      23
      20
      32
      17
      21
      28
      29
      24
      19
      24
      19
      26
      20
      13
      25
      23
      22
      21
      18
      23
      19
      18
      21
      22
      21
      26
      17
      13
      22
      21
      21
      21
      27
      24
      12
      21
      23
      23
      28
      26
      19
      19
      21
      19
      27
      16
      24
      24
      23
      21
      24
      20
      24
      17
      30
      31
      15
      25
      26
      28
      23
      17
      12
      26
      28
      16
      17
      31
      19
      26
      20
      26
      23
      27
      20
      24
      25
      24
      22
      15
      34
      29
      26
      33
      19
      23
      15
      23
      19
      24
      21
      28
      18
      21
      21
      20
      28
      20
      26
      18
      17
      22
      26
      19
      28
      16
      19
      25
      24
      34
      26
      26
      28
      25
      24
      17
      31
      26
      31
      21
      25
      24
      24
      29
      23
      24
      24
      29
      27
      24
      24
      22
      17
      31
      19
      23
      16
      13
      24
      21
      24
      32
      23
      26
      34
      21
      30
      16
      25
      25
      12
      20
      21
      28
      22
      13
      27
      26
      24
      25
      21
      29
      22
      20
      26
      21
      27
      25
      24
      21
      18
      25
      27
      27
      22
      25
      20
      30
      22
      29
      24
      23
      20
      19
      30
      20
      33
      24
      16
      24
      25
      20
      29
      15
      38
      24
      28
      19
      27
      22
      17
      28
      18
      23
      23
      24
      20
      29
      23
      24
      14
      32
      28
      22
      20
      30
      23
      22
      24
      19
      26
      21
      24
      20
      19
      30
      19
      23
      27
      24
      32
      23
      16
      30
      20
      23
      32
      18
      23
      32
      21
      20
      23
      30
      29
      35
      27
      27
      19
      29
      32
      24
      23
      27
      17
      20
      24
      22
      20
      24
      32
      17
      15
      24
      29
      24
      29
      20
      22
      27
      27
      25
      21
      26
      19
      27
      27
      23
      30
      27
      28
      13
      26
      24
      25
      26
      26
      32
      27
      29
      24
      25
      30
      20
      27
      27
      20
      23
      18
      21
      10
      28
      24
      23
      23
      26
      26
      26
      13
      21
      31
      23
      28
      28
      22
      31
      19
      17
      29
      15
      15
      19
      25
      23
      20
      15
      29
      33
      18
      20
       8
      16
      27
      23
      18
      18
      20
      19
      23
      22
      23
      23
      20
      17
      11
      13
      19
      15
      13
      25
      25
      21
      18
      16
      20
      14
      23
      13
      19
      19
      14
      22
      21
      20
      19
      19
      20
      21
      20
      25
      13
      18
      15
      15
      22
      24
      15
      19
      14
      22
      17
      19
      21
      29
      28
      19
      21
      15
      14
      25
      25
      17
      23
      19
      25
      20
      23
      28
      23
      24
      24
      22
      17
      27
      17
      16
      20
      20
      32
      24
      28
      33
      40
      49
      76
      66
      82
     117
     111
     128
     115
     118
      91
      82
      70
      47
      43
      25
      39
      20
      30
      16
      24
      15
      13
      24
      16
      22
      19
      14
      18
      16
      13
      16
      25
      14
      14
      22
      14
      14
      16
      20
      22
      20
      18
      23
      13
      13
      18
      11
      20
      21
      26
      15
       9
      21
      17
      19
      21
      17
      25
      20
      19
      23
      22
      16
      16
      25
      26
      13
      24
      23
      27
      20
      22
      19
      16
      25
      28
      20
      22
      17
      19
      15
      16
      23
      23
      17
      18
      21
      16
      18
      26
      14
      15
      19
      10
      16
      22
      18
      15
      20
      15
      17
      16
      13
      22
      21
      17
      21
      17
      17
      16
      15
      14
      22
      14
      17
      14
      21
      12
      18
      24
      13
      19
      22
      22
      17
      10
      12
      23
      21
      21
      23
      15
      16
      19
      14
      22
      23
      22
      13
      20
      21
      22
      19
      19
      24
      18
      16
      28
      18
      26
      15
      20
      23
      20
      16
      24
      23
      25
      14
      16
      17
      12
      26
      19
      14
      21
      20
      23
      14
      16
      24
      15
      13
      23
      21
      21
      28
      31
      31
      25
      28
      34
      28
      34
      27
      22
      23
      22
      17
      28
      22
      23
      17
      27
      17
      19
      18
      21
      21
      16
      18
      21
      16
      20
      22
      33
      24
      22
      21
      23
      22
      25
      21
      22
      23
      16
      17
      24
      23
      31
      22
      15
      13
      19
      18
      13
      25
      21
      16
      24
      17
      14
      22
      16
      15
      18
      18
      24
      15
      17
      26
      14
      17
      25
      20
      20
      22
      14
      16
      24
      20
      29
      22
      14
      14
      20
      14
      20
      15
      24
      20
      18
      17
      21
      19
      18
      21
      21
      20
      22
      23
      18
      22
      13
      18
      20
      24
      24
      18
      18
      12
      21
      12
      13
      14
      17
      22
      16
      18
      18
      19
      17
      22
      19
      15
      26
      12
      14
      21
       5
      24
      19
      14
      14
      16
      18
      17
      23
      23
      12
      15
      13
      16
      14
      17
      17
       8
      16
      14
      15
      20
      14
      20
      17
      15
      15
      19
      25
      15
      12
      17
      24
       7
      16
      19
      26
      15
      14
      19
      20
      15
      13
      20
      16
      25
      13
      17
      22
      13
      17
      21
      21
      13
      21
      20
      18
      15
      16
      18
      19
      24
      26
      28
      22
      19
      24
      18
      16
      18
      19
      17
      20
      14
      16
       9
      19
      19
      21
      21
      15
      16
      16
      21
      18
      26
      18
      27
      26
      34
      33
      31
      37
      44
      53
      49
      32
      43
      43
      37
      39
      20
      28
      13
      17
      17
      22
      15
      21
      15
      24
      12
      16
      10
      21
      10
      12
      20
      10
      15
      17
      18
      21
      18
      19
      17
      17
      24
      12
      18
      14
      21
      22
      22
      19
      16
      15
      11
      26
      24
      15
      16
      13
      14
      20
      19
      18
      19
      13
      21
      15
      18
      19
      17
      25
      16
      11
      14
       8
      20
      15
      15
      25
      19
      14
      24
      16
      25
      22
      17
      17
      18
      12
      22
      15
      12
      14
      17
      16
      17
       9
      16
      16
      17
      19
      15
      15
      19
      17
       9
      14
      24
      25
      14
      11
      17
      12
      11
      17
      10
      20
      12
      16
      17
      18
      17
      13
      19
      17
      20
      20
      15
      20
      20
      19
      17
      14
      17
      22
      17
      14
      21
      18
      20
       7
      18
      15
      11
      13
      20
      14
      22
      24
      21
      18
      13
      11
      18
      22
      20
      22
      14
      18
      10
      18
      15
      12
      22
      15
      22
      14
      14
      16
       9
      20
      21
      13
      12
      12
      15
      13
      12
      21
      13
      13
      16
      10
      15
      15
      16
      19
      13
      14
      27
      22
      12
      15
      18
      13
      14
      11
      16
      13
      18
      20
      18
      11
      11
      18
       8
      14
      13
      13
      16
      10
      12
      11
      19
      15
      12
      13
      14
      20
      10
       8
       9
      12
      12
      19
       9
      20
      15
      16
      14
      18
      16
      17
      11
      19
      15
      16
      18
      16
      13
      18
      17
      21
      14
      11
      14
      24
      14
      17
      14
      14
      17
      15
      17
      18
      14
      13
      18
      25
      26
      13
      29
      13
      15
      15
      16
      12
      20
      17
      14
      16
      11
      17
      13
      12
      25
      16
      17
      17
      11
      11
      15
      17
      13
      22
      16
      17
      15
      13
      18
      12
      11
      19
      16
      24
      11
      22
      19
      14
      20
      19
      19
      20
      25
      23
      26
      31
      27
      22
      18
      16
      19
      20
      15
      11
      15
       9
      16
      15
      14
      14
      13
      21
      15
      16
       9
      14
      10
      13
      25
      11
      18
      14
      21
      17
      18
      16
      20
      14
      19
      17
      13
      17
      13
      10
      11
      14
      13
      17
      10
      23
      14
      20
       7
      15
       8
      15
      13
      17
      14
      12
       8
      18
      10
      16
      18
      20
      19
      18
      16
      17
      12
      16
      11
      11
      14
      14
      10
      12
      12
      19
      14
      15
       9
      18
      20
      15
      19
      15
      16
      25
      19
      23
      13
      19
      15
      18
      14
      19
      12
      20
      25
      11
      17
      20
      17
      18
      23
      18
      18
      21
      19
      22
      18
      14
      19
      18
      20
      14
      13
      12
      15
      20
      18
       9
      15
      17
      11
      15
      15
      19
      15
      18
      13
      11
      13
      18
       7
      13
      12
      13
      14
      16
      13
      12
      13
      20
      20
      14
      16
      16
       9
      13
      19
      16
      13
      12
      19
      17
      18
      15
       9
      14
      16
      15
      19
      21
      12
      15
      11
      12
       7
      18
      13
      27
      20
      10
      12
      19
      13
      13
      16
      20
      15
      24
      11
      14
      22
      18
      14
       8
      18
      12
      17
      20
      16
      15
      12
      17
      16
      11
      17
      11
      17
      19
      23
      23
      17
      14
      13
      13
      20
      21
      17
      14
      11
      14
      14
      16
      15
      18
      16
      13
      12
      11
      12
      14
      19
      13
      11
      10
      10
      12
      13
      18
       8
      16
      19
      14
      19
      18
      14
      16
      27
      14
       8
      16
      13
      18
      16
      19
      19
      10
      15
      25
      10
      17
      21
      15
      17
      18
      18
      15
      17
      15
      20
      15
      17
      13
      12
      23
      16
      14
      15
       9
      14
      14
      11
      16
      12
      12
      16
      21
      14
      19
      19
      10
      19
      13
      14
      18
      22
      14
      11
      18
      16
      12
      18
      14
      12
      20
      17
      11
      22
      15
      15
      20
      14
      12
      18
      32
      22
      15
      21
      16
      22
      12
      21
      15
      15
       8
      18
      19
      16
      17
      15
      15
      16
      16
      20
      11
      17
      12
      15
       9
      26
      14
      13
      10
      14
      20
      13
      12
      20
      14
      16
      12
      12
      14
      14
      10
      17
      18
       9
      15
      12
      16
      13
      12
      21
      10
      11
      11
       7
      13
      11
      13
      15
      12
      11
      15
      20
      15
      16
      17
      14
      12
      16
      15
      18
       9
      17
      20
      21
      17
      16
      18
      22
      22
      39
      59
      72
      77
     132
     155
     219
     254
     274
     334
     389
     391
     392
     393
     360
     296
     260
     196
     137
      94
      79
      56
      50
      24
      22
      18
      15
      13
      25
      10
      20
      22
      16
      13
      12
      14
      18
      18
      18
      12
      15
      16
      22
      17
      19
      13
      16
      17
      12
       9
      17
      21
      17
      15
      16
      13
      21
      10
      14
      13
      12
      15
      14
      17
      15
       9
      21
       7
      20
      10
      15
      10
       9
      13
      18
      11
       7
      15
       9
      14
      16
      21
      10
      18
      16
      26
      22
      19
      21
      23
      14
      16
      18
      24
      18
      19
      10
      19
      22
      20
      13
       9
      15
      13
      16
      10
      10
      15
      15
       9
      12
      20
      12
      16
      15
      12
      13
      15
      16
      21
      11
      17
      13
      14
      12
      11
       6
      15
      15
      16
      13
      15
       6
       8
      20
      18
      16
      17
      12
      16
      10
      14
      11
      11
      18
      17
      23
      11
      10
      17
      12
      10
      26
      14
      15
      13
      23
      12
      21
      11
      18
      16
      20
      12
      14
       9
      12
      19
      11
      16
      14
      10
       9
      16
      17
      13
      18
      10
      14
      14
      14
      10
      20
      10
      16
      12
      17
       9
      13
       8
      17
      20
      16
      17
      18
      19
      15
      15
      10
      10
      19
      15
      13
      17
      20
      22
      35
      33
      34
      29
      43
      47
      49
      62
      68
      59
      50
      36
      38
      34
      22
      25
      20
      12
      16
      13
      17
      16
      14
      13
       9
       8
      15
      20
      13
      10
      18
      13
      17
      17
      10
      21
      24
      10
      15
      18
      12
       8
      17
      12
      17
      13
      11
       9
      12
      12
      13
      12
      14
      14
      16
      12
      14
      14
      16
      21
      11
      18
       9
      17
      18
      13
      17
      16
      11
      13
      16
      15
      10
       8
      12
      14
      10
      15
      14
      14
      10
      11
      20
      11
      21
      10
       6
      14
      15
      12
      11
       7
       5
      15
      11
      15
      12
      10
      19
       9
      14
      19
      11
      17
      10
      15
      13
      14
      16
      19
      14
      13
      16
      20
      15
      14
      25
      12
      13
      19
      11
      16
      14
      14
      16
      16
      17
       8
       9
      12
       7
      22
      17
      10
      16
      11
      22
      11
      13
      18
       9
      13
      11
      14
      10
      10
      19
       7
      12
      10
      13
      10
      22
      16
      16
      11
       7
      15
      23
       7
      19
      14
      26
      17
      28
      28
      24
      14
      15
      21
      14
      15
      13
       8
      22
      13
       8
      15
       9
      10
      11
      11
      14
      11
      13
      19
      12
       7
      14
       8
      18
       7
      15
      12
      10
      23
      10
      10
      20
       8
      10
      10
      14
      16
      19
      10
      10
      10
      12
      13
      16
       8
      17
      17
       4
      15
      14
      10
      11
      17
      16
       9
       9
       8
       8
      11
      11
       5
      17
      17
       9
      22
      16
      13
       9
      15
      17
      13
      17
      18
      12
       8
      15
       9
      17
      11
      17
      12
      14
      16
      16
      12
      15
      11
      13
      11
      10
      14
      11
      12
      15
      11
       9
      14
       8
      13
      13
      16
      14
      11
      14
      19
      19
      10
      14
      10
       6
       9
      16
      13
       9
      14
      11
       7
      11
      14
      19
      11
      16
      13
      17
      16
      16
      12
      14
      15
      15
      18
      16
       7
      18
      14
      17
      18
      19
      16
      22
      22
      24
      20
      16
      17
      32
      27
      24
      14
      10
      10
      20
      11
      10
      13
      11
      13
      10
      10
       7
      13
       7
      18
       8
      13
       4
      15
       8
      11
      13
      10
      12
      14
      16
      15
      11
      12
      17
      10
      12
      11
      10
      10
      11
       7
       7
      15
      10
      11
      15
      11
      21
      17
      16
      17
      13
       9
      16
      13
      12
       8
      12
      10
      18
      15
      20
      15
      15
      14
       6
      18
      16
      11
      15
      13
      12
      16
      17
      11
      19
      13
      15
      17
      12
       6
      14
      13
       8
      10
      12
      13
       8
      15
       9
      14
      10
      20
      19
      14
       6
       8
      14
      11
      13
       9
      15
      14
      14
       8
       7
      18
      13
       8
      15
      14
      14
       8
      16
      12
      14
      15
       9
      18
      13
      10
       9
      13
      11
      15
      14
      11
      11
      15
       7
      11
      11
      11
       9
      13
      12
       9
       9
      14
      13
      14
      16
       8
      12
      13
       5
      13
      12
      12
      13
      17
      14
      17
      12
       5
      11
       6
       8
      16
      15
       9
      12
      16
      21
      16
      25
      21
      31
      56
      64
      69
      80
     103
     112
     152
     163
     145
     131
     150
     126
     106
      94
      56
      53
      41
      31
      20
      22
      17
      20
      10
      13
      24
      11
      11
       6
      13
      15
      12
      17
       6
      10
      14
      18
      15
      14
      10
       9
      13
      14
      12
       8
      13
      14
       9
      12
      10
      13
      18
      12
      17
       9
       8
      11
      10
       6
      11
      13
      11
       7
      13
       9
      14
       8
      11
       9
      13
       9
      13
       9
      12
       8
      15
      18
      10
      10
      10
      19
      15
      10
      14
      17
      10
      17
      12
      14
      20
       9
      19
      19
      16
      21
      21
      17
      17
      27
      18
      13
      20
      20
      14
      11
      22
      14
      10
      17
       9
      11
      13
       6
      15
      11
      13
       7
      13
       6
       6
       8
      19
       8
       5
       8
      15
      13
      15
       8
       7
      21
       8
      10
      15
      12
       6
      12
      10
      12
      15
       7
      12
      10
      11
       3
      14
      14
       6
       9
      10
       7
      11
      10
      13
      12
       8
      13
      16
      15
      14
      14
       9
      16
       9
       9
      17
       3
       8
      17
      13
      12
       8
      11
       9
       9
      13
       4
      12
      10
      12
      10
      13
      13
      12
       8
      17
      16
      10
       8
       8
      10
       8
      12
      13
       5
      14
       8
      11
      14
      14
      16
      16
       6
      13
       6
      15
      11
      18
       8
      10
      18
       5
      19
       8
       9
       7
      15
      11
      13
      14
      12
      13
      12
      10
       8
      12
      13
       9
      16
       7
      12
       4
       8
      11
      12
      11
      12
      10
      14
      11
      14
       9
      14
      15
      14
      15
      15
      10
      20
      16
      28
      22
      27
      37
      42
      36
      32
      44
      35
      38
      29
      30
      33
      21
      22
      21
      13
      18
      12
      14
      11
      14
      10
       5
      10
      15
      12
       9
      18
       7
      13
      14
      13
       9
       9
       9
      12
       8
      11
       9
      13
      12
      10
       8
       7
      10
       9
      17
       6
       6
      16
      12
      14
      11
      11
       7
       9
      11
      11
       9
       4
       8
       9
      13
      12
      11
       9
       9
      12
      13
      11
       8
       6
      15
      12
      10
       4
       9
       8
       5
      11
      12
       9
       7
      10
      14
       7
       6
      12
       9
      11
      10
      11
       8
      10
       8
      10
      12
      10
       9
      11
      10
      11
       6
      13
       7
       5
      10
      15
       9
      11
       9
      16
       5
      12
      13
      12
       8
      12
      12
      12
      16
      12
      10
      12
       9
      13
       6
      10
       9
       8
       9
      10
       9
      13
       9
      14
      11
      16
      16
      10
      10
      16
      14
       9
      12
       8
      18
      12
       6
      13
      10
       7
       5
       9
      13
       9
      13
      11
      14
      11
      14
       7
       9
       8
      13
      13
      14
       5
       6
      12
      13
      13
      13
      18
      11
      21
      10
       6
      10
       5
       8
      10
      10
       8
      11
       7
      10
      10
       8
       8
       9
       8
       8
       9
      19
      12
      12
      13
      15
      14
       8
       8
      12
       8
      10
      18
      11
       6
       6
       7
       8
      12
      13
      12
       7
      14
       9
      11
       6
      13
      12
      14
      10
      12
       8
       8
      12
      10
      12
      13
       7
       8
       9
      13
      10
      16
      13
       9
       9
       7
      10
      10
      14
       4
      16
      16
      13
      13
       7
      10
      12
      13
       5
      10
      13
      10
       7
      10
       3
       6
      12
       4
       6
       9
       2
      10
       9
      12
      10
       7
       8
       4
      11
       7
       9
      10
      11
      13
       4
       8
       9
      12
      11
       9
      11
      17
       9
      10
       7
      10
       8
       9
       9
       8
      12
      11
      17
      13
      10
      16
      11
       6
       8
       6
       9
       6
      11
       7
       6
       9
       9
       9
      15
       6
       8
      10
       6
      12
      12
       9
       6
      11
      11
       8
       6
      11
      15
      10
      12
       9
       8
      10
      11
      12
      11
      11
      12
       6
       7
       5
       9
       7
       4
       7
       8
       9
       7
       8
      12
       8
      13
       8
       9
       9
       7
      12
      13
       9
      11
       9
      18
       9
      17
       9
      17
      11
      14
      19
       5
       8
      11
      15
      11
       6
      14
      13
       5
       7
       6
      13
       6
      12
      12
       8
       9
       9
      11
       6
       9
      13
      14
      12
       8
       8
      10
       6
      13
       9
      13
      13
       8
       8
       8
      11
      10
       6
      11
       8
      11
      12
       9
      11
      15
      13
       7
       9
      12
      10
       9
       7
      11
      12
       3
      13
      13
       8
       9
      17
      10
      10
       7
       5
       9
       9
      10
       5
       8
      10
      10
       7
      11
      10
       8
      12
      12
       9
       8
       8
      15
      11
      16
       9
      14
      15
       9
       8
      10
       9
       5
       9
       6
       9
      11
      12
      14
      11
      10
      12
      10
      10
      10
      13
      11
       7
       9
       9
       8
      12
       6
      13
      10
      11
      11
      11
      13
       7
      10
      12
       5
      14
       9
      10
       7
       8
      16
       8
       7
       9
      10
      16
       9
      12
       8
       8
       8
      14
       9
      11
      15
      11
       6
      13
      11
       9
      10
      12
      11
       8
      13
       8
      13
       9
      10
      10
       9
      14
       5
      13
      12
       9
       4
      15
      12
       9
       9
      10
      14
       8
      11
       7
      13
      12
       5
       5
       7
      12
      16
      12
       8
      12
      13
      11
      16
      13
      23
      25
      34
      39
      51
      53
      59
      67
      69
     105
     101
      99
     117
      97
      78
      97
      60
      56
      42
      40
      20
      24
      15
      13
      15
      12
      10
       6
      11
       1
       7
       7
       4
       9
      12
       7
       9
       8
       7
       8
      12
       8
      10
       9
      11
      10
      14
      20
      16
      25
      19
      20
      33
      33
      23
      16
      32
      25
      27
      23
      25
      12
      13
      16
      19
      17
      13
       9
       7
       7
       9
      15
       5
       9
      10
      12
       7
       7
       9
      11
      11
       9
      12
       6
      10
      10
       7
      10
      10
       7
      11
      12
       7
       4
       8
      11
      19
      10
      11
      17
      12
       8
       9
       8
       8
       9
       5
       0
       0
       0
       0
       0
       0
       0
       0
       0
       0
       0
       0
       0
       0
       0
       0
       0
       0
       0
       0
       0
       0
       0
       0
       0
       0
       0
       0
       0
       0
       0
       0
       0
       0
       0
       0
       0
       0
       0
       0
       0
       0
       0
       0
       0
       0
       0
       0
       0
       0
       0
       0
       0
       0
       0
       0
       0
       0
       0
       0
       0
       0
       0
       0
       0
       0
       0
       0
       0
       0
       0
       0
       0
       0
       0
       0
       0
       0
       0
       0
       0
       0
       0
       0
       0
       0
       0
       0
       0
       0
       0
       0
       0
       0
       0
       0
       0
       0
       0
       0
       0
       0
       0
       0
       0
       0
       0
       0
       0
       0
       0
       0
       0
       0
       0
       0
       0
       0
       0
       0
       0
       0
       0
       0
       0
       0
       0
       0
