     544
     725
     748
     767
     728
     728
     733
     717
     670
     675
     664
     661
     664
     650
     684
     656
     674
     682
     616
     663
     618
     594
     597
     599
     646
     620
     575
     599
     602
     565
     594
     622
     625
     597
     607
     571
     587
     565
     539
     590
     593
     522
     553
     511
     559
     553
     565
     596
     520
     526
     521
     529
     567
     522
     578
     552
     542
     492
     566
     528
     524
     567
     507
     490
     491
     545
     525
     486
     517
     481
     458
     497
     509
     515
     505
     498
     488
     532
     454
     476
     442
     498
     487
     476
     468
     490
     455
     442
     461
     436
     488
     443
     444
     432
     452
     456
     447
     454
     404
     442
     470
     435
     450
     459
     431
     445
     411
     444
     461
     436
     432
     484
     422
     422
     425
     415
     421
     381
     433
     433
     435
     405
     408
     392
     412
     415
     403
     432
     371
     413
     445
     394
     412
     422
     391
     417
     400
     385
     403
     409
     418
     402
     385
     381
     376
     389
     375
     409
     364
     402
     366
     388
     382
     406
     404
     363
     390
     409
     381
     379
     372
     393
     366
     363
     388
     377
     396
     367
     383
     372
     377
     376
     377
     362
     369
     339
     408
     375
     416
     378
     367
     376
     372
     362
     374
     364
     349
     401
     327
     359
     385
     374
     368
     388
     373
     372
     422
     365
     377
     370
     404
     374
     368
     381
     368
     377
     411
     391
     388
     395
     393
     362
     414
     362
     409
     378
     389
     465
     392
     394
     440
     439
     447
     441
     455
     412
     428
     442
     436
     450
     440
     442
     458
     508
     479
     453
     466
     471
     522
     515
     523
     590
     853
    1554
    2936
    4948
    7090
    8500
    8409
    6779
    4666
    2665
    1328
     747
     424
     330
     326
     304
     300
     317
     309
     331
     302
     282
     304
     292
     310
     297
     290
     293
     285
     289
     286
     264
     269
     299
     260
     305
     263
     279
     314
     283
     279
     293
     302
     277
     302
     269
     274
     309
     286
     270
     289
     263
     289
     299
     285
     292
     280
     279
     315
     300
     271
     295
     277
     301
     280
     282
     316
     275
     321
     263
     317
     316
     295
     296
     292
     280
     277
     292
     294
     276
     254
     288
     275
     286
     300
     285
     274
     250
     339
     310
     296
     293
     300
     287
     300
     299
     279
     290
     289
     311
     289
     274
     290
     287
     277
     295
     284
     322
     302
     292
     293
     264
     270
     308
     288
     310
     290
     280
     293
     294
     259
     281
     247
     322
     320
     289
     278
     321
     255
     257
     307
     299
     276
     306
     322
     285
     297
     281
     291
     292
     278
     278
     273
     282
     266
     288
     286
     275
     263
     312
     303
     321
     300
     315
     256
     283
     274
     284
     308
     273
     313
     263
     318
     325
     266
     310
     331
     362
     468
     495
     551
     649
     504
     405
     354
     315
     326
     291
     286
     304
     293
     254
     321
     262
     285
     298
     283
     276
     274
     292
     288
     269
     268
     293
     309
     297
     279
     280
     288
     282
     294
     262
     316
     261
     262
     285
     291
     274
     296
     284
     274
     310
     260
     297
     304
     309
     290
     259
     268
     296
     290
     282
     312
     283
     275
     289
     256
     311
     303
     292
     261
     303
     310
     318
     336
     322
     303
     296
     284
     281
     266
     283
     258
     287
     273
     328
     298
     305
     263
     303
     299
     274
     281
     282
     318
     350
     322
     320
     317
     312
     292
     275
     306
     280
     296
     268
     281
     284
     294
     315
     292
     281
     300
     272
     276
     290
     264
     257
     316
     295
     267
     306
     320
     263
     305
     299
     274
     265
     271
     273
     291
     308
     267
     259
     253
     329
     286
     239
     298
     309
     282
     255
     305
     295
     270
     283
     273
     270
     272
     308
     297
     266
     247
     275
     297
     282
     323
     300
     304
     271
     294
     281
     296
     293
     292
     267
     271
     300
     257
     272
     293
     287
     293
     295
     284
     302
     271
     254
     292
     292
     298
     285
     276
     286
     257
     280
     268
     289
     304
     276
     283
     283
     265
     277
     294
     272
     306
     294
     281
     276
     244
     292
     276
     255
     290
     287
     306
     294
     285
     325
     259
     265
     275
     305
     287
     296
     286
     275
     292
     269
     287
     318
     265
     267
     283
     298
     275
     304
     267
     289
     268
     273
     261
     301
     260
     279
     229
     290
     264
     283
     293
     251
     287
     284
     259
     264
     258
     311
     281
     281
     261
     297
     290
     265
     266
     281
     279
     257
     256
     244
     278
     264
     281
     270
     281
     259
     267
     221
     281
     237
     278
     248
     275
     276
     274
     256
     266
     242
     270
     248
     266
     242
     297
     283
     245
     260
     271
     244
     264
     277
     274
     266
     263
     294
     298
     267
     255
     265
     266
     254
     297
     272
     264
     233
     263
     293
     265
     263
     273
     260
     258
     255
     276
     260
     277
     274
     265
     274
     257
     299
     267
     224
     268
     272
     289
     292
     270
     260
     262
     264
     230
     276
     242
     260
     251
     267
     275
     248
     277
     254
     298
     255
     288
     256
     262
     261
     242
     257
     244
     239
     278
     270
     284
     253
     274
     262
     256
     283
     272
     272
     243
     228
     224
     255
     254
     266
     276
     282
     274
     235
     285
     274
     248
     231
     263
     266
     244
     276
     245
     271
     264
     251
     273
     276
     247
     254
     256
     262
     254
     275
     283
     220
     244
     257
     256
     239
     242
     230
     250
     235
     251
     263
     243
     256
     206
     254
     255
     258
     264
     218
     264
     279
     247
     247
     228
     242
     227
     261
     278
     279
     237
     244
     241
     260
     232
     246
     229
     247
     239
     264
     267
     247
     241
     264
     228
     266
     234
     244
     237
     263
     257
     262
     248
     240
     255
     224
     251
     226
     258
     235
     228
     215
     258
     234
     244
     263
     245
     269
     268
     254
     272
     257
     257
     231
     255
     267
     288
     223
     249
     242
     233
     252
     243
     251
     245
     222
     260
     243
     247
     239
     252
     249
     230
     228
     258
     226
     235
     256
     225
     254
     261
     246
     266
     245
     232
     240
     253
     243
     257
     268
     224
     256
     250
     242
     263
     272
     224
     261
     244
     257
     245
     239
     227
     237
     235
     234
     249
     273
     257
     204
     230
     250
     242
     229
     241
     242
     226
     219
     254
     253
     236
     259
     274
     222
     243
     214
     242
     243
     232
     255
     215
     239
     254
     247
     228
     258
     213
     226
     266
     242
     253
     250
     256
     287
     230
     226
     230
     261
     256
     235
     255
     259
     229
     260
     251
     266
     237
     237
     260
     277
     270
     263
     264
     241
     255
     269
     297
     273
     243
     264
     241
     268
     222
     273
     273
     294
     234
     236
     225
     224
     261
     258
     242
     255
     248
     266
     265
     262
     242
     259
     240
     248
     246
     242
     244
     283
     258
     241
     232
     245
     250
     254
     227
     219
     240
     214
     288
     246
     265
     247
     250
     264
     235
     255
     251
     237
     241
     254
     253
     238
     269
     242
     243
     258
     246
     248
     271
     273
     236
     274
     239
     240
     248
     263
     250
     240
     235
     234
     231
     245
     259
     233
     233
     240
     222
     258
     250
     232
     275
     258
     253
     233
     212
     240
     236
     255
     263
     256
     263
     256
     260
     232
     249
     244
     235
     232
     249
     249
     255
     246
     265
     279
     253
     266
     265
     257
     260
     231
     243
     237
     269
     241
     236
     247
     224
     242
     278
     228
     259
     245
     262
     229
     227
     203
     243
     228
     243
     217
     267
     257
     252
     247
     223
     246
     255
     246
     266
     219
     263
     235
     252
     243
     224
     231
     232
     247
     269
     247
     253
     221
     229
     238
     225
     248
     243
     249
     242
     235
     258
     245
     244
     256
     234
     272
     252
     252
     236
     252
     239
     257
     212
     275
     240
     249
     260
     269
     234
     282
     229
     264
     243
     269
     257
     242
     255
     248
     273
     224
     242
     257
     234
     267
     235
     242
     241
     277
     283
     239
     237
     221
     228
     251
     257
     254
     219
     252
     245
     248
     257
     272
     250
     220
     243
     248
     245
     237
     249
     224
     242
     233
     224
     268
     251
     260
     218
     262
     226
     304
     225
     228
     251
     252
     229
     232
     209
     245
     243
     214
     246
     233
     225
     249
     236
     237
     240
     232
     215
     221
     215
     248
     244
     224
     231
     236
     212
     231
     237
     221
     246
     225
     244
     226
     220
     234
     263
     259
     221
     246
     224
     215
     233
     241
     231
     242
     222
     217
     233
     247
     227
     239
     226
     230
     240
     228
     240
     211
     244
     230
     216
     209
     220
     249
     253
     249
     248
     213
     233
     222
     247
     228
     256
     281
     263
     279
     238
     257
     228
     228
     219
     224
     229
     221
     240
     219
     231
     236
     222
     200
     224
     228
     231
     221
     212
     240
     217
     233
     203
     230
     225
     213
     211
     223
     217
     216
     213
     211
     227
     206
     209
     243
     207
     217
     225
     260
     226
     224
     234
     193
     227
     212
     228
     236
     197
     212
     226
     242
     228
     238
     217
     212
     243
     192
     217
     227
     236
     224
     240
     187
     190
     211
     238
     213
     235
     200
     203
     229
     245
     209
     210
     248
     207
     214
     231
     214
     204
     215
     234
     230
     233
     211
     236
     222
     224
     218
     215
     218
     229
     224
     226
     186
     214
     231
     216
     227
     226
     215
     199
     207
     199
     213
     246
     197
     216
     213
     231
     202
     213
     220
     214
     205
     198
     223
     219
     207
     217
     189
     236
     230
     199
     221
     248
     220
     212
     197
     201
     199
     215
     215
     207
     207
     203
     191
     234
     265
     228
     206
     205
     223
     236
     228
     239
     205
     168
     220
     216
     223
     208
     213
     192
     187
     243
     207
     212
     192
     225
     175
     209
     197
     214
     191
     220
     214
     188
     223
     186
     231
     221
     186
     204
     209
     203
     206
     213
     193
     200
     214
     222
     204
     204
     220
     234
     218
     191
     215
     197
     212
     203
     215
     217
     217
     212
     211
     208
     205
     211
     203
     215
     192
     196
     192
     195
     208
     223
     212
     232
     220
     219
     202
     204
     205
     215
     223
     214
     220
     190
     199
     199
     204
     199
     189
     212
     212
     208
     213
     201
     204
     207
     211
     224
     205
     204
     202
     216
     200
     214
     205
     213
     211
     206
     213
     207
     200
     197
     191
     205
     218
     211
     190
     212
     207
     203
     199
     222
     212
     211
     188
     208
     200
     199
     197
     198
     230
     204
     207
     201
     220
     192
     212
     191
     207
     204
     193
     196
     195
     212
     195
     203
     186
     211
     202
     198
     216
     171
     184
     190
     206
     224
     207
     181
     198
     206
     190
     191
     201
     198
     203
     174
     184
     215
     198
     207
     203
     204
     199
     181
     179
     203
     202
     189
     194
     191
     206
     211
     177
     204
     187
     223
     200
     200
     218
     220
     224
     239
     230
     203
     186
     201
     229
     184
     210
     191
     215
     223
     192
     209
     188
     216
     205
     199
     198
     181
     201
     209
     182
     202
     192
     189
     216
     219
     203
     211
     210
     189
     195
     208
     196
     184
     227
     222
     188
     198
     192
     195
     214
     203
     192
     178
     170
     186
     192
     179
     215
     204
     208
     200
     205
     204
     189
     207
     209
     201
     201
     175
     203
     194
     194
     193
     218
     179
     191
     191
     183
     189
     194
     203
     185
     198
     177
     181
     207
     208
     205
     207
     197
     216
     211
     230
     234
     204
     256
     206
     193
     206
     208
     200
     178
     199
     199
     202
     202
     182
     176
     195
     196
     198
     197
     197
     212
     181
     221
     175
     174
     182
     176
     208
     188
     194
     190
     209
     195
     200
     205
     175
     202
     199
     208
     192
     179
     192
     181
     193
     182
     174
     208
     203
     192
     222
     181
     196
     193
     194
     192
     163
     171
     177
     201
     198
     181
     184
     202
     206
     185
     193
     196
     184
     199
     198
     192
     189
     182
     202
     204
     203
     216
     224
     206
     202
     206
     183
     195
     184
     189
     200
     202
     209
     210
     167
     199
     189
     213
     186
     175
     188
     176
     182
     176
     196
     211
     179
     196
     204
     199
     228
     173
     167
     203
     216
     187
     178
     202
     207
     208
     218
     211
     215
     225
     200
     199
     182
     214
     194
     209
     191
     194
     199
     206
     189
     194
     219
     200
     184
     201
     207
     186
     202
     165
     200
     187
     188
     194
     191
     200
     201
     204
     168
     183
     198
     182
     205
     225
     213
     208
     228
     202
     185
     197
     205
     185
     198
     220
     216
     208
     200
     210
     192
     204
     195
     174
     181
     146
     193
     175
     171
     176
     193
     197
     180
     220
     201
     187
     184
     218
     202
     212
     217
     181
     183
     203
     174
     212
     181
     206
     223
     193
     195
     182
     226
     196
     200
     182
     196
     214
     213
     188
     204
     181
     210
     188
     190
     211
     182
     204
     187
     210
     190
     216
     204
     202
     205
     207
     186
     196
     204
     182
     183
     191
     187
     188
     213
     199
     201
     192
     201
     177
     186
     199
     212
     203
     218
     239
     206
     224
     230
     179
     190
     216
     178
     193
     191
     184
     218
     198
     172
     171
     223
     189
     193
     204
     199
     179
     207
     189
     212
     184
     220
     206
     194
     204
     171
     179
     194
     191
     164
     182
     190
     203
     211
     194
     197
     198
     219
     178
     198
     219
     190
     197
     167
     174
     205
     195
     221
     194
     193
     197
     193
     199
     180
     207
     190
     177
     172
     209
     200
     202
     185
     211
     181
     188
     196
     188
     163
     178
     209
     197
     183
     179
     192
     190
     204
     179
     191
     195
     223
     182
     191
     213
     211
     175
     215
     220
     188
     207
     210
     224
     184
     187
     203
     217
     221
     180
     196
     193
     192
     187
     178
     220
     196
     205
     183
     206
     197
     202
     205
     197
     172
     179
     181
     194
     192
     198
     201
     185
     187
     202
     193
     196
     193
     210
     214
     195
     207
     180
     176
     202
     195
     189
     193
     165
     172
     195
     182
     219
     202
     221
     201
     203
     202
     205
     208
     183
     205
     198
     201
     187
     214
     198
     213
     201
     172
     215
     201
     192
     193
     178
     197
     199
     214
     236
     186
     173
     196
     214
     210
     215
     176
     198
     222
     205
     194
     206
     172
     177
     200
     198
     188
     212
     180
     219
     190
     185
     193
     197
     185
     197
     211
     210
     197
     213
     203
     212
     193
     204
     204
     199
     209
     224
     196
     187
     214
     201
     199
     193
     200
     192
     217
     211
     235
     209
     213
     191
     206
     200
     230
     193
     221
     211
     190
     199
     186
     206
     185
     215
     201
     219
     206
     194
     211
     193
     174
     207
     201
     197
     176
     198
     194
     202
     214
     183
     226
     172
     189
     195
     189
     205
     178
     219
     222
     195
     190
     210
     192
     215
     219
     222
     204
     200
     219
     195
     196
     195
     197
     194
     191
     208
     195
     214
     178
     196
     230
     193
     207
     177
     210
     188
     191
     204
     210
     199
     182
     218
     201
     226
     205
     189
     204
     213
     193
     204
     182
     212
     192
     207
     212
     203
     190
     199
     183
     208
     215
     209
     207
     199
     202
     210
     212
     230
     222
     224
     202
     179
     234
     194
     193
     220
     222
     223
     207
     204
     208
     217
     245
     179
     198
     217
     194
     193
     198
     188
     191
     212
     198
     204
     237
     208
     196
     230
     197
     201
     206
     244
     229
     198
     226
     226
     215
     196
     219
     192
     195
     220
     203
     229
     212
     222
     234
     232
     219
     190
     239
     199
     217
     222
     206
     196
     188
     209
     211
     223
     190
     213
     210
     218
     224
     217
     200
     215
     207
     219
     203
     220
     218
     240
     216
     198
     200
     209
     234
     207
     235
     213
     222
     218
     211
     226
     228
     199
     225
     210
     188
     224
     203
     184
     217
     189
     215
     233
     224
     220
     216
     217
     240
     203
     218
     249
     211
     220
     230
     233
     222
     217
     206
     201
     212
     206
     201
     201
     217
     223
     242
     218
     224
     216
     224
     224
     207
     184
     207
     229
     260
     216
     228
     233
     220
     226
     214
     210
     195
     231
     221
     222
     242
     213
     215
     201
     227
     247
     220
     202
     219
     211
     211
     239
     212
     204
     229
     221
     218
     239
     260
     198
     234
     231
     213
     250
     244
     229
     230
     233
     237
     219
     236
     260
     222
     225
     222
     239
     243
     238
     269
     232
     218
     234
     213
     209
     191
     221
     238
     250
     238
     257
     225
     236
     257
     252
     232
     244
     222
     237
     194
     223
     235
     250
     236
     239
     233
     247
     247
     239
     235
     226
     227
     242
     249
     250
     244
     229
     278
     228
     234
     267
     218
     215
     243
     259
     221
     244
     247
     247
     254
     239
     272
     217
     242
     231
     240
     241
     265
     212
     215
     236
     210
     239
     248
     255
     230
     254
     263
     237
     232
     247
     217
     224
     253
     250
     248
     257
     270
     262
     255
     231
     248
     231
     231
     255
     260
     236
     254
     244
     231
     225
     262
     245
     253
     265
     249
     233
     267
     254
     240
     234
     256
     236
     207
     264
     271
     242
     268
     239
     250
     276
     227
     242
     281
     261
     267
     240
     236
     247
     264
     278
     238
     256
     256
     255
     279
     247
     271
     241
     206
     261
     265
     260
     263
     254
     271
     268
     272
     271
     258
     256
     271
     251
     278
     263
     273
     279
     242
     278
     265
     260
     272
     279
     235
     275
     262
     234
     246
     260
     269
     278
     281
     263
     248
     285
     234
     271
     256
     219
     266
     289
     251
     249
     251
     259
     266
     278
     273
     257
     292
     272
     265
     269
     291
     215
     273
     276
     256
     258
     264
     259
     307
     259
     261
     256
     260
     261
     253
     260
     254
     235
     296
     269
     240
     262
     270
     271
     233
     272
     248
     225
     248
     257
     230
     219
     238
     239
     242
     251
     264
     219
     206
     193
     231
     219
     211
     211
     230
     203
     221
     204
     222
     190
     189
     186
     219
     213
     183
     183
     168
     202
     212
     200
     182
     184
     207
     170
     171
     181
     197
     203
     190
     190
     171
     199
     178
     178
     208
     172
     159
     154
     147
     166
     169
     142
     150
     180
     184
     169
     184
     190
     194
     180
     174
     186
     180
     178
     177
     176
     162
     142
     152
     161
     179
     174
     180
     186
     184
     161
     173
     177
     157
     150
     151
     153
     159
     153
     163
     139
     162
     165
     166
     141
     163
     145
     159
     147
     172
     182
     129
     146
     156
     157
     165
     162
     151
     177
     145
     152
     145
     154
     140
     148
     150
     157
     179
     167
     142
     158
     172
     144
     150
     151
     161
     151
     154
     145
     149
     167
     147
     164
     137
     147
     154
     144
     139
     141
     139
     132
     121
     178
     119
     145
     138
     142
     155
     165
     137
     150
     166
     151
     139
     151
     163
     145
     141
     148
     149
     152
     136
     139
     150
     149
     136
     156
     133
     144
     128
     132
     135
     134
     136
     123
     162
     168
     148
     142
     133
     161
     118
     130
     123
     116
     151
     120
     158
     145
     143
     140
     135
     113
     141
     130
     140
     121
     143
     140
     143
     134
     144
     149
     130
     144
     131
     142
     130
     129
     159
     149
     131
     146
     146
     165
     124
     120
     124
     123
     156
     144
     129
     114
     126
     127
     139
     116
     111
     139
     131
     123
     132
     126
     117
     131
     115
     121
     122
     140
     128
     118
     113
     113
     139
     137
     108
     120
     117
     133
     120
     115
     115
     123
     108
     111
     123
     128
     129
     123
     107
     132
     112
     120
     118
     127
     124
     119
     113
     123
     140
     123
     137
     116
     111
     110
     102
     121
     122
     117
     114
     126
     118
     127
     108
      93
     116
     127
     106
     102
     103
     113
     120
     132
     126
     111
     125
     116
     128
     111
      98
     125
     135
     106
     120
     119
     118
     122
     110
     125
     129
     126
     126
     124
      99
     128
     134
     127
     107
     105
     136
     124
     115
     106
      95
      92
     105
     110
     101
     107
     124
      91
     111
     103
     101
     119
      93
     109
     121
     108
     103
     116
      98
     113
     115
     101
      93
      87
     118
     125
     105
     114
     113
     110
      93
     105
     108
     110
      98
     104
      88
     109
      89
      93
     118
      88
      99
      97
      96
      94
      99
     110
     119
      92
      89
     115
     107
      98
      94
      87
     112
     108
      84
      93
     113
      98
      84
     115
     103
      98
      97
      88
     111
     115
      91
      98
      94
     105
     104
     100
     109
      68
      88
     114
      96
      93
      93
      90
      94
      82
     106
     109
      82
     101
      91
     105
      91
      84
     103
      96
     104
      85
      98
      84
      79
      87
      79
     101
      70
      83
      95
      95
      85
      95
      98
      87
      92
      88
      91
      85
      80
      75
      70
     101
      89
      90
      92
      96
      98
     112
      85
      75
      93
      84
      89
     100
      80
      87
      80
      83
      78
      85
      86
      77
      85
      83
     100
      98
      74
      92
      88
      87
      77
      84
      94
      86
      78
      95
      77
      80
      61
     102
      76
      99
      86
      84
      76
      83
     106
      95
     100
      81
      95
      83
      83
      95
      89
     101
      72
      71
      87
      88
     101
      93
      82
      80
      66
      93
      70
      98
      74
      79
      76
      76
      85
      95
      95
      72
      87
      87
      95
      79
      88
      72
      74
      89
      86
      82
      89
      85
      77
      85
      73
      72
      67
      80
      77
      94
      91
      81
      82
      69
      72
      96
      86
      69
      85
      89
      81
      65
      78
      87
      77
      94
      73
      72
      90
      81
      79
      73
      83
      77
      77
      85
      78
      77
      89
      83
      64
      86
      65
      71
      78
      89
      67
      61
      81
      84
      84
      76
      77
      75
      73
      86
      74
      80
      75
      60
      68
      64
      86
      69
      76
      81
      63
      78
      86
      78
      70
      93
      73
      89
      85
      84
      85
      79
      73
      93
      81
      89
      75
      80
      91
      80
      77
      85
      82
      85
      86
      71
      82
      64
      89
      76
      78
      94
      59
      99
      88
      90
     101
     108
      84
     102
      90
      67
      73
     101
      96
      78
      61
      87
      90
      81
      84
      81
      75
      84
      96
      90
      82
      57
      75
      80
      68
      79
      85
      75
      89
      76
      73
      91
      89
      91
      82
      78
      77
      86
      75
      71
      68
      72
      84
      73
      71
      66
      82
      63
      78
      81
      58
      72
      85
      94
     105
      85
      64
      99
      87
      76
      79
      72
      73
      72
      81
      88
      68
      82
      71
      78
      89
      86
      60
      71
      73
      75
      78
      81
      83
      64
      77
      92
      72
      87
      80
      68
      71
      88
      81
      62
      78
      86
      73
      75
      72
      99
      86
      86
      75
      75
      79
      81
      74
      85
      91
      71
      68
      68
      67
      71
      84
      85
      59
      90
      80
      90
      69
      91
      80
      86
      84
      80
      93
      81
      83
      75
      78
      90
      79
      71
      79
      90
      74
      88
      72
      72
      71
      74
      71
      74
      84
      81
      77
      79
      90
      79
      97
     119
      88
     100
     114
     114
     105
     100
      89
      93
      80
      78
      72
      78
      69
      68
      91
      69
      80
      70
      78
      79
      64
      76
      88
      73
      75
      69
      83
      71
      74
      83
      68
      79
      83
      62
      71
      69
      60
      82
      60
      74
      88
      88
      72
      76
      74
      93
      83
      82
      85
      71
      76
      76
      63
      76
      76
      60
      62
      73
      72
      80
      58
      73
      82
      74
      78
      83
      79
      79
      71
      73
      71
      74
      93
      69
      58
      90
      75
      64
      87
      74
      90
      67
      80
      78
      85
      78
      82
      87
      85
      97
      63
      85
      68
      94
      69
      80
      78
      82
      91
      88
      79
      71
      75
      69
      74
      70
      77
      92
      67
      45
      75
      82
      70
      69
      93
      75
      75
      75
      62
      61
      78
      60
      62
      66
      99
      66
      86
      76
      74
      75
      77
      68
      83
      69
      54
      75
      88
      72
      66
      82
      68
      68
      74
      72
      90
      90
      68
      86
      78
      70
      81
      82
      64
      68
      66
      77
      91
      80
      86
      70
      73
      83
      70
      82
      92
      75
      72
      74
      80
      81
      71
      74
      81
      83
      68
      76
      82
      84
      79
      82
      82
      71
      74
      79
      77
      72
      93
      77
      75
      62
      72
      79
      75
      77
      75
      67
      60
      83
      56
      70
      77
      77
      82
      73
      92
      80
      76
      77
      86
      93
      81
      79
      87
      76
      67
      67
      83
      69
     100
      70
      62
      81
      84
      65
      77
      88
      88
      79
      76
      69
      75
      73
      81
      66
      73
      76
      72
      62
      66
      79
      77
      82
      79
      67
      64
      85
      71
      92
      63
      80
      82
      87
      61
      83
      59
      92
      67
      72
      76
      77
      70
      91
      84
      69
      66
      67
      66
      78
      60
      63
      80
      69
      76
      90
      78
      81
      68
      65
      87
      81
      84
      83
      71
      93
      82
      83
      89
      77
      85
      93
      96
      96
     131
     165
     226
     364
     577
     985
    1561
    2631
    4014
    5847
    8116
   10029
   11957
   12881
   12894
   11979
   10013
    8152
    5923
    3734
    2256
    1394
     691
     428
     282
     198
     156
     136
     145
     122
     104
     131
     140
     128
     105
      88
     105
      84
      89
      78
      74
      85
      85
      55
      70
      65
      67
      66
      91
      55
      68
      70
      60
      61
      65
      61
      57
      50
      67
      45
      62
      48
      64
      67
      56
      74
      50
      51
      55
      66
      67
      43
      65
      64
      50
      67
      71
      69
      54
      50
      47
      62
      72
      56
      51
      68
      43
      52
      53
      51
      55
      65
      66
      66
      61
      53
      57
      68
      68
      68
      63
      53
      51
      54
      77
      45
      55
      60
      60
      56
      60
      56
      53
      48
      59
      43
      54
      46
      46
      62
      63
      60
      66
      52
      59
      65
      55
      62
      60
      57
      55
      53
      55
      69
      50
      61
      58
      52
      65
      47
      61
      55
      60
      69
      54
      62
      66
      68
      55
      52
      43
      57
      53
      63
      57
      55
      52
      60
      63
      53
      60
      70
      62
      62
      58
      57
      50
      52
      58
      44
      62
      57
      64
      61
      51
      62
      69
      57
      55
      64
      54
      57
      55
      41
      70
      63
      56
      63
      53
      69
      51
      58
      59
      46
      56
      58
      57
      56
      55
      65
      50
      60
      65
      38
      49
      68
      63
      44
      64
      62
      61
      49
      57
      58
      62
      67
      68
      51
      53
      63
      68
      54
      59
      45
      62
      54
      57
      69
      49
      68
      57
      50
      60
      48
      60
      48
      64
      61
      65
      63
      43
      62
      63
      50
      65
      51
      42
      62
      62
      58
      71
      61
      59
      63
      74
      55
      62
      55
      68
      58
      60
      69
      52
      51
      63
      52
      74
      57
      54
      53
      50
      54
      64
      72
      44
      64
      59
      56
      66
      56
      68
      64
      56
      56
      61
      61
      60
      63
      57
      62
      67
      81
      46
      45
      64
      53
      64
      57
      56
      64
      67
      65
      53
      82
      70
      53
      59
      59
      58
      62
      52
      72
      67
      64
      50
      59
      59
      50
      50
      44
      60
      81
      58
      58
      77
      59
      62
      55
      67
      60
      54
      60
      59
      46
      46
      59
      55
      65
      57
      52
      65
      56
      54
      67
      72
      53
      58
      54
      55
      50
      69
      60
      54
      41
      64
      44
      64
      64
      54
      64
      72
      53
      64
      69
      69
      61
      49
      60
      57
      61
      59
      66
      67
      75
      62
      54
      58
      56
      55
      65
      68
      65
      76
      55
      60
      55
      75
      58
      54
      64
      62
      69
      58
      49
      71
      60
      58
      60
      52
      61
      66
      67
      65
      52
      66
      53
      62
      55
      71
      63
      70
      66
      65
      58
      70
      57
      66
      71
      56
      61
      46
      56
      64
      71
      67
      68
      59
      50
      52
      59
      55
      73
      57
      59
      73
      59
      59
      65
      71
      62
      57
      50
      55
      61
      60
      55
      59
      58
      67
      61
      65
      50
      63
      64
      54
      55
      63
      63
      55
      52
      47
      55
      66
      56
      68
      52
      62
      68
      54
      61
      69
      52
      68
      63
      61
      64
      80
      69
      54
      60
      62
      62
      66
      50
      62
      70
      65
      77
      60
      58
      66
      52
      49
      52
      53
      60
      61
      55
      58
      59
      57
      60
      65
      59
      55
      56
      63
      58
      71
      52
      63
      66
      49
      67
      63
      59
      80
      57
      71
      63
      58
      59
      44
      60
      69
      61
      63
      54
      55
      74
      56
      56
      64
      61
      68
      55
      69
      57
      67
      50
      61
      60
      64
      60
      48
      63
      60
      67
      65
      69
      71
      69
      55
      52
      76
      64
      63
      58
      57
      39
      50
      63
      68
      72
      70
      67
      57
      69
      87
      59
      72
      68
      53
      57
      57
      64
      57
      73
      63
      67
      59
      65
      55
      57
      50
      61
      66
      62
      69
      63
      55
      57
      54
      62
      66
      55
      57
      75
      61
      48
      56
      57
      66
      61
      62
      50
      60
      66
      61
      76
      68
      57
      54
      76
      63
      65
      60
      60
      57
      77
      61
      56
      58
      71
      83
      71
      76
      62
      77
      52
      77
      70
      66
      73
      57
      58
      66
      67
      67
      66
      72
      64
      50
      68
      61
      58
      69
      74
      59
      73
      66
      67
      67
      59
      73
      47
      66
      62
      67
      60
      81
      67
      51
      59
      63
      66
      63
      56
      62
      54
      54
      67
      63
      69
      61
      61
      71
      68
      72
      60
      56
      58
      55
      56
      64
      52
      51
      72
      61
      61
      74
      55
      59
      63
      75
      63
      65
      55
      70
      58
      59
      61
      58
      58
      60
      61
      67
      60
      62
      60
      60
      51
      81
      65
      66
      55
      68
      57
      60
      65
      61
      66
      70
      71
      60
      65
      53
      67
      70
      55
      65
      50
      53
      69
      72
      72
      67
      61
      68
      71
      50
      61
      54
      51
      64
      57
      78
      69
      66
      68
      62
      69
      61
      72
      70
      59
      70
      67
      58
      53
      58
      51
      76
      57
      58
      73
      60
      70
      58
      67
      74
      72
      58
      76
      76
      55
      61
      66
      61
      66
      56
      57
      67
      73
      58
      67
      67
      77
      63
      75
      61
      70
      69
      68
      75
      71
      79
      66
      60
      64
      57
      68
      53
      63
      57
      64
      62
      56
      69
      76
      54
      59
      56
      74
      53
      59
      64
      67
      74
      78
      54
      67
      61
      57
      62
      73
      79
      68
      67
      79
      68
      53
      64
      70
      62
      74
      92
      63
      65
      65
      69
      57
      70
      69
      55
      65
      77
      66
      73
      72
      66
      74
      54
      53
      80
      61
      74
      74
      83
      75
      68
      67
      58
      73
      65
      66
      66
      64
      58
      62
      59
      82
      67
      68
      67
      42
      75
      67
      59
      67
      67
      73
      63
      78
      72
      79
      70
      68
      64
      59
      65
      71
      53
      57
      76
      63
      55
      64
      65
      64
      85
      65
      53
      74
      58
      55
      74
      77
      57
      78
      75
      57
      58
      72
      71
      61
      71
      78
      69
      62
      76
      72
      71
      67
      65
      62
      59
      68
      68
      69
      67
      74
      78
      72
      60
      65
      83
      70
      80
      80
      93
      78
      64
      62
      79
      75
      81
      82
      69
      78
      66
      59
      66
      76
      54
      72
      56
      76
      72
      63
      68
      65
      78
      63
      65
      58
      74
      65
      62
      70
      58
      75
      73
      63
      69
      65
      74
      67
      90
      76
      62
      69
      55
      75
      73
      70
      61
      73
      63
      75
      86
      78
      72
      65
      64
      66
      73
      61
      85
      80
      55
      71
      75
      64
      75
      86
      63
      63
      63
      64
      71
      63
      54
      82
      73
      69
      87
      70
      75
      79
      67
      66
      60
      70
      68
      55
      62
      63
      78
      84
      64
      71
      58
      83
      50
      77
      76
      68
      59
      62
      81
      62
      65
      81
      72
      68
      90
      84
      65
      66
      68
      76
      62
      67
      62
      66
      64
      64
      61
      85
      83
      70
      64
      79
      86
      70
      85
      70
      66
      74
      74
      68
      73
      94
      77
      65
      64
      62
      79
      68
      54
      76
      69
      71
      68
      69
      75
      64
      76
      60
      62
      67
      69
      57
      74
      81
      62
      77
      73
      74
      67
      65
      57
      76
      74
      84
      63
      83
      85
      70
      78
      79
      65
      79
      70
      79
      60
      76
      74
      71
      75
      57
      72
      84
      64
      50
      71
      61
      76
      53
      73
      70
      66
      65
      71
      75
      81
      67
      83
      70
      72
      64
      75
      64
      67
      76
      70
      46
      73
      75
      75
      69
      67
      63
      72
      63
      88
      72
      69
      77
      84
      71
      74
      78
      88
      70
      72
      87
      74
      71
      79
      75
      81
      61
      68
      78
      74
      80
      72
      55
      79
      59
      76
      65
      74
      77
      68
      64
      71
      66
      66
      76
      81
      80
      80
      63
      69
      83
      67
      67
      70
      75
      79
      52
      68
      77
      81
      71
      82
      78
      78
      81
      74
      68
      89
      85
      72
      79
      71
      79
      84
      82
      54
      71
      93
      58
      66
     106
      67
      81
      72
      82
      69
      85
      67
      91
      72
      85
      64
      58
     104
      71
      78
      68
      60
      73
      66
      68
      88
      84
      80
      83
      73
      56
      84
      80
      64
      67
      85
      79
      78
      71
      75
      79
      62
      73
      83
      84
      95
      54
      70
      77
      83
      97
      74
      77
      84
      63
      74
      69
      71
      84
      86
      81
      86
      80
      78
      87
      81
      88
      80
      83
      91
      76
      84
      85
      69
      93
      87
      62
      81
      76
      88
      69
      77
      84
      93
      89
      67
      57
      73
      77
      81
      75
      86
      69
      63
      74
      70
      64
      85
      82
      80
      87
      68
      80
      97
      71
      70
      77
      92
      87
      90
      70
      82
      93
      87
      80
      84
      75
      79
      70
      88
      88
      90
      84
      69
      69
      86
      79
      77
      93
      90
      73
      68
      67
      81
      87
      86
      88
      89
      78
      83
      85
      63
      72
      84
      88
      71
      90
      76
      74
      62
      87
      93
      78
      89
      82
      80
      94
      70
      74
      74
      80
      80
      83
      75
      89
      79
      78
      71
      66
      77
      80
      89
      75
      80
      84
      77
      88
      77
      98
      78
      71
      85
      75
      92
      58
      80
      78
      79
      81
      87
      87
      83
      85
     111
      88
      90
      66
      65
      82
      89
      88
      90
      99
      93
      73
      85
      91
      80
      98
      88
      97
      80
      84
      85
      71
      66
      80
      79
      75
      70
      82
      87
      75
      73
      86
      83
      88
     100
      85
      91
      89
     102
     106
      83
      90
      93
      99
      99
     103
      99
      94
      83
      85
     100
      90
      75
      85
      73
      76
      71
      76
      84
      85
      91
      89
      86
     110
      73
      87
      98
      79
      73
      89
      99
      91
      86
      86
      87
      99
      85
      89
     104
      94
      77
      86
      76
      87
      92
      95
      86
      71
      90
      99
     100
      94
     102
      83
      90
      91
      92
      98
      73
      88
      84
      79
     102
      85
      92
      95
     103
      98
      81
      78
      93
      87
     101
     108
      79
      90
      94
      89
      96
      92
      94
      89
      94
      78
      81
      97
      91
      83
      86
      88
      99
      80
      96
     102
     110
      85
      99
      87
     108
      75
     105
      90
      78
      92
     108
      90
      87
      78
      77
     101
      89
     118
      91
      93
      86
      92
     103
      91
      86
      79
     101
      78
      94
      85
      94
      83
      85
      79
     101
      89
      97
      94
      90
      80
      82
      85
     111
      80
     106
      92
      76
      79
      98
      88
      95
      84
      75
      96
      91
      91
     116
      99
      98
      87
     108
     109
      83
      88
      98
     102
     101
      93
      96
     106
      77
      99
     108
      99
      82
     104
      96
     102
     109
      93
     100
     107
      98
      91
     101
     107
      92
      92
      96
      91
     100
     100
      95
      96
      94
     116
     110
     114
      86
      98
      95
      85
      79
     111
     116
      72
      82
     120
      88
      98
     113
     105
      97
      98
      88
     116
      95
     105
     106
     107
      99
      83
     113
      93
     106
     111
     100
     105
      95
      80
      98
      97
     118
     107
      95
      95
     102
     104
      95
      93
     103
      78
      82
     110
      99
     100
      99
     103
     109
      93
      99
      93
      91
     108
     114
     103
      90
      90
      95
     105
     103
      95
      92
     104
      77
      91
      96
      87
     114
     107
     111
     104
      96
      98
     102
      99
     107
     116
      99
     104
      86
      88
      99
     112
      96
      88
     109
     105
      91
      91
     101
      82
      95
      98
      90
      83
     111
     103
      94
      95
      90
      90
     108
      85
     107
      97
      84
      93
      89
      87
      98
      89
      82
      97
      83
      81
      82
      83
      94
      86
      73
     103
      83
      75
      68
      70
      76
      86
      84
      68
      83
      92
      87
      81
      77
      65
     101
      85
      78
      93
      95
      80
      87
      90
      74
      82
      88
      76
      80
      65
      63
      67
      72
      78
      75
      79
      72
      78
      81
      86
      83
      89
      73
      83
      97
      90
      85
      89
      82
      93
      69
      85
      75
      56
      64
      64
      75
      67
     104
      77
      77
      82
      57
      69
      64
      75
      84
      74
      70
      66
      71
      75
      73
      82
      73
      62
      68
      74
      67
      84
      82
      73
      81
      65
      78
      70
      88
      63
      93
      66
      77
      76
      84
      78
      72
      73
      65
      73
      74
      65
      74
      82
      66
      65
      68
      85
      60
      62
      71
      74
      60
      63
      70
      80
      77
      71
      72
      68
      80
      72
      76
      67
      64
      76
      88
      79
      64
      64
      83
      69
      69
      88
      81
      86
      77
      97
      62
      71
      82
      65
      66
      68
      77
      73
      59
      67
      78
      55
      69
      73
      64
      73
      65
      68
      82
      76
      81
      71
      66
      53
      83
      78
      67
      69
      69
      61
      84
      60
      76
      65
      63
      65
      63
      58
      77
      70
      73
      76
      71
      70
      62
      76
      75
      72
      74
      69
      64
      78
      73
      71
      67
      75
      72
      62
      83
      71
      80
      61
      74
      73
      65
      76
      80
      77
      68
      77
      65
      63
      76
      66
      71
      67
      68
      50
      82
      59
      61
      69
      60
      54
      74
      77
      64
      75
      62
      69
      66
      87
      81
      70
      72
      69
      58
      61
      67
      72
      71
      67
      68
      71
      83
      75
      64
      61
      62
      61
      77
      63
      60
      68
      70
      79
      70
      73
      66
      49
      49
      64
      66
      53
      85
      71
      74
      75
      62
      66
      64
      72
      76
      75
      72
      75
      64
      65
      66
      57
      66
      79
      74
      68
      61
      56
      58
      70
      60
      60
      66
      57
      82
      65
      81
      70
      70
      70
      69
      68
      62
      82
      75
      77
      58
      60
      59
      86
      54
      76
      68
      65
      65
      65
      53
      54
      63
      73
      69
      72
      61
      70
      69
      67
      61
      64
      55
      67
      58
      80
      69
      60
      65
      64
      67
      75
      64
      82
      62
      54
      62
      75
      74
      65
      65
      66
      78
      58
      64
      67
      59
      54
      66
      66
      70
      79
      66
      55
      58
      73
      63
      63
      59
      53
      67
      64
      66
      69
      85
      78
      63
      68
      66
      64
      72
      64
      54
      54
      66
      72
      68
      55
      52
      70
      72
      63
      63
      66
      69
      72
      58
      56
      73
      70
      59
      61
      74
      61
      67
      78
      64
      69
      68
      76
      74
      62
      62
      74
      59
      57
      57
      52
      57
      75
      68
      58
      70
      64
      52
      68
      69
      55
      56
      70
      55
      69
      67
      54
      60
      60
      65
      50
      70
      53
      65
      76
      62
      73
      51
      60
      60
      66
      77
      64
      68
      52
      62
      63
      58
      54
      63
      70
      40
      74
      63
      68
      67
      69
      70
      72
      73
      58
      60
      56
      79
      72
      58
      44
      58
      61
      65
      74
      62
      55
      60
      61
      66
      66
      55
      55
      49
      57
      60
      66
      59
      59
      65
      61
      64
      60
      65
      54
      52
      63
      65
      67
      54
      69
      74
      64
      65
      58
      54
      73
      55
      60
      77
      53
      63
      60
      54
      67
      68
      68
      53
      49
      63
      70
      61
      63
      65
      59
      63
      55
      63
      60
      67
      43
      58
      59
      69
      62
      62
      79
      55
      66
      70
      59
      59
      48
      55
      65
      65
      68
      66
      57
      58
      64
      57
      66
      46
      65
      61
      70
      48
      77
      61
      63
      54
      70
      61
      49
      56
      77
      59
      57
      51
      50
      59
      55
      64
      59
      61
      43
      56
      61
      72
      52
      59
      68
      64
      61
      60
      65
      59
      51
      62
      55
      74
      54
      76
      61
      67
      67
      61
      54
      71
      52
      67
      59
      54
      78
      55
      61
      64
      61
      60
      58
      74
      57
      66
      50
      67
      52
      59
      47
      48
      55
      62
      54
      65
      57
      58
      54
      59
      71
      67
      56
      64
      57
      56
      69
      62
      62
      64
      65
      61
      61
      68
      60
      69
      56
      64
      82
      53
      68
      54
      65
      57
      46
      74
      56
      61
      64
      53
      51
      60
      71
      56
      56
      68
      57
      69
      60
      67
      62
      53
      71
      55
      49
      61
      47
      61
      53
      68
      73
      58
      57
      63
      68
      69
      56
      60
      68
      66
      48
      51
      62
      56
      59
      54
      61
      61
      67
      46
      56
      67
      68
      55
      56
      56
      61
      66
      67
      57
      70
      61
      69
      56
      50
      68
      66
      68
      58
      61
      68
      52
      47
      72
      69
      60
      60
      58
      78
      70
      59
      71
      54
      53
      54
      67
      71
      59
      62
      55
      57
      58
      51
      75
      49
      59
      91
      75
      64
      60
      62
      54
      79
      54
      56
      66
      58
      76
      61
      87
      64
      65
      65
      56
      55
      63
      54
      69
      74
      58
      53
      60
      59
      64
      58
      67
      50
      56
      69
      73
      72
      81
      59
      63
      73
      82
      63
      58
      63
      63
      55
      52
      84
      73
      81
      56
      67
      62
      69
      74
      56
      69
      60
      65
      65
      72
      74
      75
      77
      59
      71
      63
      69
      67
      83
      60
      81
      62
      54
      60
      70
      80
      70
      63
      67
      58
      62
      69
      56
      75
      65
      64
      58
      72
      68
      65
      69
      67
      47
      56
      58
      66
      62
      68
      70
      72
      61
      63
      60
      73
      57
      70
      62
      70
      83
      58
      63
      61
      55
      58
      64
      69
      56
      60
      74
      64
      59
      57
      70
      58
      68
      71
      68
      72
      75
      71
      53
      60
      51
      59
      56
      55
      48
      51
      64
      58
      74
      59
      69
      70
      69
      52
      57
      66
      54
      55
      48
      58
      53
      68
      55
      55
      57
      53
      52
      42
      40
      53
      43
      40
      50
      60
      43
      46
      42
      50
      37
      46
      48
      52
      54
      48
      34
      52
      36
      40
      56
      32
      45
      51
      52
      35
      50
      52
      41
      48
      42
      46
      41
      40
      31
      42
      45
      43
      44
      45
      38
      40
      48
      38
      33
      39
      55
      41
      35
      37
      50
      46
      42
      39
      37
      46
      52
      41
      36
      44
      39
      43
      42
      37
      45
      48
      40
      47
      40
      39
      42
      37
      45
      47
      42
      40
      37
      42
      44
      45
      40
      45
      42
      47
      30
      36
      31
      39
      32
      48
      41
      31
      35
      34
      39
      36
      41
      31
      32
      38
      45
      38
      30
      50
      39
      38
      37
      37
      45
      33
      29
      42
      38
      42
      27
      48
      48
      36
      39
      35
      38
      43
      46
      39
      35
      42
      47
      40
      37
      40
      43
      27
      47
      33
      34
      47
      28
      45
      44
      25
      38
      43
      28
      36
      35
      35
      46
      33
      39
      43
      31
      43
      32
      30
      32
      30
      42
      35
      36
      31
      38
      33
      36
      43
      44
      31
      32
      46
      42
      35
      40
      39
      37
      30
      37
      50
      44
      37
      34
      41
      40
      36
      40
      34
      49
      40
      29
      31
      29
      35
      32
      32
      41
      51
      42
      39
      36
      39
      28
      35
      38
      34
      40
      41
      33
      39
      33
      32
      41
      23
      31
      30
      29
      35
      42
      39
      33
      36
      40
      33
      30
      27
      34
      40
      36
      30
      33
      36
      35
      45
      52
      42
      39
      38
      28
      35
      51
      32
      46
      32
      31
      27
      34
      40
      28
      31
      24
      37
      26
      38
      31
      33
      34
      27
      38
      28
      36
      33
      25
      24
      31
      25
      33
      38
      38
      42
      32
      48
      33
      36
      31
      44
      33
      33
      32
      31
      39
      29
      39
      44
      29
      33
      34
      41
      31
      54
      47
      40
      51
      37
      64
      70
      90
     141
     211
     314
     410
     618
     800
    1099
    1485
    1832
    2198
    2553
    2947
    3070
    3098
    2931
    2603
    2245
    1768
    1443
    1104
     771
     473
     324
     230
     159
     102
      78
      69
      62
      43
      51
      56
      48
      50
      42
      44
      35
      56
      30
      50
      32
      36
      28
      24
      34
      37
      34
      21
      31
      21
      35
      25
      29
      34
      23
      32
      23
      27
      37
      26
      26
      26
      21
      30
      28
      32
      30
      34
      25
      32
      18
      42
      36
      15
      27
      27
      26
      21
      42
      19
      19
      38
      33
      28
      29
      32
      31
      16
      24
      27
      17
      20
      30
      29
      17
      32
      30
      25
      28
      16
      31
      32
      24
      27
      29
      22
      16
      25
      18
      29
      22
      25
      26
      24
      26
      26
      25
      33
      31
      20
      27
      21
      23
      20
      35
      14
      23
      17
      25
      14
      22
      22
      28
      29
      25
      21
      23
      23
      20
      32
      15
      20
      19
      25
      15
      22
      20
      25
      19
      30
      23
      27
      27
      20
      13
      25
      20
      20
      24
      15
      24
      25
      21
      17
      20
      14
      24
      16
      18
      25
      27
      22
      21
      20
      24
      23
      22
      20
      21
      15
      19
      19
      18
      19
      30
      20
      15
      17
      14
      21
      25
      22
      16
      11
      21
      18
      15
      20
      24
      28
      15
      21
      14
      19
      27
      17
      27
      21
      20
      15
      18
      18
      18
      18
      16
      25
      19
      23
      10
      14
      18
      22
      22
      23
      15
      16
      12
      11
      13
      14
      22
      25
      19
      27
      19
      11
      19
      19
      12
      12
      15
      19
      21
      13
      22
      13
      18
      15
      13
      19
      18
      13
      18
      20
      20
      17
      20
      17
      17
      13
      15
      17
      18
      20
      23
      17
      12
      12
      22
      10
      15
      17
      14
      10
      17
      17
      19
      13
      15
      15
      14
      16
      12
      16
      18
      22
      20
      11
      10
      21
      20
      14
      23
      22
      16
      13
      15
      13
      17
      17
      15
      16
      12
      14
      10
      10
      17
      16
       8
      18
      13
      19
      15
      17
      15
      17
      13
      14
       9
      11
      21
      22
      10
      14
      16
      28
      12
       7
      15
      15
      15
      13
      12
      12
      11
      17
      10
      13
       5
      12
      11
      11
      11
      13
       5
      15
      15
      21
      13
      13
      11
      11
      13
      17
      17
      17
      12
       8
      15
      10
      18
       9
      16
       9
      11
       7
      15
       9
      16
       9
      11
      20
      15
      15
      19
      15
       8
      12
      10
      14
      12
      15
       5
       8
      11
       7
      10
      10
      18
      16
      11
      14
      15
       9
      12
      13
      10
       6
      13
       8
      13
      10
      11
      11
      14
      10
      13
       8
      11
      17
      14
       8
      17
      17
      14
      12
       9
       7
      13
      15
      19
      15
      12
      13
      11
      16
       6
       8
      12
      13
       6
      13
      12
      12
       8
       5
      12
      13
      12
       4
      14
      14
       7
      13
      13
      11
      10
      14
      15
       8
      14
       8
      14
      10
       5
       8
      11
      11
      10
       8
      12
       7
      13
      13
      13
       7
      13
      10
       6
      13
       9
      12
       8
       8
      15
      11
       6
      13
       8
       8
       7
      10
       9
      14
       8
      15
       7
      13
      13
       5
      12
       4
       9
      12
      12
      14
      19
      10
       9
      12
      11
       9
       8
      12
       8
      15
      11
      10
      10
      17
       8
      10
       7
       9
       8
      11
      15
       9
      11
      11
       8
      13
       8
       9
      12
      15
       8
       9
      13
       6
      10
      12
       7
      15
      14
      10
      10
      13
      13
      10
      10
      10
       8
       8
       8
      10
      11
       7
      14
       8
       7
      13
      11
      10
       7
      10
       9
      11
      11
      15
       8
      13
      10
      12
       5
      12
       6
       5
      10
       9
      13
      10
       9
      17
       8
      11
      12
      16
      12
      11
       7
      11
      11
       6
      10
       9
       4
       3
       9
       9
      13
      14
       6
       7
       9
      12
       8
      12
       7
      11
      10
       5
       6
       9
       6
       6
       9
      10
       2
      11
      10
      10
      14
       7
       5
      10
       9
      16
       5
      10
       9
      14
       7
      11
       8
      12
      11
       9
      11
       5
       8
      10
      11
      11
       5
       8
      10
      16
      10
      12
      10
      15
      10
       7
      16
       8
       8
      11
      13
       9
      15
       6
      17
      11
      10
       8
       4
       5
       8
      14
      17
      11
       7
      14
       9
       7
      13
       8
      13
      10
       6
      10
      14
       8
       7
      11
       6
       7
       6
       8
       6
       6
      14
       7
       3
       9
       8
      11
       9
       4
       8
       9
       8
       3
       8
      15
       8
      10
       9
      12
      12
      11
      11
      11
      11
      10
       9
      12
      13
       6
       9
       7
      14
      12
      18
      16
       5
       8
       7
       6
       8
      12
      15
      13
      11
       8
       4
      11
       3
      12
       7
       7
      14
       6
      11
       7
       5
       9
       8
       6
       7
       5
      15
       8
       9
      10
       3
      11
       7
       8
      11
      16
      12
       6
       4
      10
      17
       8
      10
      12
       9
      10
      13
       9
       9
       9
       9
      10
       7
       8
       8
      11
       9
      10
       3
      13
       5
      13
      12
       8
       8
      12
       9
       6
      13
      10
      10
       9
       6
       6
       8
      15
      10
      13
      13
       7
       9
       9
      13
      12
      12
      13
      12
      13
      13
      10
       8
      15
       4
       9
       7
       7
      10
       6
       9
       9
      12
       5
      12
       7
      12
       8
       7
      11
       4
       5
      11
      11
       9
       3
      13
      12
       8
      10
      13
       6
       8
       9
      11
       8
      10
      10
       5
       6
       8
      13
       5
      10
       5
       8
       6
      11
      11
       9
       5
      13
       8
       7
       9
      10
       9
      11
       9
      11
      11
      11
       8
       8
      13
       6
       8
      10
      10
      10
       8
      14
      11
       9
       8
       9
       6
       8
      16
       8
      13
       6
       9
      13
       4
      10
       9
       8
      11
      12
       5
      14
       8
      10
      10
      11
      11
       4
      11
      10
       5
      18
       8
      14
      13
       8
      14
      18
      23
      20
      26
      23
      26
      38
      43
      85
     102
     124
     192
     258
     407
     557
     720
     952
    1246
    1593
    1815
    2051
    2377
    2542
    2402
    2488
    2256
    1990
    1696
    1356
    1045
     782
     483
     362
     272
     137
     105
      66
      46
      30
      27
      39
      32
      20
      18
      21
      19
      16
      16
      19
      21
      18
      12
      14
      21
       8
      11
       3
       9
      16
       7
      11
       8
       8
      10
       7
       7
       5
       9
       7
      11
      11
       3
      13
       6
      14
       5
       4
       8
       3
       7
       4
       5
       8
       6
       5
       8
       4
       2
      11
       6
       3
       5
       6
       9
       5
       6
      14
       6
       5
       5
       4
       7
       7
       8
       6
       3
       3
       3
       5
       7
       7
       4
      10
       5
       8
       2
       6
       3
       6
       2
       4
       9
       2
       7
       7
       9
       0
       1
       8
       7
       5
       9
       3
       5
       5
       5
       5
       6
       6
       8
       5
       2
       7
       7
       6
       4
       3
       9
       6
       4
       3
       9
       4
      10
       5
       8
       6
       6
       5
       2
       5
       9
       3
       5
       9
       7
       5
       9
      10
       5
       5
       4
       7
       3
       4
       9
       5
       4
       3
       5
       8
       5
       6
       6
       3
       8
       7
       5
       6
       6
       5
       6
       3
       4
       2
       5
      10
       6
      10
      13
       5
       3
       3
       7
       2
       5
       3
       5
       7
       7
       4
       6
       7
       3
       5
       9
       3
       3
       4
       7
       1
       4
       4
       8
       7
       4
       3
       7
       3
       4
       5
       8
       3
       4
       5
       6
       4
       3
       4
       3
       4
       4
       6
       2
       5
       1
       6
       5
       5
      10
       2
      10
       5
       5
       7
      10
       6
       5
       1
       7
       4
       9
       5
       4
       5
       8
       2
       8
       6
       3
       6
       4
       3
       5
       3
       4
       3
       6
       7
       4
       3
       4
       8
       7
       9
       5
       9
       6
       8
       3
       6
       4
       3
       4
       6
       3
       4
       5
       4
       6
       5
       5
       3
       5
       6
       4
       5
       8
       7
       3
       4
       7
       2
       5
       5
       4
       1
       5
       9
       3
       6
       7
       6
       9
       5
       8
       6
       1
       6
       6
       8
       4
       6
       4
       4
       5
       8
       7
       4
       5
       7
       3
       8
       9
       3
       5
       8
       4
       5
       1
       3
       4
       5
       7
       6
       7
      13
       3
       3
       4
       5
       5
       3
       5
       5
       5
       2
       6
       7
       6
       2
       6
       5
       4
       2
       3
       5
       6
       4
       3
       0
       0
       0
       0
       0
       0
       0
       0
       0
       0
       0
       0
       0
       0
       0
       0
       0
       0
       0
       0
       0
       0
       0
       0
       0
       0
       0
       0
       0
       0
       0
       0
       0
       0
       0
       0
       0
       0
       0
       0
       0
       0
       0
       0
       0
       0
       0
       0
       0
       0
       0
       0
       0
       0
       0
       0
       0
       0
       0
       0
       0
       0
       0
       0
       0
       0
       0
       0
       0
       0
       0
       0
       0
       0
       0
       0
       0
       0
       0
       0
       0
       0
       0
       0
       0
       0
       0
       0
       0
       0
       0
       0
       0
       0
       0
       0
       0
       0
       0
       0
       0
       0
       0
       0
       0
       0
       0
       0
       0
       0
       0
       0
       0
       0
       0
       0
       0
       0
       0
       0
       0
       0
       0
       0
       0
       0
       0
       0
