$SPEC_ID:
No sample description was entered.
$SPEC_REM:
DET# 3
DETDESC# PCKP27 MCB 129
AP# Maestro Version 7.01
$DATE_MEA:
05/13/2019 11:48:41
$MEAS_TIM:
3791 3840
$DATA:
0 8191
       0
       0
       0
       0
       0
       0
       0
       0
       0
       0
       0
       0
       0
       0
       0
       0
       0
       0
       0
       0
       0
       0
       0
       0
       0
       0
       0
       0
       0
       0
       0
       0
       0
       0
       0
       0
       0
       0
       0
       0
       0
       0
       0
       0
       0
       0
       0
       0
       0
       0
       0
       0
       0
       0
       0
       0
       0
       0
       0
       0
       0
       0
       0
       0
       0
       0
       0
       0
       0
       0
       0
       0
       0
       0
       0
       0
       0
       0
       0
       0
       0
       0
       0
       0
       0
       0
       0
       0
       0
       0
       0
       0
       1
      33
    1620
    4985
    5627
    5485
    5774
    5962
    6159
    6337
    6677
    6861
    6978
    7044
    7263
    7570
    7869
    7944
    8126
    8336
    8351
    8492
    8603
    8638
    8466
    8634
    8553
    8429
    8512
    8440
    8542
    8434
    8593
    8467
    8563
    8428
    8614
    8522
    8540
    8597
    8474
    8686
    8665
    8466
    8738
    8551
    8708
    8718
    8771
    8697
    8652
    8518
    8368
    8359
    8330
    8054
    7924
    7832
    7745
    7608
    7554
    7285
    7197
    6936
    6810
    6769
    6514
    6631
    6573
    6441
    6272
    6360
    6259
    6117
    6095
    6034
    5932
    6018
    5933
    6068
    5859
    5858
    5846
    5940
    5949
    5947
    6007
    5893
    5936
    6142
    6156
    6266
    6245
    6410
    6437
    6638
    6555
    6654
    6978
    7010
    6935
    7051
    7138
    7308
    7345
    7576
    7656
    7473
    7398
    7627
    7448
    7437
    7413
    7293
    7145
    7072
    6772
    6737
    6718
    6320
    6124
    6086
    5907
    5588
    5493
    5276
    5001
    4755
    4609
    4343
    4199
    3856
    3705
    3619
    3375
    3268
    3062
    2940
    2825
    2664
    2502
    2452
    2373
    2320
    2127
    2065
    1979
    1857
    1818
    1826
    1726
    1636
    1566
    1524
    1524
    1445
    1358
    1344
    1400
    1410
    1293
    1248
    1288
    1293
    1211
    1184
    1202
    1198
    1227
    1166
    1184
    1232
    1192
    1179
    1170
    1140
    1162
    1182
    1106
    1193
    1156
    1155
    1159
    1229
    1181
    1184
    1146
    1244
    1238
    1219
    1286
    1251
    1347
    1342
    1359
    1381
    1398
    1422
    1428
    1462
    1486
    1550
    1543
    1600
    1609
    1579
    1664
    1690
    1685
    1780
    1811
    1812
    1786
    1942
    2135
    2098
    2139
    2150
    2238
    2276
    2318
    2441
    2436
    2485
    2686
    2673
    2869
    2870
    3053
    3096
    3261
    3341
    3570
    3657
    3693
    3804
    4143
    4277
    4482
    4718
    4863
    5096
    5317
    5545
    5851
    6030
    6489
    6528
    7030
    7435
    7833
    8069
    8487
    8722
    9308
    9862
   10269
   10600
   11178
   11601
   12389
   12627
   13045
   13733
   14320
   14672
   15264
   15832
   16377
   16693
   17379
   17934
   18265
   18654
   19291
   19763
   20317
   20675
   20862
   21673
   21682
   22057
   22481
   22508
   22982
   23011
   23132
   23298
   23507
   23319
   23422
   23105
   23188
   23075
   22747
   22506
   22094
   21901
   21542
   21290
   20737
   20419
   19945
   19276
   19019
   18502
   17774
   17210
   16894
   16350
   15644
   14929
   14565
   13710
   13182
   12884
   11971
   11564
   10954
   10429
    9923
    9301
    8842
    8466
    7818
    7440
    6910
    6579
    6070
    5764
    5443
    5044
    4721
    4410
    4119
    3921
    3597
    3375
    3100
    2965
    2752
    2647
    2490
    2210
    2098
    1994
    1908
    1808
    1723
    1650
    1543
    1434
    1345
    1286
    1204
    1220
    1166
    1191
    1075
    1033
    1027
     987
     979
     969
     947
     895
     884
     938
     860
     886
     881
     838
     816
     819
     789
     764
     774
     819
     829
     758
     786
     768
     827
     732
     777
     734
     766
     784
     791
     754
     740
     740
     776
     771
     750
     784
     765
     763
     720
     767
     749
     741
     745
     728
     764
     756
     765
     716
     740
     728
     718
     684
     760
     729
     729
     741
     739
     772
     747
     702
     682
     732
     773
     763
     724
     683
     733
     727
     702
     790
     789
     736
     761
     750
     759
     750
     772
     763
     783
     714
     742
     753
     760
     730
     799
     748
     721
     753
     721
     789
     716
     722
     764
     734
     764
     729
     747
     744
     699
     648
     730
     751
     718
     709
     672
     677
     737
     715
     728
     693
     695
     710
     671
     673
     668
     709
     655
     688
     656
     700
     685
     621
     654
     622
     637
     655
     616
     630
     645
     644
     614
     599
     592
     623
     586
     605
     607
     515
     601
     593
     522
     577
     541
     549
     549
     545
     535
     555
     560
     551
     543
     622
     569
     536
     565
     557
     551
     545
     530
     552
     537
     503
     549
     544
     547
     553
     507
     558
     532
     519
     552
     556
     557
     489
     492
     558
     545
     517
     489
     502
     518
     540
     512
     512
     530
     564
     511
     536
     553
     515
     482
     560
     548
     514
     536
     500
     556
     506
     512
     501
     522
     490
     505
     517
     481
     501
     514
     524
     511
     533
     520
     536
     494
     493
     517
     516
     518
     480
     526
     482
     551
     472
     495
     506
     494
     537
     480
     547
     513
     507
     501
     549
     516
     518
     521
     517
     528
     512
     492
     507
     467
     518
     542
     562
     553
     504
     505
     539
     505
     498
     527
     448
     493
     559
     501
     486
     503
     505
     527
     536
     507
     495
     528
     505
     504
     555
     520
     521
     509
     506
     528
     516
     520
     527
     496
     485
     510
     459
     498
     521
     532
     527
     531
     529
     505
     494
     496
     491
     511
     500
     521
     486
     535
     486
     508
     551
     478
     465
     514
     491
     533
     490
     541
     493
     511
     512
     511
     555
     509
     526
     530
     486
     497
     520
     548
     492
     545
     547
     517
     555
     510
     514
     494
     508
     509
     565
     500
     523
     539
     511
     513
     517
     488
     509
     494
     498
     483
     503
     538
     517
     477
     550
     535
     503
     511
     490
     475
     526
     474
     492
     519
     532
     484
     552
     517
     525
     477
     496
     535
     498
     515
     505
     558
     517
     476
     510
     512
     522
     485
     471
     490
     503
     526
     497
     496
     490
     481
     497
     499
     490
     485
     515
     531
     493
     509
     507
     495
     513
     537
     472
     481
     497
     468
     484
     494
     530
     464
     550
     497
     508
     483
     517
     516
     499
     501
     552
     534
     469
     508
     494
     550
     505
     485
     486
     533
     500
     506
     503
     481
     475
     507
     543
     511
     515
     531
     499
     540
     529
     502
     507
     492
     532
     525
     514
     488
     485
     533
     529
     531
     514
     546
     526
     490
     504
     523
     504
     497
     510
     521
     551
     504
     524
     526
     513
     510
     482
     524
     512
     519
     533
     504
     505
     488
     486
     492
     495
     485
     496
     531
     505
     512
     508
     458
     494
     526
     515
     482
     488
     492
     500
     472
     527
     495
     473
     499
     500
     519
     517
     522
     480
     502
     485
     532
     502
     500
     521
     484
     484
     519
     508
     507
     488
     527
     484
     508
     502
     533
     528
     464
     506
     499
     508
     528
     494
     523
     540
     540
     466
     524
     531
     522
     556
     513
     513
     540
     552
     509
     533
     535
     534
     505
     541
     491
     510
     527
     517
     513
     510
     513
     531
     524
     537
     511
     525
     559
     495
     525
     510
     511
     537
     505
     547
     514
     549
     542
     520
     530
     520
     543
     542
     527
     522
     561
     548
     530
     532
     510
     538
     567
     555
     569
     518
     560
     560
     586
     534
     543
     592
     535
     535
     531
     500
     528
     570
     545
     588
     581
     578
     581
     552
     536
     606
     565
     590
     596
     554
     593
     537
     634
     588
     599
     624
     596
     648
     563
     601
     548
     646
     599
     617
     611
     591
     608
     611
     624
     596
     610
     633
     601
     624
     592
     585
     622
     650
     635
     631
     603
     624
     615
     638
     638
     623
     626
     649
     620
     655
     650
     649
     640
     639
     622
     690
     644
     639
     652
     679
     659
     637
     750
     673
     640
     637
     647
     643
     629
     677
     675
     690
     657
     663
     686
     692
     687
     638
     676
     711
     694
     672
     640
     693
     686
     688
     705
     666
     649
     688
     693
     685
     628
     682
     657
     679
     688
     671
     647
     725
     650
     690
     631
     650
     647
     666
     665
     679
     666
     691
     699
     699
     686
     707
     687
     745
     675
     680
     669
     663
     678
     704
     676
     682
     729
     668
     679
     679
     702
     652
     641
     710
     688
     699
     681
     679
     666
     723
     714
     694
     690
     655
     677
     648
     680
     639
     673
     730
     748
     762
     742
     684
     651
     669
     707
     695
     648
     674
     707
     675
     639
     689
     662
     705
     685
     684
     652
     671
     684
     682
     656
     728
     725
     662
     681
     691
     668
     652
     655
     703
     696
     711
     704
     664
     687
     628
     697
     680
     693
     651
     693
     700
     670
     671
     659
     679
     690
     676
     724
     679
     690
     690
     681
     674
     742
     665
     708
     707
     671
     679
     675
     722
     694
     699
     677
     676
     681
     641
     657
     650
     690
     674
     718
     674
     723
     697
     732
     697
     652
     681
     667
     691
     680
     640
     666
     699
     678
     697
     688
     652
     630
     686
     686
     663
     658
     734
     679
     698
     689
     697
     638
     652
     650
     663
     665
     679
     667
     692
     700
     676
     643
     672
     691
     654
     654
     633
     638
     663
     671
     621
     687
     674
     645
     654
     659
     610
     700
     675
     664
     659
     645
     671
     635
     631
     684
     652
     662
     642
     661
     681
     675
     635
     666
     641
     641
     636
     670
     606
     672
     654
     670
     682
     597
     642
     624
     629
     644
     651
     636
     666
     625
     622
     614
     613
     633
     619
     582
     627
     594
     571
     640
     664
     614
     613
     615
     602
     621
     686
     598
     645
     597
     608
     629
     635
     607
     593
     578
     644
     620
     595
     655
     583
     571
     620
     607
     605
     623
     582
     588
     593
     607
     592
     575
     618
     641
     613
     611
     560
     547
     613
     582
     615
     576
     576
     632
     586
     576
     601
     598
     568
     538
     604
     569
     578
     581
     602
     630
     596
     640
     608
     617
     575
     561
     566
     599
     595
     564
     577
     585
     580
     558
     562
     578
     558
     597
     571
     584
     593
     555
     538
     585
     575
     526
     543
     521
     584
     534
     562
     575
     547
     582
     560
     569
     581
     525
     574
     568
     565
     529
     572
     538
     522
     537
     562
     552
     570
     605
     565
     531
     526
     543
     548
     583
     571
     586
     539
     573
     539
     514
     529
     585
     550
     514
     533
     525
     528
     570
     537
     512
     491
     532
     543
     553
     521
     498
     520
     576
     513
     591
     566
     571
     520
     526
     540
     517
     551
     592
     580
     512
     539
     514
     544
     523
     505
     557
     533
     559
     511
     544
     509
     581
     519
     550
     514
     542
     516
     531
     523
     487
     523
     519
     549
     557
     547
     540
     519
     507
     532
     494
     491
     518
     498
     502
     528
     523
     486
     503
     532
     491
     501
     519
     527
     530
     521
     529
     522
     542
     508
     513
     504
     500
     466
     510
     497
     531
     504
     511
     480
     490
     510
     506
     470
     461
     514
     516
     539
     479
     509
     500
     475
     544
     475
     505
     487
     484
     500
     519
     515
     498
     526
     489
     499
     497
     478
     517
     456
     505
     471
     470
     481
     490
     467
     463
     500
     486
     480
     504
     484
     485
     498
     497
     455
     506
     512
     474
     497
     521
     486
     491
     513
     473
     498
     488
     471
     531
     482
     490
     468
     485
     513
     522
     481
     461
     511
     510
     499
     495
     469
     462
     490
     481
     513
     484
     519
     452
     516
     520
     500
     517
     455
     540
     515
     499
     506
     488
     439
     456
     500
     475
     485
     501
     468
     443
     465
     491
     497
     511
     489
     486
     485
     493
     472
     521
     483
     473
     468
     502
     459
     462
     473
     495
     452
     466
     495
     476
     469
     487
     447
     461
     446
     462
     483
     469
     454
     459
     474
     469
     494
     434
     516
     474
     470
     449
     484
     506
     463
     516
     474
     432
     477
     489
     487
     477
     453
     470
     442
     486
     465
     459
     471
     499
     479
     452
     425
     474
     443
     466
     521
     442
     469
     454
     463
     443
     468
     497
     434
     469
     473
     447
     489
     423
     485
     497
     471
     442
     435
     477
     474
     476
     467
     468
     468
     482
     452
     453
     470
     463
     497
     458
     473
     449
     443
     479
     482
     495
     469
     492
     484
     446
     430
     468
     441
     494
     447
     474
     422
     468
     492
     474
     474
     452
     491
     467
     434
     449
     461
     483
     478
     478
     431
     442
     452
     460
     468
     435
     465
     444
     477
     475
     436
     417
     481
     442
     487
     457
     468
     457
     445
     457
     434
     441
     442
     429
     460
     438
     437
     409
     442
     449
     457
     469
     425
     435
     466
     475
     443
     473
     427
     444
     443
     445
     462
     492
     454
     446
     446
     442
     450
     428
     403
     452
     480
     440
     425
     461
     455
     483
     425
     430
     465
     425
     461
     457
     461
     434
     441
     466
     458
     426
     435
     459
     457
     426
     423
     430
     471
     422
     476
     465
     444
     431
     458
     442
     428
     455
     446
     422
     480
     422
     441
     441
     410
     448
     445
     427
     415
     396
     374
     451
     447
     467
     455
     414
     416
     451
     438
     436
     441
     462
     411
     424
     458
     423
     430
     431
     455
     403
     438
     431
     435
     415
     426
     433
     421
     424
     421
     440
     435
     462
     404
     438
     481
     447
     440
     424
     448
     402
     417
     483
     426
     421
     398
     451
     383
     465
     418
     444
     452
     399
     452
     409
     440
     437
     444
     431
     450
     422
     421
     433
     444
     418
     446
     454
     448
     424
     423
     405
     429
     423
     461
     414
     436
     396
     439
     435
     414
     492
     434
     422
     407
     429
     431
     390
     441
     398
     421
     412
     460
     432
     453
     416
     450
     401
     480
     422
     417
     449
     414
     426
     402
     416
     417
     391
     435
     435
     422
     426
     406
     394
     452
     392
     429
     434
     442
     431
     410
     430
     458
     427
     473
     406
     445
     434
     409
     412
     411
     439
     456
     430
     416
     425
     421
     404
     471
     436
     463
     460
     415
     439
     444
     382
     419
     403
     426
     416
     456
     453
     435
     421
     420
     473
     408
     461
     429
     400
     442
     413
     422
     447
     426
     436
     437
     407
     469
     405
     425
     423
     479
     389
     468
     426
     423
     478
     387
     363
     391
     412
     390
     431
     425
     398
     370
     451
     371
     397
     448
     418
     404
     405
     437
     404
     426
     433
     434
     428
     414
     408
     417
     408
     385
     453
     419
     405
     411
     470
     401
     400
     416
     418
     449
     420
     379
     418
     435
     392
     400
     417
     448
     387
     398
     414
     411
     410
     431
     423
     414
     417
     430
     415
     435
     414
     399
     396
     441
     403
     436
     427
     438
     431
     396
     381
     398
     393
     385
     400
     414
     444
     408
     402
     423
     382
     401
     401
     394
     407
     413
     406
     391
     375
     375
     403
     400
     441
     427
     423
     390
     417
     386
     414
     369
     435
     389
     397
     409
     423
     411
     414
     386
     431
     396
     380
     393
     398
     385
     444
     388
     392
     385
     437
     445
     411
     408
     413
     433
     438
     398
     422
     397
     371
     426
     423
     418
     401
     419
     436
     401
     416
     415
     407
     384
     410
     410
     451
     408
     405
     389
     462
     452
     366
     439
     394
     410
     395
     414
     384
     397
     442
     393
     384
     430
     402
     351
     369
     382
     403
     407
     408
     427
     403
     420
     385
     438
     413
     393
     377
     409
     384
     389
     420
     356
     364
     411
     393
     403
     394
     417
     397
     373
     376
     412
     404
     392
     367
     417
     409
     386
     402
     397
     385
     405
     410
     409
     422
     412
     422
     391
     391
     374
     385
     412
     387
     377
     402
     403
     407
     427
     413
     401
     405
     429
     401
     425
     397
     421
     377
     414
     434
     444
     402
     375
     381
     420
     392
     404
     379
     395
     391
     405
     396
     398
     406
     394
     419
     402
     411
     390
     400
     430
     395
     420
     339
     399
     376
     387
     412
     397
     359
     411
     387
     368
     434
     378
     389
     392
     402
     435
     385
     386
     368
     417
     374
     374
     413
     399
     377
     406
     370
     379
     388
     406
     363
     398
     373
     367
     411
     379
     422
     410
     395
     401
     375
     372
     366
     372
     370
     381
     367
     375
     385
     414
     388
     414
     377
     388
     427
     405
     370
     392
     400
     405
     379
     365
     356
     385
     399
     389
     369
     378
     418
     363
     403
     387
     387
     382
     392
     445
     403
     416
     420
     378
     422
     386
     409
     423
     377
     410
     405
     381
     359
     399
     399
     380
     398
     365
     386
     353
     378
     377
     390
     406
     408
     386
     429
     403
     364
     385
     395
     369
     396
     378
     391
     429
     386
     367
     358
     416
     352
     418
     349
     370
     387
     381
     341
     392
     405
     374
     381
     414
     404
     358
     385
     390
     400
     368
     367
     394
     399
     393
     396
     389
     394
     374
     401
     395
     378
     376
     371
     371
     377
     415
     391
     386
     380
     394
     387
     350
     366
     403
     366
     410
     403
     395
     386
     372
     365
     352
     396
     340
     397
     420
     389
     368
     385
     382
     405
     361
     387
     373
     390
     415
     390
     402
     370
     379
     366
     379
     355
     408
     378
     399
     376
     356
     365
     404
     405
     346
     373
     365
     369
     370
     394
     370
     377
     354
     392
     358
     399
     373
     358
     385
     363
     357
     366
     374
     393
     405
     358
     334
     373
     380
     365
     360
     327
     339
     370
     362
     353
     352
     393
     383
     327
     383
     348
     347
     366
     362
     347
     354
     360
     348
     335
     383
     346
     393
     330
     336
     359
     382
     367
     346
     358
     346
     355
     328
     373
     330
     336
     339
     354
     299
     312
     328
     340
     341
     380
     358
     369
     324
     374
     318
     341
     318
     322
     335
     345
     320
     320
     276
     344
     326
     305
     297
     302
     348
     316
     306
     297
     298
     303
     302
     297
     322
     325
     286
     311
     297
     312
     334
     298
     300
     323
     305
     298
     321
     286
     303
     305
     320
     285
     292
     316
     317
     306
     304
     289
     285
     277
     297
     301
     283
     279
     277
     263
     316
     315
     279
     280
     273
     260
     286
     279
     299
     269
     300
     295
     263
     280
     309
     285
     281
     289
     269
     293
     288
     254
     295
     250
     275
     244
     296
     257
     263
     277
     254
     276
     276
     272
     273
     277
     267
     241
     261
     246
     262
     240
     271
     254
     241
     215
     254
     251
     229
     244
     238
     248
     283
     254
     235
     252
     271
     250
     252
     258
     250
     247
     268
     255
     245
     229
     253
     235
     247
     260
     252
     244
     254
     221
     227
     225
     231
     223
     218
     238
     220
     250
     241
     231
     252
     238
     228
     201
     215
     211
     253
     183
     222
     233
     255
     248
     224
     241
     213
     245
     251
     221
     254
     221
     231
     203
     218
     212
     234
     217
     178
     209
     199
     242
     193
     243
     213
     218
     211
     203
     226
     228
     217
     188
     226
     208
     201
     206
     216
     196
     219
     231
     210
     190
     216
     184
     199
     213
     185
     209
     220
     210
     200
     201
     200
     221
     212
     213
     217
     221
     216
     214
     192
     201
     207
     204
     193
     197
     202
     205
     205
     217
     222
     200
     220
     184
     215
     193
     198
     203
     223
     202
     192
     181
     212
     175
     245
     180
     206
     197
     208
     203
     191
     218
     183
     187
     175
     191
     174
     201
     172
     189
     193
     183
     174
     189
     188
     169
     189
     184
     199
     237
     197
     213
     216
     178
     215
     196
     192
     187
     191
     190
     197
     192
     180
     177
     200
     209
     176
     195
     207
     193
     192
     209
     158
     204
     177
     196
     203
     180
     202
     186
     196
     181
     176
     182
     177
     217
     190
     169
     196
     173
     162
     188
     189
     175
     176
     201
     182
     180
     171
     204
     165
     187
     166
     177
     176
     162
     173
     193
     196
     179
     180
     179
     167
     186
     184
     153
     153
     198
     183
     168
     208
     165
     200
     177
     171
     177
     169
     161
     189
     166
     191
     161
     174
     184
     172
     152
     163
     160
     157
     167
     168
     146
     167
     182
     182
     172
     176
     164
     178
     157
     171
     156
     173
     172
     176
     142
     176
     169
     192
     159
     169
     151
     173
     176
     163
     164
     174
     177
     177
     160
     184
     177
     161
     187
     156
     154
     169
     179
     184
     179
     169
     142
     174
     157
     192
     181
     143
     142
     178
     161
     160
     153
     162
     157
     169
     155
     156
     158
     144
     186
     197
     186
     161
     163
     161
     162
     157
     164
     169
     148
     163
     150
     131
     163
     153
     159
     155
     158
     176
     145
     163
     178
     161
     163
     158
     163
     145
     170
     168
     172
     169
     149
     155
     133
     133
     156
     165
     158
     163
     161
     156
     164
     163
     148
     160
     169
     132
     177
     160
     160
     163
     161
     159
     165
     163
     170
     172
     170
     151
     180
     136
     171
     182
     162
     138
     143
     187
     158
     148
     165
     143
     152
     181
     153
     135
     143
     138
     132
     136
     152
     153
     143
     147
     175
     144
     162
     148
     166
     153
     147
     152
     147
     150
     128
     155
     161
     157
     142
     146
     173
     154
     144
     142
     129
     142
     149
     146
     132
     153
     148
     153
     154
     154
     137
     147
     162
     160
     171
     158
     167
     137
     169
     146
     148
     134
     158
     172
     145
     155
     161
     154
     153
     138
     149
     149
     137
     148
     146
     153
     153
     152
     164
     157
     159
     137
     140
     136
     172
     163
     124
     158
     178
     141
     158
     143
     152
     164
     175
     132
     148
     136
     162
     142
     167
     156
     155
     131
     159
     148
     142
     166
     147
     168
     151
     141
     130
     172
     159
     134
     163
     156
     155
     152
     157
     170
     143
     133
     153
     132
     150
     177
     181
     142
     148
     141
     136
     150
     157
     145
     145
     160
     161
     131
     131
     154
     130
     140
     142
     136
     149
     144
     156
     142
     138
     145
     147
     136
     148
     160
     142
     160
     183
     138
     146
     139
     144
     145
     147
     149
     158
     135
     156
     146
     151
     138
     157
     143
     152
     142
     135
     135
     170
     151
     159
     151
     146
     148
     138
     166
     148
     142
     148
     141
     157
     164
     153
     143
     150
     147
     160
     147
     154
     146
     157
     154
     158
     153
     153
     144
     143
     136
     155
     145
     153
     153
     133
     134
     138
     179
     136
     169
     162
     137
     146
     177
     154
     148
     165
     147
     136
     157
     152
     167
     147
     133
     136
     168
     160
     145
     153
     143
     156
     142
     161
     154
     138
     142
     171
     167
     164
     144
     146
     141
     162
     180
     167
     170
     166
     160
     153
     142
     165
     160
     160
     148
     168
     137
     153
     153
     130
     147
     144
     168
     162
     160
     153
     138
     148
     158
     151
     150
     167
     174
     171
     180
     145
     176
     176
     161
     179
     171
     209
     207
     161
     150
     167
     188
     180
     171
     166
     176
     168
     153
     175
     170
     189
     204
     190
     170
     192
     177
     163
     185
     191
     204
     198
     170
     174
     200
     164
     190
     216
     215
     192
     194
     212
     200
     186
     209
     227
     207
     198
     178
     198
     171
     208
     203
     205
     187
     193
     221
     226
     209
     192
     202
     263
     229
     222
     221
     207
     243
     214
     235
     245
     278
     238
     238
     248
     254
     232
     246
     256
     262
     246
     244
     243
     244
     285
     249
     268
     261
     293
     270
     244
     279
     246
     278
     277
     294
     300
     286
     304
     284
     295
     311
     295
     286
     309
     298
     279
     313
     305
     349
     330
     333
     359
     343
     340
     316
     354
     347
     354
     370
     357
     370
     387
     346
     365
     364
     388
     395
     384
     402
     401
     411
     429
     403
     426
     389
     405
     421
     445
     424
     438
     409
     432
     489
     470
     418
     506
     501
     461
     481
     451
     496
     477
     486
     501
     502
     528
     574
     542
     579
     518
     558
     533
     519
     607
     564
     572
     560
     581
     616
     614
     650
     656
     599
     634
     629
     607
     640
     641
     659
     662
     659
     692
     661
     672
     677
     734
     685
     749
     700
     755
     738
     740
     759
     767
     806
     802
     809
     799
     757
     822
     831
     838
     844
     781
     833
     869
     820
     837
     906
     876
     864
     953
     921
     909
     929
     923
     912
     922
     932
     972
     994
    1031
    1024
     960
     989
    1056
     993
    1029
    1032
    1009
    1041
    1075
    1068
    1062
    1044
    1082
    1076
    1080
    1117
    1147
    1141
    1109
    1139
    1136
    1177
    1210
    1225
    1181
    1182
    1247
    1205
    1250
    1234
    1187
    1296
    1219
    1315
    1310
    1336
    1340
    1282
    1334
    1374
    1305
    1355
    1274
    1345
    1389
    1409
    1367
    1429
    1369
    1341
    1487
    1434
    1458
    1459
    1492
    1483
    1421
    1512
    1435
    1449
    1488
    1514
    1577
    1489
    1537
    1551
    1561
    1531
    1648
    1554
    1507
    1556
    1534
    1633
    1590
    1671
    1663
    1623
    1626
    1631
    1663
    1512
    1621
    1662
    1622
    1661
    1678
    1656
    1640
    1666
    1634
    1704
    1683
    1707
    1694
    1745
    1700
    1731
    1761
    1684
    1658
    1772
    1695
    1690
    1704
    1708
    1750
    1742
    1795
    1784
    1750
    1781
    1752
    1770
    1846
    1754
    1804
    1852
    1796
    1819
    1829
    1857
    1773
    1869
    1736
    1834
    1785
    1720
    1859
    1805
    1828
    1788
    1817
    1798
    1756
    1810
    1829
    1845
    1790
    1790
    1731
    1770
    1762
    1832
    1791
    1746
    1824
    1797
    1755
    1788
    1808
    1783
    1771
    1673
    1804
    1770
    1663
    1807
    1756
    1763
    1724
    1732
    1683
    1736
    1761
    1769
    1713
    1722
    1733
    1653
    1667
    1667
    1717
    1647
    1727
    1615
    1672
    1607
    1703
    1635
    1683
    1618
    1651
    1667
    1623
    1584
    1652
    1562
    1631
    1577
    1550
    1582
    1538
    1555
    1554
    1591
    1506
    1509
    1592
    1584
    1537
    1512
    1465
    1408
    1461
    1448
    1489
    1464
    1390
    1501
    1406
    1400
    1407
    1433
    1432
    1366
    1326
    1388
    1406
    1333
    1290
    1354
    1310
    1386
    1290
    1259
    1278
    1296
    1252
    1227
    1182
    1205
    1233
    1212
    1273
    1132
    1222
    1148
    1171
    1150
    1137
    1129
    1165
    1168
    1052
    1122
    1104
    1110
    1033
    1127
    1059
    1082
    1082
    1001
    1048
    1012
    1005
    1025
     993
     943
     995
     940
     946
     960
     932
     933
     904
     944
     900
     881
     890
     898
     894
     850
     887
     850
     789
     870
     829
     775
     766
     787
     774
     750
     779
     729
     776
     770
     748
     728
     729
     695
     636
     699
     741
     693
     635
     652
     627
     629
     644
     629
     637
     598
     599
     643
     593
     580
     558
     571
     556
     554
     544
     517
     535
     575
     537
     506
     477
     511
     497
     484
     487
     478
     464
     474
     429
     459
     476
     445
     446
     487
     448
     441
     429
     465
     425
     420
     405
     385
     391
     377
     377
     427
     385
     394
     375
     340
     358
     360
     360
     341
     333
     324
     343
     349
     332
     302
     296
     309
     317
     293
     269
     315
     290
     310
     307
     294
     264
     250
     266
     292
     281
     273
     259
     273
     258
     275
     232
     272
     242
     252
     231
     248
     200
     232
     205
     233
     214
     235
     211
     227
     209
     197
     250
     214
     250
     231
     196
     210
     196
     204
     211
     197
     185
     207
     205
     217
     201
     197
     180
     198
     167
     183
     173
     174
     188
     173
     168
     171
     179
     161
     179
     186
     181
     157
     183
     181
     157
     164
     161
     149
     177
     150
     168
     164
     149
     142
     155
     150
     163
     143
     141
     152
     150
     151
     147
     153
     154
     138
     132
     150
     148
     162
     141
     128
     149
     147
     147
     149
     146
     139
     146
     148
     140
     140
     147
     129
     159
     115
     131
     156
     153
     144
     136
     152
     137
     127
     134
     134
     151
     145
     143
     143
     111
     140
     136
     155
     131
     132
     127
     124
     130
     146
     127
     132
     148
     140
     129
     140
     120
     132
     137
     128
     138
     145
     146
     142
     130
     135
     129
     131
     134
     137
     133
     123
     142
     120
     137
     114
     126
     141
     107
     135
     140
     125
     139
     137
     121
     127
     130
     135
     156
     125
     115
     139
     135
     133
     134
     161
     124
     143
     123
     125
     123
     141
     107
     134
     125
     119
     132
     146
     138
     122
     133
     122
     132
     124
     132
     110
     133
     137
     125
     138
     131
     130
     120
     119
     133
     105
     120
     135
     138
     117
     127
     117
     128
     116
     119
     133
     129
     127
     141
     143
     130
     118
     128
     117
     118
     137
     133
     127
     122
     101
     138
     124
     130
     131
     140
     116
     120
     146
     126
     124
     123
     147
     126
     139
     131
     135
     121
     128
     133
     140
     113
     142
     121
     119
     123
     116
     119
     126
     124
     106
     148
     138
     115
     124
     138
     133
     129
     139
     126
     127
     146
     112
     132
     129
     129
     153
     135
     113
     143
     107
     124
     112
     146
     114
     117
     127
     134
     116
     123
     138
     145
     138
     106
     129
     119
     153
     120
     133
     131
     147
     118
     143
     131
     112
     136
     136
     147
     149
     118
     132
     117
     153
     112
     127
     128
     159
     136
     143
     137
     147
     128
     142
     136
     130
     142
     122
     134
     125
     123
     132
     149
     131
     134
     129
     126
     105
     109
     135
     116
     127
     156
     131
     126
     131
     117
     121
     122
     148
     129
     139
     140
     136
     106
     130
     140
     126
     124
     141
     123
     138
     135
     134
     132
     141
     150
     156
     137
     109
     136
     137
     131
     134
     132
     133
     129
     134
     145
     133
     125
     102
     126
     106
     134
     131
     134
     128
     127
     148
     140
     134
     151
     151
     122
     118
     124
     132
     138
     134
     112
     135
     131
     125
     127
     127
     123
     125
     150
     124
     118
     158
     142
     122
     140
     142
     148
     141
     138
     124
     135
     141
     143
     129
     139
     131
     126
     124
     131
     138
     167
     121
     148
     138
     140
     122
     132
     138
     142
     160
     141
     121
     130
     126
     139
     145
     124
     129
     126
     119
     122
     129
     131
     114
     156
     129
     154
     163
     143
     145
     139
     119
     141
     133
     152
     135
     135
     138
     138
     140
     131
     119
     147
     122
     133
     128
     140
     139
     121
     148
     133
     144
     134
     127
     117
     135
     139
     133
     131
     172
     134
     140
     117
     136
     129
     129
     138
     135
     146
     147
     137
     155
     148
     128
     135
     144
     150
     128
     125
     123
     119
     154
     142
     159
     138
     143
     143
     148
     148
     131
     135
     137
     139
     155
     143
     151
     138
     121
     141
     138
     141
     145
     156
     116
     128
     129
     111
     117
     167
     159
     146
     141
     134
     131
     135
     146
     150
     126
     128
     136
     159
     123
     155
     136
     136
     137
     127
     137
     133
     158
     126
     149
     137
     132
     133
     131
     145
     117
     136
     130
     122
     130
     139
     139
     145
     133
     141
     154
     142
     131
     147
     142
     149
     144
     143
     149
     156
     132
     140
     127
     148
     160
     152
     139
     154
     134
     134
     138
     126
     140
     128
     140
     143
     136
     141
     130
     134
     155
     157
     151
     137
     141
     139
     128
     144
     123
     121
     144
     144
     137
     138
     146
     126
     169
     145
     143
     131
     155
     133
     137
     145
     134
     130
     135
     124
     144
     138
     130
     139
     163
     137
     162
     124
     133
     135
     136
     127
     149
     154
     144
     133
     132
     143
     159
     136
     143
     133
     143
     143
     134
     137
     153
     158
     139
     143
     146
     145
     133
     141
     137
     135
     123
     142
     143
     135
     127
     137
     150
     128
     127
     139
     143
     139
     146
     125
     165
     145
     147
     157
     126
     144
     138
     128
     158
     149
     136
     137
     133
     128
     127
     146
     141
     136
     156
     155
     133
     145
     142
     162
     148
     144
     129
     132
     137
     129
     147
     139
     156
     153
     141
     134
     148
     121
     151
     128
     174
     143
     143
     147
     142
     139
     137
     149
     138
     157
     157
     133
     162
     134
     158
     164
     156
     147
     156
     143
     138
     158
     149
     136
     130
     145
     136
     129
     150
     123
     136
     139
     144
     145
     180
     151
     144
     151
     154
     158
     143
     136
     145
     119
     136
     151
     160
     127
     151
     148
     138
     142
     150
     162
     121
     150
     147
     161
     165
     135
     144
     154
     140
     155
     142
     154
     151
     160
     142
     112
     158
     161
     159
     151
     154
     147
     123
     144
     137
     150
     126
     143
     126
     137
     141
     157
     156
     148
     159
     133
     155
     162
     150
     150
     148
     156
     148
     165
     167
     136
     141
     138
     148
     163
     143
     140
     150
     147
     141
     142
     150
     141
     114
     142
     143
     151
     145
     159
     136
     160
     128
     143
     138
     154
     143
     123
     133
     135
     137
     163
     128
     140
     141
     162
     113
     134
     134
     158
     143
     136
     162
     148
     145
     128
     153
     130
     165
     159
     152
     151
     145
     158
     167
     139
     147
     156
     150
     155
     156
     156
     140
     138
     154
     145
     144
     152
     145
     135
     156
     139
     156
     142
     161
     146
     159
     169
     139
     139
     156
     155
     145
     136
     161
     148
     149
     130
     128
     130
     169
     148
     157
     131
     152
     146
     130
     180
     142
     123
     146
     132
     157
     144
     143
     151
     138
     140
     133
     165
     133
     163
     146
     138
     167
     161
     161
     131
     146
     149
     161
     123
     148
     147
     142
     133
     131
     109
     146
     146
     147
     130
     149
     148
     148
     138
     157
     169
     150
     150
     146
     160
     164
     142
     172
     137
     151
     146
     137
     146
     141
     158
     152
     143
     146
     152
     151
     163
     153
     162
     151
     153
     150
     140
     129
     175
     161
     150
     161
     130
     147
     173
     144
     148
     158
     159
     183
     160
     173
     137
     170
     149
     147
     173
     157
     161
     135
     158
     166
     149
     161
     152
     136
     163
     145
     141
     137
     147
     125
     164
     154
     138
     144
     146
     120
     152
     158
     136
     141
     157
     169
     134
     158
     155
     161
     164
     151
     154
     157
     140
     166
     134
     159
     162
     141
     147
     153
     140
     152
     162
     139
     156
     141
     131
     138
     159
     163
     145
     135
     155
     153
     155
     143
     147
     134
     152
     163
     152
     144
     166
     149
     156
     171
     147
     143
     145
     134
     157
     146
     144
     157
     155
     159
     158
     151
     150
     154
     140
     140
     157
     155
     145
     142
     145
     122
     141
     157
     127
     126
     135
     167
     153
     141
     139
     153
     162
     149
     148
     143
     144
     169
     137
     156
     132
     149
     160
     150
     134
     160
     160
     159
     159
     134
     147
     156
     144
     151
     136
     137
     148
     150
     152
     141
     136
     150
     135
     154
     149
     154
     130
     172
     146
     159
     130
     146
     135
     146
     131
     126
     128
     138
     123
     141
     162
     150
     139
     124
     147
     138
     141
     152
     155
     143
     147
     154
     135
     144
     139
     138
     145
     134
     128
     142
     136
     126
     152
     156
     170
     143
     158
     124
     143
     127
     143
     141
     143
     134
     126
     137
     143
     130
     139
     169
     146
     150
     129
     125
     127
     153
     144
     141
     131
     150
     145
     145
     144
     139
     104
     130
     136
     130
     124
     127
     142
     114
     146
     155
     145
     138
     135
     124
     141
     150
     137
     126
     143
     130
     130
     152
     136
     134
     122
     132
     138
     140
     153
     137
     148
     139
     141
     139
     135
     142
     142
     130
     144
     144
     123
     123
     126
     125
     158
     131
     137
     144
     149
     138
     120
     133
     137
     135
     128
     119
     131
     160
     130
     125
     135
     128
     113
     131
     131
     123
     125
     145
     118
     120
     136
     136
     140
     134
     138
     125
     124
     120
     139
     138
     153
     122
     112
     141
     108
     139
     139
     126
     124
      99
     126
     150
     136
     126
     131
     128
     125
     124
     112
     124
     142
     118
     121
     126
     133
     113
     116
     120
     138
     101
     139
     138
     111
     127
     115
     156
     136
     122
     121
     105
     105
     138
     125
     115
     126
     101
     110
     134
     115
     113
     132
     126
     130
     111
     134
     131
     134
     125
     106
      98
     113
     115
     112
     119
     101
      94
     110
     132
     105
     120
     127
     125
     140
     120
     124
     102
     135
     115
     110
     128
     110
     132
     130
      93
     114
     127
     125
     111
     135
     111
     150
      91
     104
     128
     101
     109
     125
     121
     109
     117
     123
     121
     102
      90
     136
     105
     112
     115
     112
     134
     117
     104
     109
      98
     109
     126
     112
     130
     111
     104
     114
     117
     109
     100
     105
     116
     101
     100
     121
     124
     113
     111
     121
     108
     127
     123
     103
     106
     109
     102
     119
      88
     122
     104
     111
     126
     114
      90
     106
     131
     122
     108
     108
     104
     104
      96
     113
     116
      87
     112
     110
     110
     118
     102
     100
     103
     106
     113
     117
      97
     101
     116
     102
      96
     106
     104
     110
     110
     112
      98
     104
     116
     113
     104
     121
     116
     111
     104
     110
     107
     102
     112
      96
     115
     103
      92
     123
      85
     108
      92
      83
      92
     106
     108
     104
      90
     112
      90
      88
     102
      98
      89
     111
     104
      88
     105
     116
     100
     103
     112
      96
      98
     106
     107
      85
     112
      95
     102
     106
     109
      84
     128
     118
     104
      92
     104
     112
     111
      97
     133
     118
      81
     107
     100
     115
     118
      86
     104
     117
      90
      88
     114
     104
     111
     112
      79
      93
     101
      92
      76
     109
      98
      80
      94
      96
      99
      93
     104
      97
     109
     108
     107
      95
      86
     105
     122
     104
     110
     104
     116
     103
     134
     107
      92
     105
     108
      91
     110
      98
     102
     107
      94
      97
      93
     108
     115
      96
      99
      94
      93
      91
      87
      79
      86
      93
      91
     107
      91
      91
     101
     100
     121
      86
      86
      74
      98
     110
      92
      88
      75
      88
     106
     104
     106
      91
      81
      82
     105
     106
      84
     106
     110
      94
      94
      91
     104
      84
     110
      88
     102
      95
      97
      91
      89
      86
      95
      91
      96
      80
      99
     104
      87
      90
      77
      95
      95
      95
      88
      94
      91
      96
      95
     110
      72
      94
      93
     111
     102
      85
      84
     101
      90
      94
      82
      99
      86
      99
      92
      92
      96
      93
      80
     105
      78
      81
      89
     107
      96
     100
      91
     103
     104
      88
      96
     111
      79
     120
      93
     104
      85
      95
      89
      90
      92
      82
      83
     100
     100
      91
      82
      78
      96
      98
      95
      81
      83
      89
      87
      97
      80
      87
      95
      85
     111
      86
      93
      98
     100
      77
      81
      80
      86
      90
      91
     102
     107
      72
      76
      98
      86
      80
      93
      87
      69
      94
      95
      83
     104
     109
      91
      93
     101
      93
      82
      89
      86
      86
      85
      97
      92
     119
     116
     106
      77
      85
     102
      72
     100
      99
      81
      76
      84
      95
      90
      90
      96
     102
      90
      79
      69
      88
     101
      94
      99
      96
      91
      92
      89
      87
      99
      81
     105
      96
      96
      91
      92
      93
      93
      71
      96
      80
      91
      91
      96
      79
      84
      85
      99
      88
      95
     100
      90
      96
     107
     104
      96
      85
      95
      97
      92
      72
     107
      76
      81
      99
      96
      82
      99
      86
      80
     105
      81
      93
      94
      93
      81
      74
      87
     101
      96
      79
      68
      89
      94
      80
      84
      72
      82
      83
      77
      74
      75
      94
      84
     102
      92
      83
      90
     101
      77
      82
      78
      75
      77
     105
     106
      95
      94
      90
      96
      70
      73
      72
      83
     100
      82
      90
      89
      76
      93
      81
      93
      66
      88
     106
      75
     108
      96
      80
      94
      83
     101
      88
      73
      89
      95
      84
      89
      83
     104
      88
      93
      91
      92
      87
     102
      85
      91
      79
      92
      94
      83
      84
      91
      92
      96
      75
      80
     103
      79
      70
      98
      86
      95
      91
      93
      79
      83
      87
     103
      70
      80
      89
      78
      90
      95
      84
      85
      89
      83
      73
      96
      88
      91
     100
      93
      88
      53
      85
      62
      84
      91
      83
      83
      69
      81
      91
      88
      81
      97
      63
      88
      87
      87
      83
      73
      95
      88
      87
      84
      82
      93
      73
      86
      82
      95
      95
      98
      68
      84
      86
      76
      73
      87
      82
      59
      85
      63
      88
      75
      84
      83
      82
      87
      86
      84
      81
      93
      80
      90
      92
      82
      69
      84
      77
      77
      81
      85
      82
      81
      83
      84
      86
      84
      75
      81
      87
      77
      72
      83
      93
      85
      84
     108
      71
      84
      92
      93
      73
      78
      67
      92
      74
      80
      92
      79
      70
      96
      88
      90
      72
      75
      82
      77
      88
      86
      84
      80
      73
      97
      83
      84
      84
      74
      72
      69
      73
      93
      88
      85
      90
      78
      84
      88
      85
      86
      87
      90
      88
      66
      77
      71
      87
      78
      90
      79
      69
      83
      65
      74
      77
      79
      92
      87
      83
      79
      61
      88
      72
      90
      83
      73
      75
      59
      83
      90
      58
      85
      81
      80
      92
      95
      76
      81
      85
      84
      78
      71
      75
      66
      64
      89
      82
      77
      96
      70
      91
      88
      84
      65
      77
      77
      82
      91
      75
      80
      74
      73
      78
      83
      81
      78
      76
      70
      89
      88
      80
      83
      81
     102
      91
      92
      96
     109
      73
     101
      69
      85
      92
      94
      93
      90
      73
      76
      88
      97
     101
     102
      99
      89
      89
      86
     100
      78
      78
      89
      91
      72
      72
      95
     113
      84
      88
      87
     100
      98
      98
      85
      94
      99
      93
      86
      81
     109
      88
      98
     101
     100
     124
      96
      97
     110
      84
      91
     109
      98
      91
     124
      96
     107
     108
     121
     106
     101
     105
     110
     113
      98
     115
     101
     105
     103
      95
     109
     122
     108
     117
     121
     135
      98
     106
     112
     122
     100
     150
     134
     123
     124
     124
     106
     119
     101
     126
     107
     114
     121
      93
      94
     119
     128
     116
     116
     129
     139
     140
     123
     132
     134
     121
     149
     139
     131
     113
     110
     130
     134
     119
     145
     149
     145
     130
     141
     166
     133
     167
     139
     157
     140
     167
     166
     138
     169
     150
     144
     153
     158
     147
     148
     142
     134
     149
     141
     168
     145
     145
     151
     164
     163
     155
     149
     166
     142
     161
     191
     174
     186
     167
     173
     180
     172
     171
     180
     169
     131
     183
     177
     160
     173
     170
     194
     173
     177
     182
     183
     192
     196
     193
     188
     183
     161
     203
     217
     219
     199
     220
     203
     218
     205
     234
     206
     190
     223
     207
     207
     218
     203
     237
     193
     218
     221
     215
     203
     204
     195
     215
     216
     235
     203
     206
     242
     231
     210
     263
     224
     206
     246
     246
     257
     218
     264
     244
     251
     238
     233
     260
     237
     263
     258
     235
     242
     235
     270
     279
     247
     250
     272
     264
     247
     213
     245
     264
     258
     256
     263
     225
     258
     252
     266
     260
     268
     254
     275
     297
     261
     265
     277
     264
     296
     286
     297
     274
     287
     268
     275
     302
     256
     296
     294
     308
     325
     314
     318
     306
     267
     272
     282
     290
     304
     327
     276
     288
     326
     320
     296
     318
     294
     291
     288
     317
     323
     287
     304
     314
     320
     298
     307
     345
     332
     319
     282
     322
     296
     324
     315
     318
     291
     308
     293
     315
     329
     316
     298
     291
     313
     387
     362
     333
     310
     375
     359
     293
     325
     331
     360
     323
     329
     334
     340
     325
     349
     341
     327
     339
     295
     328
     326
     325
     326
     312
     338
     351
     371
     390
     322
     374
     352
     327
     377
     317
     315
     316
     329
     356
     345
     351
     331
     321
     387
     336
     321
     378
     372
     362
     338
     348
     350
     334
     337
     335
     295
     336
     344
     344
     357
     311
     326
     325
     330
     343
     350
     357
     337
     339
     315
     316
     330
     335
     323
     349
     316
     327
     341
     311
     322
     338
     350
     310
     315
     322
     320
     369
     309
     342
     296
     307
     331
     289
     320
     327
     298
     335
     289
     305
     326
     329
     307
     309
     273
     310
     292
     322
     297
     328
     318
     301
     269
     311
     318
     300
     292
     315
     287
     293
     283
     344
     334
     317
     304
     282
     291
     313
     323
     311
     290
     289
     293
     281
     286
     297
     280
     289
     277
     291
     299
     281
     303
     280
     274
     253
     270
     269
     253
     265
     278
     260
     280
     264
     256
     279
     270
     279
     234
     237
     261
     258
     257
     256
     260
     253
     250
     261
     264
     250
     259
     225
     234
     262
     218
     252
     223
     245
     225
     239
     253
     243
     222
     226
     266
     241
     218
     214
     242
     223
     222
     183
     187
     219
     232
     225
     206
     213
     213
     197
     198
     184
     209
     186
     200
     206
     213
     171
     210
     188
     196
     202
     191
     189
     187
     204
     206
     185
     175
     176
     197
     199
     173
     174
     163
     194
     190
     183
     166
     172
     197
     150
     161
     175
     149
     159
     154
     160
     174
     149
     160
     150
     169
     148
     175
     154
     143
     157
     146
     172
     153
     133
     128
     152
     154
     155
     140
     111
     101
     122
     137
     140
     119
     135
     143
     140
     149
     145
     138
     106
     112
     115
     116
     114
     126
     117
     112
     119
     125
     129
     118
      94
     137
     121
     104
      99
     109
     129
      89
     107
     101
     105
     113
      99
     104
     109
     109
      96
      85
     103
      97
     100
      95
      94
     106
      89
      97
      80
      93
     111
      70
     104
      93
      78
      86
      86
      78
      96
      81
      87
      75
      71
      80
      84
      85
      85
      79
      60
      86
      62
      88
      84
      65
      81
      75
      80
      73
      66
      87
      55
      62
      56
      71
      59
      78
      60
      74
      61
      79
      63
      64
      64
      55
      60
      67
      48
      67
      63
      51
      74
      49
      61
      52
      55
      40
      65
      63
      50
      64
      59
      50
      48
      65
      55
      55
      51
      34
      52
      50
      48
      57
      47
      54
      41
      36
      55
      44
      61
      45
      37
      43
      43
      28
      33
      32
      34
      39
      34
      39
      27
      40
      52
      64
      33
      39
      43
      37
      33
      33
      43
      47
      32
      42
      39
      47
      43
      32
      50
      37
      44
      41
      31
      35
      24
      37
      45
      31
      39
      41
      39
      36
      18
      32
      37
      31
      37
      38
      24
      40
      41
      32
      38
      30
      34
      29
      35
      35
      29
      42
      32
      34
      28
      27
      36
      23
      28
      37
      35
      34
      29
      27
      28
      33
      19
      42
      26
      26
      34
      28
      38
      32
      35
      32
      40
      33
      44
      27
      38
      26
      32
      31
      30
      47
      37
      28
      40
      36
      40
      35
      38
      33
      39
      28
      51
      30
      35
      32
      34
      42
      36
      35
      43
      43
      31
      37
      42
      49
      29
      25
      41
      44
      44
      39
      39
      36
      31
      44
      32
      36
      39
      36
      33
      43
      41
      38
      43
      49
      44
      40
      39
      44
      39
      49
      47
      39
      45
      51
      42
      49
      56
      49
      51
      46
      42
      45
      42
      44
      45
      44
      38
      53
      45
      37
      46
      37
      45
      53
      50
      50
      37
      48
      48
      51
      47
      58
      57
      61
      41
      56
      51
      46
      51
      65
      60
      57
      60
      59
      55
      53
      42
      55
      59
      51
      56
      52
      71
      52
      59
      42
      65
      59
      68
      55
      67
      59
      61
      67
      61
      57
      74
      65
      56
      72
      68
      74
      75
      61
      88
      69
      76
      60
      81
      88
      67
      79
      74
      79
      64
     104
      74
      90
      81
      94
      98
      71
      78
      85
      91
      94
      78
      83
      83
      76
     101
      85
      79
      84
      97
      96
      80
      88
      86
      74
      98
     114
     111
      99
      92
      94
     110
      91
      89
     103
      94
      88
      95
      89
      85
     108
     107
     101
     123
     103
     112
     100
     110
     118
      91
      99
     103
     113
     100
     102
     134
     123
     105
     125
     118
     104
     112
     124
     130
     115
     119
     127
     117
     104
     151
     109
     140
     115
     126
     144
     129
     135
     130
     142
     116
     134
     137
     136
     140
     150
     116
     157
     148
     141
     150
     128
     129
     141
     135
     154
     143
     150
     152
     146
     158
     162
     140
     165
     151
     174
     168
     159
     170
     171
     166
     147
     151
     166
     155
     164
     135
     159
     168
     173
     190
     175
     152
     154
     160
     171
     196
     177
     170
     168
     164
     177
     160
     194
     171
     205
     186
     205
     192
     174
     190
     184
     176
     177
     194
     178
     190
     211
     199
     210
     172
     170
     211
     166
     217
     196
     185
     201
     205
     190
     220
     216
     199
     202
     205
     216
     215
     200
     181
     219
     256
     224
     217
     228
     224
     223
     208
     207
     234
     243
     220
     238
     232
     199
     225
     213
     220
     222
     254
     221
     237
     213
     228
     239
     264
     240
     232
     224
     224
     249
     226
     211
     224
     222
     251
     254
     248
     256
     271
     234
     220
     243
     205
     247
     257
     233
     252
     233
     275
     254
     228
     255
     218
     254
     248
     228
     228
     258
     256
     237
     264
     267
     233
     252
     239
     246
     248
     231
     259
     268
     258
     249
     253
     243
     271
     271
     244
     257
     265
     239
     244
     264
     257
     264
     252
     262
     258
     251
     267
     257
     261
     302
     251
     264
     273
     245
     269
     262
     238
     256
     269
     240
     228
     250
     293
     265
     263
     243
     254
     271
     263
     270
     276
     247
     250
     244
     269
     252
     264
     238
     276
     259
     268
     240
     249
     274
     243
     239
     274
     245
     264
     273
     213
     244
     236
     284
     247
     293
     254
     231
     254
     253
     268
     247
     243
     251
     250
     217
     228
     259
     237
     287
     258
     222
     231
     236
     220
     221
     240
     243
     241
     236
     256
     235
     277
     256
     254
     245
     253
     241
     272
     252
     212
     252
     229
     249
     256
     209
     215
     221
     225
     248
     239
     221
     285
     229
     239
     231
     232
     221
     239
     219
     225
     205
     243
     221
     223
     241
     201
     217
     214
     221
     205
     232
     218
     207
     242
     202
     221
     241
     203
     213
     196
     211
     206
     210
     188
     197
     189
     200
     214
     193
     201
     203
     181
     200
     183
     201
     201
     211
     199
     187
     179
     199
     196
     183
     183
     185
     151
     167
     198
     196
     178
     177
     197
     169
     186
     157
     205
     203
     179
     165
     169
     158
     184
     172
     151
     178
     160
     199
     179
     142
     148
     171
     148
     178
     166
     153
     147
     158
     148
     163
     163
     147
     151
     141
     153
     150
     152
     143
     170
     152
     151
     148
     147
     148
     153
     145
     123
     145
     140
     167
     140
     143
     150
     117
     127
     126
     137
     128
     130
     124
     115
     125
     114
     122
     123
     132
     141
     136
     144
     122
     127
     118
     119
     102
     120
     117
     115
     114
     100
     123
     118
     102
     104
     100
      98
     121
      88
     108
     101
      98
     109
     106
     113
     108
     117
     100
      91
      96
     106
     116
      94
     119
      81
     104
      93
      78
      95
      81
     103
      97
      94
      86
      96
      93
      81
      85
      99
      74
      94
      79
      87
      90
      85
      88
      66
      91
      82
      88
      78
      93
      85
      77
      66
      72
      75
      83
      72
      77
      80
      72
      66
      70
      68
      56
      70
      49
      79
      58
      53
      69
      84
      64
      57
      59
      67
      57
      66
      63
      73
      62
      51
      62
      62
      58
      63
      45
      62
      52
      53
      55
      66
      48
      56
      53
      52
      45
      57
      38
      50
      49
      51
      44
      46
      52
      39
      37
      36
      57
      59
      49
      52
      35
      39
      43
      47
      31
      35
      28
      38
      42
      41
      38
      44
      41
      40
      43
      34
      45
      27
      35
      35
      26
      36
      40
      28
      39
      35
      47
      37
      41
      28
      32
      28
      34
      23
      30
      28
      31
      45
      35
      33
      28
      26
      29
      31
      35
      36
      30
      25
      23
      27
      28
      19
      27
      34
      23
      26
      24
      28
      28
      26
      34
      29
      30
      18
      27
      27
      32
      27
      23
      28
      31
      18
      21
      15
      21
      32
      22
      27
      20
      15
      21
      20
      22
      22
      18
      12
      15
      17
      27
      22
      25
      21
      24
      23
      16
      13
      20
      14
      24
      28
      28
      20
      19
      18
      26
      15
      16
      16
      21
      24
      16
      19
      23
      13
      24
      18
      20
      18
      21
      21
      14
      12
      21
      16
      22
      17
      12
      18
      16
      15
      18
      15
      22
      25
      13
      14
      26
      17
      17
      11
      12
      18
      18
      14
      12
      13
      10
      12
      11
      13
      20
      20
      21
      21
      11
       8
       7
      16
      14
      17
      15
      16
      15
      17
      15
       7
      18
      18
      16
       9
      19
      14
      15
      20
      19
      17
       9
      22
      20
      15
      11
      14
      16
       9
      16
      10
      18
      11
       6
      18
       5
      22
      12
      13
      12
      10
      18
      15
      12
      15
      11
      11
       7
       5
      15
      22
       8
      17
      13
      17
      15
      14
      16
      14
      17
      12
       9
      10
      12
      14
      17
      12
       8
      12
      14
      20
      10
       6
       8
      12
      16
      10
      17
      17
      16
      13
      14
      13
      13
       7
      10
      11
      10
      18
      17
      11
      10
      12
       8
      23
      17
      17
      11
       7
       8
       6
       8
       6
      23
      13
      14
      11
       5
      16
      14
      12
      17
      13
      11
       9
      15
      10
      12
      16
      12
      16
       9
       9
      12
      13
      15
       6
      14
      13
      16
      21
      12
       7
      10
      13
      18
      15
       8
      17
       9
      12
      11
      12
      11
      13
      14
      11
      13
       9
      19
      12
      12
      12
       7
      15
      13
      13
       6
       8
      20
      11
      14
      10
      13
       9
       9
      15
      11
      13
      18
      13
       7
      10
      15
      10
      21
      14
      14
      10
       9
      14
      21
      14
      17
       9
      12
      15
      13
       9
      19
      20
       9
      11
      17
      17
      15
      12
      11
       7
      12
      13
      13
      15
       7
       9
      14
      10
      16
       3
       6
      15
      14
      14
      12
       8
      12
      13
       6
      10
       7
      11
      12
      11
       7
       9
      14
      11
      12
      10
      17
      13
      11
      11
      13
      17
      17
      12
       9
      15
      13
      11
      10
      15
      12
      11
      14
      10
      10
      14
      17
      15
      12
      21
      14
      14
      10
      12
      11
       6
      10
      10
       8
      14
      11
      14
      15
       8
      21
      13
      14
      11
      16
       7
      11
      10
      16
      12
       7
      10
      13
       5
      11
       5
      11
      10
       8
      11
       5
       9
       2
       2
       0
       1
       0
       0
       0
       0
       0
       0
       0
       0
       1
       0
       2
       1
       1
       0
       0
       0
       0
       0
       0
       0
       0
       0
       0
       1
       1
       0
       0
       1
       0
       0
       0
       0
       0
       0
       0
       0
       0
       1
       0
       1
       0
       0
       0
       0
       0
       0
       0
       0
       0
       0
       0
       0
       0
       0
       0
       0
       0
       0
       0
       0
       0
       0
       0
       0
       0
       0
       0
       0
       0
       0
       0
       0
       0
       0
       0
       0
       0
       0
       0
       0
       0
       0
       0
       0
       0
       0
       0
       0
       0
       0
       0
       0
       0
       0
       0
       0
       0
       0
       0
       0
       0
       0
       0
       0
       0
       0
       0
       0
       0
       0
       0
       0
       0
       0
       0
       0
       0
       0
       0
       0
       0
       0
       0
       0
       0
       0
       0
       0
       0
       0
       0
       0
       0
       0
       0
       0
       0
       0
       0
       0
       0
       0
       0
       0
       0
       0
       0
       0
       0
       0
       0
       0
       0
       0
       0
       0
       0
       0
       0
       0
       0
       0
       0
       0
       0
       0
       0
       0
       0
$ROI:
0
$PRESETS:
None
0
0
$ENER_FIT:
-0.946274 0.242428
$MCA_CAL:
3
-9.462742E-001 2.424276E-001 -2.056130E-007 keV
$SHAPE_CAL:
3
4.142836E+001 -1.952030E-002 2.453628E-006
