     384
     456
     497
     476
     453
     497
     478
     437
     464
     436
     460
     439
     439
     434
     423
     424
     449
     437
     417
     412
     408
     417
     451
     444
     401
     424
     421
     393
     430
     424
     437
     428
     411
     407
     451
     421
     402
     407
     383
     402
     372
     417
     396
     413
     392
     377
     364
     400
     383
     398
     389
     379
     363
     345
     404
     407
     356
     363
     357
     390
     418
     377
     371
     373
     355
     341
     371
     367
     359
     355
     355
     377
     350
     327
     357
     376
     360
     388
     385
     384
     377
     341
     381
     346
     342
     347
     357
     305
     366
     349
     359
     328
     349
     343
     379
     309
     339
     365
     372
     359
     348
     357
     349
     323
     348
     349
     349
     340
     350
     331
     337
     318
     323
     307
     331
     321
     318
     319
     304
     342
     315
     343
     325
     338
     353
     323
     362
     357
     332
     358
     319
     319
     297
     304
     297
     334
     309
     349
     328
     351
     354
     306
     351
     329
     316
     323
     321
     290
     291
     341
     323
     312
     315
     313
     320
     327
     278
     337
     306
     313
     302
     300
     338
     327
     308
     285
     322
     329
     299
     330
     321
     328
     321
     315
     345
     274
     297
     340
     288
     306
     340
     300
     307
     308
     315
     315
     286
     298
     304
     286
     299
     309
     295
     324
     293
     345
     311
     310
     294
     301
     287
     315
     299
     310
     315
     302
     315
     299
     322
     293
     286
     297
     325
     295
     290
     284
     312
     306
     302
     329
     321
     289
     285
     282
     274
     338
     300
     294
     278
     301
     277
     285
     304
     255
     323
     315
     274
     305
     264
     291
     297
     262
     270
     284
     289
     282
     282
     280
     313
     282
     258
     295
     300
     300
     291
     309
     312
     303
     285
     315
     277
     298
     270
     292
     304
     291
     296
     291
     267
     295
     298
     289
     275
     322
     314
     321
     289
     290
     290
     265
     303
     312
     292
     309
     289
     259
     282
     285
     306
     302
     254
     278
     261
     273
     295
     277
     306
     277
     310
     281
     301
     261
     291
     288
     290
     278
     274
     300
     301
     280
     295
     283
     304
     293
     278
     297
     297
     278
     280
     321
     311
     337
     252
     297
     294
     316
     289
     297
     296
     286
     278
     303
     296
     271
     288
     301
     305
     312
     318
     325
     285
     309
     310
     298
     291
     304
     308
     286
     313
     315
     273
     282
     284
     237
     294
     288
     281
     270
     273
     316
     289
     292
     261
     297
     310
     286
     301
     310
     287
     285
     270
     291
     289
     307
     276
     309
     271
     287
     274
     287
     307
     278
     241
     299
     286
     294
     300
     298
     287
     287
     295
     340
     310
     290
     288
     326
     302
     313
     349
     269
     274
     296
     305
     281
     299
     321
     316
     298
     272
     291
     308
     285
     261
     272
     276
     300
     299
     279
     283
     288
     291
     324
     314
     298
     308
     325
     300
     286
     286
     288
     317
     250
     293
     262
     271
     294
     305
     262
     281
     283
     285
     294
     300
     303
     259
     274
     293
     317
     296
     262
     293
     298
     327
     283
     291
     291
     310
     292
     302
     294
     305
     300
     288
     332
     298
     282
     299
     314
     290
     296
     331
     274
     313
     316
     314
     289
     300
     261
     319
     277
     272
     297
     275
     285
     300
     308
     310
     322
     307
     316
     314
     294
     275
     316
     286
     313
     318
     302
     343
     289
     313
     288
     307
     297
     293
     325
     334
     294
     299
     315
     311
     319
     292
     296
     306
     305
     273
     320
     322
     299
     307
     283
     306
     307
     292
     327
     292
     314
     312
     285
     303
     300
     291
     311
     298
     280
     325
     328
     325
     306
     294
     282
     307
     316
     313
     300
     277
     296
     319
     283
     305
     320
     299
     311
     321
     314
     272
     327
     305
     324
     316
     313
     286
     311
     357
     311
     325
     283
     313
     307
     344
     294
     342
     328
     289
     300
     308
     305
     324
     325
     315
     293
     321
     329
     346
     326
     324
     321
     350
     321
     316
     327
     346
     313
     328
     341
     308
     334
     307
     300
     299
     313
     317
     358
     315
     324
     308
     286
     326
     336
     362
     325
     330
     336
     333
     322
     318
     307
     322
     316
     321
     323
     314
     310
     308
     317
     327
     337
     309
     324
     299
     341
     305
     334
     302
     325
     328
     315
     324
     304
     298
     321
     327
     313
     284
     316
     336
     327
     322
     351
     351
     327
     346
     364
     324
     296
     312
     340
     318
     324
     342
     294
     366
     353
     332
     324
     318
     324
     318
     287
     361
     338
     325
     335
     313
     316
     345
     310
     314
     334
     348
     335
     336
     319
     319
     342
     336
     365
     327
     329
     319
     319
     338
     341
     313
     299
     332
     302
     339
     339
     361
     363
     319
     322
     347
     309
     328
     332
     375
     341
     326
     331
     313
     333
     331
     359
     334
     330
     320
     347
     323
     351
     325
     324
     293
     293
     312
     363
     330
     324
     319
     275
     302
     326
     334
     357
     324
     296
     311
     308
     316
     296
     333
     332
     336
     352
     306
     347
     320
     318
     306
     328
     320
     344
     337
     331
     361
     317
     314
     325
     323
     326
     308
     330
     279
     347
     335
     339
     326
     349
     352
     326
     326
     325
     330
     309
     319
     329
     320
     316
     313
     351
     336
     342
     313
     308
     303
     340
     326
     347
     340
     330
     336
     328
     296
     311
     344
     303
     338
     306
     307
     330
     324
     332
     299
     320
     340
     308
     308
     341
     324
     339
     317
     318
     344
     365
     321
     325
     331
     344
     356
     357
     334
     335
     334
     302
     374
     318
     340
     334
     370
     368
     354
     273
     328
     332
     345
     330
     307
     346
     311
     308
     321
     357
     303
     365
     346
     343
     347
     331
     346
     345
     324
     329
     336
     335
     306
     361
     335
     328
     354
     339
     342
     349
     369
     322
     340
     296
     339
     328
     335
     319
     345
     365
     301
     307
     336
     343
     330
     334
     324
     362
     351
     371
     380
     366
     368
     350
     364
     361
     357
     386
     376
     395
     362
     372
     360
     429
     401
     394
     387
     421
     377
     382
     415
     418
     378
     407
     413
     390
     420
     366
     359
     378
     449
     404
     427
     399
     395
     385
     417
     393
     422
     415
     386
     416
     405
     355
     393
     391
     404
     366
     392
     374
     385
     380
     409
     432
     426
     369
     390
     409
     389
     372
     408
     387
     368
     422
     369
     388
     372
     377
     393
     383
     331
     384
     350
     391
     358
     346
     347
     378
     362
     376
     348
     353
     351
     367
     368
     349
     392
     350
     355
     381
     385
     361
     362
     368
     371
     338
     380
     341
     380
     369
     333
     342
     356
     366
     346
     332
     345
     332
     386
     369
     356
     309
     328
     363
     359
     368
     315
     344
     369
     332
     352
     367
     320
     325
     364
     339
     342
     370
     349
     354
     356
     366
     368
     351
     349
     336
     335
     335
     329
     347
     323
     310
     316
     298
     326
     360
     322
     343
     336
     371
     320
     327
     331
     304
     368
     327
     309
     349
     331
     327
     346
     340
     352
     372
     322
     316
     305
     330
     334
     306
     330
     327
     318
     329
     314
     342
     340
     322
     306
     290
     351
     311
     329
     329
     323
     348
     343
     292
     327
     334
     318
     360
     315
     324
     333
     326
     327
     358
     315
     332
     320
     311
     336
     327
     314
     329
     341
     300
     307
     319
     336
     308
     339
     308
     308
     313
     309
     316
     307
     325
     293
     320
     332
     311
     297
     325
     318
     318
     342
     314
     325
     314
     315
     337
     324
     313
     285
     317
     311
     317
     328
     320
     299
     314
     308
     307
     321
     324
     342
     321
     312
     322
     322
     328
     304
     322
     348
     303
     296
     319
     288
     352
     342
     318
     288
     304
     314
     290
     339
     291
     291
     331
     320
     325
     313
     313
     326
     314
     335
     303
     310
     312
     294
     333
     314
     328
     289
     332
     309
     311
     354
     328
     294
     332
     318
     333
     330
     303
     328
     301
     285
     306
     313
     309
     298
     309
     295
     310
     313
     299
     300
     314
     326
     342
     287
     301
     305
     331
     296
     324
     297
     305
     305
     310
     309
     330
     299
     293
     300
     313
     290
     296
     311
     291
     276
     310
     325
     319
     344
     311
     291
     316
     332
     279
     286
     285
     304
     313
     322
     347
     311
     318
     310
     287
     333
     276
     305
     293
     302
     304
     292
     303
     300
     297
     262
     303
     301
     318
     299
     287
     329
     302
     300
     309
     275
     270
     299
     313
     316
     321
     278
     279
     310
     281
     316
     308
     312
     305
     298
     288
     283
     264
     308
     315
     271
     272
     297
     295
     303
     300
     325
     330
     304
     292
     292
     306
     284
     312
     286
     292
     296
     294
     294
     297
     297
     330
     297
     284
     278
     293
     283
     280
     282
     283
     285
     276
     285
     299
     267
     300
     307
     270
     320
     277
     294
     295
     317
     272
     281
     280
     296
     252
     293
     272
     293
     293
     269
     266
     275
     285
     309
     273
     261
     273
     277
     275
     282
     283
     277
     278
     283
     318
     276
     287
     275
     286
     295
     303
     269
     295
     272
     274
     284
     293
     271
     274
     291
     279
     295
     296
     303
     318
     281
     282
     291
     282
     279
     267
     289
     281
     270
     272
     298
     272
     283
     277
     292
     282
     286
     265
     261
     258
     292
     280
     270
     311
     290
     288
     274
     268
     267
     282
     277
     266
     293
     306
     257
     296
     229
     253
     259
     260
     265
     265
     270
     279
     280
     299
     282
     254
     283
     283
     289
     276
     291
     308
     304
     281
     289
     268
     278
     270
     293
     267
     277
     283
     279
     246
     256
     270
     282
     272
     282
     280
     243
     281
     268
     282
     260
     299
     261
     298
     287
     290
     272
     267
     301
     256
     273
     259
     291
     265
     249
     263
     302
     265
     270
     274
     254
     283
     260
     254
     275
     252
     295
     271
     246
     294
     259
     274
     280
     290
     284
     280
     283
     267
     239
     275
     271
     290
     262
     280
     283
     288
     282
     250
     260
     267
     275
     302
     261
     266
     295
     263
     300
     302
     253
     281
     293
     279
     278
     300
     278
     252
     261
     285
     254
     255
     274
     276
     221
     291
     267
     235
     270
     289
     286
     267
     267
     250
     289
     259
     276
     264
     283
     262
     272
     294
     250
     262
     257
     258
     256
     261
     258
     303
     249
     276
     275
     290
     255
     285
     256
     273
     242
     268
     255
     268
     272
     285
     301
     264
     290
     244
     281
     311
     266
     284
     289
     291
     259
     264
     293
     280
     286
     273
     265
     301
     288
     255
     305
     292
     270
     271
     281
     293
     315
     270
     289
     257
     278
     276
     295
     251
     287
     300
     303
     269
     264
     266
     329
     269
     283
     300
     290
     287
     265
     289
     270
     286
     274
     300
     286
     293
     290
     273
     300
     279
     273
     280
     303
     285
     294
     278
     276
     278
     270
     281
     289
     290
     276
     273
     276
     289
     305
     299
     283
     278
     290
     300
     278
     289
     300
     299
     294
     274
     277
     267
     275
     282
     304
     260
     266
     288
     254
     277
     297
     269
     288
     282
     306
     245
     292
     307
     255
     261
     289
     301
     279
     285
     298
     294
     280
     289
     258
     287
     299
     286
     278
     295
     283
     268
     319
     277
     304
     287
     290
     277
     293
     282
     306
     306
     248
     302
     263
     276
     286
     218
     309
     295
     282
     283
     300
     308
     295
     300
     284
     278
     291
     283
     307
     286
     303
     282
     302
     290
     256
     298
     309
     269
     293
     292
     289
     298
     289
     256
     284
     252
     281
     320
     282
     277
     280
     305
     288
     317
     304
     326
     271
     302
     316
     293
     310
     283
     294
     300
     278
     301
     272
     280
     289
     301
     299
     299
     275
     298
     306
     318
     303
     297
     295
     299
     283
     255
     284
     317
     272
     291
     328
     322
     293
     306
     318
     296
     284
     288
     284
     316
     296
     319
     300
     319
     287
     306
     278
     281
     299
     333
     297
     333
     254
     293
     297
     307
     296
     263
     297
     294
     335
     311
     280
     291
     296
     308
     294
     313
     281
     271
     304
     293
     317
     281
     305
     291
     291
     300
     309
     293
     309
     337
     295
     306
     325
     259
     306
     282
     289
     301
     267
     299
     274
     290
     279
     328
     282
     268
     299
     285
     286
     270
     284
     309
     257
     314
     303
     287
     287
     304
     324
     285
     270
     301
     271
     280
     269
     270
     302
     262
     273
     287
     258
     266
     277
     287
     274
     248
     295
     299
     237
     283
     277
     253
     248
     260
     249
     274
     282
     255
     263
     259
     237
     251
     233
     235
     218
     234
     242
     213
     220
     238
     237
     267
     231
     211
     230
     192
     222
     216
     207
     188
     212
     222
     210
     198
     211
     206
     210
     164
     178
     202
     189
     180
     186
     217
     190
     193
     187
     199
     162
     180
     174
     182
     202
     202
     191
     174
     184
     171
     199
     189
     159
     189
     160
     184
     214
     193
     166
     164
     182
     176
     197
     169
     191
     199
     183
     199
     171
     185
     200
     176
     169
     166
     171
     169
     154
     163
     176
     158
     165
     169
     165
     175
     179
     161
     149
     169
     156
     176
     159
     147
     160
     173
     175
     159
     193
     137
     142
     174
     148
     160
     158
     165
     151
     167
     147
     143
     157
     160
     153
     150
     158
     138
     163
     143
     134
     147
     142
     151
     150
     155
     157
     142
     146
     147
     132
     144
     150
     158
     148
     141
     162
     164
     163
     170
     133
     132
     118
     142
     150
     161
     138
     156
     137
     153
     146
     146
     140
     126
     128
     155
     139
     146
     161
     134
     133
     143
     141
     153
     124
     134
     145
     140
     127
     151
     123
     122
     141
     128
     120
     129
     108
     116
     160
     141
     143
     123
     128
     127
     137
     143
     145
     145
     128
     138
     140
     133
     138
     133
     124
     130
     143
     144
     124
     142
     132
     108
     129
     119
     130
     116
     100
     114
     137
     139
     117
     119
     139
     121
     123
     115
     133
     110
     114
     117
     116
     116
     124
     114
     119
     121
     119
     113
     110
     125
     118
     115
     137
     108
     129
     129
     126
     111
     116
     117
     112
     125
     112
     140
     141
      92
     116
     106
     109
     105
     132
     113
     145
     107
     114
     102
     110
     104
     109
     104
     109
     102
     120
     119
     126
     115
     112
     106
     117
     117
     127
     129
     132
      97
      92
     109
     104
     115
     113
     107
     106
      99
      94
      97
     112
      87
      96
     124
      95
      95
      96
     116
      98
      94
      98
     106
      99
     116
     115
      97
     111
     114
     122
      98
     107
     101
     120
     108
     106
      99
     104
     105
      92
      99
     110
     107
     106
      95
      91
      95
      98
      91
      85
     104
      90
      95
      91
      88
     113
      97
      98
      93
      81
      99
      91
      85
      94
      82
     124
      95
      89
     100
      85
      99
      89
     106
      97
      99
     102
      92
      99
      76
      97
      88
      93
      90
      80
      87
      99
      90
      80
      97
      87
     104
      97
      94
      80
      93
      80
      92
      85
      79
      82
      85
      94
     100
      91
      83
      74
      98
      77
      85
      87
      84
      88
      88
      77
      95
      82
      96
      81
      85
      96
     102
      90
      96
      70
      90
      69
      84
     104
      97
      92
      86
      78
      87
      78
     106
      84
      77
      83
      81
      76
      79
      81
      85
      82
      85
      96
      85
      74
      73
      73
      78
      87
      82
      68
      79
      85
      75
      83
      80
      64
      76
      99
      66
      85
      62
      80
      83
      77
      75
      66
      80
      68
      88
      77
      74
      85
      69
      76
      67
      74
      65
      58
      65
      83
      76
      79
      81
      82
      74
      62
      90
      77
      63
      75
      79
      73
      88
      66
      90
      81
      62
      78
      90
      75
      73
      74
      83
      74
      82
      72
      73
      85
      80
      68
      75
      69
      73
      79
      71
      87
      71
      72
      92
      77
      68
      81
      65
      78
      81
      74
      58
      62
      75
      73
      78
      62
      73
      71
      84
      86
      62
      67
      79
      68
      80
      71
      78
      86
      58
      81
      84
      79
      79
      67
      64
      70
      81
      69
      64
      75
      80
      75
      72
      70
      70
      87
      64
      79
      75
      62
      63
      67
      76
      72
      81
      67
      65
      85
      66
      62
      73
      60
      71
      68
      57
      69
      68
      64
      68
      67
      79
      62
      82
      70
      65
      70
      71
      75
      65
      65
      77
      68
      79
      76
      79
      59
      74
      65
      75
      74
      78
      89
      60
      75
      84
      86
      67
      70
      73
      70
      72
      68
      74
      68
      76
      86
      63
      70
      65
      68
      67
      61
      67
      74
      78
      69
      64
      58
      63
      74
      82
      57
      61
      57
      55
      63
      68
      64
      62
      70
      64
      74
      65
      79
      57
      61
      69
      71
      65
      65
      54
      53
      69
      63
      78
      66
      68
      65
      53
      72
      76
      65
      56
      80
      62
      72
      67
      66
      70
      68
      61
      66
      70
      68
      56
      65
      64
      64
      56
      67
      64
      66
      66
      71
      78
      75
      70
      77
      69
      61
      79
      83
      66
      72
      65
      76
      78
      61
      64
      58
      68
      74
      62
      76
      54
      73
      77
      83
      71
      64
      78
      68
      60
      68
      72
      58
      64
      70
      73
      70
      71
      67
      67
      75
      66
      54
      60
      60
      55
      75
      61
      69
      76
      63
      61
      42
      64
      70
      87
      50
      67
      61
      64
      50
      56
      54
      69
      55
      68
      60
      63
      60
      72
      57
      76
      57
      58
      73
      66
      70
      59
      60
      61
      68
      60
      61
      60
      47
      59
      69
      65
      61
      69
      61
      56
      62
      62
      65
      52
      65
      61
      53
      73
      60
      53
      68
      77
      71
      73
      63
      64
      72
      59
      58
      66
      61
      53
      61
      56
      73
      65
      58
      68
      65
      56
      76
      49
      67
      64
      63
      61
      51
      70
      50
      47
      51
      69
      61
      65
      66
      71
      62
      64
      42
      68
      54
      61
      43
      56
      61
      57
      67
      59
      51
      60
      56
      58
      73
      53
      54
      72
      55
      68
      64
      60
      60
      58
      59
      79
      61
      52
      62
      54
      65
      74
      58
      45
      51
      51
      57
      61
      56
      58
      43
      56
      62
      39
      61
      59
      60
      61
      56
      66
      67
      61
      64
      60
      62
      55
      70
      65
      55
      56
      50
      57
      54
      51
      43
      58
      61
      44
      56
      55
      74
      55
      53
      73
      59
      47
      53
      53
      71
      55
      69
      66
      53
      61
      62
      66
      43
      61
      56
      58
      66
      62
      60
      57
      61
      58
      63
      63
      54
      44
      42
      73
      70
      64
      57
      48
      57
      64
      51
      58
      59
      59
      57
      54
      37
      59
      55
      61
      53
      53
      62
      51
      59
      66
      48
      51
      46
      59
      66
      58
      57
      46
      62
      60
      62
      57
      52
      58
      51
      59
      52
      70
      40
      62
      51
      74
      51
      75
      69
      71
      62
      90
      61
      87
      77
      72
      81
      76
      92
     105
     103
     114
     143
     160
     158
     206
     246
     275
     346
     421
     619
     715
     989
    1260
    1613
    1981
    2566
    3201
    3860
    4672
    5249
    6067
    6526
    7121
    7565
    7625
    7890
    7715
    7435
    6807
    6458
    5742
    4858
    4292
    3586
    2891
    2302
    1848
    1449
    1187
     850
     692
     549
     423
     340
     276
     246
     187
     159
     140
     118
     118
     109
      95
      88
      78
      65
      60
      47
      63
      55
      45
      42
      42
      39
      42
      46
      33
      30
      42
      38
      38
      49
      31
      39
      36
      37
      34
      27
      38
      23
      41
      29
      36
      28
      28
      23
      25
      29
      31
      27
      22
      37
      32
      30
      36
      24
      29
      41
      26
      31
      32
      36
      32
      19
      32
      33
      40
      28
      34
      39
      32
      30
      32
      37
      34
      31
      33
      34
      38
      29
      24
      33
      17
      20
      36
      36
      22
      27
      42
      33
      35
      39
      35
      30
      25
      29
      23
      19
      22
      23
      18
      20
      23
      32
      25
      34
      31
      32
      32
      27
      29
      32
      32
      38
      27
      30
      29
      26
      34
      28
      28
      35
      28
      29
      23
      35
      21
      23
      29
      35
      34
      28
      30
      33
      22
      27
      23
      39
      27
      25
      32
      34
      37
      33
      31
      24
      27
      41
      30
      28
      30
      26
      28
      31
      31
      27
      22
      25
      31
      18
      33
      21
      22
      27
      34
      27
      33
      38
      35
      27
      38
      29
      27
      28
      22
      19
      29
      23
      27
      28
      31
      25
      30
      29
      38
      30
      28
      35
      22
      36
      16
      28
      23
      27
      35
      36
      27
      24
      29
      21
      27
      24
      44
      40
      30
      17
      24
      22
      30
      33
      38
      29
      21
      29
      23
      20
      25
      24
      34
      21
      32
      32
      23
      31
      22
      19
      25
      35
      30
      27
      25
      28
      26
      25
      19
      32
      25
      29
      24
      26
      35
      25
      21
      32
      24
      20
      37
      23
      22
      19
      23
      36
      27
      24
      32
      32
      23
      20
      34
      22
      33
      37
      39
      26
      25
      26
      30
      32
      21
      30
      17
      28
      22
      32
      33
      26
      27
      35
      29
      26
      38
      26
      31
      31
      44
      33
      22
      33
      24
      31
      27
      31
      21
      21
      19
      25
      21
      32
      27
      26
      31
      30
      32
      28
      29
      26
      27
      28
      29
      26
      18
      30
      35
      35
      32
      24
      21
      26
      40
      32
      21
      26
      26
      23
      29
      28
      30
      17
      25
      28
      32
      25
      23
      33
      29
      25
      28
      29
      20
      30
      32
      25
      27
      26
      31
      31
      27
      35
      17
      24
      26
      19
      26
      24
      25
      24
      26
      26
      27
      33
      29
      18
      26
      32
      18
      21
      28
      25
      34
      29
      33
      25
      22
      28
      34
      24
      28
      26
      26
      29
      23
      32
      20
      29
      22
      25
      31
      23
      29
      27
      23
      30
      24
      27
      28
      31
      21
      20
      29
      24
      39
      25
      33
      37
      32
      26
      39
      30
      32
      30
      32
      26
      31
      16
      25
      27
      26
      31
      24
      27
      25
      24
      26
      38
      24
      39
      23
      24
      22
      36
      27
      25
      38
      28
      25
      32
      23
      31
      28
      26
      26
      26
      18
      17
      20
      25
      35
      29
      24
      24
      25
      25
      23
      21
      33
      29
      22
      24
      19
      29
      20
      18
      29
      30
      25
      26
      30
      26
      19
      21
      30
      25
      31
      27
      44
      23
      29
      29
      31
      16
      24
      29
      35
      29
      31
      20
      27
      36
      35
      35
      31
      27
      29
      21
      26
      27
      18
      28
      28
      27
      24
      43
      18
      24
      23
      34
      35
      23
      32
      28
      33
      25
      27
      33
      20
      27
      23
      30
      30
      22
      22
      26
      31
      38
      34
      32
      24
      14
      24
      20
      30
      19
      17
      21
      32
      27
      26
      21
      37
      24
      29
      36
      27
      18
      27
      30
      31
      25
      39
      27
      31
      23
      29
      35
      37
      47
      34
      37
      38
      34
      21
      25
      28
      24
      33
      35
      27
      24
      32
      26
      23
      28
      30
      19
      23
      25
      21
      22
      26
      27
      28
      28
      24
      34
      27
      32
      42
      30
      21
      19
      25
      19
      21
      29
      24
      22
      23
      39
      32
      30
      26
      31
      25
      22
      27
      26
      20
      26
      28
      19
      27
      26
      31
      22
      29
      26
      32
      24
      29
      34
      29
      25
      21
      22
      25
      26
      27
      30
      29
      25
      31
      18
      21
      25
      27
      31
      26
      26
      28
      22
      21
      27
      25
      23
      26
      30
      33
      19
      27
      23
      25
      19
      30
      24
      23
      26
      12
      30
      27
      23
      22
      29
      17
      21
      28
      28
      29
      35
      28
      24
      31
      24
      20
      30
      23
      24
      20
      25
      23
      12
      25
      29
      25
      28
      22
      37
      33
      21
      28
      27
      25
      25
      18
      26
      28
      18
      15
      25
      23
      27
      28
      21
      23
      30
      34
      29
      34
      27
      31
      25
      32
      22
      19
      33
      26
      28
      22
      23
      27
      32
      28
      28
      23
      27
      30
      24
      34
      31
      33
      20
      23
      26
      29
      31
      36
      32
      20
      24
      28
      22
      34
      20
      26
      21
      29
      18
      22
      28
      25
      23
      22
      31
      34
      35
      28
      18
      26
      29
      25
      17
      35
      25
      33
      19
      26
      33
      24
      21
      28
      22
      22
      23
      15
      33
      22
      33
      21
      22
      28
      26
      30
      25
      22
      36
      20
      31
      22
      23
      25
      37
      35
      27
      28
      24
      37
      31
      25
      27
      29
      28
      26
      28
      25
      27
      20
      19
      21
      28
      40
      31
      19
      28
      36
      30
      29
      22
      21
      20
      30
      28
      24
      25
      23
      29
      34
      24
      34
      27
      30
      27
      25
      26
      28
      22
      38
      19
      36
      32
      27
      26
      26
      28
      25
      20
      27
      21
      25
      24
      23
      29
      32
      30
      27
      30
      20
      30
      18
      19
      23
      29
      25
      25
      28
      27
      20
      33
      34
      20
      27
      22
      29
      26
      22
      19
      29
      18
      27
      23
      25
      25
      24
      23
      26
      27
      24
      33
      28
      26
      23
      23
      30
      26
      30
      35
      26
      29
      24
      24
      23
      26
      38
      25
      41
      21
      16
      34
      22
      28
      26
      22
      31
      21
      19
      32
      28
      26
      28
      23
      33
      37
      18
      22
      30
      23
      23
      27
      26
      21
      26
      27
      32
      22
      22
      23
      30
      25
      33
      30
      34
      28
      21
      28
      27
      27
      25
      17
      29
      29
      25
      26
      28
      28
      29
      35
      25
      29
      24
      30
      24
      28
      32
      32
      26
      25
      21
      28
      21
      22
      21
      35
      28
      33
      32
      32
      37
      43
      18
      33
      33
      30
      34
      34
      37
      29
      27
      26
      19
      27
      36
      24
      36
      25
      31
      22
      20
      29
      29
      30
      22
      24
      24
      31
      28
      26
      33
      32
      28
      27
      20
      23
      27
      32
      23
      25
      24
      27
      24
      23
      22
      26
      27
      27
      31
      22
      20
      24
      32
      28
      27
      28
      25
      19
      27
      30
      31
      27
      25
      16
      28
      26
      31
      27
      27
      20
      20
      21
      28
      23
      25
      30
      30
      24
      32
      22
      20
      21
      16
      14
      23
      22
      30
      23
      22
      22
      25
      30
      14
      19
      24
      32
      28
      27
      21
      25
      23
      24
      34
      26
      31
      30
      22
      25
      31
      28
      28
      21
      22
      27
      24
      23
      22
      27
      24
      31
      18
      32
      12
      25
      32
      24
      20
      22
      29
      23
      21
      28
      24
      19
      22
      27
      25
      30
      22
      31
      13
      27
      22
      22
      17
      31
      26
      17
      29
      20
      33
      17
      21
      27
      22
      26
      22
      16
      29
      27
      27
      27
      24
      17
      30
      33
      34
      20
      30
      25
      35
      26
      27
      23
      21
      28
      30
      21
      24
      22
      12
      23
      30
      28
      21
      31
      28
      17
      24
      27
      28
      31
      35
      23
      19
      29
      25
      18
      23
      33
      13
      25
      20
      25
      24
      39
      19
      31
      24
      29
      23
      23
      34
      17
      23
      23
      28
      22
      21
      26
      23
      24
      19
      26
      24
      27
      26
      28
      35
      23
      28
      24
      25
      23
      18
      30
      28
      23
      19
      25
      26
      20
      24
      26
      21
      26
      29
      24
      29
      20
      27
      17
      25
      34
      13
      28
      34
      26
      23
      27
      25
      32
      36
      21
      31
      38
      23
      22
      29
      32
      22
      29
      25
      19
      28
      31
      19
      26
      22
      27
      25
      37
      26
      24
      25
      24
      25
      33
      23
      27
      22
      29
      19
      31
      21
      21
      26
      22
      21
      23
      34
      20
      21
      22
      24
      27
      30
      32
      36
      23
      33
      20
      30
      28
      24
      20
      27
      29
      26
      26
      20
      29
      28
      36
      20
      24
      24
      25
      27
      20
      24
      27
      23
      33
      28
      28
      16
      37
      26
      19
      27
      22
      18
      23
      34
      28
      21
      16
      25
      22
      34
      20
      37
      35
      27
      33
      35
      21
      20
      28
      15
      24
      26
      33
      20
      23
      27
      30
      24
      32
      26
      16
      32
      21
      25
      23
      18
      29
      20
      31
      20
      26
      20
      20
      37
      32
      23
      16
      22
      37
      24
      25
      27
      27
      24
      30
      26
      26
      21
      16
      26
      21
      26
      28
      29
      28
      24
      30
      23
      19
      30
      23
      22
      14
      21
      25
      27
      24
      25
      30
      30
      31
      33
      23
      26
      22
      17
      19
      22
      24
      35
      18
      25
      32
      23
      26
      20
      29
      33
      39
      30
      26
      30
      22
      24
      31
      24
      31
      28
      27
      22
      25
      35
      24
      26
      26
      26
      24
      30
      27
      25
      31
      33
      27
      25
      36
      29
      27
      27
      30
      25
      33
      22
      24
      25
      30
      25
      30
      30
      22
      28
      19
      27
      35
      27
      22
      27
      17
      27
      30
      29
      28
      18
      29
      19
      20
      26
      36
      28
      26
      30
      19
      28
      24
      27
      35
      24
      22
      18
      19
      24
      30
      24
      24
      23
      32
      18
      31
      31
      31
      29
      15
      27
      28
      26
      23
      26
      31
      22
      36
      28
      24
      25
      16
      37
      21
      21
      30
      25
      20
      24
      27
      32
      29
      15
      21
      26
      31
      33
      27
      25
      19
      22
      34
      22
      19
      32
      31
      24
      19
      27
      23
      30
      25
      16
      29
      34
      33
      32
      31
      26
      37
      16
      31
      30
      22
      32
      36
      26
      35
      23
      30
      20
      22
      27
      22
      20
      31
      25
      26
      28
      18
      27
      21
      23
      20
      26
      23
      34
      28
      29
      24
      24
      30
      23
      29
      40
      26
      39
      31
      21
      23
      25
      33
      20
      26
      21
      19
      29
      19
      30
      32
      25
      32
      29
      25
      28
      33
      28
      24
      31
      21
      25
      30
      15
      26
      29
      22
      18
      19
      26
      22
      25
      29
      29
      28
      28
      26
      21
      24
      30
      31
      14
      33
      25
      29
      25
      16
      32
      24
      26
      25
      27
      22
      20
      39
      27
      26
      24
      23
      19
      22
      28
      41
      30
      25
      33
      19
      21
      23
      28
      26
      30
      31
      30
      21
      26
      32
      27
      35
      30
      24
      25
      28
      26
      33
      26
      26
      27
      17
      41
      23
      25
      20
      26
      20
      27
      29
      26
      31
      27
      24
      27
      26
      21
      29
      23
      20
      32
      26
      37
      39
      25
      37
      23
      30
      16
      24
      21
      24
      16
      17
      31
      22
      32
      26
      18
      22
      18
      29
      36
      33
      24
      24
      25
      43
      38
      42
      30
      31
      24
      24
      31
      25
      30
      38
      30
      29
      30
      16
      30
      20
      35
      23
      24
      19
      26
      27
      18
      31
      27
      35
      33
      31
      23
      30
      36
      30
      22
      21
      20
      28
      23
      33
      35
      29
      21
      27
      32
      36
      28
      28
      27
      20
      32
      31
      22
      30
      33
      24
      24
      22
      31
      30
      41
      32
      40
      31
      21
      32
      21
      32
      20
      25
      30
      31
      33
      30
      29
      26
      27
      19
      29
      38
      25
      24
      20
      31
      23
      25
      38
      29
      22
      29
      21
      25
      29
      27
      32
      25
      21
      34
      24
      22
      31
      32
      31
      16
      27
      25
      27
      22
      32
      30
      15
      31
      34
      29
      29
      26
      28
      32
      40
      30
      19
      25
      19
      36
      21
      29
      20
      23
      32
      29
      27
      22
      24
      22
      26
      34
      25
      33
      32
      32
      17
      30
      22
      32
      30
      31
      33
      26
      29
      31
      40
      33
      37
      26
      29
      24
      22
      22
      31
      29
      34
      25
      27
      23
      26
      32
      18
      23
      19
      33
      31
      30
      23
      18
      30
      34
      24
      22
      20
      34
      31
      25
      25
      34
      25
      31
      30
      30
      29
      28
      22
      36
      22
      33
      25
      35
      31
      33
      22
      25
      19
      20
      27
      30
      21
      21
      25
      30
      36
      29
      33
      26
      27
      31
      17
      40
      36
      23
      22
      36
      22
      26
      27
      28
      36
      26
      18
      36
      33
      23
      23
      26
      37
      30
      18
      17
      34
      16
      31
      33
      20
      24
      25
      28
      35
      22
      27
      23
      32
      17
      27
      28
      25
      32
      24
      25
      36
      30
      27
      33
      24
      28
      30
      26
      27
      30
      33
      31
      22
      31
      30
      30
      27
      25
      32
      21
      23
      30
      31
      36
      33
      28
      21
      24
      25
      23
      27
      29
      23
      33
      29
      20
      19
      35
      26
      32
      28
      23
      30
      22
      28
      25
      21
      29
      27
      31
      38
      28
      27
      34
      28
      36
      28
      35
      31
      34
      27
      37
      23
      26
      28
      23
      39
      33
      37
      35
      27
      28
      32
      27
      41
      19
      35
      21
      28
      25
      21
      37
      24
      16
      22
      38
      23
      33
      25
      37
      32
      35
      36
      27
      39
      27
      23
      37
      36
      26
      32
      30
      19
      35
      24
      37
      17
      31
      40
      28
      32
      29
      29
      28
      26
      33
      22
      27
      36
      19
      32
      31
      32
      37
      29
      30
      25
      24
      35
      36
      27
      22
      29
      27
      41
      30
      35
      34
      28
      26
      27
      24
      25
      32
      30
      26
      27
      32
      23
      35
      24
      34
      14
      27
      26
      28
      28
      28
      27
      32
      41
      30
      22
      33
      25
      35
      31
      26
      18
      23
      31
      34
      33
      36
      29
      33
      41
      36
      30
      23
      30
      22
      31
      33
      24
      29
      32
      37
      31
      24
      29
      25
      36
      39
      29
      23
      24
      24
      30
      18
      27
      22
      34
      33
      31
      35
      22
      32
      28
      30
      35
      20
      29
      39
      34
      32
      24
      39
      35
      28
      33
      33
      27
      34
      22
      32
      34
      35
      30
      29
      37
      24
      31
      29
      29
      27
      29
      31
      36
      36
      32
      28
      25
      34
      32
      24
      35
      23
      40
      39
      27
      42
      38
      27
      28
      28
      42
      30
      38
      32
      33
      28
      27
      38
      39
      28
      33
      36
      36
      28
      43
      35
      38
      39
      24
      29
      31
      31
      25
      29
      40
      25
      30
      34
      40
      35
      25
      36
      29
      38
      34
      32
      29
      30
      22
      34
      35
      30
      30
      25
      23
      31
      48
      32
      40
      35
      26
      36
      35
      21
      44
      28
      30
      37
      33
      37
      30
      25
      36
      31
      33
      35
      35
      48
      31
      35
      44
      36
      35
      25
      41
      26
      39
      33
      29
      24
      20
      27
      28
      40
      25
      26
      27
      33
      24
      31
      34
      27
      31
      24
      34
      22
      30
      39
      28
      27
      32
      38
      25
      25
      36
      33
      24
      31
      31
      24
      27
      44
      38
      42
      26
      25
      39
      28
      32
      33
      27
      20
      33
      35
      23
      20
      27
      42
      28
      32
      21
      31
      40
      31
      26
      34
      27
      26
      39
      40
      38
      28
      24
      42
      38
      24
      23
      32
      31
      29
      54
      35
      29
      36
      36
      35
      33
      26
      24
      38
      33
      40
      37
      35
      42
      34
      34
      34
      41
      33
      40
      38
      38
      40
      26
      29
      32
      38
      33
      30
      26
      31
      36
      30
      44
      39
      32
      43
      34
      37
      31
      35
      25
      37
      34
      27
      28
      38
      37
      30
      38
      32
      28
      31
      47
      31
      33
      33
      35
      40
      40
      26
      31
      25
      39
      37
      30
      45
      32
      32
      30
      32
      34
      20
      28
      36
      22
      37
      31
      28
      39
      36
      33
      26
      27
      40
      24
      41
      30
      29
      43
      33
      28
      28
      30
      28
      32
      41
      35
      40
      36
      33
      35
      35
      32
      18
      32
      32
      35
      34
      29
      33
      35
      37
      31
      33
      27
      27
      46
      24
      26
      40
      35
      37
      34
      35
      37
      27
      31
      32
      32
      36
      37
      31
      25
      30
      30
      40
      40
      25
      40
      23
      41
      32
      31
      35
      34
      42
      40
      37
      33
      46
      41
      33
      28
      36
      44
      32
      42
      32
      39
      40
      37
      36
      36
      42
      45
      40
      29
      37
      28
      43
      33
      27
      31
      43
      33
      26
      36
      32
      39
      36
      43
      34
      33
      50
      40
      44
      38
      31
      31
      36
      39
      27
      40
      35
      42
      16
      36
      39
      48
      36
      32
      28
      28
      34
      34
      47
      33
      32
      49
      34
      29
      44
      37
      39
      35
      42
      45
      30
      31
      35
      40
      31
      31
      49
      32
      38
      30
      28
      40
      36
      27
      42
      40
      38
      29
      37
      39
      38
      39
      29
      40
      42
      35
      37
      37
      37
      25
      42
      35
      46
      42
      37
      32
      46
      30
      45
      29
      35
      36
      36
      38
      29
      29
      29
      42
      39
      38
      52
      55
      39
      38
      47
      32
      44
      30
      35
      37
      42
      35
      35
      31
      46
      49
      25
      27
      35
      33
      48
      38
      26
      46
      25
      37
      36
      39
      40
      44
      33
      39
      36
      41
      36
      52
      43
      47
      51
      32
      48
      42
      24
      44
      42
      40
      27
      37
      42
      32
      37
      43
      41
      35
      38
      33
      38
      41
      47
      33
      35
      44
      35
      33
      46
      42
      41
      46
      34
      49
      30
      47
      42
      45
      34
      29
      46
      35
      34
      53
      31
      43
      37
      32
      38
      33
      36
      39
      32
      38
      33
      40
      45
      39
      41
      37
      36
      37
      39
      42
      40
      38
      36
      49
      33
      48
      35
      32
      44
      41
      29
      39
      43
      34
      33
      35
      39
      41
      56
      43
      39
      50
      42
      36
      48
      38
      38
      30
      55
      47
      41
      31
      31
      36
      37
      44
      29
      46
      41
      50
      41
      36
      45
      41
      43
      33
      49
      42
      39
      43
      49
      42
      56
      45
      39
      51
      33
      39
      44
      56
      32
      43
      47
      38
      46
      35
      53
      34
      42
      48
      38
      51
      46
      39
      44
      42
      43
      39
      41
      43
      38
      37
      33
      42
      41
      46
      45
      37
      42
      38
      36
      45
      42
      37
      36
      40
      47
      31
      47
      45
      42
      39
      39
      47
      38
      54
      39
      37
      47
      33
      55
      45
      39
      41
      50
      42
      43
      39
      64
      32
      50
      53
      47
      46
      45
      46
      50
      48
      44
      53
      41
      40
      38
      40
      44
      47
      46
      46
      40
      59
      48
      40
      48
      49
      40
      44
      42
      51
      45
      26
      44
      56
      54
      48
      56
      42
      41
      49
      34
      46
      57
      40
      43
      54
      58
      41
      40
      45
      43
      35
      39
      52
      34
      43
      41
      49
      58
      46
      43
      42
      41
      48
      41
      56
      62
      46
      29
      46
      48
      54
      40
      36
      48
      34
      64
      57
      39
      50
      41
      56
      51
      48
      36
      39
      55
      46
      54
      62
      53
      33
      45
      41
      49
      62
      57
      37
      45
      57
      56
      51
      48
      37
      34
      41
      64
      36
      38
      44
      53
      38
      54
      47
      42
      53
      58
      49
      52
      56
      44
      63
      50
      55
      40
      52
      33
      35
      74
      63
      47
      46
      54
      57
      54
      41
      50
      54
      54
      48
      51
      55
      50
      45
      58
      48
      42
      58
      55
      54
      41
      42
      43
      51
      50
      54
      49
      50
      57
      38
      53
      53
      52
      63
      52
      57
      36
      55
      52
      54
      42
      57
      43
      62
      58
      56
      44
      47
      48
      44
      61
      41
      47
      47
      52
      57
      48
      43
      41
      52
      71
      43
      58
      51
      47
      48
      44
      53
      45
      49
      38
      46
      52
      65
      53
      43
      58
      48
      52
      57
      48
      47
      56
      57
      60
      58
      65
      59
      41
      46
      63
      53
      50
      34
      38
      43
      55
      49
      45
      42
      51
      59
      58
      44
      66
      50
      53
      56
      51
      40
      58
      51
      55
      38
      56
      49
      47
      48
      44
      54
      57
      55
      45
      51
      58
      61
      58
      48
      39
      45
      46
      46
      49
      47
      38
      54
      40
      54
      47
      47
      45
      56
      57
      53
      56
      55
      49
      38
      45
      47
      45
      47
      51
      42
      43
      42
      54
      47
      46
      39
      46
      41
      42
      46
      43
      30
      49
      51
      46
      42
      44
      44
      38
      44
      54
      41
      50
      38
      28
      44
      36
      49
      29
      34
      46
      40
      45
      26
      30
      34
      34
      41
      39
      42
      54
      33
      25
      32
      44
      33
      34
      34
      31
      27
      35
      24
      23
      28
      25
      24
      33
      25
      29
      43
      26
      23
      35
      36
      37
      29
      27
      29
      29
      34
      36
      31
      45
      29
      39
      23
      21
      30
      30
      20
      35
      31
      28
      22
      25
      28
      25
      36
      23
      34
      38
      35
      26
      24
      27
      28
      29
      24
      26
      31
      40
      22
      27
      24
      28
      40
      28
      25
      26
      20
      30
      30
      33
      24
      25
      26
      19
      25
      29
      29
      24
      17
      31
      31
      27
      23
      23
      20
      26
      27
      29
      21
      33
      31
      19
      24
      26
      31
      18
      31
      21
      25
      27
      30
      32
      30
      29
      27
      26
      31
      23
      20
      21
      23
      35
      35
      28
      29
      28
      19
      17
      27
      19
      17
      33
      21
      28
      25
      21
      25
      22
      28
      26
      36
      27
      37
      14
      20
      23
      22
      14
      19
      19
      30
      24
      19
      20
      28
      19
      23
      27
      28
      31
      23
      24
      30
      30
      17
      40
      25
      20
      23
      25
      14
      30
      19
      25
      27
      20
      25
      23
      21
      32
      26
      23
      20
      24
      27
      27
      25
      27
      27
      26
      23
      28
      21
      11
      27
      23
      31
      30
      29
      25
      29
      23
      22
      23
      23
      16
      21
      24
      23
      25
      19
      27
      19
      28
      16
      15
      25
      28
      17
      24
      29
      27
      24
      18
      23
      15
      29
      20
      21
      24
      16
      23
      21
      23
      31
      19
      25
      18
      25
      18
      18
      24
      26
      25
      21
      26
      25
      17
      31
      29
      20
      22
      26
      20
      23
      18
      22
      24
      17
      21
      18
      28
      23
      21
      26
      21
      20
      19
      20
      21
      17
      23
      19
      24
      17
      17
      21
      30
      22
      18
      25
      15
      16
      21
      15
      18
      22
      18
      18
      20
      13
      20
      24
      14
      20
      18
      21
      30
      22
      28
      20
      22
      23
      20
      23
      24
      14
      16
      22
      25
      26
      15
      16
      20
      18
      23
      24
      25
      24
      25
      17
      19
      20
      25
      18
      22
      19
      15
      19
      25
      21
      13
      27
      17
      15
      15
      21
      18
      23
      17
      12
      15
      21
      19
      19
      16
      19
      21
      19
      24
      20
      23
      23
      22
      16
      17
      22
      22
      16
      24
      11
       8
      22
      22
      18
      17
      17
      18
      26
      14
      11
      26
      18
      16
      14
      14
      20
      16
      14
      12
      11
      14
      23
      17
      11
      14
      15
      14
      17
      10
      15
      22
      24
      13
      15
      23
      19
      19
      20
      16
      17
      19
      12
      12
      17
      18
      23
      22
      26
       8
      15
      11
      20
      12
      17
      14
      13
      17
      15
      19
      16
      16
      13
      16
      12
      15
      17
      19
      13
      12
      15
      17
      11
      20
      17
      13
      20
      18
      17
      14
      20
      15
      10
      14
      14
       8
      23
      13
      14
      12
      12
      16
      18
      14
      10
      14
      13
      11
      25
      19
      18
      11
      14
      16
      13
       7
      19
      15
       8
      11
      14
      16
      14
      19
      11
      13
      15
      16
       9
      13
      11
      14
      14
      11
       9
      11
      14
      12
      16
      12
      12
      10
      13
      14
      10
      13
       9
      21
      15
       9
      13
       8
      11
       9
      10
      11
       9
      18
      12
      12
      11
       8
      17
      18
      12
      12
      11
      12
       6
      14
       6
      13
      14
       7
       9
      13
      16
      15
       7
       9
      20
       8
      12
      17
      15
      12
      20
       9
      11
       9
       7
       8
      14
      13
      12
       8
       9
       4
      11
      13
      11
       8
       8
      11
      15
       9
      11
       8
       7
      11
      12
      11
       7
      11
      18
       9
      14
      10
       8
      13
      12
       9
      10
       2
       8
      11
       6
       8
       7
      11
       5
       5
       4
       8
       6
       9
       7
       5
       7
       8
      12
       5
      11
       4
       7
       5
       6
      15
       5
      10
       7
       8
       9
       5
       7
       7
       7
      11
       6
      16
       8
       5
       9
       6
       7
       7
      11
      13
       8
       8
      12
       6
       8
      12
       9
       6
       7
       7
       4
       8
      10
       9
       9
       8
       9
      13
       5
       9
      10
       6
       6
       8
       8
       9
       5
       8
       5
       7
       5
       6
       9
       5
       7
       5
       3
       7
       9
      15
       5
       6
       5
       7
       9
       6
       3
      13
       1
       9
       2
       6
       6
       4
      10
       7
       8
       6
      13
       3
       6
       9
       7
      10
      11
       6
       7
       4
      10
       6
       6
       2
       6
      10
       8
      10
       8
      12
       3
       3
       8
       3
       7
       9
       8
       1
       8
       8
      11
       4
       2
       6
       6
       7
      10
       7
       7
       7
       9
       6
       6
       6
       7
       6
       8
       6
       5
       4
       6
       5
       7
       9
       6
       8
       5
       5
       4
       9
       7
       6
      12
       7
       6
       3
      11
       6
       6
       3
       7
       4
       9
       4
       8
       7
       9
       8
       3
       8
       6
      11
       5
       5
       9
       3
       3
       6
       6
       8
       7
       7
       6
       8
       7
       6
       9
       0
       6
       6
       7
      13
      10
       3
       3
      10
       6
       9
       3
       9
       6
      11
       3
       5
       6
       4
       7
       2
       7
      12
       9
       5
      11
       2
       3
       5
       6
      10
       3
      12
       5
       4
       3
       5
       5
       5
       4
       5
       6
       6
       4
       8
       6
       3
       1
       7
       4
       5
       6
       3
       3
       6
       6
      10
       5
       8
       0
       2
       7
       8
       5
       6
       4
       6
       5
       5
       4
       6
       2
       7
       3
       5
       3
       3
       4
       7
       5
       8
       7
       4
       8
       7
       5
       3
       5
       4
      10
       5
       6
       5
       4
       7
       2
       7
       7
       8
       4
       5
       4
       6
       5
       2
       8
       3
       6
       6
       9
       9
       6
       6
       4
       8
       5
       6
       5
       4
       4
       7
       8
       8
       8
       5
      10
       7
       2
       3
       7
       5
       3
       8
       5
       3
       8
       7
       5
       6
       5
       6
       8
       6
       6
       7
       2
       4
      10
       2
       3
       3
       2
       5
       6
       4
       8
      10
       6
       4
       4
       5
       5
       3
       4
      12
       6
       3
       2
       7
       4
       3
       4
       3
       6
       8
       4
       2
       1
       5
       9
       4
       3
       4
       6
       6
       7
       9
       5
       7
       5
       2
       3
       3
       4
       1
       6
       4
       6
       8
       8
       5
       7
       6
       9
       4
       7
      10
      10
       2
       9
       5
       5
       2
       4
       6
      11
       4
       4
       4
       4
      12
       5
       2
       7
       5
       6
       6
       8
       5
       4
       9
       5
       6
       6
       5
       6
       6
      10
       7
       5
       3
       5
       7
       5
       6
       9
       5
       5
       7
       7
       6
       2
       4
       5
       7
       4
       6
       4
       3
       6
       4
       6
       7
       7
      10
       0
       1
       6
       6
       4
       2
       6
       5
       6
       7
       5
       6
       4
       9
       3
       3
       4
       5
       5
       2
       6
       5
       5
       6
       3
       7
       4
       3
       4
       4
       6
       2
       6
       5
       3
       5
       4
       2
       3
       2
       5
       5
       5
       6
       2
       7
       7
       6
       7
       9
       6
       1
       6
       4
       3
       5
       5
       4
       6
       6
       7
       4
       2
       8
       4
       5
       5
       4
       6
       3
       7
       3
       4
       4
       5
       4
       4
       6
       4
       5
       5
       1
       2
       4
       1
       2
       5
       6
       4
       8
       7
       8
       4
       2
       4
       6
       4
       7
       5
       6
       4
       5
       7
       1
       8
       4
       7
       2
       6
       4
      11
       1
       5
       8
       8
       5
      11
       4
       4
       8
       1
       6
       6
      11
       5
       7
       7
       2
       4
       2
       7
       3
       4
       6
       8
       5
       6
       4
       3
       8
       8
       4
       3
       5
      10
       9
       5
       7
       9
       6
      13
       8
      14
       7
       6
      10
      10
      15
       8
       9
      11
      18
      18
      26
      52
      65
      86
     132
     192
     266
     361
     501
     665
     895
    1228
    1439
    1703
    2003
    2125
    2220
    2294
    2130
    1833
    1623
    1330
    1010
     738
     549
     348
     241
     159
     117
      55
      46
      27
      20
      18
      15
      20
      18
      11
      14
       7
       9
       4
       6
       4
       7
      10
       5
       6
       8
       3
       5
       7
       4
       4
       3
       2
       1
       7
       6
       1
       2
       1
       1
       1
       2
       3
       3
       3
       1
       3
       2
       0
       1
       1
       5
       0
       6
       3
       3
       5
       4
       4
       4
       4
       2
       1
       4
       0
       3
       4
       3
       1
       1
       1
       3
       1
       1
       2
       3
       8
       1
       2
       3
       2
       2
       4
       1
       6
       2
       0
       1
       1
       1
       2
       1
       2
       3
       3
       3
       2
       2
       2
       2
       1
       1
       3
       0
       0
       5
       7
       4
       3
       0
       3
       2
       2
       3
       3
       2
       0
       0
       2
       0
       2
       3
       7
       3
       4
       1
       2
       4
       0
       3
       2
       2
       1
       2
       1
       2
       1
       1
       1
       2
       1
       3
       3
       1
       2
       1
       1
       2
       2
       1
       1
       1
       0
       4
       2
       3
       0
       3
       1
       3
       3
       0
       2
       2
       3
       1
       3
       0
       0
       3
       0
       6
       5
       0
       1
       1
       2
       2
       1
       2
       1
       3
       3
       4
       3
       2
       1
       4
       2
       0
       2
       0
       1
       3
       1
       2
       2
       2
       1
       5
       1
       2
       0
       0
       1
       1
       0
       0
       1
       4
       3
       1
       1
       1
       2
       1
       2
       0
       2
       1
       0
       0
       2
       1
       2
       1
       1
       2
       0
       0
       0
       1
       2
       3
       5
       1
       2
       2
       2
       0
       3
       4
       0
       0
       3
       2
       2
       0
       2
       1
       2
       1
       0
       1
       1
       2
       1
       4
       3
       1
       3
       4
       0
       2
       2
       0
       3
       1
       1
       1
       0
       1
       0
       0
       1
       1
       2
       0
       2
       2
       2
       1
       2
       0
       1
       1
       2
       3
       3
       3
       0
       2
       1
       1
       0
       0
       1
       0
       0
       1
       0
       1
       3
       1
       2
       2
       0
       5
       0
       1
       1
       2
       3
       4
       5
       3
       1
       2
       0
       0
       3
       0
       0
       0
       1
       2
       1
       3
       1
       2
       2
       0
       1
       1
       0
       2
       1
       0
       4
       0
       0
       1
       0
       3
       2
       0
       1
       0
       1
       0
       1
       0
       1
       2
       1
       0
       2
       0
       4
       1
       1
       2
       0
       3
       1
       3
       2
       2
       2
       2
       4
       2
       2
       3
       0
       0
       3
       2
       1
       0
       1
       0
       1
       2
       3
       1
       3
       0
       1
       1
       1
       2
       1
       2
       1
       1
       3
       1
       1
       2
       1
       3
       1
       0
       0
       0
       1
       1
       1
       1
       1
       3
       0
       0
       3
       0
       0
       5
       0
       0
       1
       0
       1
       0
       0
       0
       0
       3
       2
       1
       1
       0
       1
       3
       2
       1
       4
       0
       1
       3
       1
       2
       1
       0
       1
       2
       1
       5
       1
       2
       0
       0
       1
       2
       1
       2
       1
       0
       1
       1
       1
       0
       2
       0
       2
       2
       0
       2
       2
       0
       0
       1
       1
       1
       0
       1
       2
       1
       1
       1
       0
       0
       1
       2
       1
       1
       1
       2
       0
       2
       2
       1
       1
       0
       2
       1
       2
       1
       2
       0
       1
       1
       3
       0
       1
       2
       1
       1
       1
       1
       0
       2
       1
       2
       0
       2
       1
       1
       1
       1
       4
       2
       1
       0
       0
       2
       1
       1
       0
       0
       0
       2
       1
       0
       1
       1
       1
       0
       1
       2
       1
       0
       0
       1
       0
       0
       3
       2
       5
       2
       0
       1
       0
       1
       1
       1
       1
       0
       2
       3
       2
       1
       2
       2
       0
       1
       0
       1
       0
       1
       1
       3
       1
       1
       2
       1
       1
       0
       1
       2
       1
       3
       1
       2
       1
       0
       0
       1
       3
       2
       1
       1
       2
       1
       0
       1
       2
       1
       2
       3
       1
       0
       4
       0
       2
       0
       1
       1
       0
       0
       1
       2
       2
       1
       0
       1
       2
       0
       2
       1
       1
       1
       1
       2
       1
       0
       1
       3
       1
       0
       0
       0
       1
       0
       0
       2
       0
       1
       1
       1
       2
       3
       1
       1
       0
       1
       1
       0
       3
       2
       2
       0
       0
       0
       0
       0
       4
       1
       4
       0
       0
       1
       1
       0
       0
       0
       0
       1
       1
       1
       1
       1
       0
       0
       1
       1
       1
       1
       3
       1
       1
       1
       1
       1
       0
       2
       0
       0
       0
       0
       0
       0
       0
       0
       0
       0
       0
       0
       0
       0
       0
       0
       0
       0
       0
       0
       0
       0
       0
       0
       0
       0
       0
       0
       0
       0
       0
       0
       0
       0
       0
       0
       0
       0
       0
       0
       0
       0
       0
       0
       0
       0
       0
       0
       0
       0
       0
       0
       0
       0
       0
       0
       0
       0
       0
       0
       0
       0
       0
       0
       0
       0
       0
       0
       0
       0
       0
       0
       0
       0
       0
       0
       0
       0
       0
       0
       0
       0
       0
       0
       0
       0
       0
       0
       0
       0
       0
       0
       0
       0
       0
       0
       0
       0
       0
       0
       0
       0
       0
       0
       0
       0
       0
       0
       0
       0
       0
       0
       0
       0
       0
       0
       0
       0
       0
       0
       0
       0
       0
       0
       0
       0
       0
       0
