     157
     178
     153
     146
     149
     157
     167
     161
     163
     168
     150
     158
     148
     151
     141
     165
     174
     154
     155
     167
     152
     139
     170
     146
     155
     163
     169
     156
     151
     174
     134
     146
     152
     174
     177
     180
     164
     178
     146
     154
     181
     178
     135
     174
     165
     154
     177
     175
     154
     191
     183
     154
     169
     143
     161
     164
     145
     165
     159
     137
     152
     156
     170
     168
     156
     165
     193
     135
     164
     167
     155
     189
     163
     172
     186
     137
     194
     163
     155
     194
     175
     179
     149
     168
     170
     173
     159
     188
     155
     181
     180
     147
     174
     190
     133
     160
     186
     171
     170
     162
     169
     180
     180
     155
     165
     171
     184
     183
     168
     171
     175
     179
     187
     167
     188
     174
     180
     187
     188
     183
     169
     191
     177
     179
     176
     192
     181
     173
     211
     176
     174
     185
     154
     210
     173
     157
     190
     184
     173
     176
     175
     170
     172
     195
     187
     161
     188
     209
     177
     193
     171
     206
     183
     158
     171
     197
     172
     175
     194
     186
     187
     209
     208
     166
     203
     172
     194
     198
     180
     207
     190
     196
     213
     194
     204
     186
     179
     190
     173
     206
     186
     193
     170
     174
     187
     235
     184
     192
     218
     199
     200
     181
     209
     214
     207
     200
     201
     172
     194
     190
     201
     171
     197
     218
     177
     212
     211
     198
     194
     195
     208
     170
     172
     193
     194
     160
     179
     197
     173
     209
     191
     201
     183
     190
     180
     177
     210
     191
     195
     193
     169
     194
     184
     161
     212
     190
     186
     200
     200
     170
     196
     205
     206
     196
     202
     193
     178
     177
     181
     199
     187
     179
     184
     189
     214
     174
     198
     203
     173
     177
     197
     169
     216
     221
     178
     177
     159
     199
     188
     204
     180
     208
     192
     177
     213
     216
     188
     153
     166
     204
     170
     196
     191
     189
     213
     205
     179
     185
     188
     212
     182
     191
     185
     200
     202
     193
     209
     192
     195
     183
     189
     224
     203
     225
     186
     198
     189
     186
     221
     220
     206
     191
     214
     233
     223
     211
     220
     230
     208
     236
     242
     260
     228
     240
     235
     225
     226
     274
     238
     250
     265
     236
     236
     288
     260
     290
     268
     270
     246
     284
     273
     272
     288
     295
     329
     316
     302
     317
     319
     344
     364
     322
     307
     352
     342
     346
     357
     347
     345
     390
     384
     386
     372
     370
     379
     375
     376
     390
     395
     404
     389
     379
     371
     365
     391
     391
     367
     338
     381
     389
     380
     361
     364
     414
     403
     347
     356
     392
     396
     362
     358
     330
     350
     363
     352
     369
     354
     303
     315
     362
     368
     340
     324
     308
     318
     308
     349
     304
     304
     312
     319
     331
     290
     299
     312
     284
     320
     288
     317
     308
     313
     304
     322
     281
     288
     274
     287
     321
     273
     292
     298
     293
     309
     289
     282
     290
     276
     327
     277
     293
     314
     288
     305
     283
     281
     292
     286
     247
     272
     243
     300
     267
     277
     248
     276
     248
     235
     265
     265
     253
     254
     275
     246
     244
     226
     260
     239
     231
     249
     224
     235
     219
     223
     211
     212
     231
     203
     222
     205
     248
     215
     214
     222
     190
     208
     213
     208
     202
     207
     203
     186
     201
     197
     215
     205
     226
     206
     204
     219
     206
     186
     211
     211
     199
     212
     212
     188
     193
     202
     190
     197
     187
     175
     189
     172
     198
     170
     182
     192
     203
     204
     182
     212
     200
     189
     214
     184
     194
     213
     196
     207
     195
     195
     190
     184
     208
     194
     217
     201
     209
     197
     221
     224
     209
     197
     223
     203
     197
     199
     209
     219
     220
     222
     210
     209
     219
     204
     199
     230
     218
     212
     224
     188
     220
     208
     230
     216
     214
     192
     197
     219
     212
     231
     205
     235
     223
     233
     218
     211
     205
     220
     229
     240
     222
     215
     217
     227
     214
     218
     216
     225
     216
     220
     225
     232
     205
     209
     242
     241
     234
     236
     212
     241
     187
     204
     223
     236
     242
     227
     222
     217
     229
     226
     208
     209
     207
     197
     235
     224
     228
     236
     214
     239
     213
     223
     231
     225
     224
     223
     242
     233
     213
     205
     209
     220
     225
     209
     223
     258
     217
     255
     215
     244
     203
     203
     244
     243
     231
     231
     226
     234
     268
     242
     231
     243
     247
     232
     227
     240
     226
     219
     220
     247
     221
     247
     247
     226
     229
     231
     222
     248
     236
     234
     244
     269
     248
     251
     257
     246
     247
     222
     279
     262
     234
     267
     251
     209
     232
     252
     255
     260
     238
     247
     240
     231
     277
     242
     257
     273
     258
     261
     245
     241
     231
     249
     260
     262
     228
     242
     236
     240
     236
     250
     246
     266
     260
     248
     234
     268
     278
     266
     230
     274
     247
     276
     256
     246
     269
     277
     250
     252
     271
     257
     270
     238
     247
     261
     254
     227
     234
     257
     276
     289
     269
     250
     238
     246
     255
     238
     254
     232
     243
     270
     255
     256
     255
     293
     249
     282
     275
     256
     272
     245
     255
     261
     246
     260
     236
     250
     225
     277
     257
     234
     259
     230
     273
     265
     260
     237
     258
     272
     258
     287
     253
     254
     244
     265
     255
     270
     258
     273
     251
     245
     249
     255
     246
     278
     246
     274
     254
     259
     243
     264
     259
     250
     260
     285
     277
     268
     258
     269
     265
     270
     252
     252
     252
     259
     237
     270
     271
     270
     262
     257
     240
     260
     283
     279
     254
     248
     298
     282
     262
     262
     258
     310
     299
     284
     248
     253
     277
     257
     286
     269
     292
     285
     275
     271
     272
     300
     279
     289
     247
     271
     270
     263
     293
     286
     285
     279
     269
     256
     278
     295
     300
     294
     282
     317
     283
     282
     292
     326
     308
     309
     260
     292
     294
     275
     302
     316
     316
     328
     294
     320
     309
     343
     301
     311
     297
     271
     288
     291
     292
     338
     290
     357
     293
     314
     318
     321
     317
     323
     324
     354
     291
     352
     342
     328
     351
     345
     330
     355
     334
     370
     324
     356
     337
     355
     345
     354
     335
     339
     327
     334
     326
     346
     353
     331
     343
     373
     366
     353
     323
     326
     363
     326
     340
     349
     368
     327
     357
     362
     305
     316
     346
     340
     336
     325
     328
     356
     337
     333
     358
     385
     371
     378
     369
     371
     341
     329
     357
     370
     361
     379
     382
     354
     395
     381
     344
     369
     355
     343
     343
     353
     388
     375
     328
     346
     347
     357
     348
     350
     362
     339
     318
     342
     393
     338
     335
     353
     352
     341
     351
     360
     357
     357
     380
     341
     336
     348
     352
     342
     328
     381
     367
     357
     383
     330
     351
     375
     366
     349
     374
     370
     344
     349
     361
     342
     350
     347
     371
     340
     361
     339
     364
     329
     329
     367
     344
     342
     329
     332
     377
     331
     360
     349
     337
     321
     330
     331
     334
     363
     297
     332
     349
     305
     373
     346
     349
     357
     331
     338
     319
     327
     343
     345
     355
     376
     361
     321
     324
     340
     313
     363
     351
     342
     349
     380
     370
     329
     332
     320
     309
     353
     324
     331
     307
     373
     346
     331
     330
     332
     336
     325
     347
     407
     336
     310
     323
     333
     310
     338
     331
     302
     321
     318
     338
     335
     343
     330
     334
     316
     330
     347
     276
     336
     337
     349
     323
     316
     351
     298
     351
     319
     337
     323
     337
     328
     322
     337
     344
     296
     333
     359
     318
     321
     336
     335
     328
     337
     317
     346
     312
     318
     302
     326
     375
     301
     344
     329
     332
     345
     311
     344
     314
     342
     314
     341
     350
     331
     323
     288
     332
     333
     320
     318
     338
     312
     320
     323
     350
     303
     366
     322
     310
     342
     321
     329
     308
     333
     333
     323
     346
     343
     323
     342
     325
     323
     325
     322
     324
     330
     345
     311
     298
     331
     299
     301
     337
     314
     317
     328
     336
     328
     341
     330
     333
     340
     324
     320
     287
     299
     289
     298
     323
     339
     307
     340
     330
     343
     349
     316
     323
     327
     347
     322
     313
     294
     313
     331
     312
     327
     335
     334
     309
     296
     347
     329
     344
     301
     380
     330
     350
     295
     311
     300
     299
     311
     295
     326
     282
     265
     333
     324
     308
     318
     297
     343
     320
     312
     315
     270
     316
     318
     318
     317
     283
     295
     307
     311
     330
     323
     289
     328
     309
     316
     295
     304
     300
     320
     310
     285
     342
     308
     293
     251
     307
     317
     298
     302
     317
     310
     313
     286
     328
     329
     303
     307
     310
     302
     265
     320
     303
     314
     302
     261
     284
     291
     299
     290
     280
     304
     289
     302
     313
     259
     301
     298
     312
     301
     322
     287
     308
     320
     311
     293
     274
     325
     290
     288
     295
     310
     284
     304
     277
     301
     265
     295
     280
     299
     274
     296
     277
     277
     301
     303
     265
     271
     289
     273
     263
     270
     273
     279
     258
     277
     273
     257
     308
     314
     288
     288
     298
     308
     285
     306
     285
     291
     258
     288
     284
     263
     274
     293
     287
     288
     261
     291
     303
     310
     256
     282
     253
     275
     282
     280
     284
     265
     282
     272
     263
     274
     280
     254
     266
     274
     293
     250
     238
     287
     250
     252
     261
     277
     296
     281
     283
     284
     256
     265
     307
     283
     286
     262
     291
     278
     284
     281
     277
     275
     289
     295
     282
     239
     261
     269
     317
     285
     258
     255
     243
     289
     292
     287
     260
     271
     253
     260
     288
     256
     295
     271
     277
     260
     278
     254
     249
     262
     278
     253
     256
     276
     256
     250
     239
     254
     251
     280
     245
     255
     285
     260
     275
     247
     270
     291
     262
     287
     255
     256
     269
     286
     271
     271
     304
     260
     267
     257
     317
     252
     263
     301
     280
     271
     269
     244
     270
     269
     291
     275
     264
     268
     245
     237
     268
     257
     273
     272
     285
     292
     243
     251
     266
     285
     276
     281
     283
     262
     264
     275
     271
     240
     277
     248
     274
     277
     250
     274
     277
     279
     256
     259
     271
     260
     254
     240
     247
     301
     261
     267
     282
     281
     249
     214
     269
     256
     258
     249
     278
     278
     267
     251
     264
     259
     273
     272
     283
     257
     245
     273
     280
     296
     262
     257
     239
     226
     261
     252
     272
     275
     255
     253
     250
     264
     255
     252
     273
     274
     255
     252
     245
     243
     256
     262
     235
     267
     271
     262
     231
     245
     252
     279
     244
     244
     254
     258
     243
     263
     255
     275
     253
     276
     251
     258
     281
     270
     276
     236
     281
     253
     262
     292
     269
     230
     263
     270
     245
     265
     261
     267
     250
     243
     261
     276
     246
     254
     237
     238
     264
     266
     272
     264
     221
     258
     258
     265
     221
     263
     259
     279
     263
     242
     251
     244
     245
     262
     260
     245
     265
     273
     258
     256
     259
     254
     276
     237
     264
     246
     238
     235
     264
     223
     252
     264
     216
     236
     247
     240
     252
     245
     275
     238
     250
     236
     224
     213
     234
     258
     249
     241
     249
     254
     258
     243
     236
     247
     236
     234
     236
     230
     226
     241
     240
     228
     220
     230
     246
     257
     256
     236
     233
     242
     208
     231
     253
     235
     240
     234
     235
     242
     241
     228
     221
     252
     237
     223
     222
     219
     238
     241
     232
     249
     212
     219
     243
     233
     210
     232
     234
     212
     229
     219
     219
     239
     275
     229
     213
     207
     196
     232
     235
     231
     226
     213
     203
     234
     218
     220
     205
     208
     188
     204
     169
     221
     183
     224
     248
     200
     185
     208
     209
     225
     212
     200
     210
     216
     202
     209
     215
     184
     225
     246
     186
     239
     203
     218
     192
     166
     199
     200
     196
     243
     210
     181
     207
     196
     192
     190
     190
     183
     195
     180
     197
     183
     191
     182
     203
     192
     212
     205
     195
     183
     195
     176
     178
     196
     191
     200
     200
     180
     166
     186
     180
     170
     186
     172
     165
     166
     178
     175
     166
     171
     166
     165
     174
     181
     175
     159
     165
     181
     166
     180
     173
     166
     169
     176
     144
     174
     176
     175
     169
     172
     167
     143
     161
     160
     175
     157
     145
     156
     160
     157
     153
     141
     157
     153
     144
     164
     152
     176
     133
     138
     180
     153
     168
     157
     129
     168
     157
     144
     162
     157
     150
     146
     138
     175
     170
     146
     135
     152
     115
     156
     144
     136
     132
     137
     132
     143
     131
     151
     148
     131
     137
     139
     142
     130
     120
     122
     118
     126
     135
     123
     130
     136
     138
     133
     140
     136
     146
     131
     136
     131
     128
     141
     144
     109
     133
     114
     130
     140
     127
     124
     131
     150
     145
     141
     131
     135
     138
     114
     134
     138
     135
     139
     122
     138
     149
     112
     125
     126
     140
     108
     127
     143
     139
     114
     135
     126
     105
     111
     115
     139
     125
     135
     125
     132
     114
     109
     115
     131
     121
     122
     125
     111
     120
     124
     110
     116
     120
     112
     116
     108
     105
     120
     124
     119
     116
     104
     109
     117
     117
     120
     106
      94
     106
     132
     120
      99
     115
     120
     109
     135
     122
     110
     121
     111
      95
     108
      99
      97
     109
     108
     110
      86
     112
     112
      92
      94
     105
     121
     100
      99
     105
     108
     108
      93
     113
     103
     114
     107
     119
      87
     115
     120
     107
      98
     102
     110
     117
     106
      92
      94
      90
      81
     117
     105
      86
     109
     100
      90
     119
      85
     120
      91
      81
     118
      93
     104
      99
     101
      94
      85
      92
      79
      98
     108
      86
      99
      97
      95
      89
     101
     102
      85
      91
     111
      91
     103
      93
      74
      93
      93
      90
     103
      90
      94
      95
      82
      88
      85
     112
     109
      84
      84
      99
      80
      74
     100
      85
      96
      95
      83
      84
      81
      83
      88
      81
     100
     100
      73
      80
      91
      81
      82
      95
      78
      87
      92
      81
      78
      74
      86
      80
      96
      75
      88
      84
      89
      93
      86
      97
      89
      83
     100
      84
      79
      69
      83
      90
      85
      88
      79
      97
      78
     100
      95
     101
      64
      73
      80
      74
      89
      77
      66
      81
      75
      95
      66
      72
      77
      85
      90
      73
      93
      80
      91
      82
      63
      75
      78
      89
      70
      78
      82
      64
      80
      65
      80
      86
      75
      79
      89
      64
      89
      68
      83
      83
      92
      55
      83
      58
      83
      68
      72
      64
      76
      50
      82
      66
      83
      75
      73
      81
      64
      65
      77
      79
      74
      58
      70
      75
      81
      67
      70
      78
      75
      63
      59
      61
      73
      71
      66
      69
      71
      85
      71
      71
      71
      62
      88
      77
      63
      64
      60
      70
      76
      88
      77
      63
      59
      73
      65
      70
      66
      67
      52
      77
      60
      70
      69
      84
      64
      80
      64
      63
      87
      68
      53
      78
      83
      82
      62
      66
      62
      70
      69
      68
      63
      66
      64
      71
      57
      52
      85
      59
      68
      60
      61
      60
      61
      65
      72
      70
      58
      57
      54
      75
      56
      58
      66
      60
      68
      61
      67
      73
      63
      68
      63
      64
      65
      65
      64
      70
      58
      47
      62
      63
      59
      72
      52
      56
      61
      68
      62
      69
      66
      62
      68
      65
      65
      67
      67
      57
      63
      64
      64
      50
      62
      60
      73
      50
      66
      67
      38
      58
      57
      66
      44
      77
      52
      63
      65
      75
      70
      54
      65
      50
      62
      78
      55
      61
      51
      60
      53
      62
      43
      58
      62
      74
      67
      53
      45
      58
      70
      70
      67
      63
      63
      57
      49
      66
      65
      62
      57
      56
      53
      52
      75
      61
      47
      54
      53
      55
      67
      59
      53
      44
      51
      55
      49
      62
      67
      54
      57
      58
      73
      56
      55
      50
      53
      56
      70
      46
      73
      58
      51
      57
      63
      61
      49
      45
      49
      74
      53
      69
      44
      63
      72
      56
      49
      55
      53
      60
      46
      55
      57
      64
      51
      65
      60
      63
      49
      57
      54
      54
      53
      53
      54
      54
      58
      47
      61
      53
      52
      59
      51
      56
      54
      52
      55
      65
      55
      55
      45
      51
      56
      64
      54
      54
      62
      61
      57
      77
      43
      68
      64
      52
      73
      52
      51
      62
      57
      69
      61
      63
      69
      68
      65
      60
      63
      43
      68
      62
      66
      57
      58
      58
      62
      77
      56
      51
      47
      57
      55
      61
      64
      58
      67
      75
      63
      73
      67
      67
      58
      52
      62
      64
      65
      72
      94
      69
      59
      68
      63
      77
      71
      79
      75
      54
      79
      87
      65
      68
      87
      96
      79
      67
      76
      61
      70
      74
      95
      67
      89
      80
      70
      73
      98
      76
      84
      73
      78
      85
      67
      97
      81
      85
      90
      99
      73
      96
      90
      96
      90
      87
      99
      92
     100
      97
      85
     105
     113
      93
     121
      91
     124
     103
     105
     114
      97
     107
     109
     122
     115
     109
     120
     146
     114
     124
     122
     135
     143
     127
     128
     129
     121
     115
     145
     137
     149
     156
     160
     169
     151
     175
     159
     172
     163
     169
     143
     177
     154
     159
     164
     165
     177
     191
     188
     182
     200
     188
     186
     198
     180
     183
     199
     226
     180
     221
     194
     200
     215
     225
     223
     228
     223
     246
     230
     232
     234
     222
     246
     257
     250
     248
     256
     292
     304
     278
     293
     300
     290
     300
     285
     282
     312
     317
     311
     290
     322
     296
     303
     310
     326
     349
     338
     350
     351
     326
     378
     352
     378
     381
     347
     368
     411
     418
     412
     394
     409
     386
     409
     433
     417
     397
     421
     446
     415
     417
     436
     468
     440
     509
     450
     478
     478
     461
     524
     487
     480
     478
     468
     512
     525
     543
     490
     547
     586
     553
     550
     526
     508
     541
     556
     581
     580
     558
     593
     610
     638
     580
     577
     588
     586
     627
     643
     639
     640
     670
     659
     629
     685
     657
     707
     737
     667
     675
     695
     706
     688
     694
     735
     677
     677
     689
     785
     712
     727
     797
     735
     734
     741
     780
     770
     801
     748
     804
     774
     810
     758
     795
     762
     822
     772
     763
     809
     841
     802
     843
     813
     798
     811
     909
     851
     887
     825
     918
     829
     884
     878
     872
     847
     853
     841
     838
     846
     851
     878
     808
     819
     899
     883
     894
     853
     902
     900
     902
     947
     886
     878
     898
     837
     919
     943
     875
     870
     927
     833
     959
     887
     907
     912
     895
     930
     879
     853
     957
     913
     858
     892
     932
     882
     883
     919
     886
     885
     831
     900
     906
     889
     873
     925
     889
     839
     902
     874
     874
     934
     904
     842
     903
     937
     875
     893
     873
     856
     898
     826
     872
     854
     798
     876
     836
     832
     819
     899
     810
     870
     802
     854
     825
     781
     801
     783
     828
     820
     825
     776
     793
     788
     769
     719
     710
     763
     766
     743
     726
     758
     701
     701
     731
     716
     749
     710
     677
     720
     702
     629
     690
     677
     676
     677
     664
     674
     642
     651
     625
     668
     628
     660
     615
     623
     627
     576
     589
     557
     556
     591
     548
     536
     576
     533
     579
     530
     525
     533
     532
     548
     520
     511
     502
     526
     530
     472
     480
     496
     470
     430
     458
     452
     457
     455
     450
     406
     395
     456
     417
     417
     413
     405
     399
     405
     383
     395
     403
     369
     364
     387
     347
     367
     321
     369
     342
     312
     345
     306
     312
     342
     315
     300
     265
     303
     272
     261
     298
     262
     285
     265
     274
     262
     245
     290
     235
     240
     235
     250
     227
     232
     198
     236
     204
     224
     212
     204
     210
     218
     245
     199
     218
     188
     215
     181
     200
     160
     183
     166
     132
     184
     183
     135
     162
     150
     156
     141
     138
     143
     124
     135
     153
     145
     127
     136
     117
     140
     117
     127
     111
     108
     122
     101
      86
     112
     102
     121
     101
      88
     128
      92
     103
      93
      86
      78
      99
      74
      99
      66
      88
      76
      73
      81
     106
      80
      73
      73
      63
      74
      70
      58
      57
      73
      65
      65
      70
      51
      61
      69
      52
      59
      57
      50
      46
      37
      58
      50
      63
      52
      36
      41
      33
      43
      46
      47
      30
      41
      43
      55
      45
      44
      37
      50
      42
      51
      38
      43
      43
      47
      28
      26
      30
      38
      31
      50
      40
      30
      28
      43
      42
      34
      42
      32
      32
      29
      34
      33
      27
      28
      30
      35
      35
      34
      43
      27
      30
      45
      40
      26
      26
      31
      43
      33
      34
      37
      32
      23
      26
      24
      19
      43
      34
      45
      28
      26
      22
      30
      38
      32
      25
      27
      16
      25
      40
      34
      31
      24
      27
      29
      18
      26
      19
      28
      21
      30
      33
      21
      19
      30
      28
      26
      19
      23
      26
      26
      27
      35
      34
      30
      30
      32
      39
      23
      35
      25
      28
      30
      29
      24
      32
      34
      20
      28
      34
      32
      16
      24
      26
      44
      19
      33
      17
      27
      24
      19
      28
      24
      21
      21
      24
      24
      30
      36
      21
      25
      29
      26
      33
      30
      18
      22
      32
      26
      19
      23
      25
      24
      24
      29
      34
      27
      35
      22
      35
      22
      21
      29
      24
      29
      24
      30
      34
      25
      28
      24
      31
      26
      28
      18
      16
      28
      25
      25
      24
      39
      31
      33
      27
      29
      32
      26
      25
      20
      36
      26
      19
      32
      15
      25
      24
      26
      25
      27
      23
      23
      25
      26
      25
      23
      24
      21
      30
      31
      35
      24
      17
      26
      16
      28
      26
      28
      25
      29
      18
      36
      16
      28
      18
      22
      29
      23
      30
      22
      30
      20
      25
      30
      41
      28
      22
      29
      19
      26
      34
      29
      26
      29
      26
      24
      29
      30
      27
      22
      20
      26
      27
      31
      18
      23
      35
      26
      27
      16
      30
      21
      18
      34
      20
      25
      34
      33
      34
      19
      24
      31
      27
      30
      28
      28
      34
      27
      18
      30
      22
      33
      29
      26
      31
      24
      24
      24
      23
      27
      12
      20
      26
      18
      24
      23
      24
      25
      20
      29
      16
      18
      37
      24
      29
      24
      24
      15
      26
      21
      20
      29
      15
      30
      19
      18
      17
      26
      27
      16
      33
      21
      26
      23
      15
      24
      15
      17
      19
      33
      28
      25
      24
      21
      23
      21
      16
      25
      23
      14
      20
      24
      23
      25
      16
      23
      32
      22
      20
      21
      27
      22
      29
      21
      21
      22
      31
      23
      18
      20
      25
      16
      16
      16
      18
      26
      21
      20
      24
      32
      23
      30
      21
      25
      23
      22
      21
      29
      24
      25
      22
      31
      22
      30
      16
      27
      21
      24
      19
      20
      18
      20
      24
      28
      21
      16
      26
      16
      29
      25
      20
      21
      20
      15
      28
      23
      21
      22
      28
      23
      29
      24
      21
      21
      31
      17
      26
      20
      14
      26
      38
      22
      15
      22
      24
      21
      24
      17
      25
      29
      29
      22
      23
      16
      24
      26
      19
      28
      22
      21
      38
      24
      22
      30
      31
      23
      29
      18
      17
      28
      22
      25
      18
      25
      27
      15
      30
      25
      22
      23
      35
      22
      25
      22
      19
      22
      18
      26
      22
      13
      22
      26
      18
      21
      30
      22
      25
      21
      28
      23
      21
      22
      21
      18
      25
      22
      22
      30
      22
      26
      27
      17
      30
      20
      37
      20
      26
      23
      21
      22
      13
      26
      15
      17
      26
      23
      16
      28
      18
      26
      20
      29
      28
      22
      19
      27
      16
      25
      21
      22
      18
      24
      19
      24
      22
      26
      15
      30
      19
      24
      20
      26
      31
      23
      29
      17
      26
      13
      26
      27
      18
      24
      17
      19
      24
      16
      23
      19
      19
      25
      24
      23
      19
      23
      35
      28
      19
      14
      27
      24
      24
      19
      24
      25
      27
      17
      20
      18
      17
      21
      27
      20
      25
      24
      19
      23
      19
      24
      22
      30
      22
      18
      25
      18
      21
      29
      31
      29
      16
      20
      24
      15
      27
      15
      29
      31
      15
      12
      24
      30
      32
      24
      19
      25
      22
      27
      33
      22
      22
      22
      21
      23
      21
      22
      23
      25
      28
      25
      25
      28
      28
      17
      27
      22
      24
      11
      23
      25
      23
      20
      22
      33
      23
      23
      30
      25
      36
      21
      20
      15
      26
      24
      16
      20
      30
      28
      29
      21
      26
      28
      17
      25
      25
      15
      32
      18
      25
      27
      27
      21
      20
      26
      33
      22
      26
      23
      32
      33
      27
      26
      22
      21
      31
      20
      30
      23
      21
      23
      32
      31
      26
      17
      22
      36
      27
      32
      33
      31
      18
      20
      19
      25
      20
      30
      23
      23
      15
      16
      26
      27
      25
      32
      19
      22
      26
      22
      33
      25
      31
      34
      39
      13
      21
      27
      18
      23
      30
      29
      27
      28
      36
      34
      20
      35
      23
      19
      28
      20
      22
      31
      26
      23
      25
      27
      30
      32
      26
      23
      32
      23
      14
      31
      35
      23
      23
      22
      23
      25
      19
      32
      26
      33
      24
      25
      26
      27
      29
      21
      27
      24
      18
      29
      24
      23
      29
      28
      29
      23
      23
      24
      24
      23
      31
      29
      28
      25
      26
      37
      18
      20
      21
      17
      25
      20
      29
      25
      25
      23
      22
      28
      17
      19
      25
      27
      23
      29
      20
      19
      25
      18
      24
      25
      25
      28
      24
      19
      22
      18
      25
      26
      24
      25
      27
      19
      17
      29
      14
      17
      32
      26
      30
      17
      31
      24
      20
      30
      18
      34
      32
      24
      24
      23
      32
      28
      21
      22
      26
      22
      24
      27
      13
      20
      17
      21
      28
      28
      21
      20
      29
      19
      31
      28
      20
      27
      35
      25
      22
      25
      28
      20
      23
      24
      16
      22
      42
      28
      13
      22
      16
      21
      23
      27
      23
      19
      18
      24
      33
      24
      29
      23
      21
      18
      17
      22
      18
      21
      26
      18
      23
      19
      18
      24
      21
      22
      27
      27
      24
      24
      19
      31
      15
      27
      27
      23
      22
      23
      25
      34
      21
      24
      26
      23
      23
      26
      16
      21
      29
      21
      22
      18
      21
      15
      24
      21
      16
      18
      21
      14
      19
      22
      22
      14
      26
      21
      29
      28
      24
      26
      19
      22
      25
      18
      29
      20
      18
      22
      22
      22
      22
      19
      25
      29
      15
      20
      10
      19
      29
      22
      20
      19
      21
      27
      29
      19
      23
      16
      18
      19
      23
      25
      13
      25
      21
      12
      23
      21
      23
      22
      24
      19
      24
      29
      14
      14
      21
      15
      13
      19
      20
      26
      20
      16
      28
      20
      26
      23
      15
      21
      18
      16
       9
      16
      25
      19
      21
      19
      15
      27
      24
      25
      20
      21
      18
      17
      15
      24
      20
      21
      21
      18
      18
      28
      20
      24
      20
      21
      17
      20
      12
      25
      14
      26
      17
      21
      25
      17
      21
      19
      26
      14
      28
      28
      19
      22
      30
      21
      20
      18
      15
      20
      23
      24
      16
      19
      25
      18
      15
      20
      26
      26
      20
      18
      18
      19
      19
      13
      23
      24
      20
      24
      19
      18
      27
      22
      29
      12
      21
      22
      20
      22
      23
      13
      21
      14
      28
      18
      17
      18
      22
      26
      28
      14
      29
      16
      21
      29
      22
      21
      30
      19
      18
      26
      16
      29
      28
      17
      18
      20
      18
      25
      20
      23
      14
      19
      18
      22
      19
      19
      29
      38
      21
      18
      21
      26
      16
      23
      22
      14
      22
      20
      15
      23
      18
      16
      12
      15
      23
      25
      21
      10
      19
      24
      21
      23
      22
      19
      20
      15
      19
      25
      19
      15
      22
      22
      25
      18
      20
      21
      14
      15
      14
      22
      18
      23
      25
      17
      27
      15
      23
      19
      20
      23
      18
      18
      22
      17
      28
      18
      22
      13
      19
      25
      29
      18
      20
      22
      17
      23
      16
      17
      26
      16
      23
      16
       8
      26
      18
      18
      19
      15
      14
      22
      26
      17
      14
      18
      30
      22
      22
      19
      20
      20
      16
      18
      12
      25
      20
      22
      22
      26
      12
      26
      24
      22
      15
      25
      19
      17
      26
      27
      27
      26
      20
      22
      21
      25
      23
      18
      30
      20
      13
      21
      10
      20
      14
      25
      13
      14
      19
      17
       8
      19
      21
      21
      26
      18
      17
      23
      15
      21
      26
      23
      10
      11
      22
      22
      23
      20
      17
      19
      24
      22
      21
      15
      24
      23
      22
      19
      23
      22
      19
      19
      20
      22
      26
      23
      19
      29
      17
      18
      26
      17
      30
      17
      21
      22
      17
      16
      26
      13
      19
      17
      20
      17
      25
      27
      17
      18
      16
      19
      20
      15
      15
      17
      20
      18
      12
      12
      16
      20
      25
      23
      16
      23
      25
      14
      16
      22
      22
      15
      21
      27
      16
      17
      19
      16
      13
      19
      24
      16
      19
      15
      12
      13
      23
      12
      23
      20
      13
      20
      26
      12
      11
      17
      16
      14
      16
      20
      21
      12
      15
      25
      14
      25
      23
      18
      24
      20
      18
      20
      14
      21
      11
      16
      22
      26
      20
      24
      21
      26
      25
      19
      20
      18
      30
      12
      24
      14
      16
      20
      14
      19
      14
      21
      18
      21
      25
      17
      23
      11
      16
      20
      16
      19
      20
      19
      21
      18
      22
      18
      19
      14
      14
      18
      13
      15
      14
      12
      17
      20
      24
      23
      16
      13
      17
      21
      24
      18
      19
      17
      14
      16
      22
      18
      15
      18
      29
      19
      21
      18
      18
      25
      23
      16
      20
      22
      17
      24
      23
      19
      27
      16
      15
      12
      17
      23
      16
      20
      21
      21
      17
      30
      24
      22
      19
      27
      19
      22
      16
      25
      15
      26
      11
      22
      22
      26
      13
      24
      21
      15
      30
      20
      25
      17
      21
      21
      21
      22
      18
      20
      13
      22
      22
      28
      14
      16
      11
      16
      17
      24
      19
      19
      19
      18
      21
      23
      17
      30
      20
      23
      20
      21
      11
      16
      24
      22
      19
      25
      17
      24
      18
      18
      20
      17
      27
      22
      18
      21
      22
      27
      20
      16
      18
      16
      25
      20
      24
      21
      18
      19
      21
      20
      27
      23
      19
      20
      16
      22
      20
      20
      24
      24
       9
      17
      14
      26
      25
      19
      20
      20
      21
      21
      20
      16
      21
      13
      13
      26
      12
      12
      24
      22
      20
      29
      20
      27
      16
      15
      20
      21
      10
      15
      22
      19
      17
      23
      12
      21
      14
      21
      25
      28
      22
      24
      17
      22
       7
      14
      18
      16
      22
      21
      24
      24
      26
      18
      17
      21
      18
      17
      27
      21
      14
      12
      27
      20
      17
      19
      23
      19
      18
      19
      17
      25
      25
      29
      22
      30
      22
      15
      12
      21
      25
      15
      32
      17
      19
      17
      16
      19
      15
      26
      16
      14
      15
      24
      22
      21
      13
      25
      20
      28
      18
      19
      18
      13
      20
      22
      18
      12
      12
      22
      27
      22
      21
      19
      13
      16
      25
      16
      16
      19
      16
      19
      30
      25
      15
      21
      18
      28
      20
      15
      30
      21
      20
      28
      20
      21
      21
      16
      18
      21
      27
      16
      15
      24
      16
      21
      14
      20
      21
      26
      17
      21
      26
      18
      15
      20
      21
      20
      29
      31
      27
      26
      17
      14
      18
      30
      16
      18
      15
      15
      24
       9
      22
      22
      21
      12
      22
      19
      16
      15
      22
      21
      18
      18
      22
      25
      23
      17
      25
      17
      18
      18
      14
      15
      19
      28
      27
      18
      19
      13
      18
      21
      14
      29
      20
      25
      25
      14
      17
      12
      18
      24
      21
      21
      24
      25
      17
      23
      24
       8
      21
      22
      20
      21
      21
      24
      27
      20
      24
      32
      14
      29
      17
      18
      15
      27
      16
      18
      16
      16
      16
      13
      15
      18
      23
      14
      13
      24
      27
      23
      23
      22
      15
      18
      22
      23
      17
      24
      21
      22
      18
      20
      25
      14
      23
      26
      13
      24
      22
      21
      19
      21
      22
      15
      23
      20
      27
      15
      23
      16
      20
      22
      21
      21
      21
      20
      21
      16
      18
      20
      21
      33
      25
      14
      11
      18
      16
      21
      23
      23
      22
      18
      21
      23
      18
      20
      22
      18
      15
      21
      32
      14
      12
      23
      21
      23
      25
      29
      21
      20
      23
      23
      19
      23
      17
      19
      20
      20
      23
      17
      19
      24
      22
      17
      23
      18
      22
      18
      21
      24
      22
      29
      23
      20
      16
      11
      22
      29
      21
      26
      19
      21
      21
      16
      16
      17
      18
      17
      24
      28
      16
      16
      17
      18
      22
      16
      14
      23
      12
      28
      13
      22
      22
      17
      27
      19
      19
      27
      24
      20
      23
      21
      21
      21
      19
      15
      17
      10
      16
      17
      23
      31
      16
      25
      22
      20
      25
      23
      24
      15
      15
      24
      22
      27
      20
      20
      15
      16
      15
      18
      18
      22
      27
      23
      24
      26
      28
      30
      26
      25
      23
      24
      22
      20
      13
      21
      22
      24
      15
      16
      23
      18
      23
      24
      24
      18
      20
      22
      17
      21
      22
      24
      27
      26
      19
      20
      24
      20
      22
      23
      19
      21
      13
      25
      22
      20
      20
      21
      18
      15
      19
      27
      24
      24
      26
      23
      21
      26
      23
      27
      21
      20
      17
      23
      23
      20
      24
      17
      22
      19
      23
      17
      23
      18
      24
       8
      28
      15
      19
      29
      30
      29
      17
      22
      24
      22
      30
      25
      20
      21
      18
      27
      26
      16
      21
      34
      27
      24
      22
      25
      22
      29
      12
      18
      16
      26
      21
      24
      25
      23
      14
      20
      22
      17
      23
      26
      27
      16
      10
      15
      26
      23
      15
      19
      20
      26
      32
      31
      16
      23
      30
      24
      17
      23
      28
      22
      15
      26
      23
      19
      17
      25
      14
      26
      25
      24
      29
      11
      26
      24
      19
      22
      19
      23
      17
      29
      20
      19
      20
      30
      26
      23
      16
      24
      23
      22
      19
      12
      15
      22
      18
      19
      27
      23
      27
      25
      22
      24
      25
      16
      22
      20
      34
      18
      27
      20
      18
      18
      21
      14
      19
      15
      20
      19
      18
      21
      23
      28
      19
      23
      24
      27
      14
      26
      28
      27
      21
      31
      22
      25
      19
      17
      19
      31
      25
      26
      20
      25
      19
      18
      32
      18
      19
      21
      22
      19
      33
      21
      25
      16
      26
      22
      23
      25
      19
      30
      17
      25
      19
      21
      22
      18
      26
      22
      20
      20
      31
      20
      30
      25
      16
      27
      24
      25
      25
      30
      17
      25
      27
      25
      25
      21
      23
      17
      23
      19
      18
      22
      22
      18
      27
      29
      23
      24
      25
      23
      23
      22
      22
      20
      17
      20
      17
      23
      26
      21
      29
      25
      18
      26
      19
      22
      27
      30
      27
      31
      21
      22
      28
      21
      32
      26
      25
      24
      23
      31
      20
      25
      25
      24
      18
      26
      26
      26
      26
      19
      24
      24
      23
      33
      22
      29
      30
      22
      19
      21
      26
      32
      28
      25
      21
      26
      21
      26
      25
      22
      19
      18
      18
      25
      17
      25
      22
      24
      20
      21
      25
      29
      21
      23
      20
      28
      14
      19
      18
      23
      17
      16
      26
      24
      33
      22
      18
      21
      20
      19
      24
      25
      19
      25
      24
      22
      25
      21
      26
      24
      35
      27
      22
      31
      27
      25
      21
      28
      24
      25
      15
      22
      14
      24
      25
      28
      21
      21
      20
      18
      17
      26
      24
      26
      32
      25
      28
      12
      26
      25
      21
      27
      24
      23
      22
      29
      16
      25
      20
      15
      36
      16
      30
      23
      21
      29
      27
      23
      22
      27
      20
      24
      28
      19
      25
      27
      21
      26
      29
      25
      18
      22
      22
      27
      23
      29
      13
      21
      28
      15
      25
      27
      20
      28
      29
      25
      26
      22
      24
      25
      23
      30
      16
      22
      26
      21
      31
      21
      10
      29
      23
      26
      22
      21
      25
      25
      26
      19
      17
      26
      23
      30
      23
      22
      24
      25
      14
      22
      24
      23
      22
      24
      25
      33
      19
      21
      21
      27
      25
      32
      18
      20
      18
      20
      24
      25
      29
      19
      31
      18
      22
      22
      20
      23
      30
      14
      17
      23
      17
      16
      14
      22
      15
      18
      29
      29
      10
      21
      19
      21
      17
      24
      24
      23
      18
      15
      21
      27
      20
      24
      20
      25
      29
      28
      19
      15
      23
      32
      20
      22
      25
      19
      23
      23
      14
      22
      17
      25
      23
      25
      14
      26
      18
      13
      19
      21
      17
      18
      15
      27
      26
      25
      19
      26
      21
      20
      26
      17
      17
      20
      21
      19
      19
      17
      20
      18
      21
      15
      16
      16
      13
      24
      19
      32
      24
      19
      24
      21
      17
      30
      18
      27
      18
      18
      23
      23
      17
      18
      23
      15
      16
      12
      17
      21
       9
      23
      24
      22
      25
      21
      19
      22
      25
      23
      18
      21
      19
      22
      20
      24
      14
      22
      14
      19
      13
      23
      16
      12
      28
      27
      16
      15
      22
      21
      21
      20
      23
      20
      22
      22
      16
      15
      16
      13
      16
      24
      14
      16
      25
      18
      13
      19
      22
      21
      16
      21
      21
      15
      16
      15
      18
      13
      21
      15
      13
      13
      17
      20
      11
      13
      16
      17
      24
      15
      22
      11
      11
      28
      18
      15
      19
      13
      19
      13
      15
      16
      19
      10
      16
      14
      19
      13
      27
      16
      25
      14
      20
      11
      17
      10
      15
      13
       8
      19
      12
      17
      15
      11
      20
      15
      14
      16
      13
      15
      18
      17
       7
      27
      15
      16
      14
      13
      11
      13
      21
      16
      12
      12
      10
      10
      16
       9
      13
      17
       9
      12
      11
      15
      16
      18
      13
      11
      12
      10
      12
      14
      16
      12
       9
      20
      15
       7
      17
      12
      19
      10
       9
      13
      12
      10
      20
      13
      13
      10
       6
      13
       6
      12
       9
      11
      11
       9
      12
       5
      11
      15
      13
      10
      13
      12
      13
       8
      15
      15
      14
      18
      10
      16
      13
      14
       9
      14
       9
      11
      22
      19
      10
      13
      10
      11
      11
      10
      17
      11
       9
       6
      13
      12
      11
      12
      14
      16
       7
       9
      12
      11
      13
       7
       6
       7
       8
      14
      12
      11
      11
      11
      13
      10
      14
       9
       5
       5
       6
       6
       8
      11
      13
       9
       8
       6
      10
       8
       7
      10
       9
       6
      10
      12
      12
       7
      17
       8
       4
       8
       7
       5
      11
       6
       7
       8
       6
       7
       9
      10
       8
      11
       5
      11
      11
       8
       8
      10
       7
       5
       5
       5
       8
       4
       9
       8
      11
      11
       5
       4
       7
       7
      13
       5
       7
       9
       7
      11
       5
      11
       7
       9
      11
       9
      10
      12
       6
       7
      13
      10
       7
       5
       7
       7
       3
       5
       5
       6
       2
       6
      10
      10
       6
       8
      11
       7
       4
       8
      11
       3
       6
       6
       5
       9
       4
       3
       7
       5
       3
       6
       6
       8
       8
       6
      11
       8
       9
      11
       9
       3
       5
       9
       4
       3
       4
       4
       9
       8
       8
       7
       3
       5
       7
      10
       6
       5
       3
       5
       6
       4
       5
       8
       5
       2
       6
       8
       8
       9
       4
      11
       9
       9
       5
       8
       4
       8
       2
       7
       5
       3
      13
       4
      10
       7
       6
       7
       8
       8
       3
       2
       5
       2
       4
       1
       9
       6
       5
       4
       7
       6
       3
       5
       6
       6
       4
       3
       7
       1
       6
       6
       1
       2
       7
       6
       2
       5
       2
       2
       5
       8
       8
       5
       9
       4
       8
       6
       6
       9
       4
       4
       7
       7
      10
       2
       6
       6
       6
       7
       3
       1
       5
       3
       3
      12
       5
       4
       5
       4
       4
       5
       6
       3
       5
       7
       4
       4
       4
       2
       3
       7
       3
       1
       4
       5
       5
       4
       4
       8
       4
       6
       8
       6
       6
       2
       6
       3
       9
       3
       3
       3
       5
       4
       6
       6
       5
       7
       1
       3
       1
       3
       1
       3
       5
       6
       8
       5
       2
       4
       3
       3
       7
       2
       6
       9
       8
       8
       1
       4
       7
       4
       2
       6
       4
       4
       3
       1
       7
       6
       3
       4
       5
       8
       3
       4
       2
       4
       4
       3
       5
       4
       5
       5
       4
       3
       6
       3
       3
       5
       7
       2
       7
       3
       3
       4
       2
       3
       2
       3
       2
       5
       2
       4
       5
       4
       2
       3
       4
       3
       5
       4
       3
       3
       8
       5
       2
       7
       5
       2
       3
       4
       4
       3
       3
       3
       3
       3
       7
       5
       6
       5
       8
       1
       3
       6
       6
       2
       4
       4
       3
       3
       4
       2
       3
       5
       1
       4
       3
       1
       5
       4
       3
       4
      11
       3
       6
       6
       1
       3
       4
       1
       4
       5
       3
       2
       3
       3
       4
       4
       2
       5
       4
       1
       1
       4
       3
       1
       2
       4
       3
       1
       2
       3
       3
       3
       2
       3
       4
       3
       1
       4
       2
       4
       5
       3
       5
       5
       5
       3
       5
       4
       4
       2
       7
       1
       3
       1
       5
       1
       5
       5
       4
       2
       4
       6
       4
       3
       2
       2
       4
       7
       4
       1
       1
       6
       4
       3
       5
       3
       2
       6
       2
       5
       4
       1
       5
       4
       3
       2
       1
       4
       4
       6
       5
       4
       2
       3
       5
       3
       0
       4
       6
       2
       1
       5
       1
       7
       2
       4
       8
       4
       3
       3
       2
       3
       5
       3
       4
       4
       8
       3
       4
       4
       6
       1
       1
       4
       3
       4
       2
       3
       1
       3
       1
       3
       2
       2
       3
       5
       6
       8
       2
       7
       9
       6
       4
       6
       4
       1
       4
       2
       4
       3
       5
       8
       3
       6
       3
       2
       3
       8
       5
       1
       8
       7
       5
       2
       4
       4
       3
       3
       5
       4
       7
       4
       6
       4
       6
       3
       3
       2
       7
       5
       5
       5
       7
       5
       2
       7
       1
       3
       4
       5
      13
       4
       2
       0
       7
       5
       6
       7
       8
       3
       5
       5
      10
       3
       9
       7
       2
       4
       3
       5
       8
       5
       8
       6
       4
       3
       4
       3
       2
       8
       3
       6
       5
       5
       6
       6
       3
       5
       5
       5
       7
       7
       6
       4
       5
       4
       4
       7
       7
       7
       7
       5
       7
       9
       9
       8
       7
       6
       8
       6
       8
      12
       9
       3
       6
       7
       5
       9
       8
       8
      11
      12
      11
      12
       6
       9
       6
       7
       8
      10
       8
       6
       7
       6
      14
      11
       5
       5
       4
       6
       9
      13
       9
      13
       7
      11
      18
       4
       9
       7
      10
       9
      11
      15
       8
       7
      10
      10
       9
       9
       9
       8
       6
      10
       6
       7
      15
      12
      17
       9
       7
       9
      26
       8
       9
      14
       8
       9
      12
       9
      15
      10
      11
      12
      22
      12
      12
      11
      14
      16
      16
      14
      20
      14
      12
      12
      14
      12
      22
      22
      19
      13
      14
       8
       9
      18
      14
      18
      14
      10
      11
      16
      16
      15
      23
      20
      18
      13
      21
      19
      20
      20
      17
      15
      20
      21
      19
      19
      25
      12
      20
      27
      22
      30
      20
      24
      18
      24
      23
      25
      13
      19
      22
      22
      27
      24
      23
      18
      29
      15
      25
      19
      14
      31
      25
      24
      26
      34
      21
      21
      28
      32
      29
      29
      29
      37
      34
      28
      28
      33
      43
      19
      28
      22
      29
      18
      27
      32
      27
      31
      30
      19
      31
      33
      36
      43
      26
      35
      29
      35
      29
      37
      33
      39
      25
      37
      37
      25
      32
      37
      31
      31
      34
      27
      35
      28
      38
      30
      27
      36
      29
      27
      32
      27
      47
      27
      51
      30
      30
      45
      45
      26
      38
      41
      38
      52
      50
      39
      35
      31
      37
      48
      31
      47
      34
      44
      43
      42
      41
      41
      43
      43
      47
      32
      50
      39
      38
      46
      42
      51
      51
      39
      46
      44
      42
      51
      39
      58
      50
      44
      40
      60
      49
      54
      47
      40
      60
      42
      47
      57
      37
      51
      39
      45
      50
      50
      46
      64
      51
      62
      49
      41
      55
      56
      43
      52
      43
      55
      52
      49
      57
      53
      54
      54
      64
      62
      57
      54
      39
      59
      40
      61
      62
      49
      61
      53
      55
      46
      59
      57
      68
      44
      62
      75
      56
      56
      59
      50
      67
      66
      50
      72
      66
      69
      54
      51
      53
      65
      75
      62
      75
      59
      56
      60
      59
      68
      78
      62
      66
      68
      82
      58
      76
      57
      61
      61
      69
      59
      53
      69
      65
      63
      66
      70
      72
      66
      75
      75
      65
      74
      57
      65
      70
      49
      83
      61
      81
      73
      42
      76
      67
      72
      69
      73
      65
      85
      65
      75
      70
      58
      77
      75
      58
      73
      70
      61
      68
      73
      57
      76
      67
      68
      66
      58
      78
      79
      80
      60
      72
      73
      81
      77
      61
      69
      66
      60
      69
      73
      64
      69
      62
      59
      74
      69
      62
      77
      76
      73
      71
      77
      80
      57
      74
      68
      73
      63
      84
      71
      72
      75
      68
      82
      68
      67
      68
      74
      72
      73
      63
      59
      71
      70
      65
      58
      77
      70
      64
      74
      71
      52
      67
      68
      66
      64
      68
      65
      58
      81
      71
      62
      61
      73
      63
      78
      56
      63
      64
      57
      71
      70
      47
      65
      64
      69
      71
      56
      58
      76
      55
      40
      64
      72
      63
      57
      65
      61
      57
      63
      68
      62
      59
      76
      56
      67
      60
      58
      57
      52
      64
      63
      62
      57
      50
      66
      49
      69
      52
      56
      61
      56
      46
      72
      64
      63
      51
      57
      61
      44
      50
      48
      72
      49
      49
      54
      55
      39
      42
      63
      48
      51
      54
      52
      50
      55
      51
      49
      49
      47
      42
      47
      35
      43
      50
      41
      37
      46
      31
      52
      38
      34
      45
      39
      42
      50
      46
      68
      39
      48
      48
      50
      37
      43
      44
      48
      37
      39
      48
      46
      35
      47
      51
      43
      31
      41
      41
      47
      39
      44
      40
      41
      38
      32
      39
      53
      31
      42
      32
      55
      43
      42
      36
      37
      35
      33
      30
      40
      30
      39
      41
      32
      38
      28
      36
      37
      27
      22
      22
      29
      34
      37
      30
      28
      30
      35
      34
      36
      21
      36
      23
      30
      34
      32
      28
      26
      31
      23
      23
      25
      28
      28
      31
      31
      27
      22
      20
      20
      27
      23
      25
      25
      17
      18
      31
      15
      27
      22
      26
      23
      20
      23
      28
      24
      20
      28
      26
      24
      20
      20
      17
      22
      21
      21
      23
      27
      18
      22
      20
      20
      13
      16
      27
      11
      20
      20
      17
      18
      16
      22
      21
      20
      22
      12
      17
      18
      16
      13
      19
      13
       8
      10
      13
       7
      16
      10
      10
      16
      16
      12
      16
      10
      10
      10
      12
      15
      11
      10
      14
      15
      16
      12
      13
      11
      14
       9
      10
      16
       9
       8
       8
       9
      17
      10
       7
      16
      10
       9
       8
      10
      12
       6
       9
      14
       9
      12
       5
      10
      10
       5
       9
      12
       3
       8
      10
       7
      18
       6
      14
       5
       4
      11
       7
       8
       5
       9
      11
       8
       9
       5
       3
       4
       5
       8
      13
       4
      15
       7
       7
       5
       4
       6
       5
       5
       7
       3
       4
       8
       9
       9
       3
       7
       9
       7
       8
       3
       1
       2
       1
       3
       2
       5
       3
       3
       2
       7
       3
       9
       7
       2
       6
       2
       6
       3
       6
       6
       6
       6
       5
       4
       5
       3
       3
       1
       3
       5
       1
       3
       3
       5
       3
       2
       1
       4
       4
       3
       2
       1
       7
       3
       1
       3
       2
       3
       4
       5
       6
       1
       6
       5
       7
       1
       4
       2
       6
       0
       1
       2
       1
       5
       4
       2
       5
       4
       1
       4
       1
       0
       1
       3
       0
       3
       0
       5
       2
       2
       1
       1
       3
       2
       2
       0
       2
       2
       1
       0
       1
       1
       1
       2
       1
       2
       5
       2
       1
       3
       2
       3
       0
       2
       3
       1
       4
       1
       1
       1
       1
       0
       1
       1
       3
       2
       0
       3
       3
       1
       1
       0
       1
       0
       1
       3
       4
       0
       3
       1
       0
       0
       0
       1
       1
       2
       1
       2
       0
       1
       2
       0
       1
       3
       1
       0
       4
       0
       0
       1
       0
       2
       5
       1
       3
       2
       2
       3
       2
       0
       1
       1
       3
       3
       2
       0
       1
       2
       1
       0
       3
       1
       2
       1
       1
       2
       1
       1
       2
       1
       2
       4
       1
       1
       1
       1
       3
       1
       1
       2
       0
       0
       2
       1
       0
       0
       2
       0
       0
       1
       1
       0
       0
       0
       0
       1
       2
       1
       0
       3
       0
       0
       1
       0
       1
       0
       2
       2
       2
       2
       1
       1
       0
       2
       0
       0
       0
       0
       1
       2
       2
       1
       0
       1
       0
       0
       1
       1
       1
       0
       0
       1
       1
       1
       1
       0
       0
       2
       1
       1
       2
       0
       2
       0
       1
       1
       2
       1
       0
       0
       1
       3
       0
       1
       2
       0
       0
       2
       0
       0
       2
       2
       0
       0
       0
       0
       1
       1
       2
       2
       0
       2
       1
       0
       0
       3
       0
       3
       2
       0
       0
       1
       0
       0
       0
       3
       1
       1
       1
       0
       1
       3
       0
       0
       0
       3
       2
       3
       1
       0
       0
       0
       1
       0
       0
       2
       3
       2
       2
       2
       0
       0
       1
       2
       2
       1
       0
       1
       1
       1
       3
       2
       1
       0
       2
       2
       2
       4
       0
       1
       1
       0
       0
       2
       1
       0
       1
       0
       0
       3
       0
       0
       2
       1
       1
       2
       1
       0
       2
       1
       0
       1
       1
       1
       2
       0
       2
       1
       1
       0
       1
       0
       1
       1
       0
       0
       0
       0
       3
       1
       1
       0
       1
       0
       2
       2
       1
       1
       4
       3
       2
       0
       1
       1
       0
       1
       4
       1
       1
       1
       1
       4
       0
       1
       1
       0
       1
       1
       0
       1
       1
       4
       1
       1
       0
       1
       1
       3
       1
       1
       0
       0
       2
       2
       1
       1
       0
       1
       0
       0
       0
       1
       0
       2
       1
       1
       3
       0
       1
       1
       2
       2
       0
       0
       1
       1
       1
       3
       1
       1
       1
       1
       2
       1
       2
       1
       0
       0
       3
       2
       0
       1
       1
       0
       3
       1
       0
       0
       1
       1
       1
       1
       0
       1
       2
       0
       1
       1
       0
       1
       1
       0
       0
       0
       1
       0
       1
       0
       1
       1
       1
       2
       1
       3
       0
       3
       2
       0
       2
       1
       0
       2
       2
       1
       1
       1
       2
       0
       2
       3
       1
       0
       3
       1
       1
       2
       1
       0
       1
       1
       0
       2
       1
       1
       0
       0
       2
       1
       1
       2
       0
       1
       0
       2
       0
       0
       1
       0
       2
       2
       0
       1
       3
       0
       2
       1
       0
       2
       1
       0
       0
       1
       1
       0
       2
       1
       0
       1
       1
       2
       0
       1
       1
       1
       2
       2
       4
       0
       2
       2
       0
       1
       2
       0
       2
       4
       1
       1
       1
       1
       2
       0
       0
       0
       1
       2
       2
       0
       2
       2
       3
       2
       1
       1
       3
       2
       4
       0
       0
       1
       0
       0
       2
       2
       1
       0
       3
       1
       1
       1
       1
       2
       1
       1
       0
       3
       2
       1
       0
       1
       1
       1
       1
       1
       1
       0
       0
       2
       3
       1
       0
       0
       2
       0
       1
       0
       1
       0
       0
       3
       1
       1
       1
       1
       2
       1
       2
       0
       0
       3
       0
       1
       2
       1
       4
       1
       3
       1
       2
       1
       0
       2
       2
       3
       3
       1
       0
       2
       2
       0
       1
       0
       0
       1
       0
       3
       0
       0
       3
       1
       1
       1
       2
       0
       2
       0
       0
       1
       2
       3
       0
       0
       0
       0
       2
       0
       0
       1
       2
       1
       2
       0
       1
       2
       5
       2
       0
       0
       1
       1
       0
       0
       0
       0
       0
       0
       0
       0
       0
       0
       0
       0
       0
       0
       0
       0
       0
       0
       0
       0
       0
       0
       0
       0
       0
       0
       0
       0
       0
       0
       0
       0
       0
       0
       0
       0
       0
       0
       0
       0
       0
       0
       0
       0
       0
       0
       0
       0
       0
       0
       0
       0
       0
       0
       0
       0
       0
       0
       0
       0
       0
       0
       0
       0
       0
       0
       0
       0
       0
       0
       0
       0
       0
       0
       0
       0
       0
       0
       0
       0
       0
       0
       0
       0
       0
       0
       0
       0
       0
       0
       0
       0
       0
       0
       0
       0
       0
       0
       0
       0
       0
       0
       0
       0
       0
       0
       0
       0
       0
       0
       0
       0
       0
       0
       0
       0
       0
       0
       0
       0
       0
       0
       0
       0
       0
       0
       0
       0
       0
       0
       0
       0
       0
       0
       0
       0
       0
       0
       0
       0
       0
       0
       0
       0
       0
       0
       0
       0
       0
       0
       0
       0
       0
       0
       0
       0
       0
       0
       0
       0
       0
       0
       0
       0
       0
       0
       0
       0
       0
       0
