# Run Voltage (V) Time (ms) Counts
0	2	420000	3833
1	1.9978	420000	3722
2	1.9956	420000	3854
3	1.9934	420000	3834
4	1.9912	420000	3926
5	1.989	420000	3826
6	1.9868	420000	3892
7	1.9846	420000	3809
8	1.9824	420000	3929
9	1.9802	420000	3854
10	1.978	420000	3890
11	1.9758	420000	3931
12	1.9736	420000	3872
13	1.9714	420000	3789
14	1.9692	420000	3860
15	1.967	420000	3988
16	1.9648	420000	3879
17	1.9626	420000	3926
18	1.9604	420000	3875
19	1.9582	420000	3806
20	1.956	420000	3917
21	1.9538	420000	3868
22	1.9516	420000	3804
23	1.9494	420000	3799
24	1.9472	420000	3774
25	1.945	420000	3874
26	1.9428	420000	3813
27	1.9406	420000	3795
28	1.9384	420000	3841
29	1.9362	420000	3935
30	1.934	420000	3889
31	1.9318	420000	3739
32	1.9296	420000	3793
33	1.9274	420000	3747
34	1.9252	420000	3848
35	1.923	420000	3838
36	1.9208	420000	3724
37	1.9186	420000	4007
38	1.9164	420000	3858
39	1.9142	420000	3766
40	1.912	420000	3858
41	1.9098	420000	3951
42	1.9076	420000	3853
43	1.9054	420000	3905
44	1.9032	420000	3916
45	1.901	420000	3822
46	1.8988	420000	3827
47	1.8966	420000	3855
48	1.8944	420000	3903
49	1.8922	420000	3760
50	1.89	420000	3810
51	1.8878	420000	3888
52	1.8856	420000	3841
53	1.8834	420000	3954
54	1.8812	420000	3804
55	1.879	420000	3886
56	1.8768	420000	3941
57	1.8746	420000	3966
58	1.8724	420000	3798
59	1.8702	420000	3775
60	1.868	420000	3887
61	1.8658	420000	3773
62	1.8636	420000	3894
63	1.8614	420000	3863
64	1.8592	420000	3901
65	1.857	420000	3896
66	1.8548	420000	3914
67	1.8526	420000	3906
68	1.8504	420000	3962
69	1.8482	420000	3952
70	1.846	420000	3976
71	1.8438	420000	3919
72	1.8416	420000	3924
73	1.8394	420000	3927
74	1.8372	420000	3764
75	1.835	420000	3896
76	1.8328	420000	3681
77	1.8306	420000	3943
78	1.8284	420000	3929
79	1.8262	420000	3881
80	1.824	420000	3837
81	1.8218	420000	3843
82	1.8196	420000	3909
83	1.8174	420000	3846
84	1.8152	420000	3841
85	1.813	420000	3949
86	1.8108	420000	3894
87	1.8086	420000	3903
88	1.8064	420000	3885
89	1.8042	420000	3963
90	1.802	420000	3856
91	1.7998	420000	3937
92	1.7976	420000	3878
93	1.7954	420000	3942
94	1.7932	420000	3880
95	1.791	420000	3908
96	1.7888	420000	3830
97	1.7866	420000	3782
98	1.7844	420000	3919
99	1.7822	420000	3877
100	1.78	420000	3802
101	1.7778	420000	3955
102	1.7756	420000	3838
103	1.7734	420000	3912
104	1.7712	420000	3816
105	1.769	420000	3928
106	1.7668	420000	3901
107	1.7646	420000	3856
108	1.7624	420000	3915
109	1.7602	420000	3937
110	1.758	420000	3900
111	1.7558	420000	3833
112	1.7536	420000	3857
113	1.7514	180000	1596
114	1.7508	180000	1688
115	1.7502	180000	1678
116	1.7496	180000	1666
117	1.749	180000	1668
118	1.7484	180000	1595
119	1.7478	180000	1652
120	1.7472	180000	1707
121	1.7466	180000	1680
122	1.746	180000	1687
123	1.7454	180000	1596
124	1.7448	180000	1614
125	1.7442	180000	1688
126	1.7436	180000	1681
127	1.743	180000	1607
128	1.7424	180000	1709
129	1.7418	180000	1626
130	1.7412	180000	1669
131	1.7406	180000	1656
132	1.74	180000	1690
133	1.7394	180000	1649
134	1.7388	180000	1694
135	1.7382	180000	1603
136	1.7376	180000	1687
137	1.737	180000	1640
138	1.7364	180000	1645
139	1.7358	180000	1689
140	1.7352	180000	1659
141	1.7346	180000	1677
142	1.734	180000	1649
143	1.7334	180000	1704
144	1.7328	180000	1696
145	1.7322	180000	1737
146	1.7316	180000	1626
147	1.731	180000	1676
148	1.7304	180000	1640
149	1.7298	180000	1588
150	1.7292	180000	1729
151	1.7286	180000	1727
152	1.728	180000	1664
153	1.7274	180000	1613
154	1.7268	180000	1646
155	1.7262	180000	1635
156	1.7256	180000	1617
157	1.725	180000	1724
158	1.7244	180000	1679
159	1.7238	180000	1695
160	1.7232	180000	1701
161	1.7226	180000	1636
162	1.722	180000	1754
163	1.7214	180000	1728
164	1.7208	180000	1710
165	1.7202	180000	1589
166	1.7196	180000	1737
167	1.719	180000	1601
168	1.7184	180000	1689
169	1.7178	180000	1581
170	1.7172	180000	1690
171	1.7166	180000	1657
172	1.716	180000	1632
173	1.7154	180000	1691
174	1.7148	180000	1753
175	1.7142	180000	1641
176	1.7136	180000	1668
177	1.713	180000	1658
178	1.7124	180000	1684
179	1.7118	180000	1652
180	1.7112	180000	1713
181	1.7106	180000	1626
182	1.71	180000	1717
183	1.7094	180000	1662
184	1.7088	180000	1735
185	1.7082	180000	1669
186	1.7076	180000	1657
187	1.707	180000	1669
188	1.7064	180000	1726
189	1.7058	180000	1632
190	1.7052	180000	1703
191	1.7046	180000	1644
192	1.704	180000	1655
193	1.7034	180000	1706
194	1.7028	180000	1675
195	1.7022	180000	1677
196	1.7016	180000	1782
197	1.701	180000	1706
198	1.7004	180000	1684
199	1.6998	180000	1664
200	1.6992	180000	1663
201	1.6986	180000	1696
202	1.698	180000	1679
203	1.6974	180000	1632
204	1.6968	180000	1683
205	1.6962	180000	1675
206	1.6956	180000	1699
207	1.695	180000	1638
208	1.6944	180000	1648
209	1.6938	180000	1665
210	1.6932	180000	1668
211	1.6926	180000	1768
212	1.692	180000	1665
213	1.6914	180000	1693
214	1.6908	180000	1681
215	1.6902	180000	1660
216	1.6896	180000	1719
217	1.689	180000	1658
218	1.6884	180000	1585
219	1.6878	180000	1702
220	1.6872	180000	1656
221	1.6866	180000	1651
222	1.686	180000	1617
223	1.6854	180000	1704
224	1.6848	180000	1689
225	1.6842	180000	1664
226	1.6836	180000	1660
227	1.683	180000	1693
228	1.6824	180000	1553
229	1.6818	180000	1720
230	1.6812	180000	1677
231	1.6806	180000	1686
232	1.68	180000	1648
233	1.6794	180000	1621
234	1.6788	180000	1641
235	1.6782	180000	1646
236	1.6776	180000	1725
237	1.677	180000	1567
238	1.6764	180000	1696
239	1.6758	180000	1648
240	1.6752	180000	1608
241	1.6746	180000	1626
242	1.674	180000	1658
243	1.6734	180000	1570
244	1.6728	180000	1635
245	1.6722	180000	1631
246	1.6716	180000	1635
247	1.671	180000	1670
248	1.6704	180000	1734
249	1.6698	180000	1718
250	1.6692	180000	1746
251	1.6686	180000	1595
252	1.668	180000	1634
253	1.6674	180000	1732
254	1.6668	180000	1672
255	1.6662	180000	1702
256	1.6656	180000	1698
257	1.665	180000	1664
258	1.6644	180000	1660
259	1.6638	180000	1715
260	1.6632	180000	1712
261	1.6626	180000	1705
262	1.662	180000	1702
263	1.6614	180000	1689
264	1.6608	180000	1636
265	1.6602	180000	1639
266	1.6596	180000	1646
267	1.659	180000	1585
268	1.6584	180000	1641
269	1.6578	180000	1675
270	1.6572	180000	1622
271	1.6566	180000	1706
272	1.656	180000	1695
273	1.6554	180000	1629
274	1.6548	180000	1652
275	1.6542	180000	1616
276	1.6536	180000	1653
277	1.653	180000	1704
278	1.6524	180000	1620
279	1.6518	180000	1703
280	1.6512	180000	1600
281	1.6506	180000	1645
282	1.65	180000	1726
283	1.6494	180000	1649
284	1.6488	180000	1569
285	1.6482	180000	1604
286	1.6476	180000	1690
287	1.647	180000	1617
288	1.6464	180000	1666
289	1.6458	180000	1639
290	1.6452	180000	1692
291	1.6446	180000	1631
292	1.644	180000	1723
293	1.6434	180000	1663
294	1.6428	180000	1619
295	1.6422	180000	1619
296	1.6416	180000	1724
297	1.641	180000	1650
298	1.6404	180000	1710
299	1.6398	180000	1637
300	1.6392	180000	1571
301	1.6386	180000	1638
302	1.638	180000	1697
303	1.6374	180000	1658
304	1.6368	180000	1626
305	1.6362	180000	1651
306	1.6356	180000	1650
307	1.635	180000	1738
308	1.6344	180000	1678
309	1.6338	180000	1654
310	1.6332	180000	1626
311	1.6326	180000	1619
312	1.632	180000	1612
313	1.6314	180000	1634
314	1.6308	180000	1685
315	1.6302	180000	1704
316	1.6296	180000	1634
317	1.629	180000	1689
318	1.6284	180000	1658
319	1.6278	180000	1682
320	1.6272	180000	1633
321	1.6266	180000	1651
322	1.626	180000	1656
323	1.6254	180000	1642
324	1.6248	180000	1683
325	1.6242	180000	1704
326	1.6236	180000	1614
327	1.623	180000	1665
328	1.6224	180000	1690
329	1.6218	180000	1691
330	1.6212	180000	1706
331	1.6206	180000	1636
332	1.62	180000	1689
333	1.6194	180000	1676
334	1.6188	180000	1648
335	1.6182	180000	1609
336	1.6176	180000	1656
337	1.617	180000	1747
338	1.6164	180000	1699
339	1.6158	180000	1738
340	1.6152	180000	1648
341	1.6146	180000	1597
342	1.614	180000	1657
343	1.6134	180000	1588
344	1.6128	180000	1646
345	1.6122	180000	1594
346	1.6116	180000	1700
347	1.611	180000	1659
348	1.6104	180000	1547
349	1.6098	180000	1636
350	1.6092	180000	1640
351	1.6086	180000	1704
352	1.608	180000	1591
353	1.6074	180000	1681
354	1.6068	180000	1628
355	1.6062	180000	1649
356	1.6056	180000	1651
357	1.605	180000	1657
358	1.6044	180000	1695
359	1.6038	180000	1714
360	1.6032	180000	1709
361	1.6026	180000	1598
362	1.602	180000	1563
363	1.6014	180000	1679
364	1.6008	180000	1639
365	1.6002	180000	1734
366	1.5996	180000	1696
367	1.599	180000	1593
368	1.5984	180000	1605
369	1.5978	180000	1674
370	1.5972	180000	1704
371	1.5966	180000	1757
372	1.596	180000	1737
373	1.5954	180000	1686
374	1.5948	180000	1683
375	1.5942	180000	1606
376	1.5936	180000	1645
377	1.593	180000	1677
378	1.5924	180000	1614
379	1.5918	180000	1648
380	1.5912	180000	1696
381	1.5906	180000	1636
382	1.59	180000	1631
383	1.5894	180000	1693
384	1.5888	180000	1742
385	1.5882	180000	1748
386	1.5876	180000	1735
387	1.587	180000	1624
388	1.5864	180000	1682
389	1.5858	180000	1679
390	1.5852	180000	1739
391	1.5846	180000	1588
392	1.584	180000	1638
393	1.5834	180000	1651
394	1.5828	180000	1758
395	1.5822	180000	1699
396	1.5816	180000	1700
397	1.581	180000	1663
398	1.5804	180000	1635
399	1.5798	180000	1702
400	1.5792	180000	1693
401	1.5786	180000	1698
402	1.578	180000	1735
403	1.5774	180000	1644
404	1.5768	180000	1713
405	1.5762	180000	1702
406	1.5756	180000	1680
407	1.575	180000	1683
408	1.5744	180000	1692
409	1.5738	180000	1717
410	1.5732	180000	1728
411	1.5726	180000	1690
412	1.572	180000	1622
413	1.5714	180000	1568
414	1.5708	180000	1630
415	1.5702	180000	1650
416	1.5696	180000	1728
417	1.569	180000	1685
418	1.5684	180000	1686
419	1.5678	180000	1692
420	1.5672	180000	1623
421	1.5666	180000	1662
422	1.566	180000	1718
423	1.5654	180000	1602
424	1.5648	180000	1727
425	1.5642	180000	1615
426	1.5636	180000	1727
427	1.563	180000	1678
428	1.5624	180000	1638
429	1.5618	180000	1639
430	1.5612	180000	1730
431	1.5606	180000	1657
432	1.56	180000	1673
433	1.5594	180000	1733
434	1.5588	180000	1772
435	1.5582	180000	1708
436	1.5576	180000	1610
437	1.557	180000	1690
438	1.5564	180000	1618
439	1.5558	180000	1785
440	1.5552	180000	1762
441	1.5546	180000	1736
442	1.554	180000	1700
443	1.5534	180000	1785
444	1.5528	180000	1614
445	1.5522	180000	1691
446	1.5516	180000	1702
447	1.551	180000	1720
448	1.5504	180000	1639
449	1.5498	180000	1752
450	1.5492	180000	1702
451	1.5486	180000	1673
452	1.548	180000	1686
453	1.5474	180000	1684
454	1.5468	180000	1778
455	1.5462	180000	1659
456	1.5456	180000	1738
457	1.545	180000	1778
458	1.5444	180000	1774
459	1.5438	180000	1751
460	1.5432	180000	1765
461	1.5426	180000	1659
462	1.542	180000	1743
463	1.5414	180000	1742
464	1.5408	180000	1666
465	1.5402	180000	1678
466	1.5396	180000	1696
467	1.539	180000	1762
468	1.5384	180000	1697
469	1.5378	180000	1703
470	1.5372	180000	1723
471	1.5366	180000	1755
472	1.536	180000	1744
473	1.5354	180000	1721
474	1.5348	180000	1762
475	1.5342	180000	1783
476	1.5336	180000	1766
477	1.533	180000	1756
478	1.5324	180000	1754
479	1.5318	180000	1658
480	1.5312	180000	1685
481	1.5306	180000	1669
482	1.53	180000	1709
483	1.5294	180000	1739
484	1.5288	180000	1785
485	1.5282	180000	1761
486	1.5276	180000	1745
487	1.527	180000	1701
488	1.5264	180000	1672
489	1.5258	180000	1778
490	1.5252	180000	1721
491	1.5246	180000	1768
492	1.524	180000	1751
493	1.5234	180000	1743
494	1.5228	180000	1725
495	1.5222	180000	1657
496	1.5216	180000	1767
497	1.521	180000	1760
498	1.5204	180000	1642
499	1.5198	180000	1747
500	1.5192	180000	1829
501	1.5186	180000	1684
502	1.518	180000	1840
503	1.5174	180000	1662
504	1.5168	180000	1749
505	1.5162	180000	1688
506	1.5156	180000	1755
507	1.515	180000	1733
508	1.5144	180000	1772
509	1.5138	180000	1757
510	1.5132	180000	1759
511	1.5126	180000	1668
512	1.512	180000	1761
513	1.5114	180000	1691
514	1.5108	180000	1728
515	1.5102	180000	1693
516	1.5096	180000	1746
517	1.509	180000	1691
518	1.5084	180000	1722
519	1.5078	180000	1755
520	1.5072	180000	1761
521	1.5066	180000	1689
522	1.506	180000	1702
523	1.5054	180000	1829
524	1.5048	180000	1718
525	1.5042	180000	1687
526	1.5036	180000	1736
527	1.503	180000	1715
528	1.5024	180000	1670
529	1.5018	180000	1727
530	1.5012	180000	1759
531	1.5006	180000	1612
532	1.5	180000	1759
533	1.4994	180000	1685
534	1.4988	180000	1778
535	1.4982	180000	1772
536	1.4976	180000	1772
537	1.497	180000	1690
538	1.4964	180000	1787
539	1.4958	180000	1762
540	1.4952	180000	1736
541	1.4946	180000	1761
542	1.494	180000	1662
543	1.4934	180000	1725
544	1.4928	180000	1814
545	1.4922	180000	1760
546	1.4916	180000	1807
547	1.491	180000	1712
548	1.4904	180000	1750
549	1.4898	180000	1740
550	1.4892	180000	1713
551	1.4886	180000	1712
552	1.488	180000	1751
553	1.4874	180000	1762
554	1.4868	180000	1697
555	1.4862	180000	1833
556	1.4856	180000	1716
557	1.485	180000	1773
558	1.4844	180000	1776
559	1.4838	180000	1696
560	1.4832	180000	1700
561	1.4826	180000	1668
562	1.482	180000	1747
563	1.4814	180000	1764
564	1.4808	180000	1781
565	1.4802	180000	1744
566	1.4796	180000	1785
567	1.479	180000	1702
568	1.4784	180000	1726
569	1.4778	180000	1790
570	1.4772	180000	1710
571	1.4766	180000	1700
572	1.476	180000	1739
573	1.4754	180000	1778
574	1.4748	180000	1735
575	1.4742	180000	1746
576	1.4736	180000	1709
577	1.473	180000	1770
578	1.4724	180000	1708
579	1.4718	180000	1783
580	1.4712	180000	1746
581	1.4706	180000	1764
582	1.47	180000	1865
583	1.4694	180000	1791
584	1.4688	180000	1773
585	1.4682	180000	1704
586	1.4676	180000	1757
587	1.467	180000	1746
588	1.4664	180000	1693
589	1.4658	180000	1717
590	1.4652	180000	1770
591	1.4646	180000	1760
592	1.464	180000	1749
593	1.4634	180000	1691
594	1.4628	180000	1714
595	1.4622	180000	1759
596	1.4616	180000	1750
597	1.461	180000	1706
598	1.4604	180000	1716
599	1.4598	180000	1789
600	1.4592	180000	1660
601	1.4586	180000	1725
602	1.458	180000	1650
603	1.4574	180000	1708
604	1.4568	180000	1727
605	1.4562	180000	1697
606	1.4556	180000	1744
607	1.455	180000	1693
608	1.4544	180000	1715
609	1.4538	180000	1738
610	1.4532	180000	1744
611	1.4526	180000	1706
612	1.452	180000	1753
613	1.4514	180000	1716
614	1.4508	180000	1784
615	1.4502	180000	1726
616	1.4496	180000	1756
617	1.449	180000	1735
618	1.4484	180000	1752
619	1.4478	180000	1796
620	1.4472	180000	1804
621	1.4466	180000	1740
622	1.446	180000	1805
623	1.4454	180000	1687
624	1.4448	180000	1633
625	1.4442	180000	1722
626	1.4436	180000	1735
627	1.443	180000	1741
628	1.4424	180000	1640
629	1.4418	180000	1725
630	1.4412	180000	1701
631	1.4406	180000	1716
632	1.44	180000	1764
633	1.4394	180000	1842
634	1.4388	180000	1721
635	1.4382	180000	1725
636	1.4376	180000	1804
637	1.437	180000	1713
638	1.4364	180000	1771
639	1.4358	180000	1747
640	1.4352	180000	1744
641	1.4346	180000	1730
642	1.434	180000	1718
643	1.4334	180000	1744
644	1.4328	180000	1702
645	1.4322	180000	1737
646	1.4316	180000	1828
647	1.431	180000	1765
648	1.4304	180000	1733
649	1.4298	180000	1730
650	1.4292	180000	1749
651	1.4286	180000	1729
652	1.428	180000	1802
653	1.4274	180000	1732
654	1.4268	180000	1793
655	1.4262	180000	1773
656	1.4256	180000	1710
657	1.425	180000	1757
658	1.4244	180000	1774
659	1.4238	180000	1769
660	1.4232	180000	1705
661	1.4226	180000	1703
662	1.422	180000	1774
663	1.4214	180000	1704
664	1.4208	180000	1803
665	1.4202	180000	1736
666	1.4196	180000	1679
667	1.419	180000	1680
668	1.4184	180000	1807
669	1.4178	180000	1782
670	1.4172	180000	1835
671	1.4166	180000	1762
672	1.416	180000	1701
673	1.4154	180000	1756
674	1.4148	180000	1720
675	1.4142	180000	1784
676	1.4136	180000	1727
677	1.413	180000	1746
678	1.4124	180000	1679
679	1.4118	180000	1707
680	1.4112	180000	1761
681	1.4106	180000	1771
682	1.41	180000	1659
683	1.4094	180000	1688
684	1.4088	180000	1707
685	1.4082	180000	1749
686	1.4076	180000	1856
687	1.407	180000	1729
688	1.4064	180000	1723
689	1.4058	180000	1761
690	1.4052	180000	1763
691	1.4046	180000	1751
692	1.404	180000	1736
693	1.4034	180000	1758
694	1.4028	180000	1728
695	1.4022	180000	1772
696	1.4016	180000	1666
697	1.401	180000	1763
698	1.4004	180000	1742
699	1.3998	180000	1741
700	1.3992	180000	1740
701	1.3986	180000	1733
702	1.398	180000	1707
703	1.3974	180000	1753
704	1.3968	180000	1728
705	1.3962	180000	1696
706	1.3956	180000	1718
707	1.395	180000	1707
708	1.3944	180000	1738
709	1.3938	180000	1751
710	1.3932	180000	1708
711	1.3926	180000	1695
712	1.392	180000	1738
713	1.3914	180000	1799
714	1.3908	180000	1746
715	1.3902	180000	1731
716	1.3896	180000	1700
717	1.389	180000	1777
718	1.3884	180000	1729
719	1.3878	180000	1756
720	1.3872	180000	1780
721	1.3866	180000	1680
722	1.386	180000	1774
723	1.3854	180000	1790
724	1.3848	180000	1740
725	1.3842	180000	1743
726	1.3836	180000	1781
727	1.383	180000	1795
728	1.3824	180000	1764
729	1.3818	180000	1720
730	1.3812	180000	1707
731	1.3806	180000	1638
732	1.38	180000	1778
733	1.3794	180000	1747
734	1.3788	180000	1716
735	1.3782	180000	1742
736	1.3776	180000	1711
737	1.377	180000	1669
738	1.3764	180000	1745
739	1.3758	180000	1669
740	1.3752	180000	1770
741	1.3746	180000	1765
742	1.374	180000	1702
743	1.3734	180000	1789
744	1.3728	180000	1746
745	1.3722	180000	1813
746	1.3716	180000	1802
747	1.371	180000	1766
748	1.3704	180000	1677
749	1.3698	180000	1780
750	1.3692	180000	1844
751	1.3686	180000	1712
752	1.368	180000	1784
753	1.3674	180000	1730
754	1.3668	180000	1786
755	1.3662	180000	1790
756	1.3656	180000	1733
757	1.365	180000	1688
758	1.3644	180000	1745
759	1.3638	180000	1722
760	1.3632	180000	1792
761	1.3626	180000	1731
762	1.362	180000	1746
763	1.3614	180000	1656
764	1.3608	180000	1792
765	1.3602	180000	1773
766	1.3596	180000	1680
767	1.359	180000	1748
768	1.3584	180000	1822
769	1.3578	180000	1732
770	1.3572	180000	1744
771	1.3566	180000	1749
772	1.356	180000	1831
773	1.3554	180000	1745
774	1.3548	180000	1687
775	1.3542	180000	1809
776	1.3536	180000	1746
777	1.353	180000	1690
778	1.3524	180000	1722
779	1.3518	180000	1745
780	1.3512	180000	1710
781	1.3506	180000	1795
782	1.35	180000	1725
783	1.3494	180000	1777
784	1.3488	180000	1737
785	1.3482	180000	1704
786	1.3476	180000	1740
787	1.347	180000	1734
788	1.3464	180000	1748
789	1.3458	180000	1773
790	1.3452	180000	1698
791	1.3446	180000	1718
792	1.344	180000	1756
793	1.3434	180000	1720
794	1.3428	180000	1715
795	1.3422	180000	1701
796	1.3416	180000	1750
797	1.341	180000	1768
798	1.3404	180000	1786
799	1.3398	180000	1747
800	1.3392	180000	1716
801	1.3386	180000	1726
802	1.338	180000	1725
803	1.3374	180000	1731
804	1.3368	180000	1693
805	1.3362	180000	1828
806	1.3356	180000	1737
807	1.335	180000	1754
808	1.3344	180000	1719
809	1.3338	180000	1765
810	1.3332	180000	1774
811	1.3326	180000	1708
812	1.332	180000	1707
813	1.3314	180000	1729
814	1.3308	180000	1691
815	1.3302	180000	1746
816	1.3296	180000	1749
817	1.329	180000	1805
818	1.3284	180000	1738
819	1.3278	180000	1682
820	1.3272	180000	1741
821	1.3266	180000	1675
822	1.326	180000	1700
823	1.3254	180000	1710
824	1.3248	180000	1798
825	1.3242	180000	1782
826	1.3236	180000	1752
827	1.323	180000	1726
828	1.3224	180000	1769
829	1.3218	180000	1787
830	1.3212	180000	1686
831	1.3206	180000	1731
832	1.32	180000	1788
833	1.3194	180000	1735
834	1.3188	180000	1761
835	1.3182	180000	1814
836	1.3176	180000	1827
837	1.317	180000	1714
838	1.3164	180000	1828
839	1.3158	180000	1727
840	1.3152	180000	1728
841	1.3146	180000	1700
842	1.314	180000	1914
843	1.3134	180000	1710
844	1.3128	180000	1778
845	1.3122	180000	1757
846	1.3116	180000	1734
847	1.311	180000	1678
848	1.3104	180000	1718
849	1.3098	180000	1676
850	1.3092	180000	1674
851	1.3086	180000	1696
852	1.308	180000	1661
853	1.3074	180000	1650
854	1.3068	180000	1728
855	1.3062	180000	1701
856	1.3056	180000	1721
857	1.305	180000	1728
858	1.3044	180000	1679
859	1.3038	180000	1693
860	1.3032	180000	1752
861	1.3026	180000	1665
862	1.302	180000	1710
863	1.3014	180000	1693
864	1.3008	180000	1676
865	1.3002	180000	1727
866	1.2996	180000	1694
867	1.299	180000	1692
868	1.2984	180000	1681
869	1.2978	180000	1701
870	1.2972	180000	1663
871	1.2966	180000	1683
872	1.296	180000	1722
873	1.2954	180000	1707
874	1.2948	180000	1679
875	1.2942	180000	1690
876	1.2936	180000	1823
877	1.293	180000	1834
878	1.2924	180000	1731
879	1.2918	180000	1758
880	1.2912	180000	1713
881	1.2906	180000	1674
882	1.29	180000	1668
883	1.2894	180000	1755
884	1.2888	180000	1700
885	1.2882	180000	1768
886	1.2876	180000	1727
887	1.287	180000	1670
888	1.2864	180000	1696
889	1.2858	180000	1689
890	1.2852	180000	1657
891	1.2846	180000	1698
892	1.284	180000	1703
893	1.2834	180000	1723
894	1.2828	180000	1668
895	1.2822	180000	1703
896	1.2816	180000	1684
897	1.281	180000	1671
898	1.2804	180000	1684
899	1.2798	180000	1715
900	1.2792	180000	1707
901	1.2786	180000	1717
902	1.278	180000	1732
903	1.2774	180000	1634
904	1.2768	180000	1747
905	1.2762	180000	1708
906	1.2756	180000	1734
907	1.275	180000	1686
908	1.2744	180000	1731
909	1.2738	180000	1749
910	1.2732	180000	1719
911	1.2726	180000	1757
912	1.272	180000	1681
913	1.2714	180000	1788
914	1.2708	180000	1697
915	1.2702	180000	1679
916	1.2696	180000	1695
917	1.269	180000	1693
918	1.2684	180000	1669
919	1.2678	180000	1715
920	1.2672	180000	1777
921	1.2666	180000	1767
922	1.266	180000	1729
923	1.2654	180000	1717
924	1.2648	180000	1746
925	1.2642	180000	1766
926	1.2636	180000	1754
927	1.263	180000	1739
928	1.2624	180000	1775
929	1.2618	180000	1697
930	1.2612	180000	1758
931	1.2606	180000	1672
932	1.26	180000	1676
933	1.2594	180000	1676
934	1.2588	180000	1730
935	1.2582	180000	1773
936	1.2576	180000	1775
937	1.257	180000	1734
938	1.2564	180000	1731
939	1.2558	180000	1787
940	1.2552	180000	1740
941	1.2546	180000	1820
942	1.254	180000	1774
943	1.2534	180000	1722
944	1.2528	180000	1725
945	1.2522	180000	1734
946	1.2516	180000	1744
947	1.251	180000	1694
948	1.2504	180000	1778
949	1.2498	180000	1715
950	1.2492	180000	1781
951	1.2486	180000	1665
952	1.248	180000	1771
953	1.2474	180000	1701
954	1.2468	180000	1734
955	1.2462	180000	1709
956	1.2456	180000	1715
957	1.245	180000	1669
958	1.2444	180000	1687
959	1.2438	180000	1755
960	1.2432	180000	1699
961	1.2426	180000	1717
962	1.242	180000	1740
963	1.2414	180000	1817
964	1.2408	180000	1815
965	1.2402	180000	1796
966	1.2396	180000	1739
967	1.239	180000	1730
968	1.2384	180000	1774
969	1.2378	180000	1786
970	1.2372	180000	1729
971	1.2366	180000	1733
972	1.236	180000	1787
973	1.2354	180000	1703
974	1.2348	180000	1772
975	1.2342	180000	1805
976	1.2336	180000	1750
977	1.233	180000	1701
978	1.2324	180000	1722
979	1.2318	180000	1778
980	1.2312	180000	1726
981	1.2306	180000	1678
982	1.23	180000	1741
983	1.2294	180000	1839
984	1.2288	180000	1717
985	1.2282	180000	1792
986	1.2276	180000	1784
987	1.227	180000	1692
988	1.2264	180000	1721
989	1.2258	180000	1777
990	1.2252	180000	1776
991	1.2246	180000	1785
992	1.224	180000	1750
993	1.2234	180000	1735
994	1.2228	180000	1702
995	1.2222	180000	1815
996	1.2216	180000	1739
997	1.221	180000	1715
998	1.2204	180000	1672
999	1.2198	180000	1804
1000	1.2192	180000	1719
1001	1.2186	180000	1748
1002	1.218	180000	1740
1003	1.2174	180000	1775
1004	1.2168	180000	1640
1005	1.2162	180000	1700
1006	1.2156	180000	1704
1007	1.215	180000	1775
1008	1.2144	180000	1719
1009	1.2138	180000	1758
1010	1.2132	180000	1695
1011	1.2126	180000	1749
1012	1.212	180000	1692
1013	1.2114	180000	1782
1014	1.2108	180000	1798
1015	1.2102	180000	1802
1016	1.2096	180000	1737
1017	1.209	180000	1815
1018	1.2084	180000	1777
1019	1.2078	180000	1668
1020	1.2072	180000	1760
1021	1.2066	180000	1791
1022	1.206	180000	1740
1023	1.2054	180000	1783
1024	1.2048	180000	1737
1025	1.2042	180000	1776
1026	1.2036	180000	1736
1027	1.203	180000	1822
1028	1.2024	180000	1705
1029	1.2018	120000	1142
1030	1.2016	120000	1155
1031	1.2014	120000	1127
1032	1.2012	120000	1169
1033	1.201	120000	1158
1034	1.2008	120000	1179
1035	1.2006	120000	1206
1036	1.2004	120000	1167
1037	1.2002	120000	1257
1038	1.2	120000	1151
1039	1.1998	120000	1169
1040	1.1996	120000	1170
1041	1.1994	120000	1168
1042	1.1992	120000	1244
1043	1.199	120000	1224
1044	1.1988	120000	1125
1045	1.1986	120000	1134
1046	1.1984	120000	1217
1047	1.1982	120000	1185
1048	1.198	120000	1193
1049	1.1978	120000	1269
1050	1.1976	120000	1170
1051	1.1974	120000	1200
1052	1.1972	120000	1147
1053	1.197	120000	1162
1054	1.1968	120000	1163
1055	1.1966	120000	1182
1056	1.1964	120000	1101
1057	1.1962	120000	1194
1058	1.196	120000	1118
1059	1.1958	120000	1155
1060	1.1956	120000	1177
1061	1.1954	120000	1206
1062	1.1952	120000	1199
1063	1.195	120000	1147
1064	1.1948	120000	1084
1065	1.1946	120000	1179
1066	1.1944	120000	1202
1067	1.1942	120000	1185
1068	1.194	120000	1169
1069	1.1938	120000	1238
1070	1.1936	120000	1230
1071	1.1934	120000	1234
1072	1.1932	120000	1235
1073	1.193	120000	1229
1074	1.1928	120000	1118
1075	1.1926	120000	1198
1076	1.1924	120000	1231
1077	1.1922	120000	1192
1078	1.192	120000	1193
1079	1.1918	120000	1158
1080	1.1916	120000	1151
1081	1.1914	120000	1137
1082	1.1912	120000	1148
1083	1.191	120000	1159
1084	1.1908	120000	1233
1085	1.1906	120000	1134
1086	1.1904	120000	1139
1087	1.1902	120000	1221
1088	1.19	120000	1170
1089	1.1898	120000	1156
1090	1.1896	120000	1121
1091	1.1894	120000	1195
1092	1.1892	120000	1146
1093	1.189	120000	1134
1094	1.1888	120000	1176
1095	1.1886	120000	1180
1096	1.1884	120000	1219
1097	1.1882	120000	1173
1098	1.188	120000	1155
1099	1.1878	120000	1187
1100	1.1876	120000	1138
1101	1.1874	120000	1166
1102	1.1872	120000	1164
1103	1.187	120000	1184
1104	1.1868	120000	1182
1105	1.1866	120000	1199
1106	1.1864	120000	1215
1107	1.1862	120000	1194
1108	1.186	120000	1202
1109	1.1858	120000	1155
1110	1.1856	120000	1201
1111	1.1854	120000	1133
1112	1.1852	120000	1229
1113	1.185	120000	1224
1114	1.1848	120000	1191
1115	1.1846	120000	1154
1116	1.1844	120000	1147
1117	1.1842	120000	1129
1118	1.184	120000	1130
1119	1.1838	120000	1190
1120	1.1836	120000	1225
1121	1.1834	120000	1201
1122	1.1832	120000	1174
1123	1.183	120000	1215
1124	1.1828	120000	1202
1125	1.1826	120000	1165
1126	1.1824	120000	1167
1127	1.1822	120000	1123
1128	1.182	120000	1169
1129	1.1818	120000	1191
1130	1.1816	120000	1220
1131	1.1814	120000	1097
1132	1.1812	120000	1155
1133	1.181	120000	1164
1134	1.1808	120000	1147
1135	1.1806	120000	1230
1136	1.1804	120000	1161
1137	1.1802	120000	1157
1138	1.18	120000	1160
1139	1.1798	120000	1139
1140	1.1796	120000	1159
1141	1.1794	120000	1206
1142	1.1792	120000	1207
1143	1.179	120000	1201
1144	1.1788	120000	1139
1145	1.1786	120000	1162
1146	1.1784	120000	1172
1147	1.1782	120000	1211
1148	1.178	120000	1214
1149	1.1778	120000	1180
1150	1.1776	120000	1186
1151	1.1774	120000	1180
1152	1.1772	120000	1176
1153	1.177	120000	1141
1154	1.1768	120000	1206
1155	1.1766	120000	1215
1156	1.1764	120000	1124
1157	1.1762	120000	1176
1158	1.176	120000	1237
1159	1.1758	120000	1233
1160	1.1756	120000	1212
1161	1.1754	120000	1245
1162	1.1752	120000	1201
1163	1.175	120000	1183
1164	1.1748	120000	1177
1165	1.1746	120000	1139
1166	1.1744	120000	1172
1167	1.1742	120000	1163
1168	1.174	120000	1160
1169	1.1738	120000	1156
1170	1.1736	120000	1205
1171	1.1734	120000	1138
1172	1.1732	120000	1159
1173	1.173	120000	1170
1174	1.1728	120000	1166
1175	1.1726	120000	1156
1176	1.1724	120000	1112
1177	1.1722	120000	1160
1178	1.172	120000	1224
1179	1.1718	120000	1210
1180	1.1716	120000	1114
1181	1.1714	120000	1203
1182	1.1712	120000	1158
1183	1.171	120000	1203
1184	1.1708	120000	1232
1185	1.1706	120000	1142
1186	1.1704	120000	1105
1187	1.1702	120000	1159
1188	1.17	120000	1206
1189	1.1698	120000	1161
1190	1.1696	120000	1208
1191	1.1694	120000	1210
1192	1.1692	120000	1199
1193	1.169	120000	1165
1194	1.1688	120000	1179
1195	1.1686	120000	1170
1196	1.1684	120000	1139
1197	1.1682	120000	1175
1198	1.168	120000	1189
1199	1.1678	120000	1248
1200	1.1676	120000	1126
1201	1.1674	120000	1228
1202	1.1672	120000	1097
1203	1.167	120000	1180
1204	1.1668	120000	1213
1205	1.1666	120000	1210
1206	1.1664	120000	1224
1207	1.1662	120000	1117
1208	1.166	120000	1219
1209	1.1658	120000	1138
1210	1.1656	120000	1190
1211	1.1654	120000	1144
1212	1.1652	120000	1203
1213	1.165	120000	1144
1214	1.1648	120000	1162
1215	1.1646	120000	1151
1216	1.1644	120000	1170
1217	1.1642	120000	1181
1218	1.164	120000	1134
1219	1.1638	120000	1229
1220	1.1636	120000	1124
1221	1.1634	120000	1180
1222	1.1632	120000	1197
1223	1.163	120000	1150
1224	1.1628	120000	1168
1225	1.1626	120000	1148
1226	1.1624	120000	1163
1227	1.1622	120000	1144
1228	1.162	120000	1143
1229	1.1618	120000	1178
1230	1.1616	120000	1206
1231	1.1614	120000	1196
1232	1.1612	120000	1167
1233	1.161	120000	1127
1234	1.1608	120000	1182
1235	1.1606	120000	1118
1236	1.1604	120000	1145
1237	1.1602	120000	1224
1238	1.16	120000	1180
1239	1.1598	120000	1124
1240	1.1596	120000	1154
1241	1.1594	120000	1171
1242	1.1592	120000	1145
1243	1.159	120000	1233
1244	1.1588	120000	1159
1245	1.1586	120000	1183
1246	1.1584	120000	1197
1247	1.1582	120000	1191
1248	1.158	120000	1140
1249	1.1578	120000	1173
1250	1.1576	120000	1271
1251	1.1574	120000	1140
1252	1.1572	120000	1162
1253	1.157	120000	1116
1254	1.1568	120000	1127
1255	1.1566	120000	1140
1256	1.1564	120000	1189
1257	1.1562	120000	1184
1258	1.156	120000	1158
1259	1.1558	120000	1146
1260	1.1556	120000	1168
1261	1.1554	120000	1159
1262	1.1552	120000	1213
1263	1.155	120000	1207
1264	1.1548	120000	1153
1265	1.1546	120000	1129
1266	1.1544	120000	1193
1267	1.1542	120000	1133
1268	1.154	120000	1203
1269	1.1538	120000	1158
1270	1.1536	120000	1186
1271	1.1534	120000	1157
1272	1.1532	120000	1126
1273	1.153	120000	1183
1274	1.1528	120000	1202
1275	1.1526	120000	1168
1276	1.1524	120000	1228
1277	1.1522	120000	1169
1278	1.152	120000	1184
1279	1.1518	120000	1132
1280	1.1516	120000	1242
1281	1.1514	120000	1168
1282	1.1512	120000	1189
1283	1.151	120000	1209
1284	1.1508	120000	1141
1285	1.1506	120000	1168
1286	1.1504	120000	1152
1287	1.1502	120000	1127
1288	1.15	120000	1119
1289	1.1498	120000	1178
1290	1.1496	120000	1112
1291	1.1494	120000	1177
1292	1.1492	120000	1172
1293	1.149	120000	1182
1294	1.1488	120000	1171
1295	1.1486	120000	1173
1296	1.1484	120000	1168
1297	1.1482	120000	1145
1298	1.148	120000	1154
1299	1.1478	120000	1148
1300	1.1476	120000	1227
1301	1.1474	120000	1169
1302	1.1472	120000	1213
1303	1.147	120000	1239
1304	1.1468	120000	1154
1305	1.1466	120000	1124
1306	1.1464	120000	1178
1307	1.1462	120000	1171
1308	1.146	120000	1176
1309	1.1458	120000	1091
1310	1.1456	120000	1145
1311	1.1454	120000	1173
1312	1.1452	120000	1174
1313	1.145	120000	1130
1314	1.1448	120000	1080
1315	1.1446	120000	1138
1316	1.1444	120000	1139
1317	1.1442	120000	1172
1318	1.144	120000	1184
1319	1.1438	120000	1192
1320	1.1436	120000	1197
1321	1.1434	120000	1181
1322	1.1432	120000	1202
1323	1.143	120000	1154
1324	1.1428	120000	1155
1325	1.1426	120000	1207
1326	1.1424	120000	1149
1327	1.1422	120000	1191
1328	1.142	120000	1157
1329	1.1418	120000	1177
1330	1.1416	120000	1144
1331	1.1414	120000	1139
1332	1.1412	120000	1214
1333	1.141	120000	1213
1334	1.1408	120000	1154
1335	1.1406	120000	1155
1336	1.1404	120000	1201
1337	1.1402	120000	1173
1338	1.14	120000	1217
1339	1.1398	120000	1195
1340	1.1396	120000	1177
1341	1.1394	120000	1168
1342	1.1392	120000	1214
1343	1.139	120000	1187
1344	1.1388	120000	1190
1345	1.1386	120000	1177
1346	1.1384	120000	1182
1347	1.1382	120000	1132
1348	1.138	120000	1104
1349	1.1378	120000	1222
1350	1.1376	120000	1149
1351	1.1374	120000	1194
1352	1.1372	120000	1210
1353	1.137	120000	1158
1354	1.1368	120000	1172
1355	1.1366	120000	1183
1356	1.1364	120000	1169
1357	1.1362	120000	1146
1358	1.136	120000	1155
1359	1.1358	120000	1202
1360	1.1356	120000	1133
1361	1.1354	120000	1186
1362	1.1352	120000	1111
1363	1.135	120000	1162
1364	1.1348	120000	1232
1365	1.1346	120000	1114
1366	1.1344	120000	1199
1367	1.1342	120000	1202
1368	1.134	120000	1180
1369	1.1338	120000	1160
1370	1.1336	120000	1165
1371	1.1334	120000	1224
1372	1.1332	120000	1106
1373	1.133	120000	1278
1374	1.1328	120000	1140
1375	1.1326	120000	1155
1376	1.1324	120000	1175
1377	1.1322	120000	1168
1378	1.132	120000	1174
1379	1.1318	120000	1222
1380	1.1316	120000	1175
1381	1.1314	120000	1203
1382	1.1312	120000	1172
1383	1.131	120000	1131
1384	1.1308	120000	1174
1385	1.1306	120000	1179
1386	1.1304	120000	1183
1387	1.1302	120000	1114
1388	1.13	120000	1184
1389	1.1298	120000	1126
1390	1.1296	120000	1174
1391	1.1294	120000	1150
1392	1.1292	120000	1205
1393	1.129	120000	1112
1394	1.1288	120000	1189
1395	1.1286	120000	1063
1396	1.1284	120000	1220
1397	1.1282	120000	1230
1398	1.128	120000	1125
1399	1.1278	120000	1187
1400	1.1276	120000	1166
1401	1.1274	120000	1143
1402	1.1272	120000	1178
1403	1.127	120000	1094
1404	1.1268	120000	1179
1405	1.1266	120000	1242
1406	1.1264	120000	1180
1407	1.1262	120000	1179
1408	1.126	120000	1170
1409	1.1258	120000	1137
1410	1.1256	120000	1184
1411	1.1254	120000	1182
1412	1.1252	120000	1176
1413	1.125	120000	1102
1414	1.1248	120000	1211
1415	1.1246	120000	1122
1416	1.1244	120000	1181
1417	1.1242	120000	1167
1418	1.124	120000	1176
1419	1.1238	120000	1120
1420	1.1236	120000	1161
1421	1.1234	120000	1134
1422	1.1232	120000	1163
1423	1.123	120000	1190
1424	1.1228	120000	1213
1425	1.1226	120000	1150
1426	1.1224	120000	1127
1427	1.1222	120000	1148
1428	1.122	120000	1113
1429	1.1218	120000	1168
1430	1.1216	120000	1214
1431	1.1214	120000	1170
1432	1.1212	120000	1174
1433	1.121	120000	1183
1434	1.1208	120000	1158
1435	1.1206	120000	1165
1436	1.1204	120000	1165
1437	1.1202	120000	1166
1438	1.12	120000	1173
1439	1.1198	120000	1149
1440	1.1196	120000	1165
1441	1.1194	120000	1205
1442	1.1192	120000	1184
1443	1.119	120000	1124
1444	1.1188	120000	1158
1445	1.1186	120000	1213
1446	1.1184	120000	1179
1447	1.1182	120000	1186
1448	1.118	120000	1167
1449	1.1178	120000	1161
1450	1.1176	120000	1216
1451	1.1174	120000	1135
1452	1.1172	120000	1124
1453	1.117	120000	1189
1454	1.1168	120000	1145
1455	1.1166	120000	1175
1456	1.1164	120000	1157
1457	1.1162	120000	1076
1458	1.116	120000	1139
1459	1.1158	120000	1113
1460	1.1156	120000	1160
1461	1.1154	120000	1163
1462	1.1152	120000	1171
1463	1.115	120000	1118
1464	1.1148	120000	1233
1465	1.1146	120000	1146
1466	1.1144	120000	1185
1467	1.1142	120000	1168
1468	1.114	120000	1123
1469	1.1138	120000	1267
1470	1.1136	120000	1174
1471	1.1134	120000	1099
1472	1.1132	120000	1221
1473	1.113	120000	1159
1474	1.1128	120000	1195
1475	1.1126	120000	1134
1476	1.1124	120000	1176
1477	1.1122	120000	1205
1478	1.112	120000	1167
1479	1.1118	120000	1153
1480	1.1116	120000	1239
1481	1.1114	120000	1173
1482	1.1112	120000	1150
1483	1.111	120000	1133
1484	1.1108	120000	1173
1485	1.1106	120000	1180
1486	1.1104	120000	1173
1487	1.1102	120000	1171
1488	1.11	120000	1193
1489	1.1098	120000	1160
1490	1.1096	120000	1144
1491	1.1094	120000	1136
1492	1.1092	120000	1140
1493	1.109	120000	1198
1494	1.1088	120000	1164
1495	1.1086	120000	1146
1496	1.1084	120000	1146
1497	1.1082	120000	1176
1498	1.108	120000	1198
1499	1.1078	120000	1231
1500	1.1076	120000	1138
1501	1.1074	120000	1167
1502	1.1072	120000	1178
1503	1.107	120000	1175
1504	1.1068	120000	1167
1505	1.1066	120000	1119
1506	1.1064	120000	1171
1507	1.1062	120000	1170
1508	1.106	120000	1223
1509	1.1058	120000	1198
1510	1.1056	120000	1193
1511	1.1054	120000	1220
1512	1.1052	120000	1226
1513	1.105	120000	1137
1514	1.1048	120000	1249
1515	1.1046	120000	1088
1516	1.1044	120000	1209
1517	1.1042	120000	1194
1518	1.104	120000	1206
1519	1.1038	120000	1138
1520	1.1036	120000	1203
1521	1.1034	120000	1169
1522	1.1032	120000	1207
1523	1.103	120000	1194
1524	1.1028	120000	1167
1525	1.1026	120000	1207
1526	1.1024	120000	1180
1527	1.1022	120000	1210
1528	1.102	120000	1160
1529	1.1018	120000	1190
1530	1.1016	120000	1176
1531	1.1014	120000	1151
1532	1.1012	120000	1118
1533	1.101	120000	1152
1534	1.1008	120000	1151
1535	1.1006	120000	1183
1536	1.1004	120000	1222
1537	1.1002	120000	1119
1538	1.1	120000	1186
1539	1.0998	120000	1197
1540	1.0996	120000	1209
1541	1.0994	120000	1113
1542	1.0992	120000	1172
1543	1.099	120000	1207
1544	1.0988	120000	1141
1545	1.0986	120000	1188
1546	1.0984	120000	1198
1547	1.0982	120000	1180
1548	1.098	120000	1141
1549	1.0978	120000	1156
1550	1.0976	120000	1173
1551	1.0974	120000	1174
1552	1.0972	120000	1140
1553	1.097	120000	1110
1554	1.0968	120000	1162
1555	1.0966	120000	1188
1556	1.0964	120000	1102
1557	1.0962	120000	1167
1558	1.096	120000	1134
1559	1.0958	120000	1222
1560	1.0956	120000	1170
1561	1.0954	120000	1154
1562	1.0952	120000	1193
1563	1.095	120000	1245
1564	1.0948	120000	1172
1565	1.0946	120000	1199
1566	1.0944	120000	1102
1567	1.0942	120000	1209
1568	1.094	120000	1151
1569	1.0938	120000	1207
1570	1.0936	120000	1158
1571	1.0934	120000	1212
1572	1.0932	120000	1122
1573	1.093	120000	1161
1574	1.0928	120000	1146
1575	1.0926	120000	1212
1576	1.0924	120000	1162
1577	1.0922	120000	1154
1578	1.092	120000	1131
1579	1.0918	120000	1195
1580	1.0916	120000	1211
1581	1.0914	120000	1215
1582	1.0912	120000	1178
1583	1.091	120000	1204
1584	1.0908	120000	1188
1585	1.0906	120000	1167
1586	1.0904	120000	1189
1587	1.0902	120000	1180
1588	1.09	120000	1212
1589	1.0898	120000	1227
1590	1.0896	120000	1207
1591	1.0894	120000	1160
1592	1.0892	120000	1255
1593	1.089	120000	1139
1594	1.0888	120000	1214
1595	1.0886	120000	1264
1596	1.0884	120000	1199
1597	1.0882	120000	1180
1598	1.088	120000	1165
1599	1.0878	120000	1196
1600	1.0876	120000	1140
1601	1.0874	120000	1066
1602	1.0872	120000	1153
1603	1.087	120000	1233
1604	1.0868	120000	1224
1605	1.0866	120000	1195
1606	1.0864	120000	1206
1607	1.0862	120000	1126
1608	1.086	120000	1208
1609	1.0858	120000	1175
1610	1.0856	120000	1162
1611	1.0854	120000	1212
1612	1.0852	120000	1201
1613	1.085	120000	1159
1614	1.0848	120000	1243
1615	1.0846	120000	1169
1616	1.0844	120000	1226
1617	1.0842	120000	1248
1618	1.084	120000	1198
1619	1.0838	120000	1126
1620	1.0836	120000	1184
1621	1.0834	120000	1228
1622	1.0832	120000	1211
1623	1.083	120000	1232
1624	1.0828	120000	1147
1625	1.0826	120000	1149
1626	1.0824	120000	1203
1627	1.0822	120000	1148
1628	1.082	120000	1169
1629	1.0818	120000	1232
1630	1.0816	120000	1169
1631	1.0814	120000	1112
1632	1.0812	120000	1186
1633	1.081	120000	1142
1634	1.0808	120000	1160
1635	1.0806	120000	1256
1636	1.0804	120000	1179
1637	1.0802	120000	1216
1638	1.08	120000	1209
1639	1.0798	120000	1227
1640	1.0796	120000	1146
1641	1.0794	120000	1166
1642	1.0792	120000	1232
1643	1.079	120000	1215
1644	1.0788	120000	1194
1645	1.0786	120000	1165
1646	1.0784	120000	1225
1647	1.0782	120000	1234
1648	1.078	120000	1279
1649	1.0778	120000	1206
1650	1.0776	120000	1181
1651	1.0774	120000	1216
1652	1.0772	120000	1171
1653	1.077	120000	1178
1654	1.0768	120000	1242
1655	1.0766	120000	1229
1656	1.0764	120000	1223
1657	1.0762	120000	1224
1658	1.076	120000	1256
1659	1.0758	120000	1128
1660	1.0756	120000	1189
1661	1.0754	120000	1212
1662	1.0752	120000	1169
1663	1.075	120000	1197
1664	1.0748	120000	1181
1665	1.0746	120000	1162
1666	1.0744	120000	1177
1667	1.0742	120000	1198
1668	1.074	120000	1180
1669	1.0738	120000	1264
1670	1.0736	120000	1199
1671	1.0734	120000	1151
1672	1.0732	120000	1207
1673	1.073	120000	1235
1674	1.0728	120000	1183
1675	1.0726	120000	1227
1676	1.0724	120000	1193
1677	1.0722	120000	1216
1678	1.072	120000	1148
1679	1.0718	120000	1186
1680	1.0716	120000	1214
1681	1.0714	120000	1231
1682	1.0712	120000	1226
1683	1.071	120000	1167
1684	1.0708	120000	1142
1685	1.0706	120000	1283
1686	1.0704	120000	1216
1687	1.0702	120000	1167
1688	1.07	120000	1244
1689	1.0698	120000	1232
1690	1.0696	120000	1217
1691	1.0694	120000	1168
1692	1.0692	120000	1241
1693	1.069	120000	1187
1694	1.0688	120000	1241
1695	1.0686	120000	1219
1696	1.0684	120000	1208
1697	1.0682	120000	1133
1698	1.068	120000	1231
1699	1.0678	120000	1191
1700	1.0676	120000	1151
1701	1.0674	120000	1225
1702	1.0672	120000	1184
1703	1.067	120000	1171
1704	1.0668	120000	1166
1705	1.0666	120000	1202
1706	1.0664	120000	1193
1707	1.0662	120000	1206
1708	1.066	120000	1187
1709	1.0658	120000	1222
1710	1.0656	120000	1226
1711	1.0654	120000	1238
1712	1.0652	120000	1214
1713	1.065	120000	1223
1714	1.0648	120000	1221
1715	1.0646	120000	1221
1716	1.0644	120000	1175
1717	1.0642	120000	1268
1718	1.064	120000	1193
1719	1.0638	120000	1152
1720	1.0636	120000	1189
1721	1.0634	120000	1157
1722	1.0632	120000	1171
1723	1.063	120000	1195
1724	1.0628	120000	1248
1725	1.0626	120000	1265
1726	1.0624	120000	1221
1727	1.0622	120000	1155
1728	1.062	120000	1207
1729	1.0618	120000	1190
1730	1.0616	120000	1203
1731	1.0614	120000	1267
1732	1.0612	120000	1166
1733	1.061	120000	1231
1734	1.0608	120000	1276
1735	1.0606	120000	1188
1736	1.0604	120000	1163
1737	1.0602	120000	1275
1738	1.06	120000	1213
1739	1.0598	120000	1201
1740	1.0596	120000	1207
1741	1.0594	120000	1179
1742	1.0592	120000	1147
1743	1.059	120000	1185
1744	1.0588	120000	1222
1745	1.0586	120000	1209
1746	1.0584	120000	1194
1747	1.0582	120000	1182
1748	1.058	120000	1200
1749	1.0578	120000	1259
1750	1.0576	120000	1161
1751	1.0574	120000	1220
1752	1.0572	120000	1238
1753	1.057	120000	1251
1754	1.0568	120000	1230
1755	1.0566	120000	1255
1756	1.0564	120000	1166
1757	1.0562	120000	1190
1758	1.056	120000	1261
1759	1.0558	120000	1223
1760	1.0556	120000	1244
1761	1.0554	120000	1265
1762	1.0552	120000	1170
1763	1.055	120000	1292
1764	1.0548	120000	1175
1765	1.0546	120000	1217
1766	1.0544	120000	1295
1767	1.0542	120000	1274
1768	1.054	120000	1187
1769	1.0538	120000	1148
1770	1.0536	120000	1180
1771	1.0534	120000	1185
1772	1.0532	120000	1184
1773	1.053	120000	1241
1774	1.0528	120000	1190
1775	1.0526	120000	1216
1776	1.0524	120000	1267
1777	1.0522	120000	1183
1778	1.052	120000	1208
1779	1.0518	120000	1241
1780	1.0516	120000	1253
1781	1.0514	120000	1178
1782	1.0512	120000	1300
1783	1.051	120000	1181
1784	1.0508	120000	1265
1785	1.0506	120000	1276
1786	1.0504	120000	1225
1787	1.0502	120000	1167
1788	1.05	120000	1224
1789	1.0498	120000	1247
1790	1.0496	120000	1248
1791	1.0494	120000	1220
1792	1.0492	120000	1251
1793	1.049	120000	1266
1794	1.0488	120000	1153
1795	1.0486	120000	1229
1796	1.0484	120000	1242
1797	1.0482	120000	1184
1798	1.048	120000	1271
1799	1.0478	120000	1288
1800	1.0476	120000	1249
1801	1.0474	120000	1231
1802	1.0472	120000	1328
1803	1.047	120000	1264
1804	1.0468	120000	1293
1805	1.0466	120000	1253
1806	1.0464	120000	1243
1807	1.0462	120000	1297
1808	1.046	120000	1285
1809	1.0458	120000	1328
1810	1.0456	120000	1235
1811	1.0454	120000	1330
1812	1.0452	120000	1291
1813	1.045	120000	1334
1814	1.0448	120000	1275
1815	1.0446	120000	1351
1816	1.0444	120000	1320
1817	1.0442	120000	1265
1818	1.044	120000	1283
1819	1.0438	120000	1386
1820	1.0436	120000	1351
1821	1.0434	120000	1383
1822	1.0432	120000	1418
1823	1.043	120000	1422
1824	1.0428	120000	1400
1825	1.0426	120000	1545
1826	1.0424	120000	1443
1827	1.0422	120000	1517
1828	1.042	120000	1558
1829	1.0418	120000	1452
1830	1.0416	120000	1498
1831	1.0414	120000	1519
1832	1.0412	120000	1493
1833	1.041	120000	1571
1834	1.0408	120000	1635
1835	1.0406	120000	1608
1836	1.0404	120000	1653
1837	1.0402	120000	1600
1838	1.04	120000	1742
1839	1.0398	120000	1736
1840	1.0396	120000	1698
1841	1.0394	120000	1652
1842	1.0392	120000	1711
1843	1.039	120000	1701
1844	1.0388	120000	1852
1845	1.0386	120000	1901
1846	1.0384	120000	1928
1847	1.0382	120000	1912
1848	1.038	120000	1929
1849	1.0378	120000	1891
1850	1.0376	120000	1907
1851	1.0374	120000	1928
1852	1.0372	120000	1981
1853	1.037	120000	1947
1854	1.0368	120000	1981
1855	1.0366	120000	1913
1856	1.0364	120000	2065
1857	1.0362	120000	2005
1858	1.036	120000	1977
1859	1.0358	120000	2059
1860	1.0356	120000	2000
1861	1.0354	120000	1999
1862	1.0352	120000	1977
1863	1.035	120000	2043
1864	1.0348	120000	2057
1865	1.0346	120000	2082
1866	1.0344	120000	2086
1867	1.0342	120000	2014
1868	1.034	120000	2162
1869	1.0338	120000	2134
1870	1.0336	120000	2080
1871	1.0334	120000	2033
1872	1.0332	120000	2059
1873	1.033	120000	2139
1874	1.0328	120000	2067
1875	1.0326	120000	2063
1876	1.0324	120000	2025
1877	1.0322	120000	1934
1878	1.032	120000	1941
1879	1.0318	120000	2043
1880	1.0316	120000	2066
1881	1.0314	120000	1941
1882	1.0312	120000	1905
1883	1.031	120000	1880
1884	1.0308	120000	2018
1885	1.0306	120000	1921
1886	1.0304	120000	1941
1887	1.0302	120000	1853
1888	1.03	120000	1792
1889	1.0298	120000	1828
1890	1.0296	120000	1829
1891	1.0294	120000	1788
1892	1.0292	120000	1855
1893	1.029	120000	1778
1894	1.0288	120000	1689
1895	1.0286	120000	1801
1896	1.0284	120000	1758
1897	1.0282	120000	1687
1898	1.028	120000	1717
1899	1.0278	120000	1688
1900	1.0276	120000	1592
1901	1.0274	120000	1639
1902	1.0272	120000	1605
1903	1.027	120000	1677
1904	1.0268	120000	1573
1905	1.0266	120000	1631
1906	1.0264	120000	1530
1907	1.0262	120000	1488
1908	1.026	120000	1532
1909	1.0258	120000	1564
1910	1.0256	120000	1528
1911	1.0254	120000	1489
1912	1.0252	120000	1451
1913	1.025	120000	1497
1914	1.0248	120000	1437
1915	1.0246	120000	1481
1916	1.0244	120000	1436
1917	1.0242	120000	1426
1918	1.024	120000	1337
1919	1.0238	120000	1346
1920	1.0236	120000	1354
1921	1.0234	120000	1350
1922	1.0232	120000	1353
1923	1.023	120000	1389
1924	1.0228	120000	1365
1925	1.0226	120000	1324
1926	1.0224	120000	1311
1927	1.0222	120000	1330
1928	1.022	120000	1408
1929	1.0218	120000	1321
1930	1.0216	120000	1327
1931	1.0214	120000	1346
1932	1.0212	120000	1314
1933	1.021	120000	1326
1934	1.0208	120000	1240
1935	1.0206	120000	1304
1936	1.0204	120000	1220
1937	1.0202	120000	1278
1938	1.02	120000	1311
1939	1.0198	120000	1245
1940	1.0196	120000	1258
1941	1.0194	120000	1263
1942	1.0192	120000	1299
1943	1.019	120000	1208
1944	1.0188	120000	1219
1945	1.0186	120000	1233
1946	1.0184	120000	1274
1947	1.0182	120000	1301
1948	1.018	120000	1225
1949	1.0178	120000	1267
1950	1.0176	120000	1268
1951	1.0174	120000	1226
1952	1.0172	120000	1217
1953	1.017	120000	1314
1954	1.0168	120000	1296
1955	1.0166	120000	1304
1956	1.0164	120000	1295
1957	1.0162	120000	1285
1958	1.016	120000	1330
1959	1.0158	120000	1279
1960	1.0156	120000	1298
1961	1.0154	120000	1335
1962	1.0152	120000	1287
1963	1.015	120000	1370
1964	1.0148	120000	1354
1965	1.0146	120000	1383
1966	1.0144	120000	1365
1967	1.0142	120000	1398
1968	1.014	120000	1456
1969	1.0138	120000	1518
1970	1.0136	120000	1534
1971	1.0134	120000	1447
1972	1.0132	120000	1492
1973	1.013	120000	1628
1974	1.0128	120000	1739
1975	1.0126	120000	1772
1976	1.0124	120000	1797
1977	1.0122	120000	1694
1978	1.012	120000	1812
1979	1.0118	120000	1673
1980	1.0116	120000	1880
1981	1.0114	120000	2008
1982	1.0112	120000	1935
1983	1.011	120000	1915
1984	1.0108	120000	1987
1985	1.0106	120000	1947
1986	1.0104	120000	3074
1987	1.0102	120000	2975
1988	1.01	120000	2930
1989	1.0098	120000	3304
1990	1.0096	120000	2778
1991	1.0094	120000	3221
1992	1.0092	120000	2961
1993	1.009	120000	3548
1994	1.0088	120000	3860
1995	1.0086	120000	3450
1996	1.0084	120000	3865
1997	1.0082	120000	3196
1998	1.008	120000	3100
1999	1.0078	120000	3449
2000	1.0076	120000	3737
2001	1.0074	120000	4311
2002	1.0072	120000	4278
2003	1.007	120000	4053
2004	1.0068	120000	4260
2005	1.0066	120000	4047
2006	1.0064	120000	4001
2007	1.0062	120000	4099
2008	1.006	120000	4360
2009	1.0058	120000	4668
2010	1.0056	120000	4371
2011	1.0054	120000	5005
2012	1.0052	120000	5000
2013	1.005	120000	4738
2014	1.0048	120000	4624
2015	1.0046	120000	4809
2016	1.0044	120000	4896
2017	1.0042	120000	5165
2018	1.004	120000	4916
2019	1.0038	120000	5091
2020	1.0036	120000	5058
2021	1.0034	120000	5144
2022	1.0032	120000	4962
2023	1.003	120000	5121
2024	1.0028	120000	5048
2025	1.0026	120000	4990
2026	1.0024	120000	5030
2027	1.0022	120000	4972
2028	1.002	120000	4975
2029	1.0018	120000	4909
2030	1.0016	120000	4596
2031	1.0014	120000	5035
2032	1.0012	120000	5023
2033	1.001	120000	5046
2034	1.0008	120000	4665
2035	1.0006	120000	4535
2036	1.0004	120000	4152
2037	1.0002	120000	4043
2038	1	120000	4468
2039	0.9998	120000	4534
2040	0.9996	120000	4543
2041	0.9994	120000	4557
2042	0.9992	120000	3353
2043	0.999	120000	3618
2044	0.9988	120000	3227
2045	0.9986	120000	3880
2046	0.9984	120000	3945
2047	0.9982	120000	3860
2048	0.998	120000	2722
2049	0.9978	120000	3262
2050	0.9976	120000	2750
2051	0.9974	120000	3084
2052	0.9972	120000	2797
2053	0.997	120000	3468
2054	0.9968	120000	3090
2055	0.9966	120000	3203
2056	0.9964	120000	3153
2057	0.9962	120000	2519
2058	0.996	120000	2339
2059	0.9958	120000	2229
2060	0.9956	120000	2530
2061	0.9954	120000	1890
2062	0.9952	120000	2249
2063	0.995	120000	2306
2064	0.9948	120000	2250
2065	0.9946	120000	2169
2066	0.9944	120000	2199
2067	0.9942	120000	1941
2068	0.994	120000	1973
2069	0.9938	120000	1986
2070	0.9936	120000	1948
2071	0.9934	120000	1918
2072	0.9932	120000	1844
2073	0.993	120000	1576
2074	0.9928	120000	1596
2075	0.9926	120000	1471
2076	0.9924	120000	1601
2077	0.9922	120000	1634
2078	0.992	120000	1707
2079	0.9918	120000	1487
2080	0.9916	120000	1451
2081	0.9914	120000	1409
2082	0.9912	120000	1479
2083	0.991	120000	1494
2084	0.9908	120000	1473
2085	0.9906	120000	1475
2086	0.9904	120000	1471
2087	0.9902	120000	1383
2088	0.99	120000	1378
2089	0.9898	120000	1397
2090	0.9896	120000	1507
2091	0.9894	120000	1395
2092	0.9892	120000	1447
2093	0.989	120000	1339
2094	0.9888	120000	1367
2095	0.9886	120000	1368
2096	0.9884	120000	1432
2097	0.9882	120000	1461
2098	0.988	120000	1380
2099	0.9878	120000	1292
2100	0.9876	120000	1329
2101	0.9874	120000	1407
2102	0.9872	120000	1364
2103	0.987	120000	1385
2104	0.9868	120000	1392
2105	0.9866	120000	1368
2106	0.9864	120000	1410
2107	0.9862	120000	1327
2108	0.986	120000	1414
2109	0.9858	120000	1360
2110	0.9856	120000	1367
2111	0.9854	120000	1305
2112	0.9852	120000	1360
2113	0.985	120000	1344
2114	0.9848	120000	1242
2115	0.9846	120000	1279
2116	0.9844	120000	1284
2117	0.9842	120000	1258
2118	0.984	120000	1287
2119	0.9838	120000	1249
2120	0.9836	120000	1331
2121	0.9834	120000	1295
2122	0.9832	120000	1342
2123	0.983	120000	1287
2124	0.9828	120000	1272
2125	0.9826	120000	1288
2126	0.9824	120000	1302
2127	0.9822	120000	1282
2128	0.982	120000	1229
2129	0.9818	120000	1311
2130	0.9816	120000	1276
2131	0.9814	120000	1345
2132	0.9812	120000	1263
2133	0.981	120000	1275
2134	0.9808	120000	1287
2135	0.9806	120000	1228
2136	0.9804	120000	1343
2137	0.9802	120000	1322
2138	0.98	120000	1317
2139	0.9798	120000	1286
2140	0.9796	120000	1340
2141	0.9794	120000	1260
2142	0.9792	120000	1248
2143	0.979	120000	1237
2144	0.9788	120000	1233
2145	0.9786	120000	1258
2146	0.9784	120000	1290
2147	0.9782	120000	1264
2148	0.978	120000	1257
2149	0.9778	120000	1194
2150	0.9776	120000	1222
2151	0.9774	120000	1234
2152	0.9772	120000	1215
2153	0.977	120000	1271
2154	0.9768	120000	1244
2155	0.9766	120000	1249
2156	0.9764	120000	1246
2157	0.9762	120000	1269
2158	0.976	120000	1279
2159	0.9758	120000	1255
2160	0.9756	120000	1273
2161	0.9754	120000	1231
2162	0.9752	120000	1227
2163	0.975	120000	1250
2164	0.9748	120000	1254
2165	0.9746	120000	1206
2166	0.9744	120000	1266
2167	0.9742	120000	1335
2168	0.974	120000	1291
2169	0.9738	120000	1255
2170	0.9736	120000	1259
2171	0.9734	120000	1247
2172	0.9732	120000	1215
2173	0.973	120000	1238
2174	0.9728	120000	1200
2175	0.9726	120000	1250
2176	0.9724	120000	1250
2177	0.9722	120000	1254
2178	0.972	120000	1229
2179	0.9718	120000	1236
2180	0.9716	120000	1255
2181	0.9714	120000	1264
2182	0.9712	120000	1259
2183	0.971	120000	1206
2184	0.9708	120000	1197
2185	0.9706	120000	1114
2186	0.9704	120000	1198
2187	0.9702	120000	1218
2188	0.97	120000	1222
2189	0.9698	120000	1222
2190	0.9696	120000	1226
2191	0.9694	120000	1235
2192	0.9692	120000	1259
2193	0.969	120000	1272
2194	0.9688	120000	1169
2195	0.9686	120000	1221
2196	0.9684	120000	1277
2197	0.9682	120000	1230
2198	0.968	120000	1208
2199	0.9678	120000	1221
2200	0.9676	120000	1250
2201	0.9674	120000	1207
2202	0.9672	120000	1202
2203	0.967	120000	1182
2204	0.9668	120000	1252
2205	0.9666	120000	1182
2206	0.9664	120000	1190
2207	0.9662	120000	1229
2208	0.966	120000	1244
2209	0.9658	120000	1188
2210	0.9656	120000	1199
2211	0.9654	120000	1243
2212	0.9652	120000	1295
2213	0.965	120000	1257
2214	0.9648	120000	1148
2215	0.9646	120000	1174
2216	0.9644	120000	1264
2217	0.9642	120000	1261
2218	0.964	120000	1181
2219	0.9638	120000	1174
2220	0.9636	120000	1246
2221	0.9634	120000	1229
2222	0.9632	120000	1250
2223	0.963	120000	1182
2224	0.9628	120000	1249
2225	0.9626	120000	1199
2226	0.9624	120000	1226
2227	0.9622	120000	1215
2228	0.962	120000	1218
2229	0.9618	120000	1207
2230	0.9616	120000	1222
2231	0.9614	120000	1218
2232	0.9612	120000	1214
2233	0.961	120000	1151
2234	0.9608	120000	1179
2235	0.9606	120000	1211
2236	0.9604	120000	1242
2237	0.9602	120000	1177
2238	0.96	120000	1202
2239	0.9598	120000	1170
2240	0.9596	120000	1264
2241	0.9594	120000	1265
2242	0.9592	120000	1187
2243	0.959	120000	1165
2244	0.9588	120000	1186
2245	0.9586	120000	1174
2246	0.9584	120000	1216
2247	0.9582	120000	1149
2248	0.958	120000	1281
2249	0.9578	120000	1205
2250	0.9576	120000	1217
2251	0.9574	120000	1161
2252	0.9572	120000	1198
2253	0.957	120000	1223
2254	0.9568	120000	1200
2255	0.9566	120000	1188
2256	0.9564	120000	1216
2257	0.9562	120000	1223
2258	0.956	120000	1081
2259	0.9558	120000	1198
2260	0.9556	120000	1280
2261	0.9554	120000	1188
2262	0.9552	120000	1187
2263	0.955	120000	1165
2264	0.9548	120000	1249
2265	0.9546	120000	1201
2266	0.9544	120000	1227
2267	0.9542	120000	1195
2268	0.954	120000	1245
2269	0.9538	120000	1151
2270	0.9536	120000	1177
2271	0.9534	120000	1243
2272	0.9532	120000	1271
2273	0.953	120000	1205
2274	0.9528	120000	1206
2275	0.9526	120000	1227
2276	0.9524	120000	1242
2277	0.9522	120000	1174
2278	0.952	120000	1236
2279	0.9518	120000	1232
2280	0.9516	120000	1182
2281	0.9514	120000	1124
2282	0.9512	120000	1180
2283	0.951	120000	1184
2284	0.9508	120000	1204
2285	0.9506	120000	1242
2286	0.9504	120000	1289
2287	0.9502	120000	1205
2288	0.95	120000	1241
2289	0.9498	120000	1248
2290	0.9496	120000	1164
2291	0.9494	120000	1225
2292	0.9492	120000	1118
2293	0.949	120000	1251
2294	0.9488	120000	1222
2295	0.9486	120000	1286
2296	0.9484	120000	1186
2297	0.9482	120000	1193
2298	0.948	120000	1206
2299	0.9478	120000	1146
2300	0.9476	120000	1184
2301	0.9474	120000	1196
2302	0.9472	120000	1241
2303	0.947	120000	1193
2304	0.9468	120000	1246
2305	0.9466	120000	1203
2306	0.9464	120000	1212
2307	0.9462	120000	1169
2308	0.946	120000	1177
2309	0.9458	120000	1210
2310	0.9456	120000	1264
2311	0.9454	120000	1175
2312	0.9452	120000	1264
2313	0.945	120000	1205
2314	0.9448	120000	1220
2315	0.9446	120000	1240
2316	0.9444	120000	1203
2317	0.9442	120000	1225
2318	0.944	120000	1244
2319	0.9438	120000	1185
2320	0.9436	120000	1208
2321	0.9434	120000	1221
2322	0.9432	120000	1215
2323	0.943	120000	1184
2324	0.9428	120000	1181
2325	0.9426	120000	1224
2326	0.9424	120000	1198
2327	0.9422	120000	1194
2328	0.942	120000	1187
2329	0.9418	120000	1243
2330	0.9416	120000	1206
2331	0.9414	120000	1191
2332	0.9412	120000	1233
2333	0.941	120000	1185
2334	0.9408	120000	1218
2335	0.9406	120000	1252
2336	0.9404	120000	1256
2337	0.9402	120000	1265
2338	0.94	120000	1254
2339	0.9398	120000	1162
2340	0.9396	120000	1169
2341	0.9394	120000	1234
2342	0.9392	120000	1203
2343	0.939	120000	1247
2344	0.9388	120000	1207
2345	0.9386	120000	1251
2346	0.9384	120000	1213
2347	0.9382	120000	1205
2348	0.938	120000	1173
2349	0.9378	120000	1216
2350	0.9376	120000	1183
2351	0.9374	120000	1276
2352	0.9372	120000	1195
2353	0.937	120000	1261
2354	0.9368	120000	1241
2355	0.9366	120000	1215
2356	0.9364	120000	1172
2357	0.9362	120000	1214
2358	0.936	120000	1234
2359	0.9358	120000	1250
2360	0.9356	120000	1198
2361	0.9354	120000	1189
2362	0.9352	120000	1254
2363	0.935	120000	1208
2364	0.9348	120000	1238
2365	0.9346	120000	1247
2366	0.9344	120000	1194
2367	0.9342	120000	1223
2368	0.934	120000	1248
2369	0.9338	120000	1247
2370	0.9336	120000	1204
2371	0.9334	120000	1199
2372	0.9332	120000	1220
2373	0.933	120000	1267
2374	0.9328	120000	1239
2375	0.9326	120000	1253
2376	0.9324	120000	1250
2377	0.9322	120000	1156
2378	0.932	120000	1216
2379	0.9318	120000	1259
2380	0.9316	120000	1176
2381	0.9314	120000	1234
2382	0.9312	120000	1212
2383	0.931	120000	1294
2384	0.9308	120000	1193
2385	0.9306	120000	1220
2386	0.9304	120000	1251
2387	0.9302	120000	1244
2388	0.93	120000	1218
2389	0.9298	120000	1267
2390	0.9296	120000	1190
2391	0.9294	120000	1228
2392	0.9292	120000	1238
2393	0.929	120000	1270
2394	0.9288	120000	1224
2395	0.9286	120000	1189
2396	0.9284	120000	1261
2397	0.9282	120000	1236
2398	0.928	120000	1212
2399	0.9278	120000	1246
2400	0.9276	120000	1251
2401	0.9274	120000	1173
2402	0.9272	120000	1220
2403	0.927	120000	1224
2404	0.9268	120000	1216
2405	0.9266	120000	1227
2406	0.9264	120000	1276
2407	0.9262	120000	1197
2408	0.926	120000	1173
2409	0.9258	120000	1230
2410	0.9256	120000	1276
2411	0.9254	120000	1169
2412	0.9252	120000	1247
2413	0.925	120000	1214
2414	0.9248	120000	1147
2415	0.9246	120000	1322
2416	0.9244	120000	1248
2417	0.9242	120000	1282
2418	0.924	120000	1216
2419	0.9238	120000	1324
2420	0.9236	120000	1192
2421	0.9234	120000	1231
2422	0.9232	120000	1258
2423	0.923	120000	1230
2424	0.9228	120000	1236
2425	0.9226	120000	1265
2426	0.9224	120000	1210
2427	0.9222	120000	1290
2428	0.922	120000	1215
2429	0.9218	120000	1204
2430	0.9216	120000	1171
2431	0.9214	120000	1180
2432	0.9212	120000	1207
2433	0.921	120000	1189
2434	0.9208	120000	1148
2435	0.9206	120000	1222
2436	0.9204	120000	1176
2437	0.9202	120000	1239
2438	0.92	120000	1218
2439	0.9198	120000	1186
2440	0.9196	120000	1187
2441	0.9194	120000	1245
2442	0.9192	120000	1276
2443	0.919	120000	1178
2444	0.9188	120000	1275
2445	0.9186	120000	1223
2446	0.9184	120000	1246
2447	0.9182	120000	1306
2448	0.918	120000	1239
2449	0.9178	120000	1222
2450	0.9176	120000	1212
2451	0.9174	120000	1242
2452	0.9172	120000	1183
2453	0.917	120000	1168
2454	0.9168	120000	1257
2455	0.9166	120000	1281
2456	0.9164	120000	1221
2457	0.9162	120000	1238
2458	0.916	120000	1199
2459	0.9158	120000	1255
2460	0.9156	120000	1229
2461	0.9154	120000	1240
2462	0.9152	120000	1221
2463	0.915	120000	1280
2464	0.9148	120000	1196
2465	0.9146	120000	1182
2466	0.9144	120000	1201
2467	0.9142	120000	1185
2468	0.914	120000	1239
2469	0.9138	120000	1184
2470	0.9136	120000	1225
2471	0.9134	120000	1248
2472	0.9132	120000	1211
2473	0.913	120000	1206
2474	0.9128	120000	1227
2475	0.9126	120000	1261
2476	0.9124	120000	1222
2477	0.9122	120000	1173
2478	0.912	120000	1232
2479	0.9118	120000	1201
2480	0.9116	120000	1245
2481	0.9114	120000	1259
2482	0.9112	120000	1227
2483	0.911	120000	1213
2484	0.9108	120000	1226
2485	0.9106	120000	1229
2486	0.9104	120000	1171
2487	0.9102	120000	1259
2488	0.91	120000	1220
2489	0.9098	120000	1278
2490	0.9096	120000	1235
2491	0.9094	120000	1178
2492	0.9092	120000	1222
2493	0.909	120000	1234
2494	0.9088	120000	1193
2495	0.9086	120000	1198
2496	0.9084	120000	1229
2497	0.9082	120000	1179
2498	0.908	120000	1188
2499	0.9078	120000	1246
2500	0.9076	120000	1184
2501	0.9074	120000	1184
2502	0.9072	120000	1239
2503	0.907	120000	1211
2504	0.9068	120000	1235
2505	0.9066	120000	1165
2506	0.9064	120000	1205
2507	0.9062	120000	1236
2508	0.906	120000	1207
2509	0.9058	120000	1274
2510	0.9056	120000	1191
2511	0.9054	120000	1205
2512	0.9052	120000	1299
2513	0.905	120000	1206
2514	0.9048	120000	1262
2515	0.9046	120000	1217
2516	0.9044	120000	1230
2517	0.9042	120000	1166
2518	0.904	120000	1247
2519	0.9038	120000	1219
2520	0.9036	120000	1261
2521	0.9034	120000	1274
2522	0.9032	120000	1205
2523	0.903	120000	1242
2524	0.9028	120000	1208
2525	0.9026	120000	1217
2526	0.9024	120000	1205
2527	0.9022	120000	1201
2528	0.902	120000	1212
2529	0.9018	420000	4329
2530	0.8996	420000	4276
2531	0.8974	420000	4361
2532	0.8952	420000	4269
2533	0.893	420000	4193
2534	0.8908	420000	4147
2535	0.8886	420000	4373
2536	0.8864	420000	4259
2537	0.8842	420000	4377
2538	0.882	420000	4171
2539	0.8798	420000	4362
2540	0.8776	420000	4357
2541	0.8754	420000	4311
2542	0.8732	420000	4308
2543	0.871	420000	4377
2544	0.8688	420000	4378
2545	0.8666	420000	4497
2546	0.8644	420000	4432
2547	0.8622	420000	4418
2548	0.86	420000	4406
2549	0.8578	420000	4509
2550	0.8556	420000	4574
2551	0.8534	420000	4586
2552	0.8512	420000	4497
2553	0.849	420000	4711
2554	0.8468	420000	4574
2555	0.8446	420000	4672
2556	0.8424	420000	4544
2557	0.8402	420000	4494
2558	0.838	420000	4699
2559	0.8358	420000	4689
2560	0.8336	420000	4638
2561	0.8314	420000	4756
2562	0.8292	420000	4646
2563	0.827	420000	4732
2564	0.8248	420000	4706
2565	0.8226	420000	4864
2566	0.8204	420000	4870
2567	0.8182	420000	4969
2568	0.816	420000	4795
2569	0.8138	420000	4844
2570	0.8116	420000	4946
2571	0.8094	420000	5046
2572	0.8072	420000	4970
2573	0.805	420000	5051
2574	0.8028	420000	5153
2575	0.8006	420000	5212
2576	0.7984	420000	5137
2577	0.7962	420000	5106
2578	0.794	420000	5217
2579	0.7918	420000	5267
2580	0.7896	420000	5237
2581	0.7874	420000	5489
2582	0.7852	420000	5290
2583	0.783	420000	5397
2584	0.7808	420000	5403
2585	0.7786	420000	5428
2586	0.7764	420000	5477
2587	0.7742	420000	5623
2588	0.772	420000	5565
2589	0.7698	420000	5523
2590	0.7676	420000	5602
2591	0.7654	420000	5671
2592	0.7632	420000	5627
2593	0.761	420000	5652
2594	0.7588	420000	5799
2595	0.7566	420000	5777
2596	0.7544	420000	5717
2597	0.7522	420000	5744
2598	0.75	420000	6007
2599	0.7478	420000	5716
2600	0.7456	420000	5820
2601	0.7434	420000	5891
2602	0.7412	420000	5885
2603	0.739	420000	5877
2604	0.7368	420000	6011
2605	0.7346	420000	5869
2606	0.7324	420000	6034
2607	0.7302	420000	6017
2608	0.728	420000	6092
2609	0.7258	420000	6027
2610	0.7236	420000	6242
2611	0.7214	420000	6086
2612	0.7192	420000	6079
2613	0.717	420000	6122
2614	0.7148	420000	6122
2615	0.7126	420000	6061
2616	0.7104	420000	6162
2617	0.7082	420000	6181
2618	0.706	420000	6135
2619	0.7038	420000	6387
2620	0.7016	420000	6215
2621	0.6994	420000	6320
2622	0.6972	420000	6510
2623	0.695	420000	6273
2624	0.6928	420000	6313
2625	0.6906	420000	6471
2626	0.6884	420000	6230
2627	0.6862	420000	6248
2628	0.684	420000	6396
2629	0.6818	420000	6371
2630	0.6796	420000	6481
2631	0.6774	420000	6422
2632	0.6752	420000	6374
2633	0.673	420000	6386
2634	0.6708	420000	6400
2635	0.6686	420000	6402
2636	0.6664	420000	6574
2637	0.6642	420000	6480
2638	0.662	420000	6486
2639	0.6598	420000	6471
2640	0.6576	420000	6392
2641	0.6554	420000	6436
2642	0.6532	420000	6554
2643	0.651	420000	6531
2644	0.6488	420000	6643
2645	0.6466	420000	6514
2646	0.6444	420000	6548
2647	0.6422	420000	6502
2648	0.64	420000	6619
2649	0.6378	420000	6324
2650	0.6356	420000	6592
2651	0.6334	420000	6539
2652	0.6312	420000	6635
2653	0.629	420000	6401
2654	0.6268	420000	6505
2655	0.6246	420000	6599
2656	0.6224	420000	6394
2657	0.6202	420000	6423
2658	0.618	420000	6490
2659	0.6158	420000	6357
2660	0.6136	420000	6413
2661	0.6114	420000	6370
2662	0.6092	420000	6468
2663	0.607	420000	6503
2664	0.6048	420000	6483
2665	0.6026	420000	6469
2666	0.6004	420000	6383
2667	0.5982	420000	6441
2668	0.596	420000	6581
2669	0.5938	420000	6413
2670	0.5916	420000	6382
2671	0.5894	420000	6471
2672	0.5872	420000	6416
2673	0.585	420000	6394
2674	0.5828	420000	6208
2675	0.5806	420000	6424
2676	0.5784	420000	6428
2677	0.5762	420000	6335
2678	0.574	420000	6289
2679	0.5718	420000	6318
2680	0.5696	420000	6445
2681	0.5674	420000	6324
2682	0.5652	420000	6277
2683	0.563	420000	6250
2684	0.5608	420000	6363
2685	0.5586	420000	6323
2686	0.5564	420000	6260
2687	0.5542	420000	6233
2688	0.552	420000	6347
2689	0.5498	420000	6362
2690	0.5476	420000	6288
2691	0.5454	420000	6289
2692	0.5432	420000	6275
2693	0.541	420000	6119
2694	0.5388	420000	6066
2695	0.5366	420000	6031
2696	0.5344	420000	6028
2697	0.5322	420000	5938
2698	0.53	420000	6266
2699	0.5278	420000	6125
2700	0.5256	420000	6174
2701	0.5234	420000	6120
2702	0.5212	420000	5901
2703	0.519	420000	5896
2704	0.5168	420000	5968
2705	0.5146	420000	5872
2706	0.5124	420000	5840
2707	0.5102	420000	5825
2708	0.508	420000	5847
2709	0.5058	420000	5807
2710	0.5036	420000	5734
2711	0.5014	420000	5724
2712	0.4992	420000	5641
2713	0.497	420000	5694
2714	0.4948	420000	5579
2715	0.4926	420000	5515
2716	0.4904	420000	5434
2717	0.4882	420000	5407
2718	0.486	420000	5359
2719	0.4838	420000	5336
2720	0.4816	420000	5489
2721	0.4794	420000	5282
2722	0.4772	420000	5170
2723	0.475	420000	5246
2724	0.4728	420000	5071
2725	0.4706	420000	5073
2726	0.4684	420000	5096
2727	0.4662	420000	4939
2728	0.464	420000	4938
2729	0.4618	420000	4890
2730	0.4596	420000	4843
2731	0.4574	420000	4744
2732	0.4552	420000	4730
2733	0.453	420000	4717
2734	0.4508	420000	4523
2735	0.4486	420000	4722
2736	0.4464	420000	4507
2737	0.4442	420000	4569
2738	0.442	420000	4370
2739	0.4398	420000	4474
2740	0.4376	420000	4428
2741	0.4354	420000	4296
2742	0.4332	420000	4347
2743	0.431	420000	4290
2744	0.4288	420000	4372
2745	0.4266	420000	4304
2746	0.4244	420000	4326
2747	0.4222	420000	4119
2748	0.42	420000	4303
2749	0.4178	420000	4024
2750	0.4156	420000	4192
2751	0.4134	420000	4045
2752	0.4112	420000	4015
2753	0.409	420000	4184
2754	0.4068	420000	4073
2755	0.4046	420000	4164
2756	0.4024	420000	4059
2757	0.4002	420000	4072
2758	0.398	420000	3982
2759	0.3958	420000	4077
2760	0.3936	420000	4098
2761	0.3914	420000	4218
2762	0.3892	420000	4045
2763	0.387	420000	4011
2764	0.3848	420000	4011
2765	0.3826	420000	4221
2766	0.3804	420000	4014
2767	0.3782	420000	4074
2768	0.376	420000	4117
2769	0.3738	420000	3990
2770	0.3716	420000	4007
2771	0.3694	420000	4188
2772	0.3672	420000	4010
2773	0.365	420000	4093
2774	0.3628	420000	4029
2775	0.3606	420000	4088
2776	0.3584	420000	4100
2777	0.3562	420000	4065
2778	0.354	420000	3899
2779	0.3518	420000	4055
2780	0.3496	420000	3956
2781	0.3474	420000	4065
2782	0.3452	420000	4034
2783	0.343	420000	3989
2784	0.3408	420000	4018
2785	0.3386	420000	3965
2786	0.3364	420000	4048
2787	0.3342	420000	4032
2788	0.332	420000	3989
2789	0.3298	420000	3984
2790	0.3276	420000	4038
2791	0.3254	420000	4151
2792	0.3232	420000	4169
2793	0.321	420000	4199
2794	0.3188	420000	4001
2795	0.3166	420000	4049
2796	0.3144	420000	3986
2797	0.3122	420000	4039
2798	0.31	420000	3986
2799	0.3078	420000	3930
2800	0.3056	420000	4149
2801	0.3034	420000	3979
2802	0.3012	420000	4051
2803	0.299	420000	4110
2804	0.2968	420000	4021
2805	0.2946	420000	4137
2806	0.2924	420000	3936
2807	0.2902	420000	4148
2808	0.288	420000	4087
2809	0.2858	420000	3964
2810	0.2836	420000	4029
2811	0.2814	420000	4036
2812	0.2792	420000	4093
2813	0.277	420000	4148
2814	0.2748	420000	3999
2815	0.2726	420000	3957
2816	0.2704	420000	4078
2817	0.2682	420000	4017
2818	0.266	420000	4135
2819	0.2638	420000	4116
2820	0.2616	420000	4036
2821	0.2594	420000	4043
2822	0.2572	420000	3881
2823	0.255	420000	4038
2824	0.2528	420000	4008
2825	0.2506	420000	3999
2826	0.2484	420000	4046
2827	0.2462	420000	3969
2828	0.244	420000	4064
2829	0.2418	420000	4051
2830	0.2396	420000	3931
2831	0.2374	420000	3948
2832	0.2352	420000	3937
2833	0.233	420000	4046
2834	0.2308	420000	4088
2835	0.2286	420000	3936
2836	0.2264	420000	3985
2837	0.2242	420000	3970
2838	0.222	420000	4039
2839	0.2198	420000	3954
2840	0.2176	420000	3992
2841	0.2154	420000	4063
2842	0.2132	420000	4101
2843	0.211	420000	4071
2844	0.2088	420000	4027
2845	0.2066	420000	4058
2846	0.2044	420000	3955
2847	0.2022	420000	4077
2848	0.2	420000	3969
2849	0.1978	420000	4051
2850	0.1956	420000	4022
2851	0.1934	420000	4127
2852	0.1912	420000	4038
2853	0.189	420000	4067
2854	0.1868	420000	4042
2855	0.1846	420000	4002
2856	0.1824	420000	4010
2857	0.1802	420000	3979
2858	0.178	420000	3892
2859	0.1758	420000	3897
2860	0.1736	420000	4054
2861	0.1714	420000	4074
2862	0.1692	420000	4003
2863	0.167	420000	3978
2864	0.1648	420000	4013
2865	0.1626	420000	4007
2866	0.1604	420000	4040
2867	0.1582	420000	4041
2868	0.156	420000	4003
2869	0.1538	420000	4091
2870	0.1516	420000	4044
2871	0.1494	420000	3961
2872	0.1472	420000	3934
2873	0.145	420000	4039
2874	0.1428	420000	4127
2875	0.1406	420000	3901
2876	0.1384	420000	4016
2877	0.1362	420000	3996
2878	0.134	420000	4028
2879	0.1318	420000	3966
2880	0.1296	420000	3884
2881	0.1274	420000	4125
2882	0.1252	420000	4012
2883	0.123	420000	3903
2884	0.1208	420000	4005
2885	0.1186	420000	3977
2886	0.1164	420000	4015
2887	0.1142	420000	3999
2888	0.112	420000	3951
2889	0.1098	420000	4026
2890	0.1076	420000	4047
2891	0.1054	420000	3984
2892	0.1032	420000	4039
2893	0.101	420000	4041
2894	0.0988	420000	3927
2895	0.0966	420000	3960
2896	0.0944	420000	4015
2897	0.0922	420000	3975
2898	0.09	420000	4090
2899	0.0878	420000	3974
2900	0.0856	420000	4004
2901	0.0834	420000	4024
2902	0.0812	420000	4048
2903	0.079	420000	4003
2904	0.0768	420000	3976
2905	0.0746	420000	4063
2906	0.0724	420000	4088
2907	0.0702	420000	4050
2908	0.068	420000	4051
2909	0.0658	420000	4108
2910	0.0636	420000	3958
2911	0.0614	420000	4128
2912	0.0592	420000	4137
2913	0.057	420000	3905
2914	0.0548	420000	3971
2915	0.0526	420000	4090
2916	0.0504	420000	4081
2917	0.0482	420000	4043
2918	0.046	420000	4034
2919	0.0438	420000	4125
2920	0.0416	420000	4041
2921	0.0394	420000	3933
2922	0.0372	420000	4015
2923	0.035	420000	4003
2924	0.0328	420000	4120
2925	0.0306	420000	4158
2926	0.0284	420000	3997
2927	0.0262	420000	4104
2928	0.024	420000	4078
2929	0.0218	420000	4036
2930	0.0196	420000	3853
2931	0.0174	420000	4017
2932	0.0152	420000	4041
2933	0.013	420000	4184
2934	0.0108	420000	3979
2935	0.0086	420000	3957
2936	0.0064	420000	4048
2937	0.0042	420000	4187
