# exported by fityk 0.8.7
#1-Zn:x	1-Zn:y	1-Zn:s	1-Zn:F(x)	1-Zn:%_1(x)	1-Zn:%_2(x)	1-Zn:%_3(x)	1-Zn:a
0.79	0	1	2.20911e-085	9.10211e-240	0	2.20911e-085	1
0.81	0	1	9.29278e-085	1.59465e-238	0	9.29278e-085	1
0.82	0	1	1.90227e-084	6.65622e-238	0	1.90227e-084	1
0.84	0	1	7.94046e-084	1.15335e-236	0	7.94046e-084	1
0.86	0	1	3.29749e-083	1.9838e-235	0	3.29749e-083	1
0.87	0	1	6.70678e-083	8.20484e-235	0	6.70678e-083	1
0.89	0	1	2.76374e-082	1.39578e-233	0	2.76374e-082	1
0.9	0	1	5.59952e-082	5.7411e-233	0	5.59952e-082	1
0.92	0	1	2.28971e-081	9.65947e-232	0	2.28971e-081	1
0.93	0	1	4.62121e-081	3.95125e-231	0	4.62121e-081	1
0.95	0	1	1.87513e-080	6.57511e-230	0	1.87513e-080	1
0.97	0	1	7.56955e-080	1.08612e-228	0	7.56955e-080	1
0.98	0	1	1.51793e-079	4.40218e-228	0	1.51793e-079	1
1	0	1	6.08045e-079	7.19204e-227	3.56617e-320	6.08045e-079	1
1.01	0	1	1.21462e-078	2.89899e-226	2.1398e-319	1.21462e-078	1
1.03	0	1	4.82803e-078	4.68427e-225	6.88692e-318	4.82803e-078	1
1.05	0	1	1.90926e-077	7.51351e-224	2.19771e-316	1.90926e-077	1
1.06	0	1	3.78942e-077	3.00086e-223	1.23764e-315	3.78942e-077	1
1.08	0	1	1.48701e-076	4.76055e-222	3.90106e-314	1.48701e-076	1
1.09	0	1	2.93998e-076	1.89088e-221	2.18348e-313	2.93998e-076	1
1.11	0	1	1.1448e-075	2.96678e-220	6.79866e-312	1.1448e-075	1
1.12	0	1	2.25468e-075	1.17192e-219	3.7821e-311	2.25468e-075	1
1.14	0	1	8.71196e-075	1.81857e-218	1.16331e-309	8.71196e-075	1
1.16	0	1	3.34897e-074	2.80135e-217	3.54909e-308	3.34897e-074	1
1.17	0	1	6.55345e-074	1.09645e-216	1.95433e-307	6.55345e-074	1
1.19	0	1	2.49983e-073	1.67046e-215	5.8899e-306	2.49983e-073	1
1.2	7	2.64575	4.87296e-073	6.50221e-215	3.22355e-305	4.87296e-073	1
1.22	14	3.74166	1.84451e-072	9.79756e-214	9.59689e-304	1.84451e-072	1
1.24	25	5	6.94593e-072	1.46549e-212	2.83391e-302	6.94593e-072	1
1.25	41	6.40312	1.34529e-071	5.65218e-212	1.53527e-301	1.34529e-071	1
1.27	48	6.9282	5.02706e-071	8.36161e-211	4.47845e-300	5.02706e-071	1
1.28	45	6.7082	9.69892e-071	3.20722e-210	2.41141e-299	9.69892e-071	1
1.3	46	6.78233	3.59638e-070	4.69259e-209	6.94867e-298	3.59638e-070	1
1.31	44	6.63325	6.91191e-070	1.79001e-208	3.71868e-297	6.91191e-070	1
1.33	46	6.78233	2.54323e-069	2.5903e-207	1.05854e-295	2.54323e-069	1
1.35	52	7.2111	9.30974e-069	3.72091e-206	2.98871e-294	9.30974e-069	1
1.36	57	7.54983	1.77777e-068	1.40638e-205	1.58323e-293	1.77777e-068	1
1.38	34	5.83095	6.45762e-068	1.99808e-204	4.41578e-292	6.45762e-068	1
1.39	39	6.245	1.22838e-067	7.51051e-204	2.32494e-291	1.22838e-067	1
1.41	47	6.85565	4.42767e-067	1.05533e-202	6.40566e-290	4.42767e-067	1
1.42	39	6.245	8.38993e-067	3.94504e-202	3.35206e-289	8.38993e-067	1
1.44	45	6.7082	3.00087e-066	5.48253e-201	9.12329e-288	3.00087e-066	1
1.46	46	6.78233	1.06783e-065	7.5634e-200	2.46292e-286	1.06783e-065	1
1.47	45	6.7082	2.01043e-065	2.80148e-199	1.27577e-285	2.01043e-065	1
1.49	34	5.83095	7.09882e-065	3.82238e-198	3.40218e-284	7.09882e-065	1
1.5	54	7.34847	1.33137e-064	1.40802e-197	1.75155e-283	1.33137e-064	1
1.52	47	6.85565	4.66489e-064	1.90005e-196	4.61419e-282	4.66489e-064	1
1.54	52	7.2111	1.62611e-063	2.54523e-195	1.20567e-280	1.62611e-063	1
1.55	35	5.91608	3.03016e-063	9.2899e-195	6.1442e-280	3.03016e-063	1
1.57	30	5.47723	1.04814e-062	1.23079e-193	1.58594e-278	1.04814e-062	1
1.58	37	6.08276	1.94562e-062	4.46757e-193	8.03281e-278	1.94562e-062	1
1.6	40	6.32456	6.67816e-062	5.85402e-192	2.04821e-276	6.67816e-062	1
1.61	35	5.91608	1.23486e-061	2.11323e-191	1.0311e-275	1.23486e-061	1
1.63	41	6.40312	4.20594e-061	2.73867e-190	2.59714e-274	4.20594e-061	1
1.65	35	5.91608	1.42519e-060	3.52321e-189	6.48858e-273	1.42519e-060	1
1.66	48	6.9282	2.61841e-060	1.2602e-188	3.23332e-272	2.61841e-060	1
1.68	36	6	8.80426e-060	1.60343e-187	7.97976e-271	8.80426e-060	1
1.69	39	6.245	1.61132e-059	5.70368e-187	3.95214e-270	1.61132e-059	1
1.71	38	6.16441	5.37629e-059	7.17751e-186	9.63522e-269	5.37629e-059	1
1.73	33	5.74456	1.78462e-058	8.966e-185	2.32997e-267	1.78462e-058	1
1.74	40	6.32456	3.24519e-058	3.16019e-184	1.14226e-266	3.24519e-058	1
1.76	36	6	1.06893e-057	3.90435e-183	2.7286e-265	1.06893e-057	1
1.77	41	6.40312	1.93628e-057	1.36858e-182	1.32954e-264	1.93628e-057	1
1.79	40	6.32456	6.32882e-057	1.6723e-181	3.13735e-263	6.32882e-057	1
1.8	31	5.56776	1.14199e-056	5.82959e-181	1.51938e-262	1.14199e-056	1
1.82	23	4.79583	3.70394e-056	7.04519e-180	3.54175e-261	3.70394e-056	1
1.84	36	6	1.19517e-055	8.4519e-179	8.18893e-260	1.19517e-055	1
1.85	40	6.32456	2.14276e-055	2.91936e-178	3.92558e-259	2.14276e-055	1
1.87	40	6.32456	6.86096e-055	3.46384e-177	8.96604e-258	6.86096e-055	1
1.88	26	5.09902	1.22533e-054	1.18986e-176	4.2719e-257	1.22533e-054	1
1.9	28	5.2915	3.89322e-054	1.3963e-175	9.63842e-256	3.89322e-054	1
1.92	38	6.16441	1.23064e-053	1.62654e-174	2.15699e-254	1.23064e-053	1
1.93	37	6.08276	2.18374e-053	5.53619e-174	1.01728e-253	2.18374e-053	1
1.95	30	5.47723	6.84965e-053	6.37835e-173	2.24892e-252	6.84965e-053	1
1.96	40	6.32456	1.21077e-052	2.15904e-172	1.05417e-251	1.21077e-052	1
1.98	48	6.9282	3.76856e-052	2.46018e-171	2.30213e-250	3.76856e-052	1
1.99	33	5.74456	6.63579e-052	8.28177e-171	1.07253e-249	6.63579e-052	1
2.01	34	5.83095	2.04951e-051	9.33341e-170	2.31375e-248	2.04951e-051	1
2.03	26	5.09902	6.29756e-051	1.04415e-168	4.95087e-247	6.29756e-051	1
2.04	34	5.83095	1.10178e-050	3.4828e-168	2.28316e-246	1.10178e-050	1
2.06	28	5.2915	3.35941e-050	3.85356e-167	4.82602e-245	3.35941e-050	1
2.07	38	6.16441	5.85474e-050	1.2783e-166	2.21201e-244	5.85474e-050	1
2.09	36	6	1.77142e-049	1.39886e-165	4.61878e-243	1.77142e-049	1
2.11	46	6.78233	5.3321e-049	1.51959e-164	9.5659e-242	5.3321e-049	1
2.12	38	6.16441	9.23312e-049	4.99463e-164	4.34008e-241	9.23312e-049	1
2.14	21	4.58258	2.75785e-048	5.36615e-163	8.8794e-240	2.75785e-048	1
2.15	31	5.56776	4.75712e-048	1.75406e-162	4.00405e-239	4.75712e-048	1
2.17	32	5.65685	1.40998e-047	1.86387e-161	8.09232e-238	1.40998e-047	1
2.18	32	5.65685	2.42275e-047	6.05902e-161	3.62687e-237	2.42275e-047	1
2.2	45	6.7082	7.12562e-047	6.3677e-160	7.24093e-236	7.12562e-047	1
2.22	39	6.245	2.08498e-046	6.64307e-159	1.43389e-234	2.08498e-046	1
2.23	29	5.38516	3.5596e-046	2.13976e-158	6.36131e-234	3.5596e-046	1
2.25	29	5.38516	1.03354e-045	2.20781e-157	1.24438e-232	1.03354e-045	1
2.26	30	5.47723	1.75772e-045	7.07231e-157	5.48695e-232	1.75772e-045	1
2.28	36	6	5.06429e-045	7.21718e-156	1.06029e-230	5.06429e-045	1
2.3	32	5.65685	1.45162e-044	7.31106e-155	2.03227e-229	1.45162e-044	1
2.31	11	3.31662	2.4529e-044	2.32054e-154	8.87013e-229	2.4529e-044	1
2.33	33	5.74456	6.97685e-044	2.32494e-153	1.67947e-227	6.97685e-044	1
2.34	25	5	1.17439e-043	7.3388e-153	7.28559e-227	1.17439e-043	1
2.36	39	6.245	3.31464e-043	7.27207e-152	1.36268e-225	3.31464e-043	1
2.37	29	5.38516	5.55789e-043	2.28285e-151	5.87532e-225	5.55789e-043	1
2.39	32	5.65685	1.55661e-042	2.23727e-150	1.08555e-223	1.55661e-042	1
2.41	27	5.19615	4.33726e-042	2.17655e-149	1.98941e-222	4.33726e-042	1
2.42	34	5.83095	7.22593e-042	6.77009e-149	8.49052e-222	7.22593e-042	1
2.44	34	5.83095	1.9979e-041	6.51409e-148	1.53709e-220	1.9979e-041	1
2.45	31	5.56776	3.3157e-041	2.01505e-147	6.52006e-220	3.3157e-041	1
2.47	29	5.38516	9.09707e-041	1.91758e-146	1.16601e-218	9.09707e-041	1
2.48	23	4.79583	1.50393e-040	5.89917e-146	4.91587e-218	1.50393e-040	1
2.5	27	5.19615	4.09447e-040	5.55225e-145	8.6844e-217	4.09447e-040	1
2.52	21	4.58258	1.10901e-039	5.18746e-144	1.52173e-215	1.10901e-039	1
2.53	28	5.2915	1.82164e-039	1.58125e-143	6.3505e-215	1.82164e-039	1
2.55	36	6	4.89603e-039	1.46115e-142	1.09924e-213	4.89603e-039	1
2.56	22	4.69042	8.01118e-039	4.4294e-142	4.5594e-213	8.01118e-039	1
2.58	32	5.65685	2.1366e-038	4.04808e-141	7.79616e-212	2.1366e-038	1
2.6	28	5.2915	5.66911e-038	3.67249e-140	1.32225e-210	5.66911e-038	1
2.61	32	5.65685	9.21662e-038	1.10311e-139	5.42875e-210	9.21662e-038	1
2.63	27	5.19615	2.42666e-037	9.89784e-139	9.09534e-209	2.42666e-037	1
2.64	32	5.65685	3.92996e-037	2.95668e-138	3.71151e-208	3.92996e-037	1
2.66	30	5.47723	1.02676e-036	2.62382e-137	6.14267e-207	1.02676e-036	1
2.67	26	5.09902	1.65643e-036	7.79476e-137	2.49134e-206	1.65643e-036	1
2.69	34	5.83095	4.29439e-036	6.84139e-136	4.07312e-205	4.29439e-036	1
2.71	27	5.19615	1.10763e-035	5.96062e-135	6.60512e-204	1.10763e-035	1
2.72	32	5.65685	1.77542e-035	1.75456e-134	2.65173e-203	1.77542e-035	1
2.74	34	5.83095	4.544e-035	1.51191e-133	4.24786e-202	4.544e-035	1
2.75	35	5.91608	7.25552e-035	4.42595e-133	1.69497e-201	7.25552e-035	1
2.77	37	6.08276	1.84269e-034	3.77202e-132	2.6822e-200	1.84269e-034	1
2.79	35	5.91608	4.65586e-034	3.19116e-131	4.20996e-199	4.65586e-034	1
2.8	29	5.38516	7.38643e-034	9.25631e-131	1.66281e-198	7.38643e-034	1
2.82	19	4.3589	1.85194e-033	7.74501e-130	2.57821e-197	1.85194e-033	1
2.83	31	5.56776	2.92675e-033	2.23417e-129	1.01211e-196	2.92675e-033	1
2.85	30	5.47723	7.28156e-033	1.84889e-128	1.55021e-195	7.28156e-033	1
2.86	36	6	1.14632e-032	5.30407e-128	6.04843e-195	1.14632e-032	1
2.88	29	5.38516	2.83002e-032	4.34123e-127	9.15151e-194	2.83002e-032	1
2.9	27	5.19615	6.95086e-032	3.52715e-126	1.37341e-192	6.95086e-032	1
2.91	35	5.91608	1.08724e-031	1.00261e-125	5.30429e-192	1.08724e-031	1
2.93	29	5.38516	2.64983e-031	8.05659e-125	7.86364e-191	2.64983e-031	1
2.94	28	5.2915	4.12883e-031	2.27753e-124	3.01852e-190	4.12883e-031	1
2.96	28	5.2915	9.98542e-031	1.81006e-123	4.42057e-189	9.98542e-031	1
2.98	25	5	2.40254e-030	1.42801e-122	6.42126e-188	2.40254e-030	1
2.99	27	5.19615	3.71949e-030	3.99992e-122	2.43985e-187	3.71949e-030	1
3.01	21	4.58258	8.88041e-030	3.12103e-121	3.50101e-186	8.88041e-030	1
3.02	25	5	1.36952e-029	8.69407e-121	1.32215e-185	1.36952e-029	1
3.04	28	5.2915	3.24462e-029	6.70934e-120	1.87413e-184	3.24462e-029	1
3.05	29	5.38516	4.98452e-029	1.8587e-119	7.03444e-184	4.98452e-029	1
3.07	30	5.47723	1.17183e-028	1.41865e-118	9.84998e-183	1.17183e-028	1
3.09	23	4.79583	2.74075e-028	1.07485e-117	1.36804e-181	2.74075e-028	1
3.1	24	4.89898	4.18343e-028	2.95045e-117	5.08281e-181	4.18343e-028	1
3.12	35	5.91608	9.70919e-028	2.21091e-116	6.97357e-180	9.70919e-028	1
3.13	24	4.89898	1.47628e-027	6.03552e-116	2.57515e-179	1.47628e-027	1
3.15	23	4.79583	3.3999e-027	4.47309e-115	3.49014e-178	3.3999e-027	1
3.17	24	4.89898	7.7898e-027	3.29084e-114	4.69181e-177	7.7898e-027	1
3.18	26	5.09902	1.17684e-026	8.9014e-114	1.71499e-176	1.17684e-026	1
3.2	26	5.09902	2.67561e-026	6.47691e-113	2.27744e-175	2.67561e-026	1
3.21	28	5.2915	4.02659e-026	1.74231e-112	8.27394e-175	4.02659e-026	1
3.23	22	4.69042	9.08425e-026	1.25384e-111	1.08539e-173	9.08425e-026	1
3.24	30	5.47723	1.36184e-025	3.35433e-111	3.91917e-173	1.36184e-025	1
3.26	24	4.89898	3.04876e-025	2.38745e-110	5.07874e-172	3.04876e-025	1
3.28	31	5.56776	6.79024e-025	1.68682e-109	6.52793e-171	6.79024e-025	1
3.29	32	5.65685	1.01141e-024	4.47136e-109	2.33323e-170	1.01141e-024	1
3.31	40	6.32456	2.23529e-024	3.12453e-108	2.96254e-169	2.23529e-024	1
3.32	28	5.2915	3.31664e-024	8.23683e-108	1.05242e-168	3.31664e-024	1
3.34	42	6.48074	7.27363e-024	5.69266e-107	1.32003e-167	7.27363e-024	1
3.36	27	5.19615	1.58697e-023	3.9055e-106	1.64225e-166	1.58697e-023	1
3.37	45	6.7082	2.33958e-023	1.02014e-105	5.77481e-166	2.33958e-023	1
3.39	34	5.83095	5.06523e-023	6.92201e-105	7.09707e-165	5.06523e-023	1
3.4	17	4.12311	7.43861e-023	1.79813e-104	2.4804e-164	7.43861e-023	1
3.42	37	6.08276	1.59809e-022	1.20671e-103	3.01128e-163	1.59809e-022	1
3.43	37	6.08276	2.33784e-022	3.11742e-103	1.04601e-162	2.33784e-022	1
3.45	27	5.19615	4.9839e-022	2.06912e-102	1.25445e-161	4.9839e-022	1
3.47	33	5.74456	1.05703e-021	1.36328e-101	1.49221e-160	1.05703e-021	1
3.48	31	5.56776	1.53641e-021	3.48968e-101	5.13084e-160	1.53641e-021	1
3.5	30	5.47723	3.23348e-021	2.27402e-100	6.02908e-159	3.23348e-021	1
3.51	30	5.47723	4.6818e-021	5.78895e-100	2.06041e-158	4.6818e-021	1
3.53	45	6.7082	9.77737e-021	3.73093e-099	2.39169e-157	9.77737e-021	1
3.54	25	5	1.41022e-020	9.44559e-099	8.12368e-157	1.41022e-020	1
3.56	40	6.32456	2.92242e-020	6.02083e-098	9.31517e-156	2.92242e-020	1
3.58	38	6.16441	6.02506e-020	3.8097e-097	1.05947e-154	6.02506e-020	1
3.59	29	5.38516	8.63439e-020	9.55675e-097	3.56212e-154	8.63439e-020	1
3.61	29	5.38516	1.76643e-019	5.98073e-096	4.00214e-153	1.76643e-019	1
3.62	34	5.83095	2.52168e-019	1.49203e-095	1.33739e-152	2.52168e-019	1
3.64	30	5.47723	5.11917e-019	9.23491e-095	1.48433e-151	5.11917e-019	1
3.66	22	4.69042	1.03389e-018	5.67405e-094	1.63403e-150	1.03389e-018	1
3.67	24	4.89898	1.46647e-018	1.40257e-093	5.40502e-150	1.46647e-018	1
3.69	39	6.245	2.93895e-018	8.52307e-093	5.87781e-149	2.93895e-018	1
3.7	19	4.3589	4.15253e-018	2.09524e-092	1.9324e-148	4.15253e-018	1
3.72	36	6	8.25806e-018	1.25926e-091	2.07588e-147	8.25806e-018	1
3.73	37	6.08276	1.16231e-017	3.07863e-091	6.7831e-147	1.16231e-017	1
3.75	32	5.65685	2.29368e-017	1.82998e-090	7.19817e-146	2.29368e-017	1
3.77	24	4.89898	4.50307e-017	1.0798e-089	7.5766e-145	4.50307e-017	1
3.78	25	5	6.29734e-017	2.61574e-089	2.4506e-144	6.29734e-017	1
3.8	24	4.89898	1.22681e-016	1.52652e-088	2.54808e-143	1.22681e-016	1
3.81	34	5.83095	1.70903e-016	3.67754e-088	8.19133e-143	1.70903e-016	1
3.83	20	4.47214	3.30382e-016	2.12263e-087	8.41361e-142	3.30382e-016	1
3.85	24	4.89898	6.35398e-016	1.21618e-086	8.57173e-141	6.35398e-016	1
3.86	38	6.16441	8.79473e-016	2.90309e-086	2.72762e-140	8.79473e-016	1
3.88	35	5.91608	1.67841e-015	1.6451e-085	2.7451e-139	1.67841e-015	1
3.89	29	5.38516	2.31419e-015	3.90537e-085	8.68193e-139	2.31419e-015	1
3.91	29	5.38516	4.38248e-015	2.1888e-084	8.63134e-138	4.38248e-015	1
3.92	27	5.19615	6.01925e-015	5.16748e-084	2.71319e-137	6.01925e-015	1
3.94	34	5.83095	1.13112e-014	2.86439e-083	2.66459e-136	1.13112e-014	1
3.96	29	5.38516	2.11466e-014	1.57613e-082	2.5956e-135	2.11466e-014	1
3.97	28	5.2915	2.88581e-014	3.687e-082	8.07633e-135	2.88581e-014	1
3.99	26	5.09902	5.35359e-014	2.00651e-081	7.77159e-134	5.35359e-014	1
4	25	5	7.27771e-014	4.66798e-081	2.40342e-133	7.27771e-014	1
4.02	29	5.38516	1.33973e-013	2.51251e-080	2.28461e-132	1.33973e-013	1
4.04	28	5.2915	2.4536e-013	1.34244e-079	2.15404e-131	2.4536e-013	1
4.05	27	5.19615	3.31405e-013	3.09449e-079	6.59398e-131	3.31405e-013	1
4.07	31	5.56776	6.0227e-013	1.63525e-078	6.14154e-130	6.0227e-013	1
4.08	30	5.47723	8.10343e-013	3.74874e-078	1.86859e-129	8.10343e-013	1
4.1	29	5.38516	1.46133e-012	1.95925e-077	1.71922e-128	1.46133e-012	1
4.11	33	5.74456	1.95861e-012	4.46679e-077	5.1989e-128	1.95861e-012	1
4.13	32	5.65685	3.50487e-012	2.30893e-076	4.72516e-127	3.50487e-012	1
4.15	38	6.16441	6.23963e-012	1.18477e-075	4.25971e-126	6.23963e-012	1
4.16	32	5.65685	8.3093e-012	2.67637e-075	1.27507e-125	8.3093e-012	1
4.18	40	6.32456	1.4679e-011	1.35824e-074	1.13549e-124	1.4679e-011	1
4.19	24	4.89898	1.94727e-011	3.05138e-074	3.37818e-124	1.94727e-011	1
4.21	30	5.47723	3.41354e-011	1.53157e-073	2.97181e-123	3.41354e-011	1
4.23	23	4.79583	5.95316e-011	7.63108e-073	2.5931e-122	5.95316e-011	1
4.24	36	6	7.84659e-011	1.69868e-072	7.63641e-122	7.84659e-011	1
4.26	43	6.55744	1.35791e-010	8.37087e-072	6.58225e-121	1.35791e-010	1
4.27	35	5.91608	1.78289e-010	1.85311e-071	1.92659e-120	1.78289e-010	1
4.29	37	6.08276	3.06168e-010	9.03171e-071	1.64044e-119	3.06168e-010	1
4.3	46	6.78233	4.00441e-010	1.98841e-070	4.77221e-119	4.00441e-010	1
4.32	45	6.7082	6.82368e-010	9.58483e-070	4.01403e-118	6.82368e-010	1
4.34	31	5.56776	1.15681e-009	4.58637e-069	3.34888e-117	1.15681e-009	1
4.35	40	6.32456	1.5033e-009	1.00049e-068	9.64341e-117	1.5033e-009	1
4.37	44	6.63325	2.52892e-009	4.73487e-068	7.94762e-116	2.52892e-009	1
4.38	47	6.85565	3.27372e-009	1.02721e-067	2.27464e-115	3.27372e-009	1
4.4	48	6.9282	5.46484e-009	4.80797e-067	1.85186e-114	5.46484e-009	1
4.42	62	7.87401	9.07563e-009	2.23394e-066	1.49541e-113	9.07563e-009	1
4.43	52	7.2111	1.16732e-008	4.80209e-066	4.23651e-113	1.16732e-008	1
4.45	50	7.07107	1.92368e-008	2.20674e-065	3.37947e-112	1.92368e-008	1
4.46	51	7.14143	2.46472e-008	4.71752e-065	9.51571e-112	2.46472e-008	1
4.48	52	7.2111	4.03049e-008	2.1441e-064	7.49841e-111	4.03049e-008	1
4.49	40	6.32456	5.14416e-008	4.55839e-064	2.09848e-110	5.14416e-008	1
4.51	37	6.08276	8.3474e-008	2.04905e-063	1.63351e-109	8.3474e-008	1
4.53	50	7.07107	1.34757e-007	9.14322e-063	1.26124e-108	1.34757e-007	1
4.54	31	5.56776	1.70889e-007	1.92608e-062	3.49386e-108	1.70889e-007	1
4.56	55	7.4162	2.73753e-007	8.50026e-062	2.66482e-107	2.73753e-007	1
4.57	50	7.07107	3.45815e-007	1.78079e-061	7.33703e-107	3.45815e-007	1
4.59	36	6	5.49713e-007	7.77284e-061	5.52803e-106	5.49713e-007	1
4.6	40	6.32456	6.91741e-007	1.61944e-060	1.51275e-105	6.91741e-007	1
4.62	52	7.2111	1.09114e-006	6.99104e-060	1.12591e-104	1.09114e-006	1
4.64	51	7.14143	1.71231e-006	2.99589e-059	8.31192e-104	1.71231e-006	1
4.65	57	7.54983	2.14089e-006	6.18471e-059	2.2515e-103	2.14089e-006	1
4.67	41	6.40312	3.33382e-006	2.62127e-058	1.64193e-102	3.33382e-006	1
4.68	61	7.81025	4.15219e-006	5.3816e-058	4.42047e-102	4.15219e-006	1
4.7	38	6.16441	6.41608e-006	2.25587e-057	3.18449e-101	6.41608e-006	1
4.72	49	7	9.8634e-006	9.38694e-057	2.27547e-100	9.8634e-006	1
4.73	44	6.63325	1.22058e-005	1.90955e-056	6.06398e-100	1.22058e-005	1
4.75	51	7.14143	1.86195e-005	7.8587e-056	4.28031e-099	1.86195e-005	1
4.76	45	6.7082	2.29526e-005	1.58987e-055	1.13372e-098	2.29526e-005	1
4.78	56	7.48331	3.4744e-005	6.47131e-055	7.90518e-098	3.4744e-005	1
4.79	48	6.9282	4.26644e-005	1.30199e-054	2.08107e-097	4.26644e-005	1
4.81	35	5.91608	6.40854e-005	5.24141e-054	1.43344e-096	6.40854e-005	1
4.83	39	6.245	9.57673e-005	2.09457e-053	9.79334e-096	9.57673e-005	1
4.84	21	4.58258	0.000116844	4.17561e-053	2.55199e-095	0.000116844	1
4.86	44	6.63325	0.000173265	1.65035e-052	1.72234e-094	0.000173265	1
4.87	34	5.83095	0.000210583	3.27194e-052	4.46077e-094	0.000210583	1
4.89	35	5.91608	0.000309866	1.279e-051	2.97397e-093	0.000309866	1
4.91	44	6.63325	0.000453614	4.96299e-051	1.96663e-092	0.000453614	1
4.92	39	6.245	0.000547778	9.74948e-051	5.04182e-092	0.000547778	1
4.94	28	5.2915	0.000795726	3.74165e-050	3.29352e-091	0.000795726	1
4.95	33	5.74456	0.000957204	7.30982e-050	8.39207e-091	0.000957204	1
4.97	30	5.47723	0.00137978	2.77459e-049	5.41539e-090	0.00137978	1
4.98	41	6.40312	0.00165338	5.39073e-049	1.37146e-089	0.00165338	1
5	34	5.83095	0.00236496	2.02371e-048	8.74241e-089	0.00236496	1
5.02	43	6.55744	0.0033654	7.54149e-048	5.52762e-088	0.0033654	1
5.03	38	6.16441	0.00400688	1.45182e-047	1.38568e-087	0.00400688	1
5.05	29	5.38516	0.00565804	5.35096e-047	8.65484e-087	0.00565804	1
5.06	34	5.83095	0.00671054	1.02446e-046	2.1564e-086	0.00671054	1
5.08	35	5.91608	0.00940292	3.73441e-046	1.33049e-085	0.00940292	1
5.1	28	5.2915	0.0131079	1.35131e-045	8.14239e-085	0.0131079	1
5.11	32	5.65685	0.0154464	2.56346e-045	2.00814e-084	0.0154464	1
5.13	20	4.47214	0.021367	9.17425e-045	1.21401e-083	0.021367	1
5.14	36	6	0.025082	1.73079e-044	2.97584e-083	0.025082	1
5.16	45	6.7082	0.034429	6.12632e-044	1.77716e-082	0.034429	1
5.17	38	6.16441	0.0402593	1.14942e-043	4.32969e-082	0.0402593	1
5.19	35	5.91608	0.0548368	4.02387e-043	2.55423e-081	0.0548368	1
5.21	33	5.74456	0.0743093	1.39835e-042	1.49459e-080	0.0743093	1
5.22	31	5.56776	0.0863356	2.59958e-042	3.60435e-080	0.0863356	1
5.24	24	4.89898	0.116093	8.93477e-042	2.08342e-079	0.116093	1
5.25	33	5.74456	0.134362	1.65187e-041	4.99372e-079	0.134362	1
5.27	37	6.08276	0.179282	5.61522e-041	2.85143e-078	0.179282	1
5.29	30	5.47723	0.237993	1.8948e-040	1.61495e-077	0.237993	1
5.3	33	5.74456	0.273677	3.47108e-040	3.83159e-077	0.273677	1
5.32	32	5.65685	0.360504	1.15844e-039	2.1437e-076	0.360504	1
5.33	45	6.7082	0.412959	2.11047e-039	5.05508e-076	0.412959	1
5.35	34	5.83095	0.539789	6.96619e-039	2.79383e-075	0.539789	1
5.36	27	5.19615	0.615948	1.26214e-038	6.54799e-075	0.615948	1
5.38	27	5.19615	0.798927	4.12034e-038	3.57493e-074	0.798927	1
5.4	29	5.38516	1.03094	1.33526e-037	1.93591e-073	1.03094	1
5.41	31	5.56776	1.16885	2.3971e-037	4.49125e-073	1.16885	1
5.43	32	5.65685	1.49669	7.68297e-037	2.40255e-072	1.49669	1
5.44	37	6.08276	1.69036	1.37168e-036	5.53985e-072	1.69036	1
5.46	39	6.245	2.14782	4.34817e-036	2.92747e-071	2.14782	1
5.48	30	5.47723	2.71507	1.36825e-035	1.53442e-070	2.71507	1
5.49	23	4.79583	3.04672	2.42046e-035	3.50221e-070	3.04672	1
5.51	29	5.38516	3.82174	7.533e-035	1.81335e-069	3.82174	1
5.52	38	6.16441	4.27205	1.32527e-034	4.11362e-069	4.27205	1
5.54	29	5.38516	5.31753	4.07929e-034	2.10403e-068	5.31753	1
5.55	35	5.91608	5.92118	7.13719e-034	4.74392e-068	5.92118	1
5.57	28	5.2915	7.31354	2.17278e-033	2.39691e-067	7.31354	1
5.59	28	5.2915	8.98692	6.56618e-033	1.20123e-066	8.98692	1
5.6	26	5.09902	9.94292	1.13832e-032	2.68093e-066	9.94292	1
5.62	31	5.56776	12.1239	3.40227e-032	1.32723e-065	12.1239	1
5.63	36	6	13.3619	5.86576e-032	2.94408e-065	13.3619	1
5.65	31	5.56776	16.1675	1.73396e-031	1.43979e-064	16.1675	1
5.67	33	5.74456	19.4618	5.08818e-031	6.98403e-064	19.4618	1
5.68	37	6.08276	21.3115	8.69213e-031	1.53349e-063	21.3115	1
5.7	51	7.14143	25.4564	2.52266e-030	7.34814e-063	25.4564	1
5.71	34	5.83095	27.7684	4.28575e-030	1.6036e-062	27.7684	1
5.73	39	6.245	32.914	1.23018e-029	7.59067e-062	32.914	1
5.74	50	7.07107	35.765	2.07846e-029	1.64643e-061	35.765	1
5.76	46	6.78233	42.0662	5.90058e-029	7.69865e-061	42.0662	1
5.78	65	8.06226	49.2236	1.66285e-028	3.57062e-060	49.2236	1
5.79	54	7.34847	53.144	2.78378e-028	7.66621e-060	53.144	1
5.81	59	7.68115	61.7078	7.75896e-028	3.51235e-059	61.7078	1
5.82	52	7.2111	66.3658	1.29178e-027	7.49511e-059	66.3658	1
5.84	83	9.11043	76.4672	3.56097e-027	3.39221e-058	76.4672	1
5.85	61	7.81025	81.9223	5.89603e-027	7.19461e-058	81.9223	1
5.87	62	7.87401	93.6654	1.60749e-026	3.21662e-057	93.6654	1
5.89	84	9.16515	106.542	4.35054e-026	1.42643e-056	106.542	1
5.9	89	9.43398	113.41	7.13745e-026	2.99466e-056	113.41	1
5.92	111	10.5357	128.008	1.9105e-025	1.31186e-055	128.008	1
5.93	114	10.6771	135.735	3.11711e-025	2.73734e-055	135.735	1
5.95	128	11.3137	152.028	8.25215e-025	1.18455e-054	152.028	1
5.97	123	11.0905	169.403	2.16864e-024	5.0844e-054	169.403	1
5.98	164	12.8062	178.476	3.50591e-024	1.05016e-053	178.476	1
6	163	12.7671	197.343	9.11238e-024	4.45273e-053	197.343	1
6.01	161	12.6886	207.112	1.46504e-023	9.14081e-053	207.112	1
6.03	191	13.8203	227.244	3.76609e-023	3.82864e-052	227.244	1
6.04	254	15.9374	237.573	6.02163e-023	7.81173e-052	237.573	1
6.06	241	15.5242	258.661	1.53096e-022	3.23218e-051	258.661	1
6.08	220	14.8324	280.174	3.86386e-022	1.32648e-050	280.174	1
6.09	312	17.6635	291.03	6.12143e-022	2.67903e-050	291.03	1
6.11	261	16.1555	312.81	1.52799e-021	1.0861e-049	312.81	1
6.12	336	18.3303	323.678	2.40744e-021	2.18017e-049	323.678	1
6.14	358	18.9209	345.225	5.94338e-021	8.73116e-049	345.225	1
6.16	362	19.0263	366.315	1.45652e-020	3.46827e-048	366.315	1
6.17	438	20.9284	376.61	2.27385e-020	6.89135e-048	376.61	1
6.19	409	20.2237	396.543	5.51131e-020	2.70416e-047	396.543	1
6.2	417	20.4206	406.116	8.55666e-020	5.34034e-047	406.116	1
6.22	445	21.095	424.321	2.0512e-019	2.07007e-046	424.321	1
6.23	420	20.4939	432.89	3.1671e-019	4.06316e-046	432.89	1
6.25	509	22.561	448.815	7.50888e-019	1.55585e-045	448.815	1
6.27	456	21.3542	462.936	1.76724e-018	5.90922e-045	462.936	1
6.28	558	23.622	469.255	2.70369e-018	1.14811e-044	469.255	1
6.3	519	22.7816	480.295	6.29343e-018	4.30757e-044	480.295	1
6.31	551	23.4734	484.975	9.57535e-018	8.3182e-044	484.975	1
6.33	538	23.1948	492.566	2.20442e-017	3.08295e-043	492.566	1
6.35	591	24.3105	497.706	5.0378e-017	1.13335e-042	497.706	1
6.36	537	23.1733	499.331	7.5948e-017	2.16637e-042	499.331	1
6.38	580	24.0832	500.661	1.71661e-016	7.86713e-042	500.661	1
6.39	578	24.0416	500.359	2.57367e-016	1.49462e-041	500.359	1
6.41	562	23.7065	497.831	5.75332e-016	5.36169e-041	497.831	1
6.42	523	22.8692	495.614	8.57836e-016	1.01242e-040	495.614	1
6.44	487	22.0681	489.317	1.89662e-015	3.58772e-040	489.317	1
6.46	547	23.388	480.618	4.16258e-015	1.26106e-039	480.618	1
6.47	505	22.4722	475.408	6.14974e-015	2.35704e-039	475.408	1
6.49	475	21.7945	463.363	1.3349e-014	8.18412e-039	463.363	1
6.5	508	22.5389	456.574	1.96132e-014	1.52036e-038	456.574	1
6.52	430	20.7364	441.583	4.21065e-014	5.21482e-038	441.583	1
6.54	478	21.8632	424.891	8.97343e-014	1.77415e-037	424.891	1
6.55	399	19.975	415.979	1.30637e-013	3.26241e-037	415.979	1
6.57	443	21.0476	397.175	2.75349e-013	1.09642e-036	397.175	1
6.58	375	19.3649	387.346	3.98654e-013	2.00387e-036	387.346	1
6.6	387	19.6723	366.991	8.31045e-013	6.65268e-036	366.991	1
6.61	346	18.6011	356.53	1.19658e-012	1.20846e-035	356.53	1
6.63	288	16.9706	335.195	2.46706e-012	3.9632e-035	335.195	1
6.65	327	18.0831	313.519	5.04922e-012	1.2892e-034	313.519	1
6.66	288	16.9706	302.628	7.2036e-012	2.31808e-034	302.628	1
6.68	229	15.1327	280.88	1.45816e-011	7.44884e-034	280.88	1
6.69	233	15.2643	270.077	2.06888e-011	1.33119e-033	270.077	1
6.71	213	14.5945	248.74	4.1419e-011	4.22561e-033	248.74	1
6.73	187	13.6748	227.912	8.23134e-011	1.33044e-032	227.912	1
6.74	162	12.7279	217.741	1.1572e-010	2.35354e-032	217.741	1
6.76	170	13.0384	197.973	2.27452e-010	7.3201e-032	197.973	1
6.77	144	12	188.409	3.18004e-010	1.28702e-031	188.409	1
6.79	157	12.53	169.987	6.18193e-010	3.95429e-031	169.987	1
6.8	128	11.3137	161.151	8.59552e-010	6.91006e-031	161.151	1
6.82	132	11.4891	144.275	1.65262e-009	2.09726e-030	144.275	1
6.84	99	9.94987	128.503	3.15414e-009	6.31365e-030	128.503	1
6.85	91	9.53939	121.042	4.34547e-009	1.09211e-029	121.042	1
6.87	82	9.05539	106.981	8.20266e-009	3.24776e-029	106.981	1
6.88	90	9.48683	100.381	1.12387e-008	5.58359e-029	100.381	1
6.9	60	7.74597	88.0369	2.09818e-008	1.64028e-028	88.0369	1
6.91	80	8.94427	82.2873	2.85897e-008	2.8028e-028	82.2873	1
6.93	82	9.05539	71.6132	5.27894e-008	8.13361e-028	71.6132	1
6.95	55	7.4162	62.0035	9.67588e-008	2.34117e-027	62.0035	1
6.96	78	8.83176	57.5824	1.30637e-007	3.95987e-027	57.5824	1
6.98	49	7	49.472	2.3682e-007	1.12595e-026	49.472	1
6.99	63	7.93725	45.7673	3.17978e-007	1.89282e-026	45.7673	1
7.01	64	8	39.0185	5.70113e-007	5.31662e-026	39.0185	1
7.03	67	8.18535	33.094	1.01469e-006	1.48122e-025	33.094	1
7.04	51	7.14143	30.4194	1.34995e-006	2.46481e-025	30.4194	1
7.06	53	7.28011	25.6021	2.37629e-006	6.78352e-025	25.6021	1
7.07	55	7.4162	23.4422	3.14407e-006	1.12192e-024	23.4422	1
7.09	57	7.54983	19.578	5.47371e-006	3.05016e-024	19.578	1
7.1	61	7.81025	17.8573	7.20243e-006	5.01389e-024	17.8573	1
7.12	47	6.85565	14.799	1.24016e-005	1.34655e-023	14.799	1
7.14	40	6.32456	12.2015	2.11975e-005	3.58697e-023	12.2015	1
7.15	39	6.245	11.0577	2.7637e-005	5.8365e-023	11.0577	1
7.17	49	7	9.04672	4.67204e-005	1.53584e-022	9.04668	1
7.18	52	7.2111	8.16708	6.05784e-005	2.48379e-022	8.16701	1
7.2	50	7.07107	6.63043	0.000101285	6.45648e-022	6.63032	1
7.22	33	5.74456	5.3553	0.000168103	1.6647e-021	5.35513	1
7.23	54	7.34847	4.80362	0.000215971	2.66488e-021	4.8034	1
7.25	38	6.16441	3.85008	0.000354518	6.78742e-021	3.84973	1
7.26	44	6.63325	3.44025	0.000452962	1.07992e-020	3.43979	1
7.28	62	7.87401	2.73638	0.000735384	2.7171e-020	2.73564	1
7.29	56	7.48331	2.43585	0.000934421	4.2967e-020	2.43492	1
7.31	44	6.63325	1.92307	0.00150039	1.06792e-019	1.92157	1
7.33	44	6.63325	1.51106	0.00239152	2.63269e-019	1.50866	1
7.34	59	7.68115	1.33722	0.003011	4.121e-019	1.3342	1
7.36	63	7.93725	1.0442	0.00474668	1.00358e-018	1.03945	1
7.37	40	6.32456	0.921651	0.00594336	1.56134e-018	0.915708	1
7.39	36	6	0.717188	0.0092666	3.75608e-018	0.707921	1
7.41	46	6.78233	0.558815	0.0143422	8.96251e-018	0.544473	1
7.42	63	7.93725	0.494371	0.0177937	1.38022e-017	0.476578	1
7.44	54	7.34847	0.390961	0.0272377	3.25336e-017	0.363723	1
7.45	44	6.63325	0.350747	0.0336067	4.97961e-017	0.31714	1
7.47	55	7.4162	0.291058	0.0508793	1.15949e-016	0.240179	1
7.48	45	6.7082	0.271042	0.0624311	1.7639e-016	0.208611	1
7.5	34	5.83095	0.250253	0.0934816	4.05725e-016	0.156771	1
7.52	44	6.63325	0.256158	0.13895	9.25654e-016	0.117209	1
7.53	55	7.4162	0.270088	0.168937	1.39389e-015	0.10115	1
7.55	52	7.2111	0.323394	0.248352	3.14148e-015	0.0750422	1
7.56	42	6.48074	0.364801	0.30029	4.70173e-015	0.0645113	1
7.58	49	7	0.4841	0.436608	1.04677e-014	0.047492	1
7.6	31	5.56776	0.664941	0.630158	2.31154e-014	0.0347831	1
7.61	58	7.61577	0.784682	0.754972	3.42451e-014	0.0297101	1
7.63	63	7.93725	1.09929	1.0777	7.47028e-014	0.0215922	1
7.64	66	8.12404	1.30243	1.28406	1.09996e-013	0.018372	1
7.66	64	8	1.8261	1.81285	2.37031e-013	0.0132494	1
7.67	69	8.30662	2.15933	2.1481	3.46888e-013	0.0112299	1
7.69	57	7.54983	3.00748	2.99945	7.3842e-013	0.00803641	1
7.71	51	7.14143	4.16325	4.15753	1.55911e-012	0.00572152	1
7.72	88	9.38083	4.88611	4.88129	2.25857e-012	0.00481834	1
7.74	51	7.14143	6.69514	6.69173	4.71079e-012	0.00340402	1
7.75	59	7.68115	7.81631	7.81345	6.7826e-012	0.00285562	1
7.77	76	8.7178	10.5959	10.5939	1.39747e-011	0.0020019	1
7.79	54	7.34847	14.26	14.2586	2.85595e-011	0.00139619	1
7.8	87	9.32738	16.4976	16.4964	4.07029e-011	0.00116375	1
7.82	81	9	21.9602	21.9594	8.21712e-011	0.000805396	1
7.83	103	10.1489	25.2667	25.2661	1.16396e-010	0.000668723	1
7.85	101	10.0499	33.2647	33.2643	2.32124e-010	0.000459242	1
7.86	114	10.6771	38.0632	38.0628	3.26801e-010	0.000379841	1
7.88	111	10.5357	49.5624	49.5622	6.43802e-010	0.000258847	1
7.9	119	10.9087	64.0632	64.063	1.258e-009	0.000175488	1
7.91	106	10.2956	72.6338	72.6337	1.75314e-009	0.000144216	1
7.93	147	12.1244	92.8549	92.8548	3.38401e-009	9.70206e-005	1
7.94	191	13.8203	104.698	104.698	4.68718e-009	7.94238e-005	1
7.96	171	13.0767	132.378	132.378	8.93748e-009	5.3021e-005	1
7.97	203	14.2478	148.442	148.442	1.23038e-008	4.32372e-005	1
7.99	211	14.5258	185.628	185.628	2.31755e-008	2.86418e-005	1
8.01	242	15.5563	230.429	230.429	4.32991e-008	1.88759e-005	1
8.02	317	17.8045	256.027	256.027	5.90033e-008	1.5294e-005	1
8.04	312	17.6635	314.331	314.331	1.08896e-007	1.00017e-005	1
8.05	381	19.5192	347.33	347.33	1.47487e-007	8.07256e-006	1
8.07	467	21.6102	421.749	421.749	2.68893e-007	5.23853e-006	1
8.09	544	23.3238	508.362	508.362	4.86253e-007	3.38198e-006	1
8.1	511	22.6053	556.59	556.59	6.51893e-007	2.71215e-006	1
8.12	772	27.7849	663.536	663.536	1.16452e-006	1.73749e-006	1
8.13	672	25.923	722.49	722.49	1.55169e-006	1.38799e-006	1
8.15	787	28.0535	851.865	851.865	2.73819e-006	8.82348e-007	1
8.16	902	30.0333	922.449	922.449	3.62631e-006	7.02147e-007	1
8.18	1088	32.9848	1075.7	1075.7	6.32138e-006	4.42922e-007	1
8.2	1149	33.8969	1245.22	1245.22	1.09299e-005	2.77965e-007	1
8.21	1246	35.2987	1336.06	1336.06	1.43282e-005	2.19777e-007	1
8.23	1519	38.9744	1529.65	1529.65	2.44728e-005	1.36865e-007	1
8.24	1619	40.2368	1632.21	1632.21	3.18862e-005	1.07797e-007	1
8.26	1710	41.3521	1848.21	1848.21	5.38001e-005	6.66134e-008	1
8.28	1976	44.4522	2077.47	2077.47	9.00372e-005	4.09524e-008	1
8.29	2069	45.4863	2196.48	2196.48	0.000116122	3.2048e-008	1
8.31	2425	49.2443	2441.85	2441.85	0.000191973	1.95508e-008	1
8.32	2436	49.3559	2567.54	2567.54	0.00024608	1.52408e-008	1
8.34	2664	51.614	2823.05	2823.05	0.000401874	9.22608e-009	1
8.35	2920	54.037	2952.04	2952.04	0.000511999	7.16446e-009	1
8.37	3337	57.7668	3210.21	3210.21	0.000825983	4.30367e-009	1
8.39	3058	55.2992	3465.39	3465.38	0.0013217	2.57193e-009	1
8.4	3427	58.5406	3590.57	3590.57	0.0016668	1.9844e-009	1
8.42	3684	60.696	3833.46	3833.46	0.00263471	1.17678e-009	1
8.43	3949	62.8411	3950.09	3950.09	0.00330239	9.04458e-010	1
8.45	4262	65.284	4171.05	4171.05	0.00515662	5.3223e-010	1
8.47	4108	64.0937	4372.1	4372.09	0.00798655	3.11583e-010	1
8.48	4571	67.6092	4463.9	4463.89	0.00990897	2.37943e-010	1
8.5	4788	69.1954	4627.74	4627.73	0.0151604	1.38227e-010	1
8.51	4449	66.7008	4698.93	4698.91	0.0186949	1.05151e-010	1
8.53	4963	70.4486	4817.97	4817.94	0.0282549	6.06151e-011	1
8.54	4739	68.8404	4865.18	4865.15	0.0346299	4.5933e-011	1
8.56	4831	69.5054	4933.72	4933.67	0.0517021	2.62746e-011	1
8.58	5148	71.7496	4966.58	4966.5	0.076564	1.49525e-011	1
8.59	5089	71.3372	4969.37	4969.28	0.092887	1.1258e-011	1
8.61	4997	70.6895	4947.61	4947.48	0.135881	6.35745e-012	1
8.62	5575	74.6659	4923.18	4923.02	0.163845	4.76821e-012	1
8.64	4577	67.6535	4847.89	4847.65	0.236769	2.67191e-012	1
8.66	4864	69.7424	4738.81	4738.47	0.339371	1.48954e-012	1
8.67	4908	70.0571	4672.31	4671.91	0.405062	1.11002e-012	1
8.69	4818	69.4118	4517.17	4516.6	0.573534	6.14054e-013	1
8.7	4607	67.8749	4429.34	4428.66	0.680377	4.55834e-013	1
8.72	4141	64.3506	4235.42	4234.47	0.951646	2.50224e-013	1
8.73	4424	66.5132	4130.31	4129.19	1.12204	1.85034e-013	1
8.75	4087	63.9296	3906.37	3904.82	1.55033	1.00791e-013	1
8.77	3638	60.3158	3667.72	3665.59	2.12469	5.462e-014	1
8.78	3870	62.2093	3544.23	3541.75	2.47972	4.01309e-014	1
8.8	3240	56.921	3291.65	3288.3	3.35708	2.15803e-014	1
8.81	3256	57.0614	3163.62	3159.73	3.89416	1.57946e-014	1
8.83	2990	54.6809	2906.64	2901.43	5.20788	8.42812e-015	1
8.85	2811	53.0189	2651.64	2644.74	6.90823	4.47423e-015	1
8.86	2632	51.303	2526.01	2518.08	7.93216	3.25367e-015	1
8.88	2783	52.7541	2280.51	2270.12	10.394	1.71398e-015	1
8.89	1624	40.2989	2161.38	2149.52	11.8619	1.24161e-015	1
8.91	2018	44.9222	1931.95	1916.59	15.3545	6.49028e-016	1
8.92	1747	41.7971	1822.21	1804.79	17.4159	4.68343e-016	1
8.94	1622	40.2741	1613.84	1591.57	22.2698	2.42934e-016	1
8.96	1366	36.9594	1421.5	1393.26	28.2451	1.25365e-016	1
8.97	1251	35.3695	1331.69	1299.98	31.7124	8.9884e-017	1
8.99	1211	34.7994	1165.25	1125.52	39.7323	4.60274e-017	1
9	1017	31.8904	1088.73	1044.39	44.3377	3.28734e-017	1
9.02	802	28.3196	949.186	894.31	54.8751	1.67042e-017	1
9.03	861	29.3428	886.146	825.284	60.8624	1.18844e-017	1
9.05	676	26	773.35	698.938	74.4114	5.99242e-018	1
9.07	662	25.7294	677.836	587.598	90.2377	3.00602e-018	1
9.08	521	22.8254	636.352	537.284	99.0682	2.12494e-018	1
9.1	555	23.5584	565.419	446.741	118.678	1.05775e-018	1
9.11	466	21.587	535.739	406.241	129.497	7.44838e-019	1
9.13	495	22.2486	487.321	334.076	153.245	3.67911e-019	1
9.15	405	20.1246	452.592	272.718	179.874	1.80795e-019	1
9.16	422	20.5426	440.007	245.726	194.282	1.26494e-019	1
9.18	428	20.6882	423.663	198.394	225.269	6.16825e-020	1
9.19	460	21.4476	419.604	177.775	241.83	4.29901e-020	1
9.21	386	19.6469	418.95	141.957	276.992	2.0802e-020	1
9.22	410	20.2485	422.046	126.504	295.542	1.44422e-020	1
9.24	498	22.3159	434.307	99.9085	334.399	6.93452e-021	1
9.26	473	21.7486	453.618	78.3262	375.292	3.31255e-021	1
9.27	497	22.2935	465.524	69.161	396.363	2.28505e-021	1
9.29	534	23.1084	493.052	53.6261	439.426	1.08315e-021	1
9.3	473	21.7486	508.359	47.0907	461.268	7.44295e-022	1
9.32	595	24.3926	541.277	36.1127	505.165	3.50092e-022	1
9.34	587	24.2281	576.237	27.491	548.746	1.63826e-022	1
9.35	637	25.2389	594.101	23.9198	570.181	1.11852e-022	1
9.37	615	24.7992	629.85	18.0094	611.841	5.19388e-023	1
9.38	757	27.5136	647.448	15.5837	631.864	3.53246e-023	1
9.4	564	23.7487	681.392	11.6044	669.788	1.62768e-023	1
9.41	725	26.9258	697.476	9.98619	687.489	1.10275e-023	1
9.43	749	27.3679	727.247	7.35462	719.892	5.04215e-024	1
9.45	815	28.5482	753.077	5.37684	747.7	2.2936e-024	1
9.46	815	28.5482	764.262	4.58473	759.678	1.54394e-024	1
9.48	689	26.2488	782.745	3.31505	779.43	6.96913e-025	1
9.49	814	28.5307	789.898	2.81113	787.087	4.67319e-025	1
9.51	882	29.6985	799.745	2.01033	797.734	2.09318e-025	1
9.53	747	27.3313	803.386	1.42712	801.959	9.32749e-026	1
9.54	841	29	802.823	1.19911	801.624	6.21448e-026	1
9.56	793	28.1603	796.914	0.841906	796.072	2.74795e-026	1
9.57	773	27.8029	791.592	0.703506	790.888	1.82378e-026	1
9.59	807	28.4077	776.351	0.488518	775.862	8.0024e-027	1
9.6	706	26.5707	766.516	0.405966	766.11	5.29062e-027	1
9.62	715	26.7395	742.696	0.278813	742.417	2.30357e-027	1
9.64	805	28.3725	713.804	0.190083	713.614	9.97837e-028	1
9.65	650	25.4951	697.655	0.156516	697.498	6.55466e-028	1
9.67	619	24.8797	662.393	0.105536	662.287	2.81744e-028	1
9.68	622	24.9399	643.47	0.0864214	643.384	1.84361e-028	1
9.7	640	25.2982	603.535	0.0576329	603.477	7.86354e-029	1
9.72	545	23.3452	561.487	0.0381528	561.449	3.33681e-029	1
9.73	513	22.6495	539.923	0.0309568	539.892	2.16945e-029	1
9.75	557	23.6008	496.206	0.0202685	496.185	9.13503e-030	1
9.76	445	21.095	474.241	0.0163553	474.225	5.91631e-030	1
9.78	382	19.5448	430.546	0.0105909	430.536	2.47205e-030	1
9.79	438	20.9284	408.981	0.00849912	408.972	1.59485e-030	1
9.81	339	18.412	366.786	0.00544326	366.78	6.61259e-031	1
9.83	360	18.9737	326.274	0.0034606	326.27	2.72764e-031	1
9.84	293	17.1172	306.788	0.00275169	306.785	1.74846e-031	1
9.86	276	16.6132	269.585	0.00173022	269.584	7.15676e-032	1
9.87	237	15.3948	251.94	0.00136822	251.939	4.56991e-032	1
9.89	269	16.4012	218.697	0.000850878	218.696	1.85616e-032	1
9.91	179	13.3791	188.299	0.000525274	188.298	7.5004e-033	1
9.92	170	13.0384	174.189	0.000411574	174.189	4.75862e-033	1
9.94	156	12.49	148.154	0.00025129	148.154	1.90808e-033	1
9.95	117	10.8167	136.217	0.000195813	136.217	1.20591e-033	1
9.97	132	11.4891	114.449	0.000118244	114.449	4.7982e-034	1
9.98	109	10.4403	104.586	9.16331e-005	104.586	3.02079e-034	1
10	79	8.88819	86.8045	5.47268e-005	86.8044	1.19269e-034	1
10.02	83	9.11043	71.4609	3.24455e-005	71.4609	4.68489e-035	1
10.03	61	7.81025	64.6404	2.49135e-005	64.6403	2.93053e-035	1
10.05	58	7.61577	52.5676	1.46083e-005	52.5676	1.14226e-035	1
10.06	31	5.56776	47.2604	1.11554e-005	47.2604	7.11759e-036	1
10.08	36	6	37.9664	6.46932e-006	37.9664	2.75294e-036	1
10.1	42	6.48074	30.2524	3.72426e-006	30.2524	1.05931e-036	1
10.11	28	5.2915	26.9223	2.81795e-006	26.9223	6.55839e-037	1
10.13	27	5.19615	21.1914	1.60444e-006	21.1914	2.5042e-037	1
10.14	23	4.79583	18.7437	1.20732e-006	18.7437	1.54443e-037	1
10.16	12	3.4641	14.5744	6.79864e-007	14.5744	5.85174e-038	1
10.17	9	3	12.8124	5.08774e-007	12.8124	3.59506e-038	1
10.19	17	4.12311	9.84136	2.83358e-007	9.84136	1.35167e-038	1
10.21	16	4	7.49786	1.56658e-007	7.49786	5.05589e-039	1
10.22	13	3.60555	6.52455	1.16162e-007	6.52455	3.08619e-039	1
10.24	16	4	4.91044	6.35172e-008	4.91044	1.1455e-039	1
10.25	11	3.31662	4.24695	4.6839e-008	4.24695	6.96537e-040	1
10.27	7	2.64575	3.15744	2.53305e-008	3.15744	2.56545e-040	1
10.28	4	2	2.71416	1.85766e-008	2.71416	1.55394e-040	1
10.3	6	2.44949	1.99334	9.93601e-009	1.99334	5.67936e-041	1
10.32	15	3.87298	1.45206	5.27552e-009	1.45206	2.06504e-041	1
10.33	12	3.4641	1.23554	3.83349e-009	1.23554	1.24281e-041	1
10.35	12	3.4641	0.889097	2.01307e-009	0.889097	4.48413e-042	1
10.36	11	3.31662	0.751912	1.45476e-009	0.751912	2.68829e-042	1
10.38	6	2.44949	0.534498	7.55554e-010	0.534498	9.62491e-043	1
10.4	11	3.31662	0.376863	3.89534e-010	0.376863	3.42832e-043	1
10.41	9	3	0.315482	2.78925e-010	0.315482	2.04213e-043	1
10.43	14	3.74166	0.219735	1.42225e-010	0.219735	7.21795e-044	1
10.44	14	3.74166	0.182825	1.0128e-010	0.182825	4.28292e-044	1
10.46	18	4.24264	0.12579	5.10768e-011	0.12579	1.50216e-044	1
10.47	10	3.16228	0.104022	3.61723e-011	0.104022	8.87902e-045	1
10.49	12	3.4641	0.0707012	1.8042e-011	0.0707012	3.0902e-045	1
10.51	9	3	0.0476635	8.93309e-012	0.0476635	1.06997e-045	1
10.52	18	4.24264	0.0390155	6.26848e-012	0.0390155	6.28384e-046	1
10.54	12	3.4641	0.0259827	3.06964e-012	0.0259827	2.15902e-046	1
10.55	14	3.74166	0.0211388	2.14217e-012	0.0211388	1.26309e-046	1
10.57	14	3.74166	0.0139064	1.0375e-012	0.0139064	4.30635e-047	1
10.59	13	3.60555	0.00907419	4.98806e-013	0.00907419	1.46066e-047	1
10.6	16	4	0.00730762	3.4491e-013	0.00730762	8.49047e-048	1
10.62	13	3.60555	0.00471039	1.64005e-013	0.00471039	2.85771e-048	1
10.63	12	3.4641	0.00377024	1.12781e-013	0.00377024	1.65471e-048	1
10.65	22	4.69042	0.0024007	5.30394e-014	0.0024007	5.52655e-049	1
10.66	8	2.82843	0.00190983	3.62729e-014	0.00190983	3.18773e-049	1
10.68	5	2.23607	0.0012013	1.68715e-014	0.0012013	1.05647e-049	1
10.7	13	3.60555	0.000749489	7.78991e-015	0.000749489	3.48338e-050	1
10.71	12	3.4641	0.000590194	5.27867e-015	0.000590194	1.99633e-050	1
10.73	10	3.16228	0.000363745	2.41053e-015	0.000363745	6.53161e-051	1
10.74	8	2.82843	0.000284689	1.62446e-015	0.000284689	3.72885e-051	1
10.76	5	2.23607	0.000173325	7.33682e-016	0.000173325	1.21062e-051	1
10.78	11	3.31662	0.000104667	3.28937e-016	0.000104667	3.91025e-052	1
10.79	8	2.82843	8.10878e-005	2.19643e-016	8.10878e-005	2.21801e-052	1
10.81	5	2.23607	4.83718e-005	9.7394e-017	4.83718e-005	7.10897e-053	1
10.82	7	2.64575	3.72462e-005	6.46759e-017	3.72462e-005	4.01689e-053	1
10.84	5	2.23607	2.19486e-005	2.8364e-017	2.19486e-005	1.27755e-053	1
10.85	3	1.73205	1.67973e-005	1.87319e-017	1.67973e-005	7.1909e-054	1
10.87	3	1.73205	9.77805e-006	8.12487e-018	9.77805e-006	2.26943e-054	1
10.89	6	2.44949	5.64576e-006	3.4983e-018	5.64576e-006	7.1255e-055	1
10.9	12	3.4641	4.2769e-006	2.28918e-018	4.2769e-006	3.98497e-055	1
10.92	3	1.73205	2.43943e-006	9.74836e-019	2.43943e-006	1.24156e-055	1
10.93	2	1.41421	1.8367e-006	6.34395e-019	1.8367e-006	6.91675e-056	1
10.95	5	2.23607	1.03487e-006	2.6719e-019	1.03487e-006	2.13841e-056	1
10.97	7	2.64575	5.78347e-007	1.11709e-019	5.78347e-007	6.57726e-057	1
10.98	4	2	4.31035e-007	7.20318e-020	4.31035e-007	3.64068e-057	1
11	3	1.73205	2.3796e-007	2.97853e-020	2.3796e-007	1.11117e-057	1
11.01	4	2	1.76268e-007	1.91004e-020	1.76268e-007	6.12692e-058	1
11.03	4	2	9.61285e-008	7.81142e-021	9.61285e-008	1.85561e-058	1
11.04	4	2	7.07724e-008	4.98168e-021	7.07724e-008	1.01923e-058	1
11.06	4	2	3.81269e-008	2.01499e-021	3.81269e-008	3.0631e-059	1
11.08	4	2	2.03731e-008	8.09053e-022	2.03731e-008	9.15831e-060	1
11.09	3	1.73205	1.48471e-008	5.11247e-022	1.48471e-008	4.99809e-060	1
11.11	2	1.41421	7.8371e-009	2.03023e-022	7.8371e-009	1.48287e-060	1
11.12	1	1	5.67655e-009	1.27586e-022	5.67655e-009	8.06149e-061	1
11.14	1	1	2.95996e-009	5.01103e-023	2.95996e-009	2.37335e-061	1
11.16	6	2.44949	1.53089e-009	1.9537e-023	1.53089e-009	6.95137e-062	1
11.17	4	2	1.09761e-009	1.21654e-023	1.09761e-009	3.7548e-062	1
11.19	4	2	5.60783e-010	4.69099e-024	5.60783e-010	1.09129e-062	1
11.2	3	1.73205	3.99614e-010	2.90494e-024	3.99614e-010	5.87193e-063	1
11.22	6	2.44949	2.01686e-010	1.10787e-024	2.01686e-010	1.69349e-063	1
11.23	6	2.44949	1.42845e-010	6.82283e-025	1.42845e-010	9.07703e-064	1
11.25	3	1.73205	7.12177e-011	2.5735e-025	7.12177e-011	2.59771e-064	1
11.27	5	2.23607	3.52184e-011	9.63586e-026	3.52184e-011	7.39607e-065	1
11.28	3	1.73205	2.46906e-011	5.87998e-026	2.46906e-011	3.93884e-065	1
11.3	1	1	1.20615e-011	2.17747e-026	1.20615e-011	1.11282e-065	1
11.31	4	2	8.40441e-012	1.32143e-026	8.40441e-012	5.90356e-066	1
11.33	2	1.41421	4.05569e-012	4.83981e-027	4.05569e-012	1.65507e-066	1
11.34	3	1.73205	2.80876e-012	2.92095e-027	2.80876e-012	8.74638e-067	1
11.36	1	1	1.33893e-012	1.05808e-027	1.33893e-012	2.43319e-067	1
11.38	6	2.44949	6.33085e-013	3.80472e-028	6.33085e-013	6.73422e-068	1
11.39	1	1	4.33996e-013	2.27524e-028	4.33996e-013	3.53594e-068	1
11.41	5	2.23607	2.02711e-013	8.09168e-029	2.02711e-013	9.71096e-069	1
11.42	4	2	1.38116e-013	4.81224e-029	1.38116e-013	5.07928e-069	1
11.44	3	1.73205	6.37268e-014	1.69266e-029	6.37268e-014	1.38422e-069	1
11.46	1	1	2.91648e-014	5.91015e-030	2.91648e-014	3.75295e-070	1
11.47	6	2.44949	1.96698e-014	3.48269e-030	1.96698e-014	1.95037e-070	1
11.49	3	1.73205	8.8925e-015	1.20269e-030	8.8925e-015	5.24723e-071	1
11.5	2	1.41421	5.96085e-015	7.04816e-031	5.96085e-015	2.71642e-071	1
11.52	4	2	2.66208e-015	2.40727e-031	2.66208e-015	7.25197e-072	1
11.53	6	2.44949	1.77357e-015	1.40298e-031	1.77357e-015	3.73979e-072	1
11.55	1	1	7.82436e-016	4.73925e-032	7.82436e-016	9.9072e-073	1
11.57	2	1.41421	3.42379e-016	1.58919e-032	3.42379e-016	2.61107e-073	1
11.58	2	1.41421	2.25792e-016	9.17719e-033	2.25792e-016	1.33787e-073	1
11.6	7	2.64575	9.76011e-017	3.04358e-033	9.76011e-017	3.49887e-074	1
11.61	4	2	6.39735e-017	1.74793e-033	6.39735e-017	1.78586e-074	1
11.63	2	1.41421	2.73171e-017	5.73336e-034	2.73171e-017	4.63453e-075	1
11.65	7	2.64575	1.15698e-017	1.86681e-034	1.15698e-017	1.19654e-075	1
11.66	2	1.41421	7.50662e-018	1.0623e-034	7.50662e-018	6.06809e-076	1
11.68	0	1	3.14069e-018	3.42098e-035	3.14069e-018	1.55461e-076	1
11.69	4	2	2.02529e-018	1.93599e-035	2.02529e-018	7.85357e-077	1
11.71	2	1.41421	8.37056e-019	6.16615e-036	8.37056e-019	1.99656e-077	1
11.72	4	2	5.36489e-019	3.47034e-036	5.36489e-019	1.00473e-077	1
11.74	2	1.41421	2.19036e-019	1.09318e-036	2.19036e-019	2.53461e-078	1
11.76	3	1.73205	8.87013e-020	3.41839e-037	8.87013e-020	6.36115e-079	1
11.77	0	1	5.62742e-020	1.90628e-037	5.62742e-020	3.1806e-079	1
11.79	4	2	2.25118e-020	5.89556e-038	2.25118e-020	7.92099e-080	1
11.8	4	2	1.41949e-020	3.26961e-038	1.41949e-020	3.94526e-080	1
11.82	4	2	5.60949e-021	1.0001e-038	5.60949e-021	9.74971e-081	1
11.84	5	2.23607	2.19873e-021	3.03667e-039	2.19873e-021	2.39702e-081	1
11.85	10	3.16228	1.37236e-021	1.66869e-039	1.37236e-021	1.18624e-081	1
11.87	2	1.41421	5.31377e-022	5.01119e-040	5.31377e-022	2.894e-082	1
11.88	3	1.73205	3.29642e-022	2.73858e-040	3.29642e-022	1.42666e-082	1
11.9	2	1.41421	1.26086e-022	8.1339e-041	1.26086e-022	3.45377e-083	1
11.91	4	2	7.7741e-023	4.42067e-041	7.7741e-023	1.69606e-083	1
11.93	5	2.23607	2.93739e-023	1.29859e-041	2.93739e-023	4.07434e-084	1
11.95	3	1.73205	1.10086e-023	3.78671e-042	1.10086e-023	9.73728e-085	1
11.96	4	2	6.71873e-024	2.0392e-042	6.71873e-024	4.75105e-085	1
11.98	2	1.41421	2.48739e-024	5.88111e-043	2.48739e-024	1.12672e-085	1
11.99	3	1.73205	1.50885e-024	3.14965e-043	1.50885e-024	5.47634e-086	1
12.01	6	2.44949	5.51811e-025	8.98404e-044	5.51811e-025	1.28873e-086	1
12.03	5	2.23607	2.00168e-025	2.54383e-044	2.00168e-025	3.01716e-087	1
12.04	5	2.23607	1.2019e-025	1.34989e-044	1.2019e-025	1.45706e-087	1
12.06	3	1.73205	4.30684e-026	3.78029e-045	4.30684e-026	3.38501e-088	1
12.07	7	2.64575	2.57026e-026	1.99499e-045	2.57026e-026	1.62841e-088	1
12.09	3	1.73205	9.0982e-027	5.52557e-046	9.0982e-027	3.75396e-089	1
12.1	2	1.41421	5.39656e-027	2.9e-046	5.39656e-027	1.79893e-089	1
12.12	8	2.82843	1.88705e-027	7.94409e-047	1.88705e-027	4.11518e-090	1
12.14	2	1.41421	6.54498e-028	2.16021e-047	6.54498e-028	9.36538e-091	1
12.15	7	2.64575	3.84276e-028	1.12338e-047	3.84276e-028	4.45918e-091	1
12.17	7	2.64575	1.31661e-028	3.02126e-048	1.31661e-028	1.00702e-091	1
12.18	4	2	7.68306e-029	1.56251e-048	7.68306e-029	4.7763e-092	1
12.2	9	3	2.60037e-029	4.15618e-049	2.60037e-029	1.07034e-092	1
12.22	1	1	8.72959e-030	1.09742e-049	8.72959e-030	2.38623e-093	1
12.23	5	2.23607	5.04249e-030	5.62362e-050	5.04249e-030	1.12453e-093	1
12.25	3	1.73205	1.67222e-030	1.4686e-050	1.67222e-030	2.48776e-094	1
12.26	6	2.44949	9.60036e-031	7.48431e-051	9.60036e-031	1.16785e-094	1
12.28	7	2.64575	3.14501e-031	1.93308e-051	3.14501e-031	2.56373e-095	1
12.29	3	1.73205	1.79457e-031	9.79721e-052	1.79457e-031	1.19888e-095	1
12.31	5	2.23607	5.80742e-032	2.50271e-052	5.80742e-032	2.61159e-096	1
12.33	6	2.44949	1.86408e-032	6.34638e-053	1.86408e-032	5.65977e-097	1
12.34	9	3	1.05287e-032	3.18703e-053	1.05287e-032	2.6297e-097	1
12.36	6	2.44949	3.33845e-033	7.99303e-054	3.33845e-033	5.65518e-098	1
12.37	11	3.31662	1.87414e-033	3.99187e-054	1.87414e-033	2.61744e-098	1
12.39	13	3.60555	5.87026e-034	9.90174e-055	5.87026e-034	5.5855e-099	1
12.4	5	2.23607	3.27535e-034	4.91792e-055	3.27535e-034	2.57523e-099	1
12.42	7	2.64575	1.01345e-034	1.2065e-055	1.01345e-034	5.45314e-100	1
12.44	11	3.31662	3.11031e-035	2.93818e-056	3.11031e-035	1.14879e-100	1
12.45	17	4.12311	1.71781e-035	1.44596e-056	1.71781e-035	5.26259e-101	1
12.47	15	3.87298	5.20794e-036	3.48271e-057	5.20794e-036	1.10012e-101	1
12.48	11	3.31662	2.8588e-036	1.70452e-057	2.8588e-036	5.02021e-102	1
12.5	9	3	8.56172e-037	4.06043e-058	8.56172e-037	1.04138e-102	1
12.52	11	3.31662	2.5433e-037	9.60174e-059	2.5433e-037	2.1491e-103	1
12.53	16	4	1.38193e-037	4.65631e-059	1.38193e-037	9.74415e-104	1
12.55	9	3	4.05519e-038	1.089e-059	4.05519e-038	1.99544e-104	1
12.56	9	3	2.19001e-038	5.25201e-060	2.19001e-038	9.01257e-105	1
12.58	15	3.87298	6.34829e-039	1.21485e-060	6.34829e-039	1.83143e-105	1
12.59	7	2.64575	3.40749e-039	5.82672e-061	3.40749e-039	8.2399e-106	1
12.61	12	3.4641	9.7574e-040	1.33301e-061	9.7574e-040	1.66153e-106	1
12.63	16	4	2.77135e-040	3.02723e-062	2.77135e-040	3.33319e-107	1
12.64	5	2.23607	1.47246e-040	1.43865e-062	1.47246e-040	1.49004e-107	1
12.66	14	3.74166	4.13131e-041	3.23132e-063	4.13131e-041	2.96615e-108	1
12.67	7	2.64575	2.18164e-041	1.52719e-063	2.18164e-041	1.32085e-108	1
12.69	12	3.4641	6.04667e-042	3.39256e-064	6.04667e-042	2.60913e-109	1
12.71	9	3	1.66229e-042	7.48115e-065	1.66229e-042	5.12745e-110	1
12.72	3	1.73205	8.68912e-043	3.50341e-065	8.68912e-043	2.26864e-110	1
12.74	11	3.31662	2.35969e-043	7.64084e-066	2.35969e-043	4.42403e-111	1
12.75	7	2.64575	1.22593e-043	3.55851e-066	1.22593e-043	1.94987e-111	1
12.77	11	3.31662	3.28878e-044	7.67589e-067	3.28878e-044	3.77314e-112	1
12.78	10	3.16228	1.6982e-044	3.55518e-067	1.6982e-044	1.65658e-112	1
12.8	9	3	4.50033e-045	7.58458e-068	4.50033e-045	3.18095e-113	1
12.82	5	2.23607	1.18293e-045	1.60623e-068	1.18293e-045	6.07665e-114	1
12.83	9	3	6.04626e-046	7.37138e-069	6.04626e-046	2.65081e-114	1
12.85	4	2	1.56996e-046	1.54396e-069	1.56996e-046	5.02496e-115	1
12.86	12	3.4641	7.97554e-047	7.04663e-070	7.97554e-047	2.18359e-115	1
12.88	11	3.31662	2.04573e-047	1.45975e-070	2.04573e-047	4.10742e-116	1
12.9	9	3	5.20471e-048	3.00179e-071	5.20471e-048	7.68655e-117	1
12.91	6	2.44949	2.61723e-048	1.35748e-071	2.61723e-048	3.31875e-117	1
12.93	7	2.64575	6.57774e-049	2.76088e-072	6.57774e-049	6.16286e-118	1
12.94	6	2.44949	3.2875e-049	1.24167e-072	3.2875e-049	2.65062e-118	1
12.96	7	2.64575	8.16186e-050	2.49764e-073	8.16186e-050	4.8843e-119	1
12.97	6	2.44949	4.05436e-050	1.1171e-073	4.05436e-050	2.09262e-119	1
12.99	4	2	9.94335e-051	2.22242e-074	9.94335e-051	3.8264e-120	1
13.01	6	2.44949	2.41881e-051	4.38899e-075	2.41881e-051	6.96072e-121	1
13.02	6	2.44949	1.18935e-051	1.94508e-075	1.18935e-051	2.96311e-121	1
13.04	4	2	2.85802e-052	3.79915e-076	2.85802e-052	5.3488e-122	1
13.05	6	2.44949	1.39674e-052	1.67441e-076	1.39674e-052	2.26816e-122	1
13.07	10	3.16228	3.31558e-053	3.23461e-077	3.31558e-053	4.06282e-123	1
13.09	2	1.41421	7.80661e-054	6.20279e-078	7.80661e-054	7.24014e-124	1
13.1	3	1.73205	3.77647e-054	2.70877e-078	3.77647e-054	3.05048e-124	1
13.12	6	2.44949	8.78367e-055	5.13746e-079	8.78367e-055	5.39427e-125	1
13.13	3	1.73205	4.22322e-055	2.2312e-079	4.22322e-055	2.264e-125	1
13.15	2	1.41421	9.70335e-056	4.18527e-080	9.70335e-056	3.97271e-126	1
13.16	3	1.73205	4.63695e-056	1.80767e-080	4.63695e-056	1.66094e-126	1
13.18	4	2	1.05244e-056	3.35362e-081	1.05244e-056	2.89207e-127	1
13.2	2	1.41421	2.36932e-057	6.17612e-082	2.36932e-057	5.0099e-128	1
13.21	2	1.41421	1.12075e-057	2.64313e-082	1.12075e-057	2.08114e-128	1
13.23	4	2	2.49241e-058	4.81427e-083	2.49241e-058	3.57739e-129	1
13.24	5	2.23607	1.17178e-058	2.04899e-083	1.17178e-058	1.48034e-129	1
13.26	2	1.41421	2.57423e-059	3.69114e-084	2.57423e-059	2.52506e-130	1
13.28	5	2.23607	5.60926e-060	6.60068e-085	5.60926e-060	4.28497e-131	1
13.29	7	2.64575	2.6104e-060	2.78359e-085	2.6104e-060	1.76176e-131	1
13.31	1	1	5.61892e-061	4.92315e-086	5.61892e-061	2.96666e-132	1
13.32	2	1.41421	2.59895e-061	2.06474e-086	2.59895e-061	1.21504e-132	1
13.34	3	1.73205	5.52627e-062	3.61171e-087	5.52627e-062	2.03028e-133	1
13.35	7	2.64575	2.54051e-062	1.50639e-087	2.54051e-062	8.28326e-134	1
13.37	7	2.64575	5.33632e-063	2.60613e-088	5.33632e-063	1.37345e-134	1
13.39	8	2.82843	1.11179e-063	4.4757e-089	1.11179e-063	2.26564e-135	1
13.4	2	1.41421	5.05923e-064	1.84967e-089	5.05923e-064	9.18417e-136	1
13.42	3	1.73205	1.04124e-064	3.14174e-090	1.04124e-064	1.50336e-136	1
13.43	3	1.73205	4.70931e-065	1.29125e-090	4.70931e-065	6.07064e-137	1
13.45	4	2	9.57443e-066	2.16917e-091	9.57443e-066	9.86058e-138	1
13.46	3	1.73205	4.3039e-066	8.86621e-092	4.3039e-066	3.96641e-138	1
13.48	2	1.41421	8.64382e-067	1.4731e-092	8.64382e-067	6.3931e-139	1
13.5	6	2.44949	1.7219e-067	2.42959e-093	1.7219e-067	1.02515e-139	1
13.51	2	1.41421	7.66179e-068	9.83977e-094	7.66179e-068	4.09722e-140	1
13.53	2	1.41421	1.50772e-068	1.60508e-094	1.50772e-068	6.51947e-141	1
13.54	4	2	6.66785e-069	6.46477e-095	6.66785e-069	2.59558e-141	1
13.56	1	1	1.29617e-069	1.04297e-095	1.29617e-069	4.0983e-142	1
13.58	4	2	2.49919e-070	1.67032e-096	2.49919e-070	6.43779e-143	1
13.59	2	1.41421	1.09405e-070	6.66601e-097	1.09405e-070	2.54662e-143	1
13.61	3	1.73205	2.08383e-071	1.05585e-097	2.08383e-071	3.96957e-144	1
13.62	2	1.41421	9.06661e-072	4.19058e-098	9.06661e-072	1.5642e-144	1
13.64	1	1	1.70591e-072	6.56478e-099	1.70591e-072	2.41946e-145	1
13.65	1	1	7.37706e-073	2.59117e-099	7.37706e-073	9.49711e-146	1
13.67	4	2	1.37114e-073	4.0147e-100	1.37114e-073	1.45768e-146	1
13.69	4	2	2.52778e-074	6.1747e-101	2.52778e-074	2.22585e-147	1
13.7	3	1.73205	1.08203e-074	2.4149e-101	1.08203e-074	8.68107e-148	1
13.72	6	2.44949	1.97054e-075	3.67344e-102	1.97054e-075	1.31539e-148	1
13.73	3	1.73205	8.38357e-076	1.42877e-102	8.38357e-076	5.11039e-149	1
13.75	1	1	1.50821e-076	2.14954e-103	1.50821e-076	7.68386e-150	1
13.77	1	1	2.69124e-077	3.21022e-104	2.69124e-077	1.14939e-150	1
13.78	4	2	1.13337e-077	1.23718e-104	1.13337e-077	4.43685e-151	1
13.8	3	1.73205	1.99779e-078	1.82739e-105	1.99779e-078	6.58581e-152	1
13.81	3	1.73205	8.362e-079	7.00379e-106	8.362e-079	2.53243e-152	1
13.83	1	1	1.45605e-079	1.02316e-106	1.45605e-079	3.73009e-153	1
13.84	2	1.41421	6.05734e-080	3.89986e-107	6.05734e-080	1.4288e-153	1
13.86	3	1.73205	1.04192e-080	5.63467e-108	1.04192e-080	2.08832e-154	1
13.88	2	1.41421	1.77766e-081	8.08153e-109	1.77766e-081	3.0366e-155	1
13.89	1	1	7.32027e-082	3.05217e-109	7.32027e-082	1.1557e-155	1
13.91	3	1.73205	1.23375e-082	4.32957e-110	1.23375e-082	1.66755e-156	1
13.92	1	1	5.04951e-083	1.62617e-110	5.04951e-083	6.32206e-157	1
13.94	4	2	8.40694e-084	2.28145e-111	8.40694e-084	9.05191e-158	1
13.96	2	1.41421	1.3883e-084	3.17733e-112	1.3883e-084	1.28939e-158	1
13.97	3	1.73205	5.62444e-085	1.18247e-112	5.62444e-085	4.85702e-159	1
13.99	5	2.23607	9.17517e-086	1.62874e-113	9.17517e-086	6.86533e-160	1
14	4	2	3.69448e-086	6.02818e-114	3.69448e-086	2.57613e-160	1
14.02	2	1.41421	5.95354e-087	8.21217e-115	5.95354e-087	3.61331e-161	1
14.03	2	1.41421	2.38264e-087	3.02271e-115	2.38264e-087	1.35063e-161	1
14.05	8	2.82843	3.79287e-088	4.07266e-116	3.79287e-088	1.87983e-162	1
14.07	8	2.82843	5.98875e-089	5.44711e-117	5.98875e-089	2.60294e-163	1
14.08	2	1.41421	2.37242e-089	1.98661e-117	2.37242e-089	9.66716e-164	1
14.1	4	2	3.70039e-090	2.62791e-118	3.70039e-090	1.32829e-164	1
14.11	6	2.44949	1.45696e-090	9.53152e-119	1.45696e-090	4.91416e-165	1
14.13	3	1.73205	2.24487e-091	1.24701e-119	2.24487e-091	6.70019e-166	1
14.15	3	1.73205	3.43079e-092	1.61951e-120	3.43079e-092	9.08843e-167	1
14.16	2	1.41421	1.33711e-092	5.82029e-121	1.33711e-092	3.34081e-167	1
14.18	3	1.73205	2.01863e-093	7.476e-122	2.01863e-093	4.49675e-168	1
14.19	4	2	7.8194e-094	2.67198e-122	7.8194e-094	1.64658e-168	1
14.21	3	1.73205	1.16614e-094	3.39444e-123	1.16614e-094	2.19926e-169	1
14.22	5	2.23607	4.48964e-095	1.20653e-123	4.48964e-095	8.02205e-170	1
14.24	5	2.23607	6.61419e-096	1.51594e-124	6.61419e-096	1.06322e-170	1
14.26	3	1.73205	9.66497e-097	1.89074e-125	9.66497e-097	1.40193e-171	1
14.27	3	1.73205	3.68328e-097	6.65902e-126	3.68328e-097	5.08089e-172	1
14.29	2	1.41421	5.31675e-098	8.21431e-127	5.31675e-098	6.64797e-173	1
14.3	5	2.23607	2.01383e-098	2.87709e-127	2.01383e-098	2.40007e-173	1
14.32	7	2.64575	2.87159e-099	3.51014e-128	2.87159e-099	3.11615e-174	1
14.34	5	2.23607	4.06144e-100	4.2511e-129	4.06144e-100	4.0251e-175	1
14.35	7	2.64575	1.52276e-100	1.47534e-129	1.52276e-100	1.44384e-175	1
14.37	0	1	2.12753e-101	1.76718e-130	2.12753e-101	1.85064e-176	1
14.38	4	2	7.92814e-102	6.09924e-131	7.92814e-102	6.6128e-177	1
14.4	4	2	1.09422e-102	7.22558e-132	1.09422e-102	8.41075e-178	1
14.41	3	1.73205	4.05269e-103	2.48013e-132	4.05269e-103	2.99379e-178	1
14.43	7	2.64575	5.5254e-104	2.9059e-133	5.5254e-104	3.77847e-179	1
14.45	3	1.73205	7.47211e-105	3.37982e-134	7.47211e-105	4.74434e-180	1
14.46	5	2.23607	2.73939e-105	1.14948e-134	2.73939e-105	1.6779e-180	1
14.48	4	2	3.6595e-106	1.32229e-135	3.6595e-106	2.0906e-181	1
14.49	7	2.64575	1.33345e-106	4.4724e-136	1.33345e-106	7.36522e-182	1
14.51	5	2.23607	1.75967e-107	5.08831e-137	1.75967e-107	9.10619e-183	1
14.53	6	2.44949	2.30327e-108	5.74663e-138	2.30327e-108	1.12009e-183	1
14.54	3	1.73205	8.30756e-109	1.92591e-138	8.30756e-109	3.92076e-184	1
14.56	5	2.23607	1.07417e-109	2.15122e-139	1.07417e-109	4.78553e-185	1
14.57	5	2.23607	3.85076e-110	7.16988e-140	3.85076e-110	1.66867e-185	1
14.59	5	2.23607	4.91853e-111	7.92085e-141	4.91853e-111	2.02105e-186	1
14.6	3	1.73205	1.75247e-111	2.62545e-141	1.75247e-111	7.02008e-187	1
14.62	4	2	2.2112e-112	2.86862e-142	2.2112e-112	8.43712e-188	1
14.64	2	1.41421	2.76734e-113	3.11135e-143	2.76734e-113	1.00881e-188	1
14.65	5	2.23607	9.76005e-114	1.02186e-143	9.76005e-114	3.4816e-189	1
14.67	4	2	1.20663e-114	1.09616e-144	1.20663e-114	4.13086e-190	1
14.68	3	1.73205	4.22968e-115	3.58031e-145	4.22968e-115	1.42014e-190	1
14.7	4	2	5.16557e-116	3.79854e-146	5.16557e-116	1.67201e-191	1
14.71	4	2	1.79968e-116	1.23386e-146	1.79968e-116	5.72604e-192	1
14.73	7	2.64575	2.17117e-117	1.29471e-147	2.17117e-117	6.68971e-193	1
14.75	4	2	2.59806e-118	1.3486e-148	2.59806e-118	7.77542e-194	1
14.76	4	2	8.95983e-119	4.34053e-149	8.95983e-119	2.64572e-194	1
14.78	2	1.41421	1.05912e-119	4.47162e-150	1.05912e-119	3.05145e-195	1
14.79	5	2.23607	3.63026e-120	1.43129e-150	3.63026e-120	1.03431e-195	1
14.81	4	2	4.23906e-121	1.45834e-151	4.23906e-121	1.18374e-196	1
14.83	7	2.64575	4.90976e-122	1.47502e-152	4.90976e-122	1.34781e-197	1
14.84	3	1.73205	1.66582e-122	4.67811e-153	1.66582e-122	4.53917e-198	1
14.86	4	2	1.90592e-123	4.67971e-154	1.90592e-123	5.12855e-199	1
14.87	3	1.73205	6.42712e-124	1.47603e-154	6.42712e-124	1.72054e-199	1
14.89	4	2	7.26411e-125	1.46034e-155	7.26411e-125	1.92898e-200	1
14.9	1	1	2.43465e-125	4.58073e-156	2.43465e-125	6.44646e-201	1
14.92	4	2	2.71826e-126	4.48232e-157	2.71826e-126	7.17184e-202	1
14.94	2	1.41421	3.01025e-127	4.3539e-158	3.01025e-127	7.93786e-203	1
14.95	3	1.73205	9.9869e-128	1.35322e-158	9.9869e-128	2.63573e-203	1
14.97	0	1	1.09252e-128	1.30003e-159	1.09252e-128	2.89481e-204	1
14.98	2	1.41421	3.60248e-129	4.01834e-160	3.60248e-129	9.57505e-205	1
15	1	1	3.89305e-130	3.81805e-161	3.89305e-130	1.04353e-205	1
15.02	2	1.41421	4.17287e-131	3.60116e-162	4.17287e-131	1.13145e-206	1
15.03	4	2	1.36201e-131	1.10292e-162	1.36201e-131	3.71843e-207	1
15.05	3	1.73205	1.44216e-132	1.02886e-163	1.44216e-132	4.00068e-208	1
15.06	2	1.41421	4.67846e-133	3.13375e-164	4.67846e-133	1.30973e-208	1
15.08	7	2.64575	4.89355e-134	2.89125e-165	4.89355e-134	1.39831e-209	1
15.09	4	2	1.57782e-134	8.75786e-166	1.57782e-134	4.56009e-210	1
15.11	4	2	1.63029e-135	7.99151e-167	1.63029e-135	4.83102e-211	1
15.13	2	1.41421	1.67083e-136	7.23879e-168	1.67083e-136	5.09177e-212	1
15.14	3	1.73205	5.3326e-137	2.17264e-168	5.3326e-137	1.64985e-212	1
15.16	3	1.73205	5.39876e-138	1.94641e-169	5.39876e-138	1.72552e-213	1
15.17	3	1.73205	1.71255e-138	5.80979e-170	1.71255e-138	5.56953e-214	1
15.19	1	1	1.71272e-139	5.14775e-171	1.71272e-139	5.78016e-215	1
15.21	4	2	1.69898e-140	4.52773e-172	1.69898e-140	5.96794e-216	1
15.22	6	2.44949	5.33471e-141	1.33911e-172	5.33471e-141	1.91394e-216	1
15.24	2	1.41421	5.22757e-142	1.1649e-173	5.22757e-142	1.96092e-217	1
15.25	7	2.64575	1.63142e-142	3.42632e-174	1.63142e-142	6.26449e-218	1
15.27	1	1	1.57922e-143	2.94789e-175	1.57922e-143	6.36886e-219	1
15.28	2	1.41421	4.89839e-144	8.62294e-176	4.89839e-144	2.0268e-219	1
15.3	2	1.41421	4.68401e-145	7.33751e-177	4.68401e-145	2.04472e-220	1
15.32	9	3	4.44264e-146	6.19795e-178	4.44264e-146	2.0522e-221	1
15.33	2	1.41421	1.36403e-146	1.79639e-178	1.36403e-146	6.48893e-222	1
15.35	8	2.82843	1.27801e-147	1.50076e-179	1.27801e-147	6.46257e-223	1
15.36	2	1.41421	3.89998e-148	4.32581e-180	3.89998e-148	2.03555e-223	1
15.38	2	1.41421	3.60962e-149	3.57427e-181	3.60962e-149	2.01168e-224	1
15.4	3	1.73205	3.31374e-150	2.93166e-182	3.31374e-150	1.97788e-225	1
15.41	4	2	1.00096e-150	8.37296e-183	1.00096e-150	6.18988e-226	1
15.43	5	2.23607	9.07744e-152	6.79227e-184	9.07744e-152	6.03906e-227	1
15.44	3	1.73205	2.72526e-152	1.92924e-184	2.72526e-152	1.88267e-227	1
15.46	1	1	2.44141e-153	1.54786e-185	2.44141e-153	1.82266e-228	1
15.47	4	2	7.28498e-154	4.37227e-186	7.28498e-154	5.66024e-229	1
15.49	3	1.73205	6.44686e-155	3.46947e-187	6.44686e-155	5.43767e-230	1
15.51	1	1	5.65883e-156	2.73291e-188	5.65883e-156	5.19703e-231	1
15.52	1	1	1.67143e-156	7.64907e-189	1.67143e-156	1.60357e-231	1
15.54	3	1.73205	1.44929e-157	5.95911e-190	1.44929e-157	1.52081e-232	1
15.55	4	2	4.25461e-158	1.65871e-190	4.25461e-158	4.67445e-233	1
15.57	2	1.41421	3.64429e-159	1.27806e-191	3.64429e-159	4.39911e-234	1
15.59	0	1	3.09618e-160	9.77553e-193	3.09618e-160	4.11872e-235	1
15.6	3	1.73205	8.99713e-161	2.69611e-193	8.99713e-161	1.25783e-235	1
15.62	3	1.73205	7.551e-162	2.03956e-194	7.551e-162	1.1686e-236	1
15.63	0	1	2.18085e-162	5.5942e-195	2.18085e-162	3.55507e-237	1
15.65	2	1.41421	1.80807e-163	4.18549e-196	1.80807e-163	3.27746e-238	1
15.66	1	1	5.19015e-164	1.1417e-196	5.19015e-164	9.93215e-239	1
15.68	0	1	4.25066e-165	8.44834e-198	4.25066e-165	9.08611e-240	1
15.7	0	1	3.45295e-166	6.20578e-199	3.45295e-166	8.26945e-241	1
15.71	2	1.41421	9.81136e-167	1.6773e-199	9.81136e-167	2.48993e-241	1
15.73	2	1.41421	7.87319e-168	1.21856e-200	7.87319e-168	2.2487e-242	1
15.74	3	1.73205	2.22348e-168	3.27541e-201	2.22348e-168	6.74474e-243	1
15.76	0	1	1.76256e-169	2.35348e-202	1.76256e-169	6.04443e-244	1
15.77	1	1	4.94732e-170	6.29123e-203	4.94732e-170	1.80597e-244	1
15.79	1	1	3.87407e-171	4.47085e-204	3.87407e-171	1.60601e-245	1
15.81	2	1.41421	3.00901e-172	3.15392e-205	3.00901e-172	1.42085e-246	1
15.82	1	1	8.36032e-173	8.3538e-206	8.36032e-173	4.21802e-247	1
15.84	3	1.73205	6.41455e-174	5.82848e-207	6.41455e-174	3.703e-248	1
15.85	3	1.73205	1.77137e-174	1.5353e-207	1.77137e-174	1.09506e-248	1
15.87	2	1.41421	1.34258e-175	1.05943e-208	1.34258e-175	9.53957e-250	1
15.89	5	2.23607	1.00932e-176	7.25707e-210	1.00932e-176	8.26768e-251	1
15.9	1	1	2.75897e-177	1.89412e-210	2.75897e-177	2.42925e-251	1
15.92	2	1.41421	2.04892e-178	1.28323e-211	2.04892e-178	2.08917e-252	1
15.93	2	1.41421	5.56654e-179	3.33086e-212	5.56654e-179	6.11484e-253	1
15.95	5	2.23607	4.08367e-180	2.23184e-213	4.08367e-180	5.21833e-254	1
15.96	1	1	1.10269e-180	5.76129e-214	1.10269e-180	1.52148e-254	1
15.98	1	1	7.99113e-182	3.81801e-215	7.99113e-182	1.28842e-255	1
16	5	2.23607	5.74407e-183	2.51166e-216	5.74407e-183	1.08546e-256	1
16.01	2	1.41421	1.53531e-183	6.42429e-217	1.53531e-183	3.14451e-257	1
16.03	4	2	1.09017e-184	4.17983e-218	1.09017e-184	2.62879e-258	1
16.04	3	1.73205	2.89613e-185	1.06323e-218	2.89613e-185	7.58608e-259	1
16.06	9	3	2.03144e-186	6.84181e-220	2.03144e-186	6.2931e-260	1
16.08	3	1.73205	1.41335e-187	4.3704e-221	1.41335e-187	5.19369e-261	1
16.09	3	1.73205	3.71658e-188	1.10154e-221	3.71658e-188	1.48917e-261	1
16.11	2	1.41421	2.55433e-189	6.95919e-223	2.55433e-189	1.21955e-262	1
16.12	4	2	6.67598e-190	1.74438e-223	6.67598e-190	3.48329e-263	1
16.14	2	1.41421	4.53248e-191	1.08996e-224	4.53248e-191	2.83069e-264	1
16.15	3	1.73205	1.17738e-191	2.71705e-225	1.17738e-191	8.05389e-265	1
16.17	4	2	7.89635e-193	1.67911e-226	7.89635e-193	6.49463e-266	1
16.19	3	1.73205	5.25283e-194	1.03006e-227	5.25283e-194	5.21035e-267	1
16.2	2	1.41421	1.35067e-194	2.54425e-228	1.35067e-194	1.47294e-267	1
16.22	2	1.41421	8.87571e-196	1.54368e-229	8.87571e-196	1.17258e-268	1
16.23	1	1	2.26831e-196	3.7919e-230	2.26831e-196	3.30204e-269	1
16.25	0	1	1.47246e-197	2.27543e-231	1.47246e-197	2.60847e-270	1
16.27	4	2	9.48081e-199	1.35542e-232	9.48081e-199	2.05e-271	1
16.28	0	1	2.39838e-199	3.29901e-233	2.39838e-199	5.73587e-272	1
16.3	5	2.23607	1.52548e-200	1.9436e-234	1.52548e-200	4.47314e-273	1
16.31	2	1.41421	3.8355e-201	4.70458e-235	3.8355e-201	1.24675e-273	1
16.33	4	2	2.4099e-202	2.74128e-236	2.4099e-202	9.64806e-275	1
16.34	4	2	6.02225e-203	6.5989e-237	6.02225e-203	2.67874e-275	1
16.36	2	1.41421	3.73785e-204	3.80289e-238	3.73785e-204	2.05701e-276	1
16.38	2	1.41421	2.30115e-205	2.17552e-239	2.30115e-205	1.57146e-277	1
16.39	7	2.64575	5.69217e-206	5.18907e-240	5.69217e-206	4.33511e-278	1
16.41	4	2	3.46169e-207	2.93595e-241	3.46169e-207	3.28636e-279	1
16.42	3	1.73205	8.51069e-208	6.96434e-242	8.51069e-208	9.03095e-280	1
16.44	4	2	5.11285e-209	3.89716e-243	5.11285e-209	6.7935e-281	1
16.46	5	2.23607	3.04662e-210	2.16483e-244	3.04662e-210	5.08414e-282	1
16.47	6	2.44949	7.41428e-211	5.0882e-245	7.41428e-211	1.38817e-282	1
16.49	2	1.41421	4.36428e-212	2.79543e-246	4.36428e-212	1.03089e-283	1
16.5	0	1	1.05562e-212	6.53422e-247	1.05562e-212	2.80387e-284	1
16.52	3	1.73205	6.13817e-214	3.55049e-248	6.13817e-214	2.0662e-285	1
16.53	1	1	1.47563e-214	8.25351e-249	1.47563e-214	5.59812e-286	1
16.55	4	2	8.4761e-216	4.43551e-250	8.4761e-216	4.09358e-287	1
16.57	1	1	4.82918e-217	2.36622e-251	4.82918e-217	2.97802e-288	1
16.58	4	2	1.14917e-217	5.45021e-252	1.14917e-217	8.01682e-289	1
16.6	2	1.41421	6.46771e-219	2.87564e-253	6.46771e-219	5.78726e-290	1
16.61	1	1	1.5297e-219	6.58715e-254	1.5297e-219	1.55192e-290	1
16.63	3	1.73205	8.50469e-221	3.43739e-255	8.50469e-221	1.1117e-291	1
16.65	5	2.23607	4.68997e-222	1.7806e-256	4.68997e-222	7.92258e-293	1
16.66	3	1.73205	1.09799e-222	4.04146e-257	1.09799e-222	2.1109e-293	1
16.68	1	1	5.98133e-224	2.07055e-258	5.98133e-224	1.49278e-294	1
16.69	6	2.44949	1.39178e-224	4.67371e-259	1.39178e-224	3.96204e-295	1
16.71	3	1.73205	7.48956e-226	2.36821e-260	7.48956e-226	2.7803e-296	1
16.72	2	1.41421	1.7321e-226	5.31619e-261	1.7321e-226	7.35086e-297	1
16.74	5	2.23607	9.20761e-228	2.66421e-262	9.20761e-228	5.11866e-298	1
16.76	3	1.73205	4.8549e-229	1.32538e-263	4.8549e-229	3.54599e-299	1
16.77	2	1.41421	1.1114e-229	2.94803e-264	1.1114e-229	9.31514e-300	1
16.79	4	2	5.78882e-231	1.45049e-265	5.78882e-231	6.40349e-301	1
16.8	3	1.73205	1.31711e-231	3.20856e-266	1.31711e-231	1.67568e-301	1
16.82	1	1	6.77691e-233	1.56136e-267	6.77691e-233	1.14305e-302	1
16.83	5	2.23607	1.53253e-233	3.43481e-268	1.53253e-233	2.97963e-303	1
16.85	4	2	7.78941e-235	1.65313e-269	7.78941e-235	2.01689e-304	1
16.87	2	1.41421	3.92699e-236	7.89799e-271	3.92699e-236	1.3582e-305	1
16.88	2	1.41421	8.79041e-237	1.72157e-271	8.79041e-237	3.51776e-306	1
16.9	5	2.23607	4.37776e-238	8.13475e-273	4.37776e-238	2.35069e-307	1
16.91	4	2	9.73969e-239	1.76342e-273	9.73969e-239	6.06485e-308	1
16.93	4	2	4.79155e-240	8.24113e-275	4.79155e-240	4.02156e-309	1
16.95	4	2	2.33811e-241	3.82316e-276	2.33811e-241	2.65297e-310	1
16.96	3	1.73205	5.1491e-242	8.2119e-277	5.1491e-242	6.80084e-311	1
16.98	0	1	2.48203e-243	3.76782e-278	2.48203e-243	4.4519e-312	1
16.99	2	1.41421	5.43273e-244	8.04852e-279	5.43273e-244	1.13684e-312	1
17.01	1	1	2.58692e-245	3.65235e-280	2.58692e-245	7.38462e-314	1
17.02	2	1.41421	5.62777e-246	7.75895e-281	5.62777e-246	1.87847e-314	1
17.04	3	1.73205	2.64721e-247	3.48232e-282	2.64721e-247	1.21082e-315	1
17.06	5	2.23607	1.23509e-248	1.55146e-283	1.23509e-248	7.76436e-317	1
17.07	5	2.23607	2.65966e-249	3.26573e-284	2.65966e-249	1.9623e-317	1
17.09	4	2	1.22581e-250	1.43901e-285	1.22581e-250	1.24669e-318	1
17.1	7	2.64575	2.62359e-251	3.01236e-286	2.62359e-251	3.14147e-319	1
17.12	7	2.64575	1.19449e-252	1.3128e-287	1.19449e-252	1.97873e-320	1
17.14	3	1.73205	5.39419e-254	5.67935e-289	5.39419e-254	0	1
17.15	2	1.41421	1.1428e-254	1.17801e-289	1.1428e-254	0	1
17.17	2	1.41421	5.09803e-256	5.04034e-291	5.09803e-256	0	1
17.18	4	2	1.07347e-256	1.03972e-291	1.07347e-256	0	1
17.2	2	1.41421	4.73054e-258	4.39982e-293	4.73054e-258	0	1
17.21	1	1	9.90017e-259	9.02604e-294	9.90017e-259	0	1
17.23	2	1.41421	4.30973e-260	3.77769e-295	4.30973e-260	0	1
17.25	4	2	1.86087e-261	1.5695e-296	1.86087e-261	0	1
17.26	5	2.23607	3.85497e-262	3.1903e-297	3.85497e-262	0	1
17.28	2	1.41421	1.64428e-263	1.31092e-298	1.64428e-263	0	1
17.29	4	2	3.38551e-264	2.65004e-299	3.38551e-264	0	1
17.31	2	1.41421	1.42648e-265	1.07698e-300	1.42648e-265	0	1
17.33	4	2	5.96164e-267	4.34479e-302	5.96164e-267	0	1
17.34	5	2.23607	1.21503e-267	8.70265e-303	1.21503e-267	0	1
17.36	2	1.41421	5.01621e-269	3.47235e-304	5.01621e-269	0	1
17.37	2	1.41421	1.01611e-269	6.9169e-305	1.01611e-269	0	1
17.39	5	2.23607	4.14397e-271	2.72956e-306	4.14397e-271	0	1
17.4	3	1.73205	8.34308e-272	5.40737e-307	8.34308e-272	0	1
17.42	5	2.23607	3.36116e-273	2.11046e-308	3.36116e-273	0	1
17.44	3	1.73205	1.34311e-274	8.17665e-310	1.34311e-274	0	1
17.45	4	2	2.67666e-275	1.60501e-310	2.67666e-275	0	1
17.47	2	1.41421	1.05658e-276	6.15013e-312	1.05658e-276	0	1
17.48	2	1.41421	2.09281e-277	1.20058e-312	2.09281e-277	0	1
17.5	2	1.41421	8.16069e-279	4.54997e-314	8.16069e-279	0	1
17.52	3	1.73205	3.15633e-280	1.71172e-315	3.15633e-280	0	1
17.53	1	1	6.18846e-281	3.31089e-316	6.18846e-281	0	1
17.55	2	1.41421	2.36443e-282	1.23007e-317	2.36443e-282	0	1
17.56	3	1.73205	4.60754e-283	2.35703e-318	4.60754e-283	0	1
17.58	4	2	1.739e-284	7.36553e-320	1.739e-284	0	1
17.59	1	1	3.36812e-285	0	3.36812e-285	0	1
17.61	0	1	1.25576e-286	0	1.25576e-286	0	1
17.63	0	1	4.64391e-288	0	4.64391e-288	0	1
17.64	3	1.73205	8.90316e-289	0	8.90316e-289	0	1
17.66	2	1.41421	3.25244e-290	0	3.25244e-290	0	1
17.67	7	2.64575	6.19746e-291	0	6.19746e-291	0	1
17.69	1	1	2.23649e-292	0	2.23649e-292	0	1
17.71	3	1.73205	8.00529e-294	0	8.00529e-294	0	1
17.72	0	1	1.50992e-294	0	1.50992e-294	0	1
17.74	2	1.41421	5.33892e-296	0	5.33892e-296	0	1
17.75	4	2	1.00086e-296	0	1.00086e-296	0	1
17.77	2	1.41421	3.49592e-298	0	3.49592e-298	0	1
17.78	2	1.41421	6.51368e-299	0	6.51368e-299	0	1
17.8	2	1.41421	2.24751e-300	0	2.24751e-300	0	1
17.82	2	1.41421	7.6919e-302	0	7.6919e-302	0	1
17.83	2	1.41421	1.41864e-302	0	1.41864e-302	0	1
17.85	1	1	4.79615e-304	0	4.79615e-304	0	1
17.86	0	1	8.79173e-305	0	8.79173e-305	0	1
17.88	2	1.41421	2.93618e-306	0	2.93618e-306	0	1
17.89	2	1.41421	5.34944e-307	0	5.34944e-307	0	1
17.91	3	1.73205	1.76484e-308	0	1.76484e-308	0	1
17.93	1	1	5.77509e-310	0	5.77509e-310	0	1
17.94	2	1.41421	1.0415e-310	0	1.0415e-310	0	1
17.96	3	1.73205	3.36667e-312	0	3.36667e-312	0	1
17.97	1	1	6.03452e-313	0	6.03452e-313	0	1
17.99	1	1	1.92696e-314	0	1.92696e-314	0	1
18.01	0	1	6.10325e-316	0	6.10325e-316	0	1
18.02	1	1	1.08285e-316	0	1.08285e-316	0	1
18.04	0	1	3.38799e-318	0	3.38799e-318	0	1
18.05	4	2	5.94386e-319	0	5.94386e-319	0	1
18.07	2	1.41421	1.58496e-320	0	1.58496e-320	0	1
18.08	1	1	0	0	0	0	1
18.1	3	1.73205	0	0	0	0	1
18.12	1	1	0	0	0	0	1
18.13	0	1	0	0	0	0	1
18.15	3	1.73205	0	0	0	0	1
18.16	1	1	0	0	0	0	1
18.18	2	1.41421	0	0	0	0	1
18.2	1	1	0	0	0	0	1
18.21	2	1.41421	0	0	0	0	1
18.23	0	1	0	0	0	0	1
18.24	5	2.23607	0	0	0	0	1
18.26	1	1	0	0	0	0	1
18.27	3	1.73205	0	0	0	0	1
18.29	1	1	0	0	0	0	1
18.31	4	2	0	0	0	0	1
18.32	0	1	0	0	0	0	1
18.34	0	1	0	0	0	0	1
18.35	1	1	0	0	0	0	1
18.37	1	1	0	0	0	0	1
18.39	4	2	0	0	0	0	1
18.4	2	1.41421	0	0	0	0	1
18.42	2	1.41421	0	0	0	0	1
18.43	3	1.73205	0	0	0	0	1
18.45	0	1	0	0	0	0	1
18.46	1	1	0	0	0	0	1
18.48	4	2	0	0	0	0	1
18.5	0	1	0	0	0	0	1
18.51	0	1	0	0	0	0	1
18.53	2	1.41421	0	0	0	0	1
18.54	1	1	0	0	0	0	1
18.56	2	1.41421	0	0	0	0	1
18.58	1	1	0	0	0	0	1
18.59	1	1	0	0	0	0	1
18.61	1	1	0	0	0	0	1
18.62	0	1	0	0	0	0	1
18.64	1	1	0	0	0	0	1
18.65	2	1.41421	0	0	0	0	1
18.67	0	1	0	0	0	0	1
18.69	2	1.41421	0	0	0	0	1
18.7	1	1	0	0	0	0	1
18.72	1	1	0	0	0	0	1
18.73	2	1.41421	0	0	0	0	1
18.75	1	1	0	0	0	0	1
18.77	2	1.41421	0	0	0	0	1
18.78	1	1	0	0	0	0	1
18.8	0	1	0	0	0	0	1
18.81	1	1	0	0	0	0	1
18.83	2	1.41421	0	0	0	0	1
18.84	2	1.41421	0	0	0	0	1
18.86	1	1	0	0	0	0	1
18.88	0	1	0	0	0	0	1
18.89	1	1	0	0	0	0	1
18.91	0	1	0	0	0	0	1
18.92	0	1	0	0	0	0	1
18.94	3	1.73205	0	0	0	0	1
18.95	1	1	0	0	0	0	1
18.97	2	1.41421	0	0	0	0	1
18.99	2	1.41421	0	0	0	0	1
19	1	1	0	0	0	0	1
19.02	0	1	0	0	0	0	1
19.03	0	1	0	0	0	0	1
19.05	0	1	0	0	0	0	1
19.07	2	1.41421	0	0	0	0	1
19.08	2	1.41421	0	0	0	0	1
19.1	0	1	0	0	0	0	1
19.11	0	1	0	0	0	0	1
19.13	1	1	0	0	0	0	1
19.14	1	1	0	0	0	0	1
19.16	1	1	0	0	0	0	1
19.18	0	1	0	0	0	0	1
19.19	2	1.41421	0	0	0	0	1
19.21	0	1	0	0	0	0	1
19.22	0	1	0	0	0	0	1
19.24	1	1	0	0	0	0	1
19.26	0	1	0	0	0	0	1
19.27	1	1	0	0	0	0	1
19.29	1	1	0	0	0	0	1
19.3	2	1.41421	0	0	0	0	1
19.32	1	1	0	0	0	0	1
19.33	2	1.41421	0	0	0	0	1
19.35	1	1	0	0	0	0	1
19.37	0	1	0	0	0	0	1
19.38	0	1	0	0	0	0	1
19.4	1	1	0	0	0	0	1
19.41	0	1	0	0	0	0	1
19.43	2	1.41421	0	0	0	0	1
19.45	0	1	0	0	0	0	1
19.46	2	1.41421	0	0	0	0	1
19.48	0	1	0	0	0	0	1
19.49	1	1	0	0	0	0	1
19.51	4	2	0	0	0	0	1
19.52	0	1	0	0	0	0	1
19.54	1	1	0	0	0	0	1
19.56	1	1	0	0	0	0	1
19.57	0	1	0	0	0	0	1
19.59	2	1.41421	0	0	0	0	1
19.6	1	1	0	0	0	0	1
19.62	2	1.41421	0	0	0	0	1
19.64	0	1	0	0	0	0	1
19.65	0	1	0	0	0	0	1
19.67	2	1.41421	0	0	0	0	1
19.68	0	1	0	0	0	0	1
19.7	1	1	0	0	0	0	1
19.71	3	1.73205	0	0	0	0	1
19.73	2	1.41421	0	0	0	0	1
19.75	1	1	0	0	0	0	1
19.76	1	1	0	0	0	0	1
19.78	2	1.41421	0	0	0	0	1
19.79	1	1	0	0	0	0	1
19.81	2	1.41421	0	0	0	0	1
19.83	1	1	0	0	0	0	1
19.84	0	1	0	0	0	0	1
19.86	1	1	0	0	0	0	1
19.87	2	1.41421	0	0	0	0	1
19.89	2	1.41421	0	0	0	0	1
19.9	0	1	0	0	0	0	1
19.92	4	2	0	0	0	0	1
19.94	1	1	0	0	0	0	1
19.95	2	1.41421	0	0	0	0	1
19.97	1	1	0	0	0	0	1
19.98	4	2	0	0	0	0	1
20	0	1	0	0	0	0	1
20.02	0	1	0	0	0	0	1
20.03	2	1.41421	0	0	0	0	1
20.05	0	1	0	0	0	0	1
20.06	4	2	0	0	0	0	1
20.08	3	1.73205	0	0	0	0	1
20.09	0	1	0	0	0	0	1
20.11	1	1	0	0	0	0	1
20.13	2	1.41421	0	0	0	0	1
20.14	0	1	0	0	0	0	1
20.16	3	1.73205	0	0	0	0	1
20.17	2	1.41421	0	0	0	0	1
20.19	1	1	0	0	0	0	1
20.2	1	1	0	0	0	0	1
20.22	1	1	0	0	0	0	1
20.24	1	1	0	0	0	0	1
20.25	3	1.73205	0	0	0	0	1
20.27	2	1.41421	0	0	0	0	1
20.28	3	1.73205	0	0	0	0	1
20.3	0	1	0	0	0	0	1
20.32	0	1	0	0	0	0	1
20.33	2	1.41421	0	0	0	0	1
20.35	4	2	0	0	0	0	1
20.36	3	1.73205	0	0	0	0	1
20.38	1	1	0	0	0	0	1
20.39	0	1	0	0	0	0	1
20.41	0	1	0	0	0	0	1
20.43	0	1	0	0	0	0	1
20.44	2	1.41421	0	0	0	0	1
20.46	1	1	0	0	0	0	1
20.47	2	1.41421	0	0	0	0	1
20.49	3	1.73205	0	0	0	0	1
20.51	2	1.41421	0	0	0	0	1
20.52	1	1	0	0	0	0	1
20.54	1	1	0	0	0	0	1
20.55	1	1	0	0	0	0	1
20.57	1	1	0	0	0	0	1
20.58	2	1.41421	0	0	0	0	1
20.6	2	1.41421	0	0	0	0	1
20.62	1	1	0	0	0	0	1
20.63	2	1.41421	0	0	0	0	1
20.65	1	1	0	0	0	0	1
20.66	1	1	0	0	0	0	1
20.68	1	1	0	0	0	0	1
20.7	1	1	0	0	0	0	1
20.71	1	1	0	0	0	0	1
20.73	3	1.73205	0	0	0	0	1
20.74	0	1	0	0	0	0	1
20.76	0	1	0	0	0	0	1
20.77	1	1	0	0	0	0	1
20.79	0	1	0	0	0	0	1
20.81	1	1	0	0	0	0	1
20.82	3	1.73205	0	0	0	0	1
20.84	0	1	0	0	0	0	1
20.85	1	1	0	0	0	0	1
20.87	0	1	0	0	0	0	1
20.89	1	1	0	0	0	0	1
20.9	1	1	0	0	0	0	1
20.92	0	1	0	0	0	0	1
20.93	0	1	0	0	0	0	1
20.95	0	1	0	0	0	0	1
20.96	0	1	0	0	0	0	1
20.98	1	1	0	0	0	0	1
21	1	1	0	0	0	0	1
21.01	2	1.41421	0	0	0	0	1
21.03	1	1	0	0	0	0	1
21.04	1	1	0	0	0	0	1
21.06	0	1	0	0	0	0	1
21.08	0	1	0	0	0	0	1
21.09	2	1.41421	0	0	0	0	1
21.11	0	1	0	0	0	0	1
21.12	1	1	0	0	0	0	1
21.14	0	1	0	0	0	0	1
21.15	2	1.41421	0	0	0	0	1
21.17	1	1	0	0	0	0	1
21.19	1	1	0	0	0	0	1
21.2	1	1	0	0	0	0	1
21.22	0	1	0	0	0	0	1
21.23	3	1.73205	0	0	0	0	1
21.25	1	1	0	0	0	0	1
21.26	1	1	0	0	0	0	1
21.28	2	1.41421	0	0	0	0	1
21.3	0	1	0	0	0	0	1
21.31	0	1	0	0	0	0	1
21.33	0	1	0	0	0	0	1
21.34	0	1	0	0	0	0	1
21.36	1	1	0	0	0	0	1
21.38	1	1	0	0	0	0	1
21.39	0	1	0	0	0	0	1
21.41	2	1.41421	0	0	0	0	1
21.42	3	1.73205	0	0	0	0	1
21.44	2	1.41421	0	0	0	0	1
21.45	0	1	0	0	0	0	1
21.47	0	1	0	0	0	0	1
21.49	2	1.41421	0	0	0	0	1
21.5	2	1.41421	0	0	0	0	1
21.52	0	1	0	0	0	0	1
21.53	2	1.41421	0	0	0	0	1
21.55	4	2	0	0	0	0	1
21.57	0	1	0	0	0	0	1
21.58	2	1.41421	0	0	0	0	1
21.6	1	1	0	0	0	0	1
21.61	0	1	0	0	0	0	1
21.63	1	1	0	0	0	0	1
21.64	0	1	0	0	0	0	1
21.66	0	1	0	0	0	0	1
21.68	1	1	0	0	0	0	1
21.69	2	1.41421	0	0	0	0	1
21.71	2	1.41421	0	0	0	0	1
21.72	1	1	0	0	0	0	1
21.74	3	1.73205	0	0	0	0	1
21.76	0	1	0	0	0	0	1
21.77	1	1	0	0	0	0	1
21.79	2	1.41421	0	0	0	0	1
21.8	0	1	0	0	0	0	1
21.82	6	2.44949	0	0	0	0	1
21.83	2	1.41421	0	0	0	0	1
21.85	1	1	0	0	0	0	1
21.87	0	1	0	0	0	0	1
21.88	0	1	0	0	0	0	1
21.9	2	1.41421	0	0	0	0	1
21.91	0	1	0	0	0	0	1
21.93	0	1	0	0	0	0	1
21.95	0	1	0	0	0	0	1
21.96	1	1	0	0	0	0	1
21.98	0	1	0	0	0	0	1
21.99	1	1	0	0	0	0	1
22.01	2	1.41421	0	0	0	0	1
22.02	1	1	0	0	0	0	1
22.04	0	1	0	0	0	0	1
22.06	0	1	0	0	0	0	1
22.07	1	1	0	0	0	0	1
22.09	2	1.41421	0	0	0	0	1
22.1	3	1.73205	0	0	0	0	1
22.12	0	1	0	0	0	0	1
22.14	0	1	0	0	0	0	1
22.15	0	1	0	0	0	0	1
22.17	0	1	0	0	0	0	1
22.18	4	2	0	0	0	0	1
22.2	2	1.41421	0	0	0	0	1
22.21	1	1	0	0	0	0	1
22.23	0	1	0	0	0	0	1
22.25	1	1	0	0	0	0	1
22.26	0	1	0	0	0	0	1
22.28	0	1	0	0	0	0	1
22.29	2	1.41421	0	0	0	0	1
22.31	1	1	0	0	0	0	1
22.32	3	1.73205	0	0	0	0	1
22.34	1	1	0	0	0	0	1
22.36	1	1	0	0	0	0	1
22.37	0	1	0	0	0	0	1
22.39	0	1	0	0	0	0	1
22.4	1	1	0	0	0	0	1
22.42	1	1	0	0	0	0	1
22.44	1	1	0	0	0	0	1
22.45	1	1	0	0	0	0	1
22.47	0	1	0	0	0	0	1
22.48	0	1	0	0	0	0	1
22.5	1	1	0	0	0	0	1
22.51	0	1	0	0	0	0	1
22.53	0	1	0	0	0	0	1
22.55	0	1	0	0	0	0	1
22.56	0	1	0	0	0	0	1
22.58	2	1.41421	0	0	0	0	1
22.59	3	1.73205	0	0	0	0	1
22.61	0	1	0	0	0	0	1
22.63	1	1	0	0	0	0	1
22.64	0	1	0	0	0	0	1
22.66	1	1	0	0	0	0	1
22.67	0	1	0	0	0	0	1
22.69	0	1	0	0	0	0	1
22.7	0	1	0	0	0	0	1
22.72	1	1	0	0	0	0	1
22.74	0	1	0	0	0	0	1
22.75	3	1.73205	0	0	0	0	1
22.77	3	1.73205	0	0	0	0	1
22.78	0	1	0	0	0	0	1
22.8	1	1	0	0	0	0	1
22.82	0	1	0	0	0	0	1
22.83	0	1	0	0	0	0	1
22.85	0	1	0	0	0	0	1
22.86	0	1	0	0	0	0	1
22.88	2	1.41421	0	0	0	0	1
22.89	0	1	0	0	0	0	1
22.91	2	1.41421	0	0	0	0	1
22.93	1	1	0	0	0	0	1
22.94	1	1	0	0	0	0	1
22.96	0	1	0	0	0	0	1
22.97	0	1	0	0	0	0	1
22.99	0	1	0	0	0	0	1
23.01	0	1	0	0	0	0	1
23.02	1	1	0	0	0	0	1
23.04	0	1	0	0	0	0	1
23.05	0	1	0	0	0	0	1
23.07	1	1	0	0	0	0	1
23.08	2	1.41421	0	0	0	0	1
23.1	0	1	0	0	0	0	1
23.12	1	1	0	0	0	0	1
23.13	1	1	0	0	0	0	1
23.15	0	1	0	0	0	0	1
23.16	1	1	0	0	0	0	1
23.18	0	1	0	0	0	0	1
23.2	0	1	0	0	0	0	1
23.21	1	1	0	0	0	0	1
23.23	1	1	0	0	0	0	1
23.24	1	1	0	0	0	0	1
23.26	2	1.41421	0	0	0	0	1
23.27	0	1	0	0	0	0	1
23.29	0	1	0	0	0	0	1
23.31	0	1	0	0	0	0	1
23.32	0	1	0	0	0	0	1
23.34	1	1	0	0	0	0	1
23.35	0	1	0	0	0	0	1
23.37	2	1.41421	0	0	0	0	1
23.38	0	1	0	0	0	0	1
23.4	1	1	0	0	0	0	1
23.42	0	1	0	0	0	0	1
23.43	1	1	0	0	0	0	1
23.45	1	1	0	0	0	0	1
23.46	0	1	0	0	0	0	1
23.48	0	1	0	0	0	0	1
23.5	1	1	0	0	0	0	1
23.51	1	1	0	0	0	0	1
23.53	0	1	0	0	0	0	1
23.54	1	1	0	0	0	0	1
23.56	0	1	0	0	0	0	1
23.57	0	1	0	0	0	0	1
23.59	1	1	0	0	0	0	1
23.61	0	1	0	0	0	0	1
23.62	0	1	0	0	0	0	1
23.64	1	1	0	0	0	0	1
23.65	0	1	0	0	0	0	1
23.67	0	1	0	0	0	0	1
23.69	0	1	0	0	0	0	1
23.7	0	1	0	0	0	0	1
23.72	0	1	0	0	0	0	1
23.73	1	1	0	0	0	0	1
23.75	0	1	0	0	0	0	1
23.76	0	1	0	0	0	0	1
23.78	0	1	0	0	0	0	1
23.8	1	1	0	0	0	0	1
23.81	0	1	0	0	0	0	1
23.83	0	1	0	0	0	0	1
23.84	1	1	0	0	0	0	1
23.86	1	1	0	0	0	0	1
23.88	0	1	0	0	0	0	1
23.89	2	1.41421	0	0	0	0	1
23.91	3	1.73205	0	0	0	0	1
23.92	0	1	0	0	0	0	1
23.94	0	1	0	0	0	0	1
23.95	1	1	0	0	0	0	1
23.97	0	1	0	0	0	0	1
23.99	0	1	0	0	0	0	1
24	1	1	0	0	0	0	1
24.02	0	1	0	0	0	0	1
24.03	0	1	0	0	0	0	1
24.05	1	1	0	0	0	0	1
24.07	1	1	0	0	0	0	1
24.08	2	1.41421	0	0	0	0	1
24.1	1	1	0	0	0	0	1
24.11	1	1	0	0	0	0	1
24.13	0	1	0	0	0	0	1
24.14	0	1	0	0	0	0	1
24.16	1	1	0	0	0	0	1
24.18	0	1	0	0	0	0	1
24.19	0	1	0	0	0	0	1
24.21	0	1	0	0	0	0	1
24.22	0	1	0	0	0	0	1
24.24	1	1	0	0	0	0	1
24.26	0	1	0	0	0	0	1
24.27	0	1	0	0	0	0	1
24.29	2	1.41421	0	0	0	0	1
24.3	0	1	0	0	0	0	1
24.32	0	1	0	0	0	0	1
24.33	1	1	0	0	0	0	1
24.35	1	1	0	0	0	0	1
24.37	0	1	0	0	0	0	1
24.38	1	1	0	0	0	0	1
24.4	0	1	0	0	0	0	1
24.41	2	1.41421	0	0	0	0	1
24.43	0	1	0	0	0	0	1
24.45	4	2	0	0	0	0	1
24.46	0	1	0	0	0	0	1
24.48	1	1	0	0	0	0	1
24.49	2	1.41421	0	0	0	0	1
24.51	1	1	0	0	0	0	1
24.52	0	1	0	0	0	0	1
24.54	1	1	0	0	0	0	1
24.56	0	1	0	0	0	0	1
24.57	1	1	0	0	0	0	1
24.59	0	1	0	0	0	0	1
24.6	1	1	0	0	0	0	1
24.62	0	1	0	0	0	0	1
24.63	0	1	0	0	0	0	1
24.65	1	1	0	0	0	0	1
24.67	1	1	0	0	0	0	1
24.68	1	1	0	0	0	0	1
24.7	0	1	0	0	0	0	1
24.71	0	1	0	0	0	0	1
24.73	0	1	0	0	0	0	1
24.75	0	1	0	0	0	0	1
24.76	0	1	0	0	0	0	1
24.78	0	1	0	0	0	0	1
24.79	2	1.41421	0	0	0	0	1
24.81	1	1	0	0	0	0	1
24.82	1	1	0	0	0	0	1
24.84	1	1	0	0	0	0	1
24.86	0	1	0	0	0	0	1
24.87	2	1.41421	0	0	0	0	1
24.89	0	1	0	0	0	0	1
24.9	0	1	0	0	0	0	1
24.92	0	1	0	0	0	0	1
24.94	1	1	0	0	0	0	1
24.95	0	1	0	0	0	0	1
24.97	1	1	0	0	0	0	1
24.98	0	1	0	0	0	0	1
25	0	1	0	0	0	0	1
25.01	1	1	0	0	0	0	1
25.03	2	1.41421	0	0	0	0	1
25.05	0	1	0	0	0	0	1
25.06	1	1	0	0	0	0	1
25.08	1	1	0	0	0	0	1
25.09	0	1	0	0	0	0	1
25.11	0	1	0	0	0	0	1
25.13	1	1	0	0	0	0	1
25.14	1	1	0	0	0	0	1
25.16	1	1	0	0	0	0	1
25.17	0	1	0	0	0	0	1
25.19	1	1	0	0	0	0	1
25.2	0	1	0	0	0	0	1
25.22	0	1	0	0	0	0	1
25.24	3	1.73205	0	0	0	0	1
25.25	0	1	0	0	0	0	1
25.27	1	1	0	0	0	0	1
25.28	1	1	0	0	0	0	1
25.3	2	1.41421	0	0	0	0	1
25.32	1	1	0	0	0	0	1
25.33	2	1.41421	0	0	0	0	1
25.35	0	1	0	0	0	0	1
25.36	0	1	0	0	0	0	1
25.38	0	1	0	0	0	0	1
25.39	1	1	0	0	0	0	1
25.41	0	1	0	0	0	0	1
25.43	0	1	0	0	0	0	1
25.44	0	1	0	0	0	0	1
25.46	1	1	0	0	0	0	1
25.47	0	1	0	0	0	0	1
25.49	0	1	0	0	0	0	1
25.51	0	1	0	0	0	0	1
25.52	0	1	0	0	0	0	1
25.54	1	1	0	0	0	0	1
25.55	0	1	0	0	0	0	1
25.57	1	1	0	0	0	0	1
25.58	0	1	0	0	0	0	1
25.6	1	1	0	0	0	0	1
25.62	1	1	0	0	0	0	1
25.63	0	1	0	0	0	0	1
25.65	0	1	0	0	0	0	1
25.66	1	1	0	0	0	0	1
25.68	1	1	0	0	0	0	1
25.69	0	1	0	0	0	0	1
25.71	1	1	0	0	0	0	1
25.73	0	1	0	0	0	0	1
25.74	0	1	0	0	0	0	1
25.76	1	1	0	0	0	0	1
25.77	0	1	0	0	0	0	1
25.79	1	1	0	0	0	0	1
25.81	2	1.41421	0	0	0	0	1
25.82	1	1	0	0	0	0	1
25.84	0	1	0	0	0	0	1
25.85	0	1	0	0	0	0	1
25.87	2	1.41421	0	0	0	0	1
25.88	0	1	0	0	0	0	1
25.9	0	1	0	0	0	0	1
25.92	1	1	0	0	0	0	1
25.93	0	1	0	0	0	0	1
25.95	0	1	0	0	0	0	1
25.96	0	1	0	0	0	0	1
25.98	1	1	0	0	0	0	1
26	1	1	0	0	0	0	1
26.01	2	1.41421	0	0	0	0	1
26.03	0	1	0	0	0	0	1
26.04	0	1	0	0	0	0	1
26.06	1	1	0	0	0	0	1
26.07	0	1	0	0	0	0	1
26.09	1	1	0	0	0	0	1
26.11	0	1	0	0	0	0	1
26.12	0	1	0	0	0	0	1
26.14	0	1	0	0	0	0	1
26.15	0	1	0	0	0	0	1
26.17	1	1	0	0	0	0	1
26.19	0	1	0	0	0	0	1
26.2	0	1	0	0	0	0	1
26.22	0	1	0	0	0	0	1
26.23	1	1	0	0	0	0	1
26.25	1	1	0	0	0	0	1
26.26	0	1	0	0	0	0	1
26.28	0	1	0	0	0	0	1
26.3	0	1	0	0	0	0	1
26.31	1	1	0	0	0	0	1
26.33	1	1	0	0	0	0	1
26.34	2	1.41421	0	0	0	0	1
26.36	1	1	0	0	0	0	1
26.38	0	1	0	0	0	0	1
26.39	0	1	0	0	0	0	1
26.41	2	1.41421	0	0	0	0	1
26.42	0	1	0	0	0	0	1
26.44	1	1	0	0	0	0	1
26.45	0	1	0	0	0	0	1
26.47	0	1	0	0	0	0	1
26.49	2	1.41421	0	0	0	0	1
26.5	0	1	0	0	0	0	1
26.52	0	1	0	0	0	0	1
26.53	0	1	0	0	0	0	1
26.55	0	1	0	0	0	0	1
26.57	0	1	0	0	0	0	1
26.58	0	1	0	0	0	0	1
26.6	0	1	0	0	0	0	1
26.61	0	1	0	0	0	0	1
26.63	1	1	0	0	0	0	1
26.64	1	1	0	0	0	0	1
26.66	0	1	0	0	0	0	1
26.68	0	1	0	0	0	0	1
26.69	0	1	0	0	0	0	1
26.71	0	1	0	0	0	0	1
26.72	0	1	0	0	0	0	1
26.74	0	1	0	0	0	0	1
26.75	0	1	0	0	0	0	1
26.77	0	1	0	0	0	0	1
26.79	0	1	0	0	0	0	1
26.8	0	1	0	0	0	0	1
26.82	0	1	0	0	0	0	1
26.83	0	1	0	0	0	0	1
26.85	0	1	0	0	0	0	1
26.87	0	1	0	0	0	0	1
26.88	0	1	0	0	0	0	1
26.9	0	1	0	0	0	0	1
26.91	0	1	0	0	0	0	1
26.93	0	1	0	0	0	0	1
26.94	0	1	0	0	0	0	1
26.96	0	1	0	0	0	0	1
26.98	0	1	0	0	0	0	1
26.99	0	1	0	0	0	0	1
27.01	1	1	0	0	0	0	1
27.02	0	1	0	0	0	0	1
27.04	0	1	0	0	0	0	1
27.06	0	1	0	0	0	0	1
27.07	0	1	0	0	0	0	1
27.09	1	1	0	0	0	0	1
27.1	0	1	0	0	0	0	1
27.12	0	1	0	0	0	0	1
27.13	1	1	0	0	0	0	1
27.15	2	1.41421	0	0	0	0	1
27.17	1	1	0	0	0	0	1
27.18	1	1	0	0	0	0	1
27.2	1	1	0	0	0	0	1
27.21	0	1	0	0	0	0	1
27.23	0	1	0	0	0	0	1
27.25	1	1	0	0	0	0	1
27.26	0	1	0	0	0	0	1
27.28	0	1	0	0	0	0	1
27.29	0	1	0	0	0	0	1
27.31	0	1	0	0	0	0	1
27.32	0	1	0	0	0	0	1
27.34	0	1	0	0	0	0	1
27.36	1	1	0	0	0	0	1
27.37	0	1	0	0	0	0	1
27.39	0	1	0	0	0	0	1
27.4	0	1	0	0	0	0	1
27.42	0	1	0	0	0	0	1
27.44	0	1	0	0	0	0	1
27.45	1	1	0	0	0	0	1
27.47	1	1	0	0	0	0	1
27.48	0	1	0	0	0	0	1
27.5	0	1	0	0	0	0	1
27.51	1	1	0	0	0	0	1
27.53	0	1	0	0	0	0	1
27.55	1	1	0	0	0	0	1
27.56	0	1	0	0	0	0	1
27.58	0	1	0	0	0	0	1
27.59	2	1.41421	0	0	0	0	1
27.61	0	1	0	0	0	0	1
27.63	0	1	0	0	0	0	1
27.64	0	1	0	0	0	0	1
27.66	0	1	0	0	0	0	1
27.67	0	1	0	0	0	0	1
27.69	0	1	0	0	0	0	1
27.7	0	1	0	0	0	0	1
27.72	0	1	0	0	0	0	1
27.74	0	1	0	0	0	0	1
27.75	0	1	0	0	0	0	1
27.77	0	1	0	0	0	0	1
27.78	0	1	0	0	0	0	1
27.8	0	1	0	0	0	0	1
27.81	0	1	0	0	0	0	1
27.83	1	1	0	0	0	0	1
27.85	0	1	0	0	0	0	1
27.86	0	1	0	0	0	0	1
27.88	0	1	0	0	0	0	1
27.89	1	1	0	0	0	0	1
27.91	0	1	0	0	0	0	1
27.93	0	1	0	0	0	0	1
27.94	0	1	0	0	0	0	1
27.96	0	1	0	0	0	0	1
27.97	0	1	0	0	0	0	1
27.99	0	1	0	0	0	0	1
28	0	1	0	0	0	0	1
28.02	0	1	0	0	0	0	1
28.04	0	1	0	0	0	0	1
28.05	0	1	0	0	0	0	1
28.07	0	1	0	0	0	0	1
28.08	0	1	0	0	0	0	1
28.1	1	1	0	0	0	0	1
28.12	1	1	0	0	0	0	1
28.13	1	1	0	0	0	0	1
28.15	0	1	0	0	0	0	1
28.16	0	1	0	0	0	0	1
28.18	1	1	0	0	0	0	1
28.19	1	1	0	0	0	0	1
28.21	0	1	0	0	0	0	1
28.23	0	1	0	0	0	0	1
28.24	0	1	0	0	0	0	1
28.26	0	1	0	0	0	0	1
28.27	0	1	0	0	0	0	1
28.29	0	1	0	0	0	0	1
28.31	0	1	0	0	0	0	1
28.32	0	1	0	0	0	0	1
28.34	0	1	0	0	0	0	1
28.35	0	1	0	0	0	0	1
28.37	0	1	0	0	0	0	1
28.38	0	1	0	0	0	0	1
28.4	1	1	0	0	0	0	1
28.42	0	1	0	0	0	0	1
28.43	0	1	0	0	0	0	1
28.45	0	1	0	0	0	0	1
28.46	0	1	0	0	0	0	1
28.48	0	1	0	0	0	0	1
28.5	0	1	0	0	0	0	1
28.51	0	1	0	0	0	0	1
28.53	0	1	0	0	0	0	1
28.54	0	1	0	0	0	0	1
28.56	0	1	0	0	0	0	1
28.57	0	1	0	0	0	0	1
28.59	1	1	0	0	0	0	1
28.61	0	1	0	0	0	0	1
28.62	1	1	0	0	0	0	1
28.64	0	1	0	0	0	0	1
28.65	0	1	0	0	0	0	1
28.67	2	1.41421	0	0	0	0	1
28.69	0	1	0	0	0	0	1
28.7	0	1	0	0	0	0	1
28.72	1	1	0	0	0	0	1
28.73	0	1	0	0	0	0	1
28.75	0	1	0	0	0	0	1
28.76	0	1	0	0	0	0	1
28.78	0	1	0	0	0	0	1
28.8	0	1	0	0	0	0	1
28.81	0	1	0	0	0	0	1
28.83	0	1	0	0	0	0	1
28.84	1	1	0	0	0	0	1
28.86	0	1	0	0	0	0	1
28.88	0	1	0	0	0	0	1
28.89	0	1	0	0	0	0	1
28.91	0	1	0	0	0	0	1
28.92	0	1	0	0	0	0	1
28.94	0	1	0	0	0	0	1
28.95	0	1	0	0	0	0	1
28.97	1	1	0	0	0	0	1
28.99	0	1	0	0	0	0	1
29	1	1	0	0	0	0	1
29.02	0	1	0	0	0	0	1
29.03	0	1	0	0	0	0	1
29.05	0	1	0	0	0	0	1
29.06	1	1	0	0	0	0	1
29.08	0	1	0	0	0	0	1
29.1	0	1	0	0	0	0	1
29.11	0	1	0	0	0	0	1
29.13	0	1	0	0	0	0	1
29.14	0	1	0	0	0	0	1
29.16	0	1	0	0	0	0	1
29.18	0	1	0	0	0	0	1
29.19	0	1	0	0	0	0	1
29.21	0	1	0	0	0	0	1
29.22	0	1	0	0	0	0	1
29.24	0	1	0	0	0	0	1
29.25	1	1	0	0	0	0	1
29.27	0	1	0	0	0	0	1
29.29	0	1	0	0	0	0	1
29.3	0	1	0	0	0	0	1
29.32	0	1	0	0	0	0	1
29.33	0	1	0	0	0	0	1
29.35	0	1	0	0	0	0	1
29.37	0	1	0	0	0	0	1
29.38	0	1	0	0	0	0	1
29.4	0	1	0	0	0	0	1
29.41	0	1	0	0	0	0	1
29.43	0	1	0	0	0	0	1
29.44	0	1	0	0	0	0	1
29.46	0	1	0	0	0	0	1
29.48	0	1	0	0	0	0	1
29.49	0	1	0	0	0	0	1
29.51	0	1	0	0	0	0	1
29.52	0	1	0	0	0	0	1
29.54	0	1	0	0	0	0	1
29.56	0	1	0	0	0	0	1
29.57	0	1	0	0	0	0	1
29.59	0	1	0	0	0	0	1
29.6	0	1	0	0	0	0	1
29.62	0	1	0	0	0	0	1
29.63	0	1	0	0	0	0	1
29.65	0	1	0	0	0	0	1
29.67	0	1	0	0	0	0	1
29.68	0	1	0	0	0	0	1
29.7	0	1	0	0	0	0	1
29.71	0	1	0	0	0	0	1
29.73	0	1	0	0	0	0	1
29.75	0	1	0	0	0	0	1
29.76	0	1	0	0	0	0	1
29.78	0	1	0	0	0	0	1
29.79	0	1	0	0	0	0	1
29.81	0	1	0	0	0	0	1
29.82	0	1	0	0	0	0	1
29.84	0	1	0	0	0	0	1
29.86	0	1	0	0	0	0	1
29.87	0	1	0	0	0	0	1
29.89	0	1	0	0	0	0	1
29.9	0	1	0	0	0	0	1
29.92	0	1	0	0	0	0	1
29.94	0	1	0	0	0	0	1
29.95	0	1	0	0	0	0	1
29.97	0	1	0	0	0	0	1
29.98	0	1	0	0	0	0	1
30	0	1	0	0	0	0	1
30.01	0	1	0	0	0	0	1
30.03	0	1	0	0	0	0	1
30.05	0	1	0	0	0	0	1
30.06	0	1	0	0	0	0	1
30.08	0	1	0	0	0	0	1
30.09	0	1	0	0	0	0	1
30.11	0	1	0	0	0	0	1
30.12	0	1	0	0	0	0	1
30.14	0	1	0	0	0	0	1
30.16	0	1	0	0	0	0	1
30.17	0	1	0	0	0	0	1
30.19	0	1	0	0	0	0	1
30.2	0	1	0	0	0	0	1
30.22	0	1	0	0	0	0	1
30.24	0	1	0	0	0	0	1
30.25	0	1	0	0	0	0	1
30.27	0	1	0	0	0	0	1
30.28	1	1	0	0	0	0	1
30.3	0	1	0	0	0	0	1
30.31	1	1	0	0	0	0	1
30.33	0	1	0	0	0	0	1
30.35	0	1	0	0	0	0	1
30.36	0	1	0	0	0	0	1
30.38	0	1	0	0	0	0	1
30.39	0	1	0	0	0	0	1
30.41	0	1	0	0	0	0	1
30.43	0	1	0	0	0	0	1
30.44	0	1	0	0	0	0	1
30.46	0	1	0	0	0	0	1
30.47	0	1	0	0	0	0	1
30.49	0	1	0	0	0	0	1
30.5	0	1	0	0	0	0	1
30.52	0	1	0	0	0	0	1
30.54	0	1	0	0	0	0	1
30.55	0	1	0	0	0	0	1
30.57	0	1	0	0	0	0	1
30.58	1	1	0	0	0	0	1
30.6	0	1	0	0	0	0	1
30.62	0	1	0	0	0	0	1
30.63	0	1	0	0	0	0	1
30.65	0	1	0	0	0	0	1
30.66	0	1	0	0	0	0	1
30.68	0	1	0	0	0	0	1
30.69	0	1	0	0	0	0	1
30.71	0	1	0	0	0	0	1
30.73	0	1	0	0	0	0	1
30.74	0	1	0	0	0	0	1
30.76	0	1	0	0	0	0	1
30.77	0	1	0	0	0	0	1
30.79	0	1	0	0	0	0	1
30.81	0	1	0	0	0	0	1
30.82	0	1	0	0	0	0	1
30.84	0	1	0	0	0	0	1
30.85	0	1	0	0	0	0	1
30.87	0	1	0	0	0	0	1
30.88	0	1	0	0	0	0	1
30.9	0	1	0	0	0	0	1
30.92	0	1	0	0	0	0	1
30.93	0	1	0	0	0	0	1
30.95	0	1	0	0	0	0	1
30.96	0	1	0	0	0	0	1
30.98	0	1	0	0	0	0	1
31	0	1	0	0	0	0	1
31.01	0	1	0	0	0	0	1
31.03	0	1	0	0	0	0	1
31.04	0	1	0	0	0	0	1
31.06	0	1	0	0	0	0	1
31.07	0	1	0	0	0	0	1
31.09	0	1	0	0	0	0	1
31.11	0	1	0	0	0	0	1
31.12	0	1	0	0	0	0	1
31.14	0	1	0	0	0	0	1
31.15	0	1	0	0	0	0	1
31.17	0	1	0	0	0	0	1
31.18	0	1	0	0	0	0	1
31.2	0	1	0	0	0	0	1
31.22	0	1	0	0	0	0	1
31.23	0	1	0	0	0	0	1
31.25	0	1	0	0	0	0	1
31.26	0	1	0	0	0	0	1
31.28	0	1	0	0	0	0	1
31.3	1	1	0	0	0	0	1
31.31	0	1	0	0	0	0	1
31.33	0	1	0	0	0	0	1
31.34	0	1	0	0	0	0	1
31.36	0	1	0	0	0	0	1
31.37	0	1	0	0	0	0	1
31.39	0	1	0	0	0	0	1
31.41	0	1	0	0	0	0	1
31.42	0	1	0	0	0	0	1
31.44	0	1	0	0	0	0	1
31.45	0	1	0	0	0	0	1
31.47	0	1	0	0	0	0	1
31.49	0	1	0	0	0	0	1
31.5	0	1	0	0	0	0	1
31.52	0	1	0	0	0	0	1
31.53	0	1	0	0	0	0	1
31.55	0	1	0	0	0	0	1
31.56	0	1	0	0	0	0	1
31.58	0	1	0	0	0	0	1
31.6	0	1	0	0	0	0	1
31.61	0	1	0	0	0	0	1
31.63	0	1	0	0	0	0	1
31.64	0	1	0	0	0	0	1
31.66	0	1	0	0	0	0	1
31.68	0	1	0	0	0	0	1
31.69	0	1	0	0	0	0	1
31.71	0	1	0	0	0	0	1
31.72	0	1	0	0	0	0	1
31.74	0	1	0	0	0	0	1
31.75	0	1	0	0	0	0	1
31.77	0	1	0	0	0	0	1
31.79	0	1	0	0	0	0	1
31.8	0	1	0	0	0	0	1
31.82	0	1	0	0	0	0	1
31.83	0	1	0	0	0	0	1
31.85	0	1	0	0	0	0	1
31.87	0	1	0	0	0	0	1
31.88	0	1	0	0	0	0	1
31.9	0	1	0	0	0	0	1
31.91	0	1	0	0	0	0	1
31.93	0	1	0	0	0	0	1
31.94	0	1	0	0	0	0	1
31.96	0	1	0	0	0	0	1
31.98	0	1	0	0	0	0	1
31.99	0	1	0	0	0	0	1
32.01	0	1	0	0	0	0	1
32.02	0	1	0	0	0	0	1
32.04	0	1	0	0	0	0	1
32.06	0	1	0	0	0	0	1
32.07	0	1	0	0	0	0	1
32.09	0	1	0	0	0	0	1
32.1	1	1	0	0	0	0	1
32.12	0	1	0	0	0	0	1
32.13	0	1	0	0	0	0	1
32.15	0	1	0	0	0	0	1
32.17	0	1	0	0	0	0	1
32.18	0	1	0	0	0	0	1
32.2	0	1	0	0	0	0	1
32.21	0	1	0	0	0	0	1
32.23	0	1	0	0	0	0	1
32.24	0	1	0	0	0	0	1
32.26	0	1	0	0	0	0	1
32.28	0	1	0	0	0	0	1
32.29	0	1	0	0	0	0	1
32.31	0	1	0	0	0	0	1
32.32	0	1	0	0	0	0	1
32.34	0	1	0	0	0	0	1
32.36	0	1	0	0	0	0	1
32.37	0	1	0	0	0	0	1
32.39	0	1	0	0	0	0	1
32.4	0	1	0	0	0	0	1
32.42	0	1	0	0	0	0	1
32.43	-1	1	0	0	0	0	1
