# exported by fityk 0.8.7
#2-Fe:x	2-Fe:y	2-Fe:s	2-Fe:F(x)	2-Fe:%_4(x)	2-Fe:%_5(x)	2-Fe:a
0.79	0	1	1.21085e-120	1.21085e-120	1.46798e-235	1
0.81	0	1	9.17244e-120	9.17244e-120	4.69821e-234	1
0.82	0	1	2.51769e-119	2.51769e-119	2.64693e-233	1
0.84	0	1	1.88659e-118	1.88659e-118	8.33251e-232	1
0.86	0	1	1.40348e-117	1.40348e-117	2.59431e-230	1
0.87	0	1	3.81761e-117	3.81761e-117	1.44162e-229	1
0.89	0	1	2.80932e-116	2.80932e-116	4.41488e-228	1
0.9	0	1	7.60024e-116	7.60024e-116	2.43309e-227	1
0.92	0	1	5.53247e-115	5.53247e-115	7.32904e-226	1
0.93	0	1	1.48863e-114	1.48863e-114	4.00587e-225	1
0.95	0	1	1.07191e-113	1.07191e-113	1.18688e-223	1
0.97	0	1	7.66278e-113	7.66278e-113	3.47801e-222	1
0.98	0	1	2.04324e-112	2.04324e-112	1.87499e-221	1
1	0	1	1.44487e-111	1.44487e-111	5.40434e-220	1
1.01	0	1	3.83181e-111	3.83181e-111	2.88949e-219	1
1.03	0	1	2.68036e-110	2.68036e-110	8.19193e-218	1
1.05	0	1	1.86139e-109	1.86139e-109	2.29703e-216	1
1.06	0	1	4.89193e-109	4.89193e-109	1.21133e-215	1
1.08	0	1	3.36052e-108	3.36052e-108	3.34089e-214	1
1.09	0	1	8.78394e-108	8.78394e-108	1.7473e-213	1
1.11	0	1	5.96893e-107	5.96893e-107	4.74013e-212	1
1.12	0	1	1.55174e-106	1.55174e-106	2.45871e-211	1
1.14	0	1	1.04306e-105	1.04306e-105	6.56069e-210	1
1.16	0	1	6.96067e-105	6.96067e-105	1.73144e-208	1
1.17	0	1	1.79326e-104	1.79326e-104	8.8581e-208	1
1.19	3	1.73205	1.18377e-103	1.18377e-103	2.29942e-206	1
1.2	3	1.73205	3.03319e-103	3.03319e-103	1.16671e-205	1
1.22	4	2	1.98063e-102	1.98063e-102	2.97894e-204	1
1.24	5	2.23607	1.284e-101	1.284e-101	7.52273e-203	1
1.25	16	4	3.26035e-101	3.26035e-101	3.76476e-202	1
1.27	23	4.79583	2.09076e-100	2.09076e-100	9.35129e-201	1
1.28	19	4.3589	5.28014e-100	5.28014e-100	4.64134e-200	1
1.3	14	3.74166	3.3494e-099	3.3494e-099	1.13396e-198	1
1.31	23	4.79583	8.41296e-099	8.41296e-099	5.5819e-198	1
1.33	10	3.16228	5.27901e-098	5.27901e-098	1.3414e-196	1
1.35	13	3.60555	3.28859e-097	3.28859e-097	3.18822e-195	1
1.36	20	4.47214	8.18576e-097	8.18576e-097	1.54792e-194	1
1.38	16	4	5.04427e-096	5.04427e-096	3.61876e-193	1
1.39	14	3.74166	1.24879e-095	1.24879e-095	1.74249e-192	1
1.41	19	4.3589	7.61216e-095	7.61216e-095	4.00685e-191	1
1.42	17	4.12311	1.8743e-094	1.8743e-094	1.91348e-190	1
1.44	11	3.31662	1.13016e-093	1.13016e-093	4.32791e-189	1
1.46	13	3.60555	6.76544e-093	6.76544e-093	9.68156e-188	1
1.47	21	4.58258	1.6508e-092	1.6508e-092	4.56021e-187	1
1.49	16	4	9.77534e-092	9.77534e-092	1.0034e-185	1
1.5	16	4	2.37231e-091	2.37231e-091	4.68729e-185	1
1.52	15	3.87298	1.3896e-090	1.3896e-090	1.01445e-183	1
1.54	15	3.87298	8.08094e-090	8.08094e-090	2.17148e-182	1
1.55	13	3.60555	1.94343e-089	1.94343e-089	1.00051e-181	1
1.57	16	4	1.11795e-088	1.11795e-088	2.10652e-180	1
1.58	15	3.87298	2.67405e-088	2.67405e-088	9.62596e-180	1
1.6	15	3.87298	1.52162e-087	1.52162e-087	1.99347e-178	1
1.61	14	3.74166	3.61988e-087	3.61988e-087	9.03437e-178	1
1.63	10	3.16228	2.03756e-086	2.03756e-086	1.84028e-176	1
1.65	15	3.87298	1.13863e-085	1.13863e-085	3.70753e-175	1
1.66	19	4.3589	2.68434e-085	2.68434e-085	1.65726e-174	1
1.68	11	3.31662	1.48385e-084	1.48385e-084	3.28407e-173	1
1.69	25	5	3.47925e-084	3.47925e-084	1.45589e-172	1
1.71	17	4.12311	1.90248e-083	1.90248e-083	2.83773e-171	1
1.73	19	4.3589	1.03278e-082	1.03278e-082	5.4705e-170	1
1.74	17	4.12311	2.39978e-082	2.39978e-082	2.392e-169	1
1.76	16	4	1.28867e-081	1.28867e-081	4.53564e-168	1
1.77	12	3.4641	2.97815e-081	2.97815e-081	1.9669e-167	1
1.79	17	4.12311	1.58196e-080	1.58196e-080	3.66844e-166	1
1.8	10	3.16228	3.63615e-080	3.63615e-080	1.57774e-165	1
1.82	14	3.74166	1.91062e-079	1.91062e-079	2.89438e-164	1
1.84	15	3.87298	9.96691e-079	9.96691e-079	5.25157e-163	1
1.85	18	4.24264	2.27025e-078	2.27025e-078	2.22772e-162	1
1.87	14	3.74166	1.1715e-077	1.1715e-077	3.97572e-161	1
1.88	12	3.4641	2.65397e-077	2.65397e-077	1.67263e-160	1
1.9	15	3.87298	1.3547e-076	1.3547e-076	2.93613e-159	1
1.92	14	3.74166	6.8651e-076	6.8651e-076	5.09759e-158	1
1.93	13	3.60555	1.54123e-075	1.54123e-075	2.11526e-157	1
1.95	14	3.74166	7.72597e-075	7.72597e-075	3.61223e-156	1
1.96	13	3.60555	1.72511e-074	1.72511e-074	1.48657e-155	1
1.98	15	3.87298	8.55424e-074	8.55424e-074	2.497e-154	1
1.99	19	4.3589	1.8997e-073	1.8997e-073	1.01915e-153	1
2.01	13	3.60555	9.31819e-073	9.31819e-073	1.68381e-152	1
2.03	12	3.4641	4.53767e-072	4.53767e-072	2.75144e-151	1
2.04	21	4.58258	9.98628e-072	9.98628e-072	1.10764e-150	1
2.06	15	3.87298	4.81046e-071	4.81046e-071	1.78027e-149	1
2.07	17	4.12311	1.05293e-070	1.05293e-070	7.1078e-149	1
2.09	14	3.74166	5.0172e-070	5.0172e-070	1.12368e-147	1
2.11	17	4.12311	2.37345e-069	2.37345e-069	1.75698e-146	1
2.12	10	3.16228	5.14825e-069	5.14825e-069	6.91885e-146	1
2.14	22	4.69042	2.40912e-068	2.40912e-068	1.06409e-144	1
2.15	12	3.4641	5.19731e-068	5.19731e-068	4.15581e-144	1
2.17	20	4.47214	2.4058e-067	2.4058e-067	6.28667e-143	1
2.18	19	4.3589	5.16203e-067	5.16203e-067	2.43505e-142	1
2.2	15	3.87298	2.36365e-066	2.36365e-066	3.62322e-141	1
2.22	16	4	1.07448e-065	1.07448e-065	5.33205e-140	1
2.23	13	3.60555	2.28469e-065	2.28469e-065	2.03704e-139	1
2.25	10	3.16228	1.02737e-064	1.02737e-064	2.94863e-138	1
2.26	15	3.87298	2.17267e-064	2.17267e-064	1.11722e-137	1
2.28	13	3.60555	9.66436e-064	9.66436e-064	1.59067e-136	1
2.3	18	4.24264	4.26782e-063	4.26782e-063	2.23993e-135	1
2.31	8	2.82843	8.94424e-063	8.94424e-063	8.37083e-135	1
2.33	8	2.82843	3.90713e-062	3.90713e-062	1.15943e-133	1
2.34	16	4	8.14396e-062	8.14396e-062	4.29724e-133	1
2.36	11	3.31662	3.5191e-061	3.5191e-061	5.85448e-132	1
2.37	14	3.74166	7.29541e-061	7.29541e-061	2.152e-131	1
2.39	19	4.3589	3.11836e-060	3.11836e-060	2.88378e-130	1
2.41	16	4	1.3233e-059	1.3233e-059	3.82204e-129	1
2.42	17	4.12311	2.71859e-059	2.71859e-059	1.38569e-128	1
2.44	8	2.82843	1.14119e-058	1.14119e-058	1.80643e-127	1
2.45	16	4	2.33176e-058	2.33176e-058	6.49537e-127	1
2.47	14	3.74166	9.68229e-058	9.68229e-058	8.32874e-126	1
2.48	13	3.60555	1.96764e-057	1.96764e-057	2.97011e-125	1
2.5	18	4.24264	8.08204e-057	8.08204e-057	3.74601e-124	1
2.52	17	4.12311	3.29572e-056	3.29572e-056	4.67282e-123	1
2.53	12	3.4641	6.63721e-056	6.63721e-056	1.64357e-122	1
2.55	9	3	2.6773e-055	2.6773e-055	2.0166e-121	1
2.56	12	3.4641	5.36256e-055	5.36256e-055	7.03464e-121	1
2.58	17	4.12311	2.13976e-054	2.13976e-054	8.48974e-120	1
2.6	15	3.87298	8.4764e-054	8.4764e-054	1.01335e-118	1
2.61	15	3.87298	1.6825e-053	1.6825e-053	3.48658e-118	1
2.63	17	4.12311	6.593e-053	6.593e-053	4.09342e-117	1
2.64	12	3.4641	1.30157e-052	1.30157e-052	1.39681e-116	1
2.66	14	3.74166	5.04518e-052	5.04518e-052	1.61304e-115	1
2.67	18	4.24264	9.90607e-052	9.90607e-052	5.45888e-115	1
2.69	10	3.16228	3.79832e-051	3.79832e-051	6.2006e-114	1
2.71	20	4.47214	1.44589e-050	1.44589e-050	6.9659e-113	1
2.72	12	3.4641	2.81339e-050	2.81339e-050	2.32517e-112	1
2.74	12	3.4641	1.05939e-049	1.05939e-049	2.56932e-111	1
2.75	14	3.74166	2.05017e-049	2.05017e-049	8.50563e-111	1
2.77	10	3.16228	7.63654e-049	7.63654e-049	9.24469e-110	1
2.79	18	4.24264	2.82396e-048	2.82396e-048	9.93784e-109	1
2.8	20	4.47214	5.41576e-048	5.41576e-048	3.24487e-108	1
2.82	11	3.31662	1.98108e-047	1.98108e-047	3.43098e-107	1
2.83	10	3.16228	3.77871e-047	3.77871e-047	1.11105e-106	1
2.85	17	4.12311	1.36731e-046	1.36731e-046	1.15551e-105	1
2.86	14	3.74166	2.59389e-046	2.59389e-046	3.71109e-105	1
2.88	19	4.3589	9.28446e-046	9.28446e-046	3.79633e-104	1
2.9	18	4.24264	3.29926e-045	3.29926e-045	3.84097e-103	1
2.91	19	4.3589	6.2025e-045	6.2025e-045	1.2167e-102	1
2.93	22	4.69042	2.18026e-044	2.18026e-044	1.21083e-101	1
2.94	14	3.74166	4.07661e-044	4.07661e-044	3.80396e-101	1
2.96	22	4.69042	1.4175e-043	1.4175e-043	3.72353e-100	1
2.98	13	3.60555	4.89326e-043	4.89326e-043	3.60486e-099	1
2.99	17	4.12311	9.06686e-043	9.06686e-043	1.11702e-098	1
3.01	27	5.19615	3.0961e-042	3.0961e-042	1.06369e-097	1
3.02	21	4.58258	5.70577e-042	5.70577e-042	3.26886e-097	1
3.04	28	5.2915	1.92732e-041	1.92732e-041	3.06176e-096	1
3.05	22	4.69042	3.5326e-041	3.5326e-041	9.33176e-096	1
3.07	27	5.19615	1.18036e-040	1.18036e-040	8.59725e-095	1
3.09	19	4.3589	3.91552e-040	3.91552e-040	7.83375e-094	1
3.1	23	4.79583	7.1121e-040	7.1121e-040	2.35494e-093	1
3.12	25	5	2.33375e-039	2.33375e-039	2.11062e-092	1
3.13	24	4.89898	4.21602e-039	4.21602e-039	6.29262e-092	1
3.15	32	5.65685	1.36849e-038	1.36849e-038	5.54733e-091	1
3.17	28	5.2915	4.40993e-038	4.40993e-038	4.83671e-090	1
3.18	25	5	7.89493e-038	7.89493e-038	1.42229e-089	1
3.2	33	5.74456	2.51664e-037	2.51664e-037	1.21976e-088	1
3.21	30	5.47723	4.48104e-037	4.48104e-037	3.55733e-088	1
3.23	22	4.69042	1.41297e-036	1.41297e-036	3.00077e-087	1
3.24	38	6.16441	2.50225e-036	2.50225e-036	8.67944e-087	1
3.26	39	6.245	7.80489e-036	7.80489e-036	7.20146e-086	1
3.28	34	5.83095	2.41689e-035	2.41689e-035	5.90968e-085	1
3.29	40	6.32456	4.24153e-035	4.24153e-035	1.68593e-084	1
3.31	61	7.81025	1.29925e-034	1.29925e-034	1.36083e-083	1
3.32	37	6.08276	2.26777e-034	2.26777e-034	3.85028e-083	1
3.34	45	6.7082	6.87152e-034	6.87152e-034	3.05687e-082	1
3.36	44	6.63325	2.06709e-033	2.06709e-033	2.40036e-081	1
3.37	43	6.55744	3.57547e-033	3.57547e-033	6.69856e-081	1
3.39	35	5.91608	1.06395e-032	1.06395e-032	5.17371e-080	1
3.4	48	6.9282	1.83036e-032	1.83036e-032	1.43192e-079	1
3.42	35	5.91608	5.38773e-032	5.38773e-032	1.08782e-078	1
3.43	39	6.245	9.21852e-032	9.21852e-032	2.98596e-078	1
3.45	39	6.245	2.68418e-031	2.68418e-031	2.23124e-077	1
3.47	45	6.7082	7.75921e-031	7.75921e-031	1.64901e-076	1
3.48	37	6.08276	1.31565e-030	1.31565e-030	4.46444e-076	1
3.5	51	7.14143	3.76207e-030	3.76207e-030	3.24537e-075	1
3.51	44	6.63325	6.3444e-030	6.3444e-030	8.71401e-075	1
3.53	45	6.7082	1.79456e-029	1.79456e-029	6.2307e-074	1
3.54	33	5.74456	3.00997e-029	3.00997e-029	1.65921e-073	1
3.56	35	5.91608	8.42193e-029	8.42193e-029	1.16692e-072	1
3.58	35	5.91608	2.33946e-028	2.33946e-028	8.11697e-072	1
3.59	30	5.47723	3.88855e-028	3.88855e-028	2.13194e-071	1
3.61	31	5.56776	1.06849e-027	1.06849e-027	1.45865e-070	1
3.62	37	6.08276	1.76638e-027	1.76638e-027	3.79964e-070	1
3.64	29	5.38516	4.80121e-027	4.80121e-027	2.55705e-069	1
3.66	37	6.08276	1.2956e-026	1.2956e-026	1.70195e-068	1
3.67	33	5.74456	2.12252e-026	2.12252e-026	4.37278e-068	1
3.69	45	6.7082	5.6657e-026	5.6657e-026	2.86278e-067	1
3.7	25	5	9.23155e-026	9.23155e-026	7.29473e-067	1
3.72	25	5	2.43757e-025	2.43757e-025	4.69744e-066	1
3.73	25	5	3.9502e-025	3.9502e-025	1.18711e-065	1
3.75	39	6.245	1.03177e-024	1.03177e-024	7.51908e-065	1
3.77	17	4.12311	2.67548e-024	2.67548e-024	4.71033e-064	1
3.78	23	4.79583	4.29667e-024	4.29667e-024	1.17409e-063	1
3.8	31	5.56776	1.10213e-023	1.10213e-023	7.23448e-063	1
3.81	35	5.91608	1.76036e-023	1.76036e-023	1.78841e-062	1
3.83	20	4.47214	4.46667e-023	4.46667e-023	1.08392e-061	1
3.85	23	4.79583	1.12517e-022	1.12517e-022	6.49738e-061	1
3.86	25	5	1.78097e-022	1.78097e-022	1.58422e-060	1
3.88	17	4.12311	4.43786e-022	4.43786e-022	9.34068e-060	1
3.89	23	4.79583	6.98639e-022	6.98639e-022	2.25874e-059	1
3.91	17	4.12311	1.72207e-021	1.72207e-021	1.30994e-058	1
3.92	13	3.60555	2.69631e-021	2.69631e-021	3.14158e-058	1
3.94	16	4	6.5743e-021	6.5743e-021	1.79207e-057	1
3.96	14	3.74166	1.59141e-020	1.59141e-020	1.01105e-056	1
3.97	12	3.4641	2.46928e-020	2.46928e-020	2.3916e-056	1
3.99	18	4.24264	5.91269e-020	5.91269e-020	1.32718e-055	1
4	16	4	9.12459e-020	9.12459e-020	3.11355e-055	1
4.02	19	4.3589	2.16127e-019	2.16127e-019	1.69949e-054	1
4.04	18	4.24264	5.0823e-019	5.0823e-019	9.17473e-054	1
4.05	19	4.3589	7.77241e-019	7.77241e-019	2.12293e-053	1
4.07	33	5.74456	1.80796e-018	1.80796e-018	1.12728e-052	1
4.08	20	4.47214	2.74994e-018	2.74994e-018	2.58695e-052	1
4.1	16	4	6.32757e-018	6.32757e-018	1.35116e-051	1
4.11	15	3.87298	9.57225e-018	9.57225e-018	3.07517e-051	1
4.13	23	4.79583	2.17876e-017	2.17876e-017	1.57982e-050	1
4.15	17	4.12311	4.92331e-017	4.92331e-017	8.02715e-050	1
4.16	15	3.87298	7.38078e-017	7.38078e-017	1.80195e-049	1
4.18	14	3.74166	1.6498e-016	1.6498e-016	9.0057e-049	1
4.19	19	4.3589	2.4599e-016	2.4599e-016	2.00498e-048	1
4.21	17	4.12311	5.43913e-016	5.43913e-016	9.85609e-048	1
4.23	22	4.69042	1.19397e-015	1.19397e-015	4.79197e-047	1
4.24	14	3.74166	1.7642e-015	1.7642e-015	1.05226e-046	1
4.26	19	4.3589	3.83085e-015	3.83085e-015	5.03215e-046	1
4.27	20	4.47214	5.62975e-015	5.62975e-015	1.09591e-045	1
4.29	26	5.09902	1.20925e-014	1.20925e-014	5.15496e-045	1
4.3	24	4.89898	1.76747e-014	1.76747e-014	1.11341e-044	1
4.32	22	4.69042	3.75545e-014	3.75545e-014	5.15144e-044	1
4.34	18	4.24264	7.92183e-014	7.92183e-014	2.3573e-043	1
4.35	18	4.24264	1.14743e-013	1.14743e-013	5.02184e-043	1
4.37	25	5	2.39427e-013	2.39427e-013	2.26032e-042	1
4.38	28	5.2915	3.44918e-013	3.44918e-013	4.77561e-042	1
4.4	23	4.79583	7.11938e-013	7.11938e-013	2.11426e-041	1
4.42	21	4.58258	1.45889e-012	1.45889e-012	9.25763e-041	1
4.43	16	4	2.08273e-012	2.08273e-012	1.9292e-040	1
4.45	23	4.79583	4.22178e-012	4.22178e-012	8.30883e-040	1
4.46	19	4.3589	5.99442e-012	5.99442e-012	1.71722e-039	1
4.48	24	4.89898	1.20196e-011	1.20196e-011	7.27463e-039	1
4.49	15	3.87298	1.6974e-011	1.6974e-011	1.49111e-038	1
4.51	18	4.24264	3.36673e-011	3.36673e-011	6.21318e-038	1
4.53	29	5.38516	6.62959e-011	6.62959e-011	2.56055e-037	1
4.54	25	5	9.27783e-011	9.27783e-011	5.17664e-037	1
4.56	34	5.83095	1.8072e-010	1.8072e-010	2.0984e-036	1
4.57	31	5.56776	2.5154e-010	2.5154e-010	4.2074e-036	1
4.59	21	4.58258	4.84673e-010	4.84673e-010	1.67755e-035	1
4.6	29	5.38516	6.7095e-010	6.7095e-010	3.33589e-035	1
4.62	25	5	1.27883e-009	1.27883e-009	1.30826e-034	1
4.64	32	5.65685	2.41986e-009	2.41986e-009	5.07447e-034	1
4.65	29	5.38516	3.31971e-009	3.31971e-009	9.95277e-034	1
4.67	24	4.89898	6.21381e-009	6.21381e-009	3.79718e-033	1
4.68	31	5.56776	8.47828e-009	8.47828e-009	7.38628e-033	1
4.7	26	5.09902	1.56981e-008	1.56981e-008	2.77182e-032	1
4.72	28	5.2915	2.88564e-008	2.88564e-008	1.02877e-031	1
4.73	24	4.89898	3.90175e-008	3.90175e-008	1.97378e-031	1
4.75	29	5.38516	7.09471e-008	7.09471e-008	7.20563e-031	1
4.76	34	5.83095	9.54097e-008	9.54097e-008	1.37108e-030	1
4.78	28	5.2915	1.71613e-007	1.71613e-007	4.92333e-030	1
4.79	30	5.47723	2.29535e-007	2.29535e-007	9.29098e-030	1
4.81	30	5.47723	4.08401e-007	4.08401e-007	3.28154e-029	1
4.83	50	7.07107	7.21404e-007	7.21404e-007	1.14632e-028	1
4.84	16	4	9.56192e-007	9.56192e-007	2.13367e-028	1
4.86	27	5.19615	1.67078e-006	1.67078e-006	7.33125e-028	1
4.87	17	4.12311	2.20255e-006	2.20255e-006	1.35334e-027	1
4.89	21	4.58258	3.80698e-006	3.80698e-006	4.57383e-027	1
4.91	28	5.2915	6.53266e-006	6.53266e-006	1.52885e-026	1
4.92	21	4.58258	8.53425e-006	8.53425e-006	2.78365e-026	1
4.94	24	4.89898	1.44862e-005	1.44862e-005	9.1521e-026	1
4.95	27	5.19615	1.88222e-005	1.88222e-005	1.65265e-025	1
4.97	23	4.79583	3.16041e-005	3.16041e-005	5.3445e-025	1
4.98	23	4.79583	4.08413e-005	4.08413e-005	9.57143e-025	1
5	28	5.2915	6.78348e-005	6.78348e-005	3.04457e-024	1
5.02	26	5.09902	0.000111856	0.000111856	9.5783e-024	1
5.03	24	4.89898	0.000143247	0.000143247	1.6919e-023	1
5.05	28	5.2915	0.000233654	0.000233654	5.23551e-023	1
5.06	11	3.31662	0.000297603	0.000297603	9.17184e-023	1
5.08	37	6.08276	0.000480184	0.000480184	2.79165e-022	1
5.1	24	4.89898	0.000769188	0.000769188	8.40389e-022	1
5.11	26	5.09902	0.000970879	0.000970879	1.45209e-021	1
5.13	25	5	0.0015384	0.0015384	4.29967e-021	1
5.14	32	5.65685	0.00193127	0.00193127	7.36818e-021	1
5.16	17	4.12311	0.00302713	0.00302713	2.14596e-020	1
5.17	27	5.19615	0.00377959	0.00377959	3.64718e-020	1
5.19	23	4.79583	0.00586021	0.00586021	1.04481e-019	1
5.21	33	5.74456	0.0090206	0.0090206	2.9603e-019	1
5.22	30	5.47723	0.0111614	0.0111614	4.96236e-019	1
5.24	32	5.65685	0.016995	0.016995	1.38295e-018	1
5.25	26	5.09902	0.0209143	0.0209143	2.29916e-018	1
5.27	44	6.63325	0.0315013	0.0315013	6.30242e-018	1
5.29	32	5.65685	0.0471051	0.0471051	1.70868e-017	1
5.3	39	6.245	0.0574458	0.0574458	2.80183e-017	1
5.32	25	5	0.0849726	0.0849726	7.47161e-017	1
5.33	46	6.78233	0.103065	0.103065	1.21508e-016	1
5.35	33	5.74456	0.150804	0.150804	3.18714e-016	1
5.36	31	5.56776	0.181921	0.181921	5.14047e-016	1
5.38	59	7.68115	0.26331	0.26331	1.32623e-015	1
5.4	37	6.08276	0.378359	0.378359	3.38413e-015	1
5.41	34	5.83095	0.452318	0.452318	5.38353e-015	1
5.43	46	6.78233	0.642928	0.642928	1.35119e-014	1
5.44	34	5.83095	0.764438	0.764438	2.13181e-014	1
5.46	50	7.07107	1.07484	1.07484	5.26283e-014	1
5.48	46	6.78233	1.50037	1.50037	1.285e-013	1
5.49	37	6.08276	1.76785	1.76785	1.99964e-013	1
5.51	45	6.7082	2.44107	2.44107	4.80241e-013	1
5.52	37	6.08276	2.86068	2.86068	7.41169e-013	1
5.54	49	7	3.90739	3.90739	1.75083e-012	1
5.55	46	6.78233	4.55423	4.55423	2.67987e-012	1
5.57	53	7.28011	6.15338	6.15338	6.22676e-012	1
5.59	56	7.48331	8.25404	8.25404	1.43095e-011	1
5.6	36	6	9.53374	9.53374	2.16029e-011	1
5.62	43	6.55744	12.6502	12.6502	4.88309e-011	1
5.63	65	8.06226	14.5323	14.5323	7.31125e-011	1
5.65	43	6.55744	19.0744	19.0744	1.62554e-010	1
5.67	70	8.3666	24.8554	24.8554	3.5745e-010	1
5.68	60	7.74597	28.296	28.296	5.27873e-010	1
5.7	83	9.11043	36.4734	36.4734	1.14174e-009	1
5.71	88	9.38083	41.2973	41.2973	1.67222e-009	1
5.73	76	8.7178	52.6568	52.6568	3.55758e-009	1
5.74	88	9.38083	59.2981	59.2981	5.16762e-009	1
5.76	91	9.53939	74.7919	74.7919	1.08136e-008	1
5.78	137	11.7047	93.6532	93.6532	2.23804e-008	1
5.79	133	11.5326	104.515	104.515	3.20642e-008	1
5.81	156	12.49	129.457	129.457	6.52736e-008	1
5.82	143	11.9583	143.688	143.688	9.27472e-008	1
5.84	212	14.5602	176.056	176.056	1.85711e-007	1
5.85	158	12.5698	194.351	194.351	2.61705e-007	1
5.87	244	15.6205	235.559	235.559	5.15432e-007	1
5.89	266	16.3095	283.443	283.443	1.00402e-006	1
5.9	308	17.5499	310.076	310.076	1.39552e-006	1
5.92	358	18.9209	369.076	369.076	2.6738e-006	1
5.93	399	19.975	401.569	401.569	3.6858e-006	1
5.95	430	20.7364	472.813	472.813	6.94619e-006	1
5.97	517	22.7376	552.678	552.678	1.29472e-005	1
5.98	520	22.8035	595.914	595.914	1.76033e-005	1
6	679	26.0576	689.046	689.046	3.22734e-005	1
6.01	643	25.3574	738.926	738.926	4.35186e-005	1
6.03	771	27.7669	845.175	845.175	7.84777e-005	1
6.04	864	29.3939	901.446	901.446	0.000104951	1
6.06	945	30.7409	1019.92	1019.92	0.000186157	1
6.08	1086	32.9545	1145.64	1145.64	0.000326576	1
6.09	1380	37.1484	1210.9	1210.9	0.000430768	1
6.11	1193	34.5398	1345.46	1345.46	0.00074331	1
6.12	1421	37.6962	1414.4	1414.4	0.000972386	1
6.14	1520	38.9872	1554.6	1554.59	0.00165039	1
6.16	1638	40.4722	1696.35	1696.35	0.00277044	1
6.17	1722	41.497	1767.2	1767.2	0.00357466	1
6.19	1769	42.0595	1907.5	1907.5	0.00590226	1
6.2	2099	45.8148	1976.4	1976.4	0.00755292	1
6.22	2191	46.8081	2110.27	2110.25	0.0122665	1
6.23	2066	45.4533	2174.65	2174.63	0.0155678	1
6.25	2383	48.816	2296.85	2296.82	0.0248686	1
6.27	2255	47.4868	2408.41	2408.37	0.0392908	1
6.28	2635	51.3323	2459.52	2459.48	0.049183	1
6.3	2560	50.5964	2551.13	2551.06	0.0764321	1
6.31	2752	52.4595	2591.17	2591.07	0.0948879	1
6.33	2642	51.4004	2658.66	2658.51	0.145041	1
6.35	2929	54.1202	2708.24	2708.02	0.219274	1
6.36	2554	50.5371	2725.97	2725.7	0.268497	1
6.38	2814	53.0471	2746.86	2746.46	0.399261	1
6.39	2762	52.5547	2749.9	2749.42	0.484864	1
6.41	2796	52.8772	2741.13	2740.42	0.709181	1
6.42	2825	53.1507	2729.36	2728.51	0.854144	1
6.44	2607	51.0588	2691.41	2690.19	1.22882	1
6.46	2915	53.9907	2635.01	2633.26	1.74848	1
6.47	2641	51.3907	2600.26	2598.18	2.07708	1
6.49	2477	49.7695	2518.63	2515.72	2.90701	1
6.5	2582	50.8134	2472.19	2468.76	3.4249	1
6.52	2347	48.4458	2369.29	2364.58	4.71479	1
6.54	2384	48.8262	2254.86	2248.44	6.41935	1
6.55	2294	47.8957	2194.04	2186.58	7.45952	1
6.57	2089	45.7056	2066.71	2056.72	9.98988	1
6.58	2001	44.7325	2000.82	1989.3	11.513	1
6.6	2060	45.3872	1866.11	1850.94	15.1656	1
6.61	1661	40.7554	1797.9	1780.57	17.3341	1
6.63	1627	40.3361	1661.28	1638.82	22.4591	1
6.65	1514	38.9102	1526.25	1497.47	28.7805	1
6.66	1523	39.0256	1459.99	1427.55	32.4456	1
6.68	1239	35.1994	1331.22	1290.32	40.8962	1
6.69	1148	33.8821	1269.14	1223.41	45.7247	1
6.71	1136	33.7046	1150.55	1093.86	56.689	1
6.73	1075	32.7872	1040.48	970.969	69.5121	1
6.74	863	29.3769	988.977	912.321	76.656	1
6.76	911	30.1828	893.528	801.074	92.4547	1
6.77	764	27.6405	849.727	748.609	101.117	1
6.79	789	28.0891	770.18	650.221	119.958	1
6.8	686	26.1916	734.462	604.345	130.118	1
6.82	638	25.2587	671.076	519.245	151.831	1
6.84	607	24.6374	618.135	442.908	175.226	1
6.85	612	24.7386	595.415	407.948	187.467	1
6.87	516	22.7156	557.02	344.214	212.806	1
6.88	571	23.8956	541.124	315.326	225.798	1
6.9	517	22.7376	515.303	263.187	252.116	1
6.91	496	22.2711	505.098	239.793	265.305	1
6.93	486	22.0454	489.352	197.981	291.372	1
6.95	530	23.0217	478.771	162.279	316.492	1
6.96	511	22.6053	475.015	146.522	328.493	1
6.98	528	22.9783	469.767	118.802	350.965	1
6.99	486	22.0454	467.96	106.685	361.274	1
7.01	488	22.0907	465.227	85.5672	379.66	1
7.03	459	21.4243	462.743	68.1341	394.609	1
7.04	424	20.5913	461.277	60.6336	400.643	1
7.06	470	21.6795	457.35	47.7586	409.591	1
7.07	451	21.2368	454.703	42.2708	412.432	1
7.09	457	21.3776	447.666	32.9352	414.731	1
7.1	508	22.5389	443.163	28.9928	414.17	1
7.12	438	20.9284	431.996	22.3455	409.651	1
7.14	398	19.9499	417.838	17.098	400.74	1
7.15	364	19.0788	409.639	14.9157	394.723	1
7.17	386	19.6469	391.096	11.2896	379.807	1
7.18	324	18	380.82	9.79532	371.025	1
7.2	349	18.6815	358.485	7.33392	351.151	1
7.22	405	20.1246	334.151	5.4514	328.699	1
7.23	349	18.6815	321.394	4.68721	316.706	1
7.25	297	17.2337	295.043	3.44642	291.597	1
7.26	242	15.5563	281.592	2.94723	278.645	1
7.28	278	16.6733	254.491	2.14363	252.347	1
7.29	232	15.2315	240.977	1.82321	239.154	1
7.31	192	13.8564	214.344	1.31176	213.032	1
7.33	175	13.2288	188.621	0.936964	187.684	1
7.34	153	12.3693	176.228	0.78973	175.438	1
7.36	171	13.0767	152.587	0.557994	152.029	1
7.37	128	11.3137	141.408	0.467763	140.94	1
7.39	142	11.9164	120.459	0.326933	120.132	1
7.41	114	10.6771	101.501	0.226854	101.274	1
7.42	92	9.59166	92.7906	0.188456	92.6021	1
7.44	89	9.43398	76.915	0.129353	76.7857	1
7.45	78	8.83176	69.7399	0.106877	69.633	1
7.47	66	8.12404	56.8657	0.0725658	56.7931	1
7.48	39	6.245	51.1385	0.0596317	51.0788	1
7.5	40	6.32456	41.0172	0.0400505	40.9772	1
7.52	42	6.48074	32.5397	0.0267051	32.513	1
7.53	29	5.38516	28.8634	0.0217474	28.8417	1
7.55	26	5.09902	22.5234	0.0143441	22.509	1
7.56	22	4.69042	19.8146	0.0116179	19.803	1
7.58	23	4.79583	15.2091	0.0075801	15.2016	1
7.6	19	4.3589	11.5463	0.00490995	11.5414	1
7.61	14	3.74166	10.0189	0.00394093	10.015	1
7.63	7	2.64575	7.48151	0.00252512	7.47899	1
7.64	2	1.41421	6.43844	0.00201578	6.43642	1
7.66	6	2.44949	4.72906	0.00127764	4.72779	1
7.67	2	1.41421	4.03626	0.0010144	4.03524	1
7.69	5	2.23607	2.91608	0.000636001	2.91544	1
7.71	7	2.64575	2.0837	0.000395875	2.08331	1
7.72	4	2	1.75412	0.000311479	1.75381	1
7.74	4	2	1.23288	0.000191783	1.23269	1
7.75	3	1.73205	1.02933	0.000150079	1.02918	1
7.77	4	2	0.711604	9.1408e-005	0.711513	1
7.79	2	1.41421	0.48656	5.52715e-005	0.486505	1
7.8	4	2	0.400674	4.28628e-005	0.400631	1
7.82	3	1.73205	0.269471	2.56377e-005	0.269445	1
7.83	5	2.23607	0.220079	1.97742e-005	0.220059	1
7.85	4	2	0.145586	1.16998e-005	0.145575	1
7.86	7	2.64575	0.117923	8.97509e-006	0.117914	1
7.88	2	1.41421	0.0767294	5.25291e-006	0.0767241	1
7.9	1	1	0.0493788	3.05222e-006	0.0493757	1
7.91	5	2.23607	0.0394489	2.3203e-006	0.0394466	1
7.93	2	1.41421	0.024971	1.33365e-006	0.0249697	1
7.94	2	1.41421	0.0197852	1.00835e-006	0.0197842	1
7.96	3	1.73205	0.0123187	5.73307e-007	0.0123181	1
7.97	4	2	0.00968009	4.31119e-007	0.00967966	1
7.99	1	1	0.0059282	2.42469e-007	0.00592796	1
8.01	3	1.73205	0.00359071	1.35385e-007	0.00359057	1
8.02	2	1.41421	0.00278301	1.0089e-007	0.00278291	1
8.04	2	1.41421	0.00165803	5.5724e-008	0.00165798	1
8.05	3	1.73205	0.00127449	4.13009e-008	0.00127445	1
8.07	3	1.73205	0.000746858	2.25651e-008	0.000746835	1
8.09	5	2.23607	0.000432864	1.22396e-008	0.000432852	1
8.1	2	1.41421	0.000328182	8.98985e-009	0.000328173	1
8.12	3	1.73205	0.00018709	4.82352e-009	0.000187085	1
8.13	1	1	0.000140677	3.52363e-009	0.000140673	1
8.15	1	1	7.88822e-005	1.87018e-009	7.88803e-005	1
8.16	2	1.41421	5.88251e-005	1.35879e-009	5.88237e-005	1
8.18	5	2.23607	3.24444e-005	7.13388e-010	3.24437e-005	1
8.2	3	1.73205	1.76983e-005	3.71839e-010	1.76979e-005	1
8.21	4	2	1.30177e-005	2.67725e-010	1.30174e-005	1
8.23	1	1	6.98466e-006	1.38038e-010	6.98452e-006	1
8.24	3	1.73205	5.09515e-006	9.88495e-011	5.09505e-006	1
8.26	3	1.73205	2.689e-006	5.04157e-011	2.68895e-006	1
8.28	1	1	1.40359e-006	2.55277e-011	1.40356e-006	1
8.29	6	2.44949	1.00988e-006	1.81157e-011	1.00986e-006	1
8.31	0	1	5.18486e-007	9.07365e-012	5.18477e-007	1
8.32	1	1	3.69979e-007	6.40422e-012	3.69972e-007	1
8.34	4	2	1.86839e-007	3.17303e-012	1.86835e-007	1
8.35	4	2	1.32226e-007	2.2274e-012	1.32224e-007	1
8.37	2	1.41421	6.56792e-008	1.09166e-012	6.56782e-008	1
8.39	2	1.41421	3.22666e-008	5.31169e-013	3.22661e-008	1
8.4	1	1	2.25227e-008	3.69509e-013	2.25224e-008	1
8.42	0	1	1.08835e-008	1.77848e-013	1.08833e-008	1
8.43	0	1	7.53435e-009	1.2305e-013	7.53423e-009	1
8.45	1	1	3.58107e-009	5.85854e-014	3.58101e-009	1
8.47	0	1	1.68343e-009	2.76917e-014	1.6834e-009	1
8.48	4	2	1.14945e-009	1.89868e-014	1.14943e-009	1
8.5	3	1.73205	5.31487e-010	8.87755e-015	5.31478e-010	1
8.51	4	2	3.59915e-010	6.05389e-015	3.59908e-010	1
8.53	1	1	1.6369e-010	2.8e-015	1.63687e-010	1
8.54	2	1.41421	1.09936e-010	1.89907e-015	1.09934e-010	1
8.56	0	1	4.91795e-011	8.6885e-016	4.91787e-011	1
8.58	0	1	2.17592e-011	3.94643e-016	2.17588e-011	1
8.59	2	1.41421	1.44138e-011	2.65249e-016	1.44135e-011	1
8.61	3	1.73205	6.27274e-012	1.19177e-016	6.27262e-012	1
8.62	2	1.41421	4.121e-012	7.96681e-017	4.12092e-012	1
8.64	1	1	1.76402e-012	3.54084e-017	1.76398e-012	1
8.66	2	1.41421	7.46824e-013	1.56236e-017	7.46808e-013	1
8.67	4	2	4.83928e-013	1.035e-017	4.83918e-013	1
8.69	1	1	2.01519e-013	4.5175e-018	2.01515e-013	1
8.7	1	1	1.29506e-013	2.97644e-018	1.29503e-013	1
8.72	1	1	5.30454e-014	1.2851e-018	5.30441e-014	1
8.73	1	1	3.38089e-014	8.42122e-019	3.38081e-014	1
8.75	2	1.41421	1.3621e-014	3.59662e-019	1.36207e-014	1
8.77	2	1.41421	5.42752e-015	1.525e-019	5.42737e-015	1
8.78	1	1	3.41195e-015	9.90322e-020	3.41186e-015	1
8.8	1	1	1.33726e-015	4.15367e-020	1.33722e-015	1
8.81	0	1	8.33737e-016	2.68275e-020	8.3371e-016	1
8.83	1	1	3.21413e-016	1.11306e-020	3.21402e-016	1
8.85	1	1	1.2255e-016	4.58467e-021	1.22545e-016	1
8.86	2	1.41421	7.53602e-017	2.93443e-021	7.53573e-017	1
8.88	3	1.73205	2.82626e-017	1.19563e-021	2.82614e-017	1
8.89	2	1.41421	1.72367e-017	7.61119e-022	1.72359e-017	1
8.91	1	1	6.35835e-018	3.06765e-022	6.35804e-018	1
8.92	4	2	3.84588e-018	1.94224e-022	3.84568e-018	1
8.94	5	2.23607	1.39543e-018	7.74352e-023	1.39535e-018	1
8.96	2	1.41421	5.00767e-019	3.06498e-023	5.00736e-019	1
8.97	2	1.41421	2.98748e-019	1.92306e-023	2.98729e-019	1
8.99	2	1.41421	1.05452e-019	7.52945e-024	1.05444e-019	1
9	0	1	6.23927e-020	4.69861e-024	6.2388e-020	1
9.02	2	1.41421	2.16623e-020	1.81979e-024	2.16605e-020	1
9.03	3	1.73205	1.27114e-020	1.12945e-024	1.27103e-020	1
9.05	4	2	4.34098e-021	4.32714e-025	4.34055e-021	1
9.07	3	1.73205	1.46621e-021	1.64584e-025	1.46604e-021	1
9.08	2	1.41421	8.48602e-022	1.01228e-025	8.48501e-022	1
9.1	1	1	2.81925e-022	3.80865e-026	2.81887e-022	1
9.11	2	1.41421	1.61828e-022	2.32984e-026	1.61805e-022	1
9.13	3	1.73205	5.28819e-023	8.67113e-027	5.28733e-023	1
9.15	1	1	1.70913e-023	3.20391e-027	1.70881e-023	1
9.16	4	2	9.67644e-024	1.94224e-027	9.6745e-024	1
9.18	1	1	3.07615e-024	7.09886e-028	3.07544e-024	1
9.19	0	1	1.72727e-024	4.28008e-028	1.72684e-024	1
9.21	1	1	5.40103e-025	1.54746e-028	5.39948e-025	1
9.22	0	1	3.00775e-025	9.27945e-029	3.00682e-025	1
9.24	4	2	9.25091e-026	3.31872e-029	9.24759e-026	1
9.26	2	1.41421	2.81414e-026	1.17835e-029	2.81296e-026	1
9.27	6	2.44949	1.54573e-026	7.00237e-030	1.54503e-026	1
9.29	3	1.73205	4.62513e-027	2.4594e-030	4.62267e-027	1
9.3	4	2	2.51957e-027	1.45359e-030	2.51812e-027	1
9.32	1	1	7.41565e-028	5.05018e-031	7.4106e-028	1
9.34	4	2	2.15871e-028	1.74191e-031	2.15697e-028	1
9.35	3	1.73205	1.15992e-028	1.02025e-031	1.1589e-028	1
9.37	3	1.73205	3.32134e-029	3.48102e-032	3.31785e-029	1
9.38	5	2.23607	1.76997e-029	2.02781e-032	1.76795e-029	1
9.4	2	1.41421	4.98538e-030	6.844e-033	4.97854e-030	1
9.41	7	2.64575	2.63498e-030	3.96525e-033	2.63102e-030	1
9.43	4	2	7.30073e-031	1.32384e-033	7.28749e-031	1
9.45	1	1	2.00078e-031	4.38786e-034	1.99639e-031	1
9.46	4	2	1.04312e-031	2.51931e-034	1.0406e-031	1
9.48	2	1.41421	2.81224e-032	8.26001e-035	2.80398e-032	1
9.49	3	1.73205	1.45424e-032	4.71683e-035	1.44952e-032	1
9.51	1	1	3.8571e-033	1.52979e-035	3.84181e-033	1
9.53	1	1	1.012e-033	4.92567e-036	1.00707e-033	1
9.54	2	1.41421	5.16272e-034	2.78742e-036	5.13484e-034	1
9.56	1	1	1.33283e-034	8.87808e-037	1.32395e-034	1
9.57	3	1.73205	6.74497e-035	4.99686e-037	6.695e-035	1
9.59	0	1	1.71366e-035	1.57433e-037	1.69792e-035	1
9.6	2	1.41421	8.60354e-036	8.81279e-038	8.51541e-036	1
9.62	4	2	2.15165e-036	2.74658e-038	2.12419e-036	1
9.64	6	2.44949	5.32574e-037	8.49816e-039	5.24076e-037	1
9.65	0	1	2.63953e-037	4.71424e-039	2.59239e-037	1
9.67	1	1	6.43533e-038	1.44286e-039	6.29105e-038	1
9.68	5	2.23607	3.16592e-038	7.96073e-040	3.08631e-038	1
9.7	1	1	7.60789e-039	2.41018e-040	7.36687e-039	1
9.72	1	1	1.81161e-039	7.24433e-041	1.73916e-039	1
9.73	1	1	8.81149e-040	3.9609e-041	8.4154e-040	1
9.75	1	1	2.0719e-040	1.17767e-041	1.95413e-040	1
9.76	2	1.41421	1.00181e-040	6.40413e-042	9.37773e-041	1
9.78	0	1	2.33024e-041	1.88353e-042	2.14189e-041	1
9.79	1	1	1.12129e-041	1.01871e-042	1.01942e-041	1
9.81	1	1	2.58657e-042	2.96376e-043	2.2902e-042	1
9.83	2	1.41421	5.94474e-043	8.56034e-044	5.08871e-043	1
9.84	2	1.41421	2.84762e-043	4.58812e-044	2.3888e-043	1
9.86	2	1.41421	6.53167e-044	1.31088e-044	5.22079e-044	1
9.87	0	1	3.12943e-044	6.98794e-045	2.43063e-044	1
9.89	0	1	7.20008e-045	1.97497e-045	5.22512e-045	1
9.91	3	1.73205	1.66508e-045	5.54147e-046	1.11093e-045	1
9.92	1	1	8.02875e-046	2.92737e-046	5.10138e-046	1
9.94	1	1	1.87934e-046	8.12501e-047	1.06684e-046	1
9.95	5	2.23607	9.1275e-047	4.26891e-047	4.85859e-047	1
9.97	1	1	2.17145e-047	1.17205e-047	9.99408e-048	1
9.98	3	1.73205	1.06386e-047	6.12461e-048	4.51403e-048	1
10	4	2	2.57668e-048	1.66336e-048	9.13311e-049	1
10.02	2	1.41421	6.3125e-049	4.48488e-049	1.82762e-049	1
10.03	2	1.41421	3.13667e-049	2.32248e-049	8.1419e-050	1
10.05	2	1.41421	7.79692e-050	6.19436e-050	1.60256e-050	1
10.06	4	2	3.89841e-050	3.19036e-050	7.0805e-051	1
10.08	2	1.41421	9.78795e-051	8.41715e-051	1.3708e-051	1
10.1	0	1	2.46716e-051	2.20468e-051	2.62481e-052	1
10.11	3	1.73205	1.23965e-051	1.12527e-051	1.14384e-052	1
10.13	0	1	3.13095e-052	2.91552e-052	2.15432e-053	1
10.14	9	3	1.57313e-052	1.48002e-052	9.31082e-054	1
10.16	5	2.23607	3.96572e-053	3.79324e-053	1.72486e-054	1
10.17	3	1.73205	1.98908e-053	1.91514e-053	7.39337e-055	1
10.19	3	1.73205	4.99013e-054	4.85541e-054	1.34719e-055	1
10.21	8	2.82843	1.24637e-054	1.22209e-054	2.4279e-056	1
10.22	1	1	6.21718e-055	6.11453e-055	1.02645e-056	1
10.24	4	2	1.54057e-055	1.52238e-055	1.81953e-057	1
10.25	3	1.73205	7.65199e-056	7.5757e-056	7.62912e-058	1
10.27	2	1.41421	1.8791e-056	1.86579e-056	1.3302e-058	1
10.28	3	1.73205	9.28962e-057	9.23431e-057	5.53152e-059	1
10.3	1	1	2.2592e-057	2.24971e-057	9.48655e-060	1
10.32	0	1	5.45739e-058	5.4413e-058	1.60911e-060	1
10.33	2	1.41421	2.67537e-058	2.66877e-058	6.5998e-061	1
10.35	4	2	6.39613e-059	6.38512e-059	1.10111e-061	1
10.36	2	1.41421	3.11919e-059	3.11471e-059	4.47904e-062	1
10.38	8	2.82843	7.37887e-060	7.37152e-060	7.3503e-063	1
10.4	5	2.23607	1.7332e-060	1.73201e-060	1.193e-063	1
10.41	2	1.41421	8.37752e-061	8.37274e-061	4.78643e-064	1
10.43	2	1.41421	1.94676e-061	1.946e-061	7.6413e-065	1
10.44	6	2.44949	9.35924e-062	9.3562e-062	3.04053e-065	1
10.46	4	2	2.15155e-062	2.15108e-062	4.77448e-066	1
10.47	5	2.23607	1.02881e-062	1.02862e-062	1.88417e-066	1
10.49	5	2.23607	2.33962e-063	2.33933e-063	2.91016e-067	1
10.51	3	1.73205	5.28225e-064	5.28181e-064	4.44558e-068	1
10.52	3	1.73205	2.5031e-064	2.50293e-064	1.73037e-068	1
10.54	3	1.73205	5.59039e-065	5.59013e-065	2.59999e-069	1
10.55	4	2	2.63478e-065	2.63468e-065	1.00368e-069	1
10.57	2	1.41421	5.82094e-066	5.8208e-066	1.48336e-070	1
10.59	3	1.73205	1.27673e-066	1.27671e-066	2.16827e-071	1
10.6	2	1.41421	5.96309e-067	5.96301e-067	8.25568e-072	1
10.62	2	1.41421	1.29378e-067	1.29376e-067	1.18697e-072	1
10.63	2	1.41421	6.00999e-068	6.00994e-068	4.4822e-073	1
10.65	1	1	1.28986e-068	1.28986e-068	6.3387e-074	1
10.66	2	1.41421	5.95935e-069	5.95933e-069	2.37389e-074	1
10.68	1	1	1.26518e-069	1.26517e-069	3.3021e-075	1
10.7	1	1	2.66659e-070	2.66659e-070	4.54292e-076	1
10.71	4	2	1.2209e-070	1.2209e-070	1.67808e-076	1
10.73	0	1	2.54547e-071	2.54547e-071	2.2708e-077	1
10.74	6	2.44949	1.15913e-071	1.15913e-071	8.31891e-078	1
10.76	2	1.41421	2.39057e-072	2.39057e-072	1.10727e-078	1
10.78	2	1.41421	4.89469e-073	4.89468e-073	1.45765e-079	1
10.79	3	1.73205	2.2088e-073	2.2088e-073	5.26695e-080	1
10.81	4	2	4.47365e-074	4.47365e-074	6.81995e-081	1
10.82	4	2	2.00786e-074	2.00786e-074	2.44398e-081	1
10.84	3	1.73205	4.02273e-075	4.02273e-075	3.11272e-082	1
10.85	5	2.23607	1.7957e-075	1.7957e-075	1.10628e-082	1
10.87	3	1.73205	3.55878e-076	3.55878e-076	1.38589e-083	1
10.89	9	3	7.00202e-077	7.00202e-077	1.71715e-084	1
10.9	1	1	3.09745e-077	3.09745e-077	6.01938e-085	1
10.92	1	1	6.02847e-078	6.02847e-078	7.33585e-086	1
10.93	5	2.23607	2.65234e-078	2.65234e-078	2.55038e-086	1
10.95	1	1	5.10638e-079	5.10638e-079	3.05721e-087	1
10.97	4	2	9.76005e-080	9.76005e-080	3.62459e-088	1
10.98	5	2.23607	4.25541e-080	4.25541e-080	1.24288e-088	1
11	2	1.41421	8.04566e-081	8.04566e-081	1.44939e-089	1
11.01	2	1.41421	3.48893e-081	3.48893e-081	4.92911e-090	1
11.03	1	1	6.52519e-082	6.52519e-082	5.65385e-091	1
11.04	3	1.73205	2.81426e-082	2.81426e-082	1.90694e-091	1
11.06	3	1.73205	5.20651e-083	5.20651e-083	2.15147e-092	1
11.08	5	2.23607	9.56277e-084	9.56277e-084	2.40074e-093	1
11.09	2	1.41421	4.08717e-084	4.08717e-084	7.98649e-094	1
11.11	4	2	7.42575e-085	7.42575e-085	8.76573e-095	1
11.12	1	1	3.1566e-085	3.1566e-085	2.89207e-095	1
11.14	5	2.23607	5.67309e-086	5.67309e-086	3.12221e-096	1
11.16	6	2.44949	1.01222e-086	1.01222e-086	3.33372e-097	1
11.17	3	1.73205	4.26403e-087	4.26403e-087	1.08485e-097	1
11.19	6	2.44949	7.52585e-088	7.52585e-088	1.13935e-098	1
11.2	5	2.23607	3.15314e-088	3.15314e-088	3.6771e-099	1
11.22	10	3.16228	5.50503e-089	5.50503e-089	3.79852e-100	1
11.23	0	1	2.29397e-089	2.29397e-089	1.21583e-100	1
11.25	3	1.73205	3.96174e-090	3.96174e-090	1.23539e-101	1
11.27	6	2.44949	6.79263e-091	6.79263e-091	1.2415e-102	1
11.28	7	2.64575	2.80501e-091	2.80501e-091	3.91945e-103	1
11.3	4	2	4.75737e-092	4.75737e-092	3.87428e-104	1
11.31	6	2.44949	1.95391e-092	1.95391e-092	1.21305e-104	1
11.33	3	1.73205	3.27808e-093	3.27808e-093	1.17941e-105	1
11.34	6	2.44949	1.33905e-093	1.33905e-093	3.66238e-106	1
11.36	3	1.73205	2.22225e-094	2.22225e-094	3.50243e-107	1
11.38	1	1	3.66136e-095	3.66136e-095	3.31277e-108	1
11.39	5	2.23607	1.48214e-095	1.48214e-095	1.01463e-108	1
11.41	3	1.73205	2.41557e-096	2.41557e-096	9.43951e-110	1
11.42	5	2.23607	9.72536e-097	9.72536e-097	2.86732e-110	1
11.44	3	1.73205	1.5679e-097	1.5679e-097	2.62385e-111	1
11.46	2	1.41421	2.50949e-098	2.50949e-098	2.37474e-112	1
11.47	4	2	1.00124e-098	1.00124e-098	7.11476e-113	1
11.49	4	2	1.58521e-099	1.58521e-099	6.33371e-114	1
11.5	3	1.73205	6.29046e-100	6.29046e-100	1.88197e-114	1
11.52	1	1	9.85172e-101	9.85172e-101	1.64791e-115	1
11.53	5	2.23607	3.88819e-101	3.88819e-101	4.85621e-116	1
11.55	3	1.73205	6.02363e-102	6.02363e-102	4.18252e-117	1
11.57	2	1.41421	9.26453e-103	9.26453e-103	3.5628e-118	1
11.58	2	1.41421	3.62348e-103	3.62348e-103	1.03556e-118	1
11.6	6	2.44949	5.51281e-104	5.51281e-104	8.67661e-120	1
11.61	6	2.44949	2.14445e-104	2.14445e-104	2.50117e-120	1
11.63	3	1.73205	3.22734e-105	3.22734e-105	2.06129e-121	1
11.65	2	1.41421	4.82199e-106	4.82199e-106	1.68016e-122	1
11.66	2	1.41421	1.85882e-106	1.85882e-106	4.77705e-123	1
11.68	1	1	2.74727e-107	2.74727e-107	3.82994e-124	1
11.69	1	1	1.0533e-107	1.0533e-107	1.07997e-124	1
11.71	2	1.41421	1.53992e-108	1.53992e-108	8.51658e-126	1
11.72	4	2	5.87207e-109	5.87207e-109	2.38175e-126	1
11.74	0	1	8.49215e-110	8.49215e-110	1.84744e-127	1
11.76	2	1.41421	1.21926e-110	1.21926e-110	1.41729e-128	1
11.77	2	1.41421	4.60743e-111	4.60743e-111	3.90937e-129	1
11.79	2	1.41421	6.54365e-112	6.54365e-112	2.94996e-130	1
11.8	4	2	2.45936e-112	2.45936e-112	8.07003e-131	1
11.82	0	1	3.45513e-113	3.45513e-113	5.9897e-132	1
11.84	1	1	4.81905e-114	4.81905e-114	4.39692e-133	1
11.85	2	1.41421	1.79486e-114	1.79486e-114	1.18638e-133	1
11.87	0	1	2.47633e-115	2.47633e-115	8.56624e-135	1
11.88	2	1.41421	9.17316e-116	9.17316e-116	2.29233e-135	1
11.9	2	1.41421	1.25193e-116	1.25193e-116	1.62803e-136	1
11.91	3	1.73205	4.61242e-117	4.61242e-117	4.32078e-137	1
11.93	4	2	6.22688e-118	6.22688e-118	3.01834e-138	1
11.95	1	1	8.34576e-119	8.34576e-119	2.0854e-139	1
11.96	0	1	3.04708e-119	3.04708e-119	5.4589e-140	1
11.98	2	1.41421	4.03981e-120	4.03981e-120	3.70977e-141	1
11.99	4	2	1.46696e-120	1.46696e-120	9.63103e-142	1
12.01	4	2	1.92388e-121	1.92388e-121	6.43777e-143	1
12.03	3	1.73205	2.5049e-122	2.5049e-122	4.25611e-144	1
12.04	3	1.73205	9.01398e-123	9.01398e-123	1.08982e-144	1
12.06	1	1	1.16094e-123	1.16094e-123	7.08686e-146	1
12.07	2	1.41421	4.15506e-124	4.15506e-124	1.79973e-146	1
12.09	1	1	5.29362e-125	5.29362e-125	1.15114e-147	1
12.1	3	1.73205	1.88434e-125	1.88434e-125	2.89929e-148	1
12.12	4	2	2.37474e-126	2.37474e-126	1.82403e-149	1
12.14	1	1	2.97117e-127	2.97117e-127	1.13497e-150	1
12.15	1	1	1.0481e-127	1.0481e-127	2.81947e-151	1
12.17	1	1	1.29716e-128	1.29716e-128	1.72561e-152	1
12.18	4	2	4.55104e-129	4.55104e-129	4.25144e-153	1
12.2	1	1	5.57166e-130	5.57166e-130	2.55936e-154	1
12.22	2	1.41421	6.77192e-131	6.77192e-131	1.52385e-155	1
12.23	3	1.73205	2.35449e-131	2.35449e-131	3.70299e-156	1
12.25	2	1.41421	2.83077e-132	2.83077e-132	2.16862e-157	1
12.26	2	1.41421	9.7888e-133	9.7888e-133	5.22642e-158	1
12.28	2	1.41421	1.16418e-133	1.16418e-133	3.01062e-159	1
12.29	1	1	4.00392e-134	4.00392e-134	7.19594e-160	1
12.31	2	1.41421	4.71039e-135	4.71039e-135	4.07719e-161	1
12.33	1	1	5.50151e-136	5.50151e-136	2.2848e-162	1
12.34	1	1	1.87506e-136	1.87506e-136	5.38637e-163	1
12.36	3	1.73205	2.16632e-137	2.16632e-137	2.96896e-164	1
12.37	1	1	7.34339e-138	7.34339e-138	6.94167e-165	1
12.39	5	2.23607	8.39237e-139	8.39237e-139	3.76351e-166	1
12.4	3	1.73205	2.82943e-139	2.82943e-139	8.72696e-167	1
12.42	4	2	3.19867e-140	3.19867e-140	4.65386e-168	1
12.44	5	2.23607	3.58999e-141	3.58999e-141	2.45458e-169	1
12.45	3	1.73205	1.19943e-141	1.19943e-141	5.6139e-170	1
12.47	2	1.41421	1.33162e-142	1.33162e-142	2.91239e-171	1
12.48	5	2.23607	4.4249e-143	4.4249e-143	6.60614e-172	1
12.5	2	1.41421	4.85948e-144	4.85948e-144	3.37097e-173	1
12.52	4	2	5.29823e-145	5.29823e-145	1.70128e-174	1
12.53	3	1.73205	1.7447e-145	1.7447e-145	3.80619e-175	1
12.55	8	2.82843	1.88167e-146	1.88167e-146	1.88943e-176	1
12.56	2	1.41421	6.16276e-147	6.16276e-147	4.19235e-177	1
12.58	8	2.82843	6.57474e-148	6.57474e-148	2.04701e-178	1
12.59	4	2	2.14166e-148	2.14166e-148	4.5046e-179	1
12.61	1	1	2.26014e-149	2.26014e-149	2.16341e-180	1
12.63	4	2	2.36796e-150	2.36796e-150	1.02763e-181	1
12.64	6	2.44949	7.64389e-151	7.64389e-151	2.23044e-182	1
12.66	5	2.23607	7.922e-152	7.922e-152	1.0421e-183	1
12.67	3	1.73205	2.5434e-152	2.5434e-152	2.24323e-184	1
12.69	2	1.41421	2.60746e-153	2.60746e-153	1.03089e-185	1
12.71	2	1.41421	2.65383e-154	2.65383e-154	4.68562e-187	1
12.72	6	2.44949	8.44348e-155	8.44348e-155	9.94831e-188	1
12.74	4	2	8.50078e-156	8.50078e-156	4.44758e-189	1
12.75	2	1.41421	2.68997e-156	2.68997e-156	9.36518e-190	1
12.77	4	2	2.67896e-157	2.67896e-157	4.11824e-191	1
12.78	4	2	8.43133e-158	8.43133e-158	8.60033e-192	1
12.8	2	1.41421	8.30607e-159	8.30607e-159	3.7199e-193	1
12.82	3	1.73205	8.12363e-160	8.12363e-160	1.59134e-194	1
12.83	4	2	2.53365e-160	2.53365e-160	3.2778e-195	1
12.85	0	1	2.45122e-161	2.45122e-161	1.37922e-196	1
12.86	1	1	7.60363e-162	7.60363e-162	2.81751e-197	1
12.88	1	1	7.27676e-163	7.27676e-163	1.16611e-198	1
12.9	2	1.41421	6.91367e-164	6.91367e-164	4.77337e-200	1
12.91	3	1.73205	2.12527e-164	2.12527e-164	9.61775e-201	1
12.93	5	2.23607	1.99741e-165	1.99741e-165	3.87241e-202	1
12.94	3	1.73205	6.1068e-166	6.1068e-166	7.73821e-203	1
12.96	7	2.64575	5.67737e-167	5.67737e-167	3.06457e-204	1
12.97	1	1	1.72637e-167	1.72637e-167	6.0735e-205	1
12.99	4	2	1.58763e-168	1.58763e-168	2.36586e-206	1
13.01	2	1.41421	1.4495e-169	1.4495e-169	9.11491e-208	1
13.02	2	1.41421	4.36791e-170	4.36791e-170	1.78172e-208	1
13.04	6	2.44949	3.94479e-171	3.94479e-171	6.75188e-210	1
13.05	3	1.73205	1.18228e-171	1.18228e-171	1.30895e-210	1
13.07	3	1.73205	1.05621e-172	1.05621e-172	4.87897e-212	1
13.09	1	1	9.36781e-174	9.36781e-174	1.79866e-213	1
13.1	1	1	2.78228e-174	2.78228e-174	3.43924e-214	1
13.12	3	1.73205	2.44101e-175	2.44101e-175	1.24711e-215	1
13.13	3	1.73205	7.21063e-176	7.21063e-176	2.36499e-216	1
13.15	4	2	6.2578e-177	6.2578e-177	8.43513e-218	1
13.16	2	1.41421	1.83851e-177	1.83851e-177	1.58646e-218	1
13.18	4	2	1.57833e-178	1.57833e-178	5.56559e-220	1
13.2	3	1.73205	1.34518e-179	1.34518e-179	1.93111e-221	1
13.21	2	1.41421	3.91646e-180	3.91646e-180	3.5823e-222	1
13.23	2	1.41421	3.30187e-181	3.30187e-181	1.22259e-223	1
13.24	4	2	9.56121e-182	9.56121e-182	2.24928e-224	1
13.26	0	1	7.9737e-183	7.9737e-183	7.55063e-226	1
13.28	1	1	6.60178e-184	6.60178e-184	2.5069e-227	1
13.29	2	1.41421	1.89445e-184	1.89445e-184	4.54902e-228	1
13.31	1	1	1.55155e-185	1.55155e-185	1.48557e-229	1
13.32	0	1	4.42819e-186	4.42819e-186	2.67353e-230	1
13.34	5	2.23607	3.58749e-187	3.58749e-187	8.58775e-232	1
13.35	1	1	1.01834e-187	1.01834e-187	1.53279e-232	1
13.37	1	1	8.16089e-189	8.16089e-189	4.84282e-234	1
13.39	2	1.41421	6.49288e-190	6.49288e-190	1.51331e-235	1
13.4	2	1.41421	1.82645e-190	1.82645e-190	2.66409e-236	1
13.42	3	1.73205	1.43743e-191	1.43743e-191	8.18842e-238	1
13.43	5	2.23607	4.0216e-192	4.0216e-192	1.42965e-238	1
13.45	0	1	3.13084e-193	3.13084e-193	4.32219e-240	1
13.46	2	1.41421	8.71189e-194	8.71189e-194	7.48419e-241	1
13.48	3	1.73205	6.70897e-195	6.70897e-195	2.22555e-242	1
13.5	4	2	5.12925e-196	5.12925e-196	6.54554e-244	1
13.51	2	1.41421	1.4144e-196	1.4144e-196	1.1179e-244	1
13.53	4	2	1.06968e-197	1.06968e-197	3.23395e-246	1
13.54	0	1	2.93367e-198	2.93367e-198	5.47775e-247	1
13.56	2	1.41421	2.19469e-199	2.19469e-199	1.55866e-248	1
13.58	1	1	1.63e-200	1.63e-200	4.38647e-250	1
13.59	3	1.73205	4.43011e-201	4.43011e-201	7.32828e-251	1
13.61	2	1.41421	3.2547e-202	3.2547e-202	2.02855e-252	1
13.62	7	2.64575	8.79789e-203	8.79789e-203	3.36112e-253	1
13.64	1	1	6.39375e-204	6.39375e-204	9.15143e-255	1
13.65	3	1.73205	1.71896e-204	1.71896e-204	1.50382e-255	1
13.67	2	1.41421	1.23573e-205	1.23573e-205	4.02739e-257	1
13.69	2	1.41421	8.81935e-207	8.81935e-207	1.06675e-258	1
13.7	2	1.41421	2.3497e-207	2.3497e-207	1.72898e-259	1
13.72	2	1.41421	1.65885e-208	1.65885e-208	4.50455e-261	1
13.73	7	2.64575	4.39567e-209	4.39567e-209	7.24081e-262	1
13.75	1	1	3.06973e-210	3.06973e-210	1.85554e-263	1
13.77	3	1.73205	2.12829e-211	2.12829e-211	4.70291e-265	1
13.78	2	1.41421	5.58876e-212	5.58876e-212	7.45624e-266	1
13.8	3	1.73205	3.83289e-213	3.83289e-213	1.85882e-267	1
13.81	2	1.41421	1.00104e-213	1.00104e-213	2.92282e-268	1
13.83	5	2.23607	6.79117e-215	6.79117e-215	7.16704e-270	1
13.84	3	1.73205	1.76405e-215	1.76405e-215	1.11767e-270	1
13.86	4	2	1.18382e-216	1.18382e-216	2.69572e-272	1
13.88	4	2	7.88701e-218	7.88701e-218	6.43055e-274	1
13.89	2	1.41421	2.03024e-218	2.03024e-218	9.891e-275	1
13.91	4	2	1.338e-219	1.338e-219	2.32078e-276	1
13.92	5	2.23607	3.42556e-220	3.42556e-220	3.54028e-277	1
13.94	3	1.73205	2.23317e-221	2.23317e-221	8.17059e-279	1
13.96	4	2	1.44533e-222	1.44533e-222	1.86502e-280	1
13.97	4	2	3.66699e-223	3.66699e-223	2.8061e-281	1
13.99	2	1.41421	2.34766e-224	2.34766e-224	6.30019e-283	1
14	2	1.41421	5.92405e-225	5.92405e-225	9.40123e-284	1
14.02	4	2	3.75169e-226	3.75169e-226	2.07614e-285	1
14.03	1	1	9.41565e-227	9.41565e-227	3.07254e-286	1
14.05	6	2.44949	5.89847e-228	5.89847e-228	6.67406e-288	1
14.07	4	2	3.66845e-229	3.66845e-229	1.43383e-289	1
14.08	5	2.23607	9.12377e-230	9.12377e-230	2.09294e-290	1
14.1	2	1.41421	5.61305e-231	5.61305e-231	4.42266e-292	1
14.11	2	1.41421	1.38845e-231	1.38845e-231	6.40255e-293	1
14.13	4	2	8.44961e-233	8.44961e-233	1.33077e-294	1
14.15	3	1.73205	5.10501e-234	5.10501e-234	2.73568e-296	1
14.16	4	2	1.2514e-234	1.2514e-234	3.90617e-297	1
14.18	2	1.41421	7.47891e-236	7.47891e-236	7.89834e-299	1
14.19	3	1.73205	1.82339e-236	1.82339e-236	1.11849e-299	1
14.21	0	1	1.07796e-237	1.07796e-237	2.22453e-301	1
14.22	0	1	2.61387e-238	2.61387e-238	3.12425e-302	1
14.24	3	1.73205	1.52858e-239	1.52858e-239	6.11184e-304	1
14.26	4	2	8.87454e-241	8.87454e-241	1.18253e-305	1
14.27	0	1	2.13253e-241	2.13253e-241	1.63809e-306	1
14.29	1	1	1.22471e-242	1.22471e-242	3.11744e-308	1
14.3	4	2	2.92701e-243	2.92701e-243	4.28286e-309	1
14.32	3	1.73205	1.66282e-244	1.66282e-244	8.01708e-311	1
14.34	1	1	9.37823e-246	9.37823e-246	1.48427e-312	1
14.35	7	2.64575	2.22115e-246	2.22115e-246	2.01125e-313	1
14.37	1	1	1.23918e-247	1.23918e-247	3.66254e-315	1
14.38	3	1.73205	2.919e-248	2.919e-248	4.92205e-316	1
14.4	2	1.41421	1.61091e-249	1.61091e-249	8.81499e-318	1
14.41	1	1	3.77407e-250	3.77407e-250	1.1741e-318	1
14.43	2	1.41421	2.0603e-251	2.0603e-251	2.04889e-320	1
14.45	3	1.73205	1.11661e-252	1.11661e-252	0	1
14.46	2	1.41421	2.59245e-253	2.59245e-253	0	1
14.48	6	2.44949	1.38984e-254	1.38984e-254	0	1
14.49	3	1.73205	3.20931e-255	3.20931e-255	0	1
14.51	5	2.23607	1.70195e-256	1.70195e-256	0	1
14.53	3	1.73205	8.96062e-258	8.96062e-258	0	1
14.54	7	2.64575	2.05047e-258	2.05047e-258	0	1
14.56	3	1.73205	1.06789e-259	1.06789e-259	0	1
14.57	5	2.23607	2.43042e-260	2.43042e-260	0	1
14.59	0	1	1.25209e-261	1.25209e-261	0	1
14.6	5	2.23607	2.8342e-262	2.8342e-262	0	1
14.62	0	1	1.44432e-263	1.44432e-263	0	1
14.64	1	1	7.30724e-265	7.30724e-265	0	1
14.65	1	1	1.63915e-265	1.63915e-265	0	1
14.67	1	1	8.20328e-267	8.20328e-267	0	1
14.68	3	1.73205	1.83018e-267	1.83018e-267	0	1
14.7	2	1.41421	9.06032e-269	9.06032e-269	0	1
14.71	2	1.41421	2.01043e-269	2.01043e-269	0	1
14.73	3	1.73205	9.84514e-271	9.84514e-271	0	1
14.75	3	1.73205	4.7864e-272	4.7864e-272	0	1
14.76	4	2	1.0525e-272	1.0525e-272	0	1
14.78	3	1.73205	5.06163e-274	5.06163e-274	0	1
14.79	3	1.73205	1.10699e-274	1.10699e-274	0	1
14.81	4	2	5.26616e-276	5.26616e-276	0	1
14.83	2	1.41421	2.48712e-277	2.48712e-277	0	1
14.84	8	2.82843	5.39038e-278	5.39038e-278	0	1
14.86	4	2	2.51828e-279	2.51828e-279	0	1
14.87	2	1.41421	5.42834e-280	5.42834e-280	0	1
14.89	1	1	2.50861e-281	2.50861e-281	0	1
14.9	3	1.73205	5.37819e-282	5.37819e-282	0	1
14.92	5	2.23607	2.45858e-283	2.45858e-283	0	1
14.94	1	1	1.1158e-284	1.1158e-284	0	1
14.95	3	1.73205	2.37059e-285	2.37059e-285	0	1
14.97	2	1.41421	1.06424e-286	1.06424e-286	0	1
14.98	7	2.64575	2.24881e-287	2.24881e-287	0	1
15	10	3.16228	9.98657e-289	9.98657e-289	0	1
15.02	4	2	4.40286e-290	4.40286e-290	0	1
15.03	1	1	9.21965e-291	9.21965e-291	0	1
15.05	2	1.41421	4.02082e-292	4.02082e-292	0	1
15.06	4	2	8.37403e-293	8.37403e-293	0	1
15.08	5	2.23607	3.61257e-294	3.61257e-294	0	1
15.09	6	2.44949	7.48302e-295	7.48302e-295	0	1
15.11	1	1	3.1933e-296	3.1933e-296	0	1
15.13	1	1	1.35287e-297	1.35287e-297	0	1
15.14	3	1.73205	2.77706e-298	2.77706e-298	0	1
15.16	2	1.41421	1.16381e-299	1.16381e-299	0	1
15.17	7	2.64575	2.37603e-300	2.37603e-300	0	1
15.19	6	2.44949	9.84991e-302	9.84991e-302	0	1
15.21	4	2	4.05383e-303	4.05383e-303	0	1
15.22	5	2.23607	8.20169e-304	8.20169e-304	0	1
15.24	2	1.41421	3.33901e-305	3.33901e-305	0	1
15.25	1	1	6.71887e-306	6.71887e-306	0	1
15.27	3	1.73205	2.70578e-307	2.70578e-307	0	1
15.28	3	1.73205	5.41516e-308	5.41516e-308	0	1
15.3	7	2.64575	2.15719e-309	2.15719e-309	0	1
15.32	4	2	8.53141e-311	8.53141e-311	0	1
15.33	1	1	1.69203e-311	1.69203e-311	0	1
15.35	4	2	6.61943e-313	6.61943e-313	0	1
15.36	6	2.44949	1.30571e-313	1.30571e-313	0	1
15.38	4	2	5.05291e-315	5.05291e-315	0	1
15.4	6	2.44949	1.94116e-316	1.94116e-316	0	1
15.41	0	1	3.79402e-317	3.79402e-317	0	1
15.43	2	1.41421	1.43991e-318	1.43991e-318	0	1
15.44	3	1.73205	2.71682e-319	2.71682e-319	0	1
15.46	3	1.73205	0	0	0	1
15.47	3	1.73205	0	0	0	1
15.49	3	1.73205	0	0	0	1
15.51	0	1	0	0	0	1
15.52	2	1.41421	0	0	0	1
15.54	3	1.73205	0	0	0	1
15.55	2	1.41421	0	0	0	1
15.57	2	1.41421	0	0	0	1
15.59	3	1.73205	0	0	0	1
15.6	0	1	0	0	0	1
15.62	2	1.41421	0	0	0	1
15.63	4	2	0	0	0	1
15.65	3	1.73205	0	0	0	1
15.66	0	1	0	0	0	1
15.68	1	1	0	0	0	1
15.7	4	2	0	0	0	1
15.71	5	2.23607	0	0	0	1
15.73	3	1.73205	0	0	0	1
15.74	1	1	0	0	0	1
15.76	4	2	0	0	0	1
15.77	1	1	0	0	0	1
15.79	3	1.73205	0	0	0	1
15.81	0	1	0	0	0	1
15.82	2	1.41421	0	0	0	1
15.84	2	1.41421	0	0	0	1
15.85	1	1	0	0	0	1
15.87	1	1	0	0	0	1
15.89	0	1	0	0	0	1
15.9	3	1.73205	0	0	0	1
15.92	2	1.41421	0	0	0	1
15.93	1	1	0	0	0	1
15.95	3	1.73205	0	0	0	1
15.96	2	1.41421	0	0	0	1
15.98	0	1	0	0	0	1
16	0	1	0	0	0	1
16.01	2	1.41421	0	0	0	1
16.03	1	1	0	0	0	1
16.04	3	1.73205	0	0	0	1
16.06	1	1	0	0	0	1
16.08	3	1.73205	0	0	0	1
16.09	4	2	0	0	0	1
16.11	2	1.41421	0	0	0	1
16.12	4	2	0	0	0	1
16.14	1	1	0	0	0	1
16.15	3	1.73205	0	0	0	1
16.17	3	1.73205	0	0	0	1
16.19	2	1.41421	0	0	0	1
16.2	1	1	0	0	0	1
16.22	3	1.73205	0	0	0	1
16.23	4	2	0	0	0	1
16.25	1	1	0	0	0	1
16.27	4	2	0	0	0	1
16.28	1	1	0	0	0	1
16.3	3	1.73205	0	0	0	1
16.31	1	1	0	0	0	1
16.33	2	1.41421	0	0	0	1
16.34	2	1.41421	0	0	0	1
16.36	0	1	0	0	0	1
16.38	2	1.41421	0	0	0	1
16.39	2	1.41421	0	0	0	1
16.41	3	1.73205	0	0	0	1
16.42	3	1.73205	0	0	0	1
16.44	0	1	0	0	0	1
16.46	5	2.23607	0	0	0	1
16.47	1	1	0	0	0	1
16.49	1	1	0	0	0	1
16.5	2	1.41421	0	0	0	1
16.52	0	1	0	0	0	1
16.53	2	1.41421	0	0	0	1
16.55	4	2	0	0	0	1
16.57	1	1	0	0	0	1
16.58	1	1	0	0	0	1
16.6	2	1.41421	0	0	0	1
16.61	2	1.41421	0	0	0	1
16.63	2	1.41421	0	0	0	1
16.65	2	1.41421	0	0	0	1
16.66	1	1	0	0	0	1
16.68	1	1	0	0	0	1
16.69	1	1	0	0	0	1
16.71	1	1	0	0	0	1
16.72	3	1.73205	0	0	0	1
16.74	3	1.73205	0	0	0	1
16.76	0	1	0	0	0	1
16.77	2	1.41421	0	0	0	1
16.79	2	1.41421	0	0	0	1
16.8	5	2.23607	0	0	0	1
16.82	6	2.44949	0	0	0	1
16.83	1	1	0	0	0	1
16.85	3	1.73205	0	0	0	1
16.87	2	1.41421	0	0	0	1
16.88	5	2.23607	0	0	0	1
16.9	2	1.41421	0	0	0	1
16.91	1	1	0	0	0	1
16.93	1	1	0	0	0	1
16.95	2	1.41421	0	0	0	1
16.96	4	2	0	0	0	1
16.98	0	1	0	0	0	1
16.99	3	1.73205	0	0	0	1
17.01	3	1.73205	0	0	0	1
17.02	0	1	0	0	0	1
17.04	1	1	0	0	0	1
17.06	1	1	0	0	0	1
17.07	3	1.73205	0	0	0	1
17.09	2	1.41421	0	0	0	1
17.1	2	1.41421	0	0	0	1
17.12	2	1.41421	0	0	0	1
17.14	1	1	0	0	0	1
17.15	0	1	0	0	0	1
17.17	0	1	0	0	0	1
17.18	4	2	0	0	0	1
17.2	1	1	0	0	0	1
17.21	4	2	0	0	0	1
17.23	0	1	0	0	0	1
17.25	2	1.41421	0	0	0	1
17.26	2	1.41421	0	0	0	1
17.28	2	1.41421	0	0	0	1
17.29	3	1.73205	0	0	0	1
17.31	1	1	0	0	0	1
17.33	2	1.41421	0	0	0	1
17.34	0	1	0	0	0	1
17.36	2	1.41421	0	0	0	1
17.37	5	2.23607	0	0	0	1
17.39	1	1	0	0	0	1
17.4	1	1	0	0	0	1
17.42	1	1	0	0	0	1
17.44	2	1.41421	0	0	0	1
17.45	0	1	0	0	0	1
17.47	2	1.41421	0	0	0	1
17.48	1	1	0	0	0	1
17.5	4	2	0	0	0	1
17.52	4	2	0	0	0	1
17.53	4	2	0	0	0	1
17.55	0	1	0	0	0	1
17.56	1	1	0	0	0	1
17.58	2	1.41421	0	0	0	1
17.59	0	1	0	0	0	1
17.61	0	1	0	0	0	1
17.63	2	1.41421	0	0	0	1
17.64	0	1	0	0	0	1
17.66	2	1.41421	0	0	0	1
17.67	2	1.41421	0	0	0	1
17.69	3	1.73205	0	0	0	1
17.71	4	2	0	0	0	1
17.72	0	1	0	0	0	1
17.74	3	1.73205	0	0	0	1
17.75	1	1	0	0	0	1
17.77	1	1	0	0	0	1
17.78	3	1.73205	0	0	0	1
17.8	4	2	0	0	0	1
17.82	3	1.73205	0	0	0	1
17.83	2	1.41421	0	0	0	1
17.85	4	2	0	0	0	1
17.86	2	1.41421	0	0	0	1
17.88	0	1	0	0	0	1
17.89	3	1.73205	0	0	0	1
17.91	4	2	0	0	0	1
17.93	2	1.41421	0	0	0	1
17.94	2	1.41421	0	0	0	1
17.96	5	2.23607	0	0	0	1
17.97	1	1	0	0	0	1
17.99	2	1.41421	0	0	0	1
18.01	2	1.41421	0	0	0	1
18.02	3	1.73205	0	0	0	1
18.04	2	1.41421	0	0	0	1
18.05	0	1	0	0	0	1
18.07	2	1.41421	0	0	0	1
18.08	1	1	0	0	0	1
18.1	1	1	0	0	0	1
18.12	2	1.41421	0	0	0	1
18.13	3	1.73205	0	0	0	1
18.15	5	2.23607	0	0	0	1
18.16	1	1	0	0	0	1
18.18	2	1.41421	0	0	0	1
18.2	4	2	0	0	0	1
18.21	1	1	0	0	0	1
18.23	6	2.44949	0	0	0	1
18.24	3	1.73205	0	0	0	1
18.26	3	1.73205	0	0	0	1
18.27	1	1	0	0	0	1
18.29	1	1	0	0	0	1
18.31	3	1.73205	0	0	0	1
18.32	1	1	0	0	0	1
18.34	2	1.41421	0	0	0	1
18.35	1	1	0	0	0	1
18.37	2	1.41421	0	0	0	1
18.39	1	1	0	0	0	1
18.4	1	1	0	0	0	1
18.42	0	1	0	0	0	1
18.43	2	1.41421	0	0	0	1
18.45	1	1	0	0	0	1
18.46	4	2	0	0	0	1
18.48	3	1.73205	0	0	0	1
18.5	4	2	0	0	0	1
18.51	2	1.41421	0	0	0	1
18.53	3	1.73205	0	0	0	1
18.54	1	1	0	0	0	1
18.56	5	2.23607	0	0	0	1
18.58	2	1.41421	0	0	0	1
18.59	0	1	0	0	0	1
18.61	4	2	0	0	0	1
18.62	1	1	0	0	0	1
18.64	0	1	0	0	0	1
18.65	2	1.41421	0	0	0	1
18.67	2	1.41421	0	0	0	1
18.69	0	1	0	0	0	1
18.7	2	1.41421	0	0	0	1
18.72	2	1.41421	0	0	0	1
18.73	3	1.73205	0	0	0	1
18.75	6	2.44949	0	0	0	1
18.77	1	1	0	0	0	1
18.78	0	1	0	0	0	1
18.8	2	1.41421	0	0	0	1
18.81	1	1	0	0	0	1
18.83	1	1	0	0	0	1
18.84	3	1.73205	0	0	0	1
18.86	2	1.41421	0	0	0	1
18.88	5	2.23607	0	0	0	1
18.89	3	1.73205	0	0	0	1
18.91	2	1.41421	0	0	0	1
18.92	4	2	0	0	0	1
18.94	2	1.41421	0	0	0	1
18.95	1	1	0	0	0	1
18.97	1	1	0	0	0	1
18.99	0	1	0	0	0	1
19	1	1	0	0	0	1
19.02	2	1.41421	0	0	0	1
19.03	1	1	0	0	0	1
19.05	2	1.41421	0	0	0	1
19.07	3	1.73205	0	0	0	1
19.08	1	1	0	0	0	1
19.1	0	1	0	0	0	1
19.11	2	1.41421	0	0	0	1
19.13	1	1	0	0	0	1
19.14	2	1.41421	0	0	0	1
19.16	0	1	0	0	0	1
19.18	3	1.73205	0	0	0	1
19.19	1	1	0	0	0	1
19.21	4	2	0	0	0	1
19.22	1	1	0	0	0	1
19.24	3	1.73205	0	0	0	1
19.26	6	2.44949	0	0	0	1
19.27	1	1	0	0	0	1
19.29	0	1	0	0	0	1
19.3	3	1.73205	0	0	0	1
19.32	1	1	0	0	0	1
19.33	1	1	0	0	0	1
19.35	2	1.41421	0	0	0	1
19.37	1	1	0	0	0	1
19.38	0	1	0	0	0	1
19.4	0	1	0	0	0	1
19.41	3	1.73205	0	0	0	1
19.43	3	1.73205	0	0	0	1
19.45	4	2	0	0	0	1
19.46	1	1	0	0	0	1
19.48	1	1	0	0	0	1
19.49	4	2	0	0	0	1
19.51	3	1.73205	0	0	0	1
19.52	0	1	0	0	0	1
19.54	2	1.41421	0	0	0	1
19.56	1	1	0	0	0	1
19.57	2	1.41421	0	0	0	1
19.59	4	2	0	0	0	1
19.6	1	1	0	0	0	1
19.62	2	1.41421	0	0	0	1
19.64	2	1.41421	0	0	0	1
19.65	2	1.41421	0	0	0	1
19.67	0	1	0	0	0	1
19.68	2	1.41421	0	0	0	1
19.7	0	1	0	0	0	1
19.71	2	1.41421	0	0	0	1
19.73	1	1	0	0	0	1
19.75	1	1	0	0	0	1
19.76	1	1	0	0	0	1
19.78	0	1	0	0	0	1
19.79	1	1	0	0	0	1
19.81	3	1.73205	0	0	0	1
19.83	1	1	0	0	0	1
19.84	1	1	0	0	0	1
19.86	1	1	0	0	0	1
19.87	1	1	0	0	0	1
19.89	1	1	0	0	0	1
19.9	0	1	0	0	0	1
19.92	1	1	0	0	0	1
19.94	1	1	0	0	0	1
19.95	2	1.41421	0	0	0	1
19.97	2	1.41421	0	0	0	1
19.98	1	1	0	0	0	1
20	5	2.23607	0	0	0	1
20.02	0	1	0	0	0	1
20.03	5	2.23607	0	0	0	1
20.05	2	1.41421	0	0	0	1
20.06	0	1	0	0	0	1
20.08	4	2	0	0	0	1
20.09	1	1	0	0	0	1
20.11	1	1	0	0	0	1
20.13	3	1.73205	0	0	0	1
20.14	1	1	0	0	0	1
20.16	0	1	0	0	0	1
20.17	1	1	0	0	0	1
20.19	0	1	0	0	0	1
20.2	1	1	0	0	0	1
20.22	4	2	0	0	0	1
20.24	1	1	0	0	0	1
20.25	1	1	0	0	0	1
20.27	0	1	0	0	0	1
20.28	0	1	0	0	0	1
20.3	2	1.41421	0	0	0	1
20.32	3	1.73205	0	0	0	1
20.33	1	1	0	0	0	1
20.35	2	1.41421	0	0	0	1
20.36	2	1.41421	0	0	0	1
20.38	2	1.41421	0	0	0	1
20.39	2	1.41421	0	0	0	1
20.41	0	1	0	0	0	1
20.43	1	1	0	0	0	1
20.44	2	1.41421	0	0	0	1
20.46	1	1	0	0	0	1
20.47	1	1	0	0	0	1
20.49	2	1.41421	0	0	0	1
20.51	0	1	0	0	0	1
20.52	5	2.23607	0	0	0	1
20.54	0	1	0	0	0	1
20.55	0	1	0	0	0	1
20.57	1	1	0	0	0	1
20.58	2	1.41421	0	0	0	1
20.6	2	1.41421	0	0	0	1
20.62	1	1	0	0	0	1
20.63	2	1.41421	0	0	0	1
20.65	3	1.73205	0	0	0	1
20.66	0	1	0	0	0	1
20.68	1	1	0	0	0	1
20.7	1	1	0	0	0	1
20.71	1	1	0	0	0	1
20.73	3	1.73205	0	0	0	1
20.74	0	1	0	0	0	1
20.76	2	1.41421	0	0	0	1
20.77	1	1	0	0	0	1
20.79	0	1	0	0	0	1
20.81	1	1	0	0	0	1
20.82	6	2.44949	0	0	0	1
20.84	0	1	0	0	0	1
20.85	2	1.41421	0	0	0	1
20.87	2	1.41421	0	0	0	1
20.89	4	2	0	0	0	1
20.9	1	1	0	0	0	1
20.92	3	1.73205	0	0	0	1
20.93	0	1	0	0	0	1
20.95	2	1.41421	0	0	0	1
20.96	1	1	0	0	0	1
20.98	1	1	0	0	0	1
21	3	1.73205	0	0	0	1
21.01	1	1	0	0	0	1
21.03	0	1	0	0	0	1
21.04	2	1.41421	0	0	0	1
21.06	2	1.41421	0	0	0	1
21.08	2	1.41421	0	0	0	1
21.09	4	2	0	0	0	1
21.11	0	1	0	0	0	1
21.12	1	1	0	0	0	1
21.14	2	1.41421	0	0	0	1
21.15	1	1	0	0	0	1
21.17	3	1.73205	0	0	0	1
21.19	1	1	0	0	0	1
21.2	1	1	0	0	0	1
21.22	3	1.73205	0	0	0	1
21.23	5	2.23607	0	0	0	1
21.25	0	1	0	0	0	1
21.26	1	1	0	0	0	1
21.28	1	1	0	0	0	1
21.3	2	1.41421	0	0	0	1
21.31	1	1	0	0	0	1
21.33	0	1	0	0	0	1
21.34	1	1	0	0	0	1
21.36	1	1	0	0	0	1
21.38	0	1	0	0	0	1
21.39	2	1.41421	0	0	0	1
21.41	2	1.41421	0	0	0	1
21.42	3	1.73205	0	0	0	1
21.44	3	1.73205	0	0	0	1
21.45	1	1	0	0	0	1
21.47	1	1	0	0	0	1
21.49	1	1	0	0	0	1
21.5	0	1	0	0	0	1
21.52	3	1.73205	0	0	0	1
21.53	1	1	0	0	0	1
21.55	1	1	0	0	0	1
21.57	2	1.41421	0	0	0	1
21.58	0	1	0	0	0	1
21.6	2	1.41421	0	0	0	1
21.61	2	1.41421	0	0	0	1
21.63	0	1	0	0	0	1
21.64	3	1.73205	0	0	0	1
21.66	0	1	0	0	0	1
21.68	1	1	0	0	0	1
21.69	1	1	0	0	0	1
21.71	0	1	0	0	0	1
21.72	1	1	0	0	0	1
21.74	3	1.73205	0	0	0	1
21.76	2	1.41421	0	0	0	1
21.77	0	1	0	0	0	1
21.79	1	1	0	0	0	1
21.8	2	1.41421	0	0	0	1
21.82	0	1	0	0	0	1
21.83	0	1	0	0	0	1
21.85	1	1	0	0	0	1
21.87	2	1.41421	0	0	0	1
21.88	0	1	0	0	0	1
21.9	2	1.41421	0	0	0	1
21.91	2	1.41421	0	0	0	1
21.93	1	1	0	0	0	1
21.95	4	2	0	0	0	1
21.96	1	1	0	0	0	1
21.98	1	1	0	0	0	1
21.99	0	1	0	0	0	1
22.01	1	1	0	0	0	1
22.02	3	1.73205	0	0	0	1
22.04	3	1.73205	0	0	0	1
22.06	0	1	0	0	0	1
22.07	2	1.41421	0	0	0	1
22.09	2	1.41421	0	0	0	1
22.1	1	1	0	0	0	1
22.12	2	1.41421	0	0	0	1
22.14	0	1	0	0	0	1
22.15	2	1.41421	0	0	0	1
22.17	2	1.41421	0	0	0	1
22.18	3	1.73205	0	0	0	1
22.2	0	1	0	0	0	1
22.21	2	1.41421	0	0	0	1
22.23	1	1	0	0	0	1
22.25	4	2	0	0	0	1
22.26	2	1.41421	0	0	0	1
22.28	2	1.41421	0	0	0	1
22.29	0	1	0	0	0	1
22.31	0	1	0	0	0	1
22.32	4	2	0	0	0	1
22.34	1	1	0	0	0	1
22.36	2	1.41421	0	0	0	1
22.37	0	1	0	0	0	1
22.39	0	1	0	0	0	1
22.4	2	1.41421	0	0	0	1
22.42	0	1	0	0	0	1
22.44	0	1	0	0	0	1
22.45	0	1	0	0	0	1
22.47	2	1.41421	0	0	0	1
22.48	1	1	0	0	0	1
22.5	1	1	0	0	0	1
22.51	0	1	0	0	0	1
22.53	1	1	0	0	0	1
22.55	0	1	0	0	0	1
22.56	0	1	0	0	0	1
22.58	2	1.41421	0	0	0	1
22.59	1	1	0	0	0	1
22.61	1	1	0	0	0	1
22.63	0	1	0	0	0	1
22.64	0	1	0	0	0	1
22.66	2	1.41421	0	0	0	1
22.67	1	1	0	0	0	1
22.69	0	1	0	0	0	1
22.7	0	1	0	0	0	1
22.72	0	1	0	0	0	1
22.74	0	1	0	0	0	1
22.75	3	1.73205	0	0	0	1
22.77	0	1	0	0	0	1
22.78	0	1	0	0	0	1
22.8	0	1	0	0	0	1
22.82	2	1.41421	0	0	0	1
22.83	2	1.41421	0	0	0	1
22.85	1	1	0	0	0	1
22.86	3	1.73205	0	0	0	1
22.88	0	1	0	0	0	1
22.89	1	1	0	0	0	1
22.91	2	1.41421	0	0	0	1
22.93	0	1	0	0	0	1
22.94	2	1.41421	0	0	0	1
22.96	0	1	0	0	0	1
22.97	1	1	0	0	0	1
22.99	0	1	0	0	0	1
23.01	1	1	0	0	0	1
23.02	1	1	0	0	0	1
23.04	1	1	0	0	0	1
23.05	0	1	0	0	0	1
23.07	2	1.41421	0	0	0	1
23.08	0	1	0	0	0	1
23.1	0	1	0	0	0	1
23.12	0	1	0	0	0	1
23.13	3	1.73205	0	0	0	1
23.15	0	1	0	0	0	1
23.16	0	1	0	0	0	1
23.18	1	1	0	0	0	1
23.2	0	1	0	0	0	1
23.21	0	1	0	0	0	1
23.23	0	1	0	0	0	1
23.24	0	1	0	0	0	1
23.26	0	1	0	0	0	1
23.27	1	1	0	0	0	1
23.29	1	1	0	0	0	1
23.31	0	1	0	0	0	1
23.32	0	1	0	0	0	1
23.34	0	1	0	0	0	1
23.35	2	1.41421	0	0	0	1
23.37	0	1	0	0	0	1
23.38	3	1.73205	0	0	0	1
23.4	1	1	0	0	0	1
23.42	2	1.41421	0	0	0	1
23.43	1	1	0	0	0	1
23.45	0	1	0	0	0	1
23.46	0	1	0	0	0	1
23.48	0	1	0	0	0	1
23.5	1	1	0	0	0	1
23.51	2	1.41421	0	0	0	1
23.53	2	1.41421	0	0	0	1
23.54	1	1	0	0	0	1
23.56	0	1	0	0	0	1
23.57	0	1	0	0	0	1
23.59	1	1	0	0	0	1
23.61	2	1.41421	0	0	0	1
23.62	1	1	0	0	0	1
23.64	0	1	0	0	0	1
23.65	1	1	0	0	0	1
23.67	0	1	0	0	0	1
23.69	2	1.41421	0	0	0	1
23.7	0	1	0	0	0	1
23.72	2	1.41421	0	0	0	1
23.73	0	1	0	0	0	1
23.75	1	1	0	0	0	1
23.76	3	1.73205	0	0	0	1
23.78	1	1	0	0	0	1
23.8	2	1.41421	0	0	0	1
23.81	0	1	0	0	0	1
23.83	0	1	0	0	0	1
23.84	0	1	0	0	0	1
23.86	0	1	0	0	0	1
23.88	0	1	0	0	0	1
23.89	1	1	0	0	0	1
23.91	1	1	0	0	0	1
23.92	0	1	0	0	0	1
23.94	3	1.73205	0	0	0	1
23.95	0	1	0	0	0	1
23.97	2	1.41421	0	0	0	1
23.99	0	1	0	0	0	1
24	1	1	0	0	0	1
24.02	0	1	0	0	0	1
24.03	1	1	0	0	0	1
24.05	0	1	0	0	0	1
24.07	0	1	0	0	0	1
24.08	0	1	0	0	0	1
24.1	0	1	0	0	0	1
24.11	0	1	0	0	0	1
24.13	2	1.41421	0	0	0	1
24.14	1	1	0	0	0	1
24.16	2	1.41421	0	0	0	1
24.18	0	1	0	0	0	1
24.19	1	1	0	0	0	1
24.21	1	1	0	0	0	1
24.22	0	1	0	0	0	1
24.24	1	1	0	0	0	1
24.26	0	1	0	0	0	1
24.27	0	1	0	0	0	1
24.29	0	1	0	0	0	1
24.3	1	1	0	0	0	1
24.32	3	1.73205	0	0	0	1
24.33	4	2	0	0	0	1
24.35	2	1.41421	0	0	0	1
24.37	1	1	0	0	0	1
24.38	0	1	0	0	0	1
24.4	1	1	0	0	0	1
24.41	2	1.41421	0	0	0	1
24.43	0	1	0	0	0	1
24.45	0	1	0	0	0	1
24.46	5	2.23607	0	0	0	1
24.48	0	1	0	0	0	1
24.49	0	1	0	0	0	1
24.51	0	1	0	0	0	1
24.52	2	1.41421	0	0	0	1
24.54	1	1	0	0	0	1
24.56	2	1.41421	0	0	0	1
24.57	1	1	0	0	0	1
24.59	1	1	0	0	0	1
24.6	0	1	0	0	0	1
24.62	1	1	0	0	0	1
24.63	1	1	0	0	0	1
24.65	1	1	0	0	0	1
24.67	3	1.73205	0	0	0	1
24.68	0	1	0	0	0	1
24.7	0	1	0	0	0	1
24.71	2	1.41421	0	0	0	1
24.73	4	2	0	0	0	1
24.75	1	1	0	0	0	1
24.76	0	1	0	0	0	1
24.78	0	1	0	0	0	1
24.79	0	1	0	0	0	1
24.81	1	1	0	0	0	1
24.82	1	1	0	0	0	1
24.84	0	1	0	0	0	1
24.86	0	1	0	0	0	1
24.87	1	1	0	0	0	1
24.89	1	1	0	0	0	1
24.9	0	1	0	0	0	1
24.92	1	1	0	0	0	1
24.94	1	1	0	0	0	1
24.95	0	1	0	0	0	1
24.97	2	1.41421	0	0	0	1
24.98	1	1	0	0	0	1
25	1	1	0	0	0	1
25.01	0	1	0	0	0	1
25.03	2	1.41421	0	0	0	1
25.05	0	1	0	0	0	1
25.06	0	1	0	0	0	1
25.08	0	1	0	0	0	1
25.09	1	1	0	0	0	1
25.11	0	1	0	0	0	1
25.13	1	1	0	0	0	1
25.14	0	1	0	0	0	1
25.16	0	1	0	0	0	1
25.17	1	1	0	0	0	1
25.19	0	1	0	0	0	1
25.2	1	1	0	0	0	1
25.22	1	1	0	0	0	1
25.24	3	1.73205	0	0	0	1
25.25	1	1	0	0	0	1
25.27	0	1	0	0	0	1
25.28	2	1.41421	0	0	0	1
25.3	0	1	0	0	0	1
25.32	0	1	0	0	0	1
25.33	0	1	0	0	0	1
25.35	3	1.73205	0	0	0	1
25.36	0	1	0	0	0	1
25.38	1	1	0	0	0	1
25.39	0	1	0	0	0	1
25.41	1	1	0	0	0	1
25.43	1	1	0	0	0	1
25.44	0	1	0	0	0	1
25.46	1	1	0	0	0	1
25.47	0	1	0	0	0	1
25.49	0	1	0	0	0	1
25.51	2	1.41421	0	0	0	1
25.52	2	1.41421	0	0	0	1
25.54	0	1	0	0	0	1
25.55	1	1	0	0	0	1
25.57	1	1	0	0	0	1
25.58	1	1	0	0	0	1
25.6	1	1	0	0	0	1
25.62	0	1	0	0	0	1
25.63	0	1	0	0	0	1
25.65	0	1	0	0	0	1
25.66	2	1.41421	0	0	0	1
25.68	0	1	0	0	0	1
25.69	1	1	0	0	0	1
25.71	0	1	0	0	0	1
25.73	0	1	0	0	0	1
25.74	0	1	0	0	0	1
25.76	2	1.41421	0	0	0	1
25.77	0	1	0	0	0	1
25.79	1	1	0	0	0	1
25.81	0	1	0	0	0	1
25.82	0	1	0	0	0	1
25.84	0	1	0	0	0	1
25.85	1	1	0	0	0	1
25.87	1	1	0	0	0	1
25.88	1	1	0	0	0	1
25.9	2	1.41421	0	0	0	1
25.92	0	1	0	0	0	1
25.93	0	1	0	0	0	1
25.95	1	1	0	0	0	1
25.96	0	1	0	0	0	1
25.98	2	1.41421	0	0	0	1
26	0	1	0	0	0	1
26.01	1	1	0	0	0	1
26.03	0	1	0	0	0	1
26.04	0	1	0	0	0	1
26.06	2	1.41421	0	0	0	1
26.07	1	1	0	0	0	1
26.09	0	1	0	0	0	1
26.11	0	1	0	0	0	1
26.12	0	1	0	0	0	1
26.14	0	1	0	0	0	1
26.15	0	1	0	0	0	1
26.17	0	1	0	0	0	1
26.19	1	1	0	0	0	1
26.2	2	1.41421	0	0	0	1
26.22	1	1	0	0	0	1
26.23	1	1	0	0	0	1
26.25	3	1.73205	0	0	0	1
26.26	0	1	0	0	0	1
26.28	1	1	0	0	0	1
26.3	2	1.41421	0	0	0	1
26.31	1	1	0	0	0	1
26.33	0	1	0	0	0	1
26.34	0	1	0	0	0	1
26.36	0	1	0	0	0	1
26.38	1	1	0	0	0	1
26.39	0	1	0	0	0	1
26.41	0	1	0	0	0	1
26.42	2	1.41421	0	0	0	1
26.44	1	1	0	0	0	1
26.45	0	1	0	0	0	1
26.47	0	1	0	0	0	1
26.49	2	1.41421	0	0	0	1
26.5	1	1	0	0	0	1
26.52	0	1	0	0	0	1
26.53	0	1	0	0	0	1
26.55	0	1	0	0	0	1
26.57	1	1	0	0	0	1
26.58	1	1	0	0	0	1
26.6	0	1	0	0	0	1
26.61	0	1	0	0	0	1
26.63	0	1	0	0	0	1
26.64	0	1	0	0	0	1
26.66	1	1	0	0	0	1
26.68	0	1	0	0	0	1
26.69	0	1	0	0	0	1
26.71	1	1	0	0	0	1
26.72	0	1	0	0	0	1
26.74	0	1	0	0	0	1
26.75	1	1	0	0	0	1
26.77	0	1	0	0	0	1
26.79	1	1	0	0	0	1
26.8	1	1	0	0	0	1
26.82	0	1	0	0	0	1
26.83	1	1	0	0	0	1
26.85	1	1	0	0	0	1
26.87	0	1	0	0	0	1
26.88	0	1	0	0	0	1
26.9	0	1	0	0	0	1
26.91	1	1	0	0	0	1
26.93	1	1	0	0	0	1
26.94	1	1	0	0	0	1
26.96	1	1	0	0	0	1
26.98	3	1.73205	0	0	0	1
26.99	1	1	0	0	0	1
27.01	0	1	0	0	0	1
27.02	0	1	0	0	0	1
27.04	1	1	0	0	0	1
27.06	1	1	0	0	0	1
27.07	0	1	0	0	0	1
27.09	1	1	0	0	0	1
27.1	0	1	0	0	0	1
27.12	0	1	0	0	0	1
27.13	1	1	0	0	0	1
27.15	0	1	0	0	0	1
27.17	1	1	0	0	0	1
27.18	0	1	0	0	0	1
27.2	1	1	0	0	0	1
27.21	0	1	0	0	0	1
27.23	0	1	0	0	0	1
27.25	0	1	0	0	0	1
27.26	0	1	0	0	0	1
27.28	0	1	0	0	0	1
27.29	0	1	0	0	0	1
27.31	0	1	0	0	0	1
27.32	0	1	0	0	0	1
27.34	0	1	0	0	0	1
27.36	0	1	0	0	0	1
27.37	0	1	0	0	0	1
27.39	0	1	0	0	0	1
27.4	1	1	0	0	0	1
27.42	0	1	0	0	0	1
27.44	0	1	0	0	0	1
27.45	0	1	0	0	0	1
27.47	0	1	0	0	0	1
27.48	0	1	0	0	0	1
27.5	0	1	0	0	0	1
27.51	0	1	0	0	0	1
27.53	1	1	0	0	0	1
27.55	0	1	0	0	0	1
27.56	0	1	0	0	0	1
27.58	0	1	0	0	0	1
27.59	0	1	0	0	0	1
27.61	0	1	0	0	0	1
27.63	0	1	0	0	0	1
27.64	0	1	0	0	0	1
27.66	0	1	0	0	0	1
27.67	0	1	0	0	0	1
27.69	0	1	0	0	0	1
27.7	0	1	0	0	0	1
27.72	0	1	0	0	0	1
27.74	1	1	0	0	0	1
27.75	0	1	0	0	0	1
27.77	0	1	0	0	0	1
27.78	0	1	0	0	0	1
27.8	0	1	0	0	0	1
27.81	1	1	0	0	0	1
27.83	0	1	0	0	0	1
27.85	0	1	0	0	0	1
27.86	0	1	0	0	0	1
27.88	0	1	0	0	0	1
27.89	0	1	0	0	0	1
27.91	0	1	0	0	0	1
27.93	1	1	0	0	0	1
27.94	0	1	0	0	0	1
27.96	0	1	0	0	0	1
27.97	0	1	0	0	0	1
27.99	0	1	0	0	0	1
28	0	1	0	0	0	1
28.02	0	1	0	0	0	1
28.04	0	1	0	0	0	1
28.05	0	1	0	0	0	1
28.07	1	1	0	0	0	1
28.08	1	1	0	0	0	1
28.1	0	1	0	0	0	1
28.12	0	1	0	0	0	1
28.13	0	1	0	0	0	1
28.15	0	1	0	0	0	1
28.16	0	1	0	0	0	1
28.18	0	1	0	0	0	1
28.19	1	1	0	0	0	1
28.21	0	1	0	0	0	1
28.23	0	1	0	0	0	1
28.24	0	1	0	0	0	1
28.26	1	1	0	0	0	1
28.27	1	1	0	0	0	1
28.29	1	1	0	0	0	1
28.31	0	1	0	0	0	1
28.32	0	1	0	0	0	1
28.34	0	1	0	0	0	1
28.35	1	1	0	0	0	1
28.37	2	1.41421	0	0	0	1
28.38	0	1	0	0	0	1
28.4	1	1	0	0	0	1
28.42	0	1	0	0	0	1
28.43	0	1	0	0	0	1
28.45	0	1	0	0	0	1
28.46	0	1	0	0	0	1
28.48	1	1	0	0	0	1
28.5	0	1	0	0	0	1
28.51	0	1	0	0	0	1
28.53	0	1	0	0	0	1
28.54	0	1	0	0	0	1
28.56	0	1	0	0	0	1
28.57	0	1	0	0	0	1
28.59	0	1	0	0	0	1
28.61	1	1	0	0	0	1
28.62	0	1	0	0	0	1
28.64	1	1	0	0	0	1
28.65	0	1	0	0	0	1
28.67	1	1	0	0	0	1
28.69	0	1	0	0	0	1
28.7	0	1	0	0	0	1
28.72	0	1	0	0	0	1
28.73	0	1	0	0	0	1
28.75	0	1	0	0	0	1
28.76	0	1	0	0	0	1
28.78	0	1	0	0	0	1
28.8	0	1	0	0	0	1
28.81	0	1	0	0	0	1
28.83	0	1	0	0	0	1
28.84	0	1	0	0	0	1
28.86	1	1	0	0	0	1
28.88	0	1	0	0	0	1
28.89	0	1	0	0	0	1
28.91	1	1	0	0	0	1
28.92	0	1	0	0	0	1
28.94	0	1	0	0	0	1
28.95	0	1	0	0	0	1
28.97	2	1.41421	0	0	0	1
28.99	0	1	0	0	0	1
29	1	1	0	0	0	1
29.02	0	1	0	0	0	1
29.03	0	1	0	0	0	1
29.05	0	1	0	0	0	1
29.06	0	1	0	0	0	1
29.08	0	1	0	0	0	1
29.1	0	1	0	0	0	1
29.11	0	1	0	0	0	1
29.13	0	1	0	0	0	1
29.14	0	1	0	0	0	1
29.16	0	1	0	0	0	1
29.18	0	1	0	0	0	1
29.19	0	1	0	0	0	1
29.21	1	1	0	0	0	1
29.22	0	1	0	0	0	1
29.24	0	1	0	0	0	1
29.25	0	1	0	0	0	1
29.27	0	1	0	0	0	1
29.29	2	1.41421	0	0	0	1
29.3	0	1	0	0	0	1
29.32	0	1	0	0	0	1
29.33	0	1	0	0	0	1
29.35	0	1	0	0	0	1
29.37	2	1.41421	0	0	0	1
29.38	0	1	0	0	0	1
29.4	0	1	0	0	0	1
29.41	0	1	0	0	0	1
29.43	0	1	0	0	0	1
29.44	1	1	0	0	0	1
29.46	0	1	0	0	0	1
29.48	0	1	0	0	0	1
29.49	1	1	0	0	0	1
29.51	0	1	0	0	0	1
29.52	0	1	0	0	0	1
29.54	0	1	0	0	0	1
29.56	0	1	0	0	0	1
29.57	0	1	0	0	0	1
29.59	0	1	0	0	0	1
29.6	0	1	0	0	0	1
29.62	0	1	0	0	0	1
29.63	1	1	0	0	0	1
29.65	0	1	0	0	0	1
29.67	0	1	0	0	0	1
29.68	0	1	0	0	0	1
29.7	0	1	0	0	0	1
29.71	0	1	0	0	0	1
29.73	1	1	0	0	0	1
29.75	0	1	0	0	0	1
29.76	0	1	0	0	0	1
29.78	1	1	0	0	0	1
29.79	0	1	0	0	0	1
29.81	0	1	0	0	0	1
29.82	0	1	0	0	0	1
29.84	1	1	0	0	0	1
29.86	1	1	0	0	0	1
29.87	0	1	0	0	0	1
29.89	0	1	0	0	0	1
29.9	0	1	0	0	0	1
29.92	0	1	0	0	0	1
29.94	0	1	0	0	0	1
29.95	0	1	0	0	0	1
29.97	0	1	0	0	0	1
29.98	0	1	0	0	0	1
30	0	1	0	0	0	1
30.01	0	1	0	0	0	1
30.03	0	1	0	0	0	1
30.05	0	1	0	0	0	1
30.06	0	1	0	0	0	1
30.08	0	1	0	0	0	1
30.09	0	1	0	0	0	1
30.11	0	1	0	0	0	1
30.12	0	1	0	0	0	1
30.14	1	1	0	0	0	1
30.16	0	1	0	0	0	1
30.17	0	1	0	0	0	1
30.19	0	1	0	0	0	1
30.2	0	1	0	0	0	1
30.22	0	1	0	0	0	1
30.24	0	1	0	0	0	1
30.25	0	1	0	0	0	1
30.27	0	1	0	0	0	1
30.28	1	1	0	0	0	1
30.3	0	1	0	0	0	1
30.31	0	1	0	0	0	1
30.33	0	1	0	0	0	1
30.35	0	1	0	0	0	1
30.36	0	1	0	0	0	1
30.38	1	1	0	0	0	1
30.39	1	1	0	0	0	1
30.41	0	1	0	0	0	1
30.43	0	1	0	0	0	1
30.44	0	1	0	0	0	1
30.46	0	1	0	0	0	1
30.47	0	1	0	0	0	1
30.49	0	1	0	0	0	1
30.5	0	1	0	0	0	1
30.52	0	1	0	0	0	1
30.54	0	1	0	0	0	1
30.55	0	1	0	0	0	1
30.57	0	1	0	0	0	1
30.58	0	1	0	0	0	1
30.6	0	1	0	0	0	1
30.62	0	1	0	0	0	1
30.63	0	1	0	0	0	1
30.65	0	1	0	0	0	1
30.66	0	1	0	0	0	1
30.68	0	1	0	0	0	1
30.69	0	1	0	0	0	1
30.71	0	1	0	0	0	1
30.73	0	1	0	0	0	1
30.74	0	1	0	0	0	1
30.76	0	1	0	0	0	1
30.77	0	1	0	0	0	1
30.79	0	1	0	0	0	1
30.81	0	1	0	0	0	1
30.82	1	1	0	0	0	1
30.84	0	1	0	0	0	1
30.85	0	1	0	0	0	1
30.87	0	1	0	0	0	1
30.88	1	1	0	0	0	1
30.9	0	1	0	0	0	1
30.92	0	1	0	0	0	1
30.93	0	1	0	0	0	1
30.95	0	1	0	0	0	1
30.96	0	1	0	0	0	1
30.98	0	1	0	0	0	1
31	0	1	0	0	0	1
31.01	1	1	0	0	0	1
31.03	0	1	0	0	0	1
31.04	0	1	0	0	0	1
31.06	0	1	0	0	0	1
31.07	1	1	0	0	0	1
31.09	0	1	0	0	0	1
31.11	0	1	0	0	0	1
31.12	0	1	0	0	0	1
31.14	0	1	0	0	0	1
31.15	0	1	0	0	0	1
31.17	0	1	0	0	0	1
31.18	0	1	0	0	0	1
31.2	0	1	0	0	0	1
31.22	0	1	0	0	0	1
31.23	0	1	0	0	0	1
31.25	0	1	0	0	0	1
31.26	0	1	0	0	0	1
31.28	0	1	0	0	0	1
31.3	0	1	0	0	0	1
31.31	0	1	0	0	0	1
31.33	1	1	0	0	0	1
31.34	0	1	0	0	0	1
31.36	0	1	0	0	0	1
31.37	1	1	0	0	0	1
31.39	0	1	0	0	0	1
31.41	0	1	0	0	0	1
31.42	0	1	0	0	0	1
31.44	0	1	0	0	0	1
31.45	0	1	0	0	0	1
31.47	0	1	0	0	0	1
31.49	0	1	0	0	0	1
31.5	0	1	0	0	0	1
31.52	0	1	0	0	0	1
31.53	0	1	0	0	0	1
31.55	0	1	0	0	0	1
31.56	0	1	0	0	0	1
31.58	0	1	0	0	0	1
31.6	0	1	0	0	0	1
31.61	0	1	0	0	0	1
31.63	0	1	0	0	0	1
31.64	0	1	0	0	0	1
31.66	0	1	0	0	0	1
31.68	0	1	0	0	0	1
31.69	0	1	0	0	0	1
31.71	0	1	0	0	0	1
31.72	0	1	0	0	0	1
31.74	0	1	0	0	0	1
31.75	0	1	0	0	0	1
31.77	0	1	0	0	0	1
31.79	0	1	0	0	0	1
31.8	0	1	0	0	0	1
31.82	0	1	0	0	0	1
31.83	0	1	0	0	0	1
31.85	0	1	0	0	0	1
31.87	1	1	0	0	0	1
31.88	0	1	0	0	0	1
31.9	0	1	0	0	0	1
31.91	0	1	0	0	0	1
31.93	0	1	0	0	0	1
31.94	0	1	0	0	0	1
31.96	0	1	0	0	0	1
31.98	0	1	0	0	0	1
31.99	0	1	0	0	0	1
32.01	0	1	0	0	0	1
32.02	0	1	0	0	0	1
32.04	0	1	0	0	0	1
32.06	0	1	0	0	0	1
32.07	0	1	0	0	0	1
32.09	0	1	0	0	0	1
32.1	0	1	0	0	0	1
32.12	0	1	0	0	0	1
32.13	0	1	0	0	0	1
32.15	0	1	0	0	0	1
32.17	0	1	0	0	0	1
32.18	0	1	0	0	0	1
32.2	0	1	0	0	0	1
32.21	0	1	0	0	0	1
32.23	0	1	0	0	0	1
32.24	0	1	0	0	0	1
32.26	0	1	0	0	0	1
32.28	0	1	0	0	0	1
32.29	0	1	0	0	0	1
32.31	0	1	0	0	0	1
32.32	1	1	0	0	0	1
32.34	0	1	0	0	0	1
32.36	0	1	0	0	0	1
32.37	0	1	0	0	0	1
32.39	0	1	0	0	0	1
32.4	0	1	0	0	0	1
32.42	0	1	0	0	0	1
32.43	-1	1	0	0	0	1
