# exported by fityk 0.8.7
#3-Cu:x	3-Cu:y	3-Cu:s	3-Cu:F(x)	3-Cu:%_1(x)	3-Cu:%_2(x)	3-Cu:a
0.79	0	1	5.60085e-204	5.60085e-204	0	1
0.81	0	1	7.8452e-203	7.8452e-203	8.37491e-320	1
0.82	0	1	2.9281e-202	2.9281e-202	5.44357e-319	1
0.84	1	1	4.05657e-201	4.05657e-201	2.1443e-317	1
0.86	0	1	5.57891e-200	5.57891e-200	8.31863e-316	1
0.87	0	1	2.06324e-199	2.06324e-199	5.16315e-315	1
0.89	0	1	2.8065e-198	2.8065e-198	1.97546e-313	1
0.9	0	1	1.03223e-197	1.03223e-197	1.21776e-312	1
0.92	0	1	1.38872e-196	1.38872e-196	4.59596e-311	1
0.93	0	1	5.07973e-196	5.07973e-196	2.81384e-310	1
0.95	0	1	6.75931e-195	6.75931e-195	1.04755e-308	1
0.97	0	1	8.92853e-194	8.92853e-194	3.86451e-307	1
0.98	0	1	3.23612e-193	3.23612e-193	2.33921e-306	1
1	0	1	4.22792e-192	4.22792e-192	8.51232e-305	1
1.01	0	1	1.52399e-191	1.52399e-191	5.11744e-304	1
1.03	0	1	1.96929e-190	1.96929e-190	1.83694e-302	1
1.05	0	1	2.5261e-189	2.5261e-189	6.53395e-301	1
1.06	0	1	9.0225e-189	9.0225e-189	3.88358e-300	1
1.08	0	1	1.1447e-187	1.1447e-187	1.36262e-298	1
1.09	0	1	4.06612e-187	4.06612e-187	8.04382e-298	1
1.11	0	1	5.10234e-186	5.10234e-186	2.78399e-296	1
1.12	0	1	1.80248e-185	1.80248e-185	1.63224e-295	1
1.14	0	1	2.23709e-184	2.23709e-184	5.57252e-294	1
1.16	1	1	2.75621e-183	2.75621e-183	1.88521e-292	1
1.17	0	1	9.6479e-183	9.6479e-183	1.09277e-291	1
1.19	1	1	1.17567e-181	1.17567e-181	3.64668e-290	1
1.2	1	1	4.09278e-181	4.09278e-181	2.09941e-289	1
1.22	10	3.16228	4.93282e-180	4.93282e-180	6.91078e-288	1
1.24	18	4.24264	5.90185e-179	5.90185e-179	2.25423e-286	1
1.25	35	5.91608	2.03582e-178	2.03582e-178	1.28307e-285	1
1.27	21	4.58258	2.40911e-177	2.40911e-177	4.12841e-284	1
1.28	38	6.16441	8.26458e-177	8.26458e-177	2.33381e-283	1
1.3	32	5.65685	9.67301e-176	9.67301e-176	7.40729e-282	1
1.31	29	5.38516	3.30018e-175	3.30018e-175	4.15884e-281	1
1.33	35	5.91608	3.82034e-174	3.82034e-174	1.30205e-279	1
1.35	30	5.47723	4.39018e-173	4.39018e-173	4.03947e-278	1
1.36	34	5.83095	1.48415e-172	1.48415e-172	2.24227e-277	1
1.38	31	5.56776	1.68687e-171	1.68687e-171	6.86194e-276	1
1.39	26	5.09902	5.67141e-171	5.67141e-171	3.78305e-275	1
1.41	38	6.16441	6.37557e-170	6.37557e-170	1.14199e-273	1
1.42	36	6	2.13176e-169	2.13176e-169	6.25298e-273	1
1.44	37	6.08276	2.37023e-168	2.37023e-168	1.86195e-271	1
1.46	31	5.56776	2.61613e-167	2.61613e-167	5.49403e-270	1
1.47	26	5.09902	8.6676e-167	8.6676e-167	2.97418e-269	1
1.49	32	5.65685	9.46217e-166	9.46217e-166	8.65668e-268	1
1.5	26	5.09902	3.11776e-165	3.11776e-165	4.65435e-267	1
1.52	32	5.65685	3.36634e-164	3.36634e-164	1.3363e-265	1
1.54	39	6.245	3.60819e-163	3.60819e-163	3.80181e-264	1
1.55	40	6.32456	1.17804e-162	1.17804e-162	2.02092e-263	1
1.57	31	5.56776	1.24887e-161	1.24887e-161	5.67149e-262	1
1.58	38	6.16441	4.05509e-161	4.05509e-161	2.99424e-261	1
1.6	29	5.38516	4.25187e-160	4.25187e-160	8.28889e-260	1
1.61	28	5.2915	1.37302e-159	1.37302e-159	4.34627e-259	1
1.63	33	5.74456	1.4239e-158	1.4239e-158	1.18683e-257	1
1.65	22	4.69042	1.46588e-157	1.46588e-157	3.21144e-256	1
1.66	44	6.63325	4.69045e-157	4.69045e-157	1.66483e-255	1
1.68	20	4.47214	4.77592e-156	4.77592e-156	4.4437e-254	1
1.69	31	5.56776	1.51979e-155	1.51979e-155	2.28795e-253	1
1.71	26	5.09902	1.53056e-154	1.53056e-154	6.02395e-252	1
1.73	28	5.2915	1.53015e-153	1.53015e-153	1.57166e-250	1
1.74	30	5.47723	4.82483e-153	4.82483e-153	8.00039e-250	1
1.76	37	6.08276	4.77077e-152	4.77077e-152	2.05896e-248	1
1.77	27	5.19615	1.49606e-151	1.49606e-151	1.04096e-247	1
1.79	28	5.2915	1.46312e-150	1.46312e-150	2.6426e-246	1
1.8	26	5.09902	4.563e-150	4.563e-150	1.32693e-245	1
1.82	32	5.65685	4.41372e-149	4.41372e-149	3.32282e-244	1
1.84	27	5.19615	4.23814e-148	4.23814e-148	8.24534e-243	1
1.85	31	5.56776	1.30968e-147	1.30968e-147	4.09331e-242	1
1.87	27	5.19615	1.24383e-146	1.24383e-146	1.00193e-240	1
1.88	30	5.47723	3.82265e-146	3.82265e-146	4.94009e-240	1
1.9	39	6.245	3.59073e-145	3.59073e-145	1.19278e-238	1
1.92	28	5.2915	3.34824e-144	3.34824e-144	2.85381e-237	1
1.93	21	4.58258	1.01962e-143	1.01962e-143	1.39115e-236	1
1.95	27	5.19615	9.40369e-143	9.40369e-143	3.28322e-235	1
1.96	34	5.83095	2.84796e-142	2.84796e-142	1.58957e-234	1
1.98	27	5.19615	2.59786e-141	2.59786e-141	3.70056e-233	1
1.99	27	5.19615	7.8246e-141	7.8246e-141	1.77942e-232	1
2.01	28	5.2915	7.0594e-140	7.0594e-140	4.08628e-231	1
2.03	19	4.3589	6.32252e-139	6.32252e-139	9.29862e-230	1
2.04	42	6.48074	1.88693e-138	1.88693e-138	4.42058e-229	1
2.06	31	5.56776	1.67149e-137	1.67149e-137	9.92275e-228	1
2.07	33	5.74456	4.96114e-137	4.96114e-137	4.68515e-227	1
2.09	23	4.79583	4.34661e-136	4.34661e-136	1.03738e-225	1
2.11	28	5.2915	3.78039e-135	3.78039e-135	2.27611e-224	1
2.12	22	4.69042	1.11182e-134	1.11182e-134	1.06252e-223	1
2.14	23	4.79583	9.56411e-134	9.56411e-134	2.2996e-222	1
2.15	28	5.2915	2.79741e-133	2.79741e-133	1.06617e-221	1
2.17	27	5.19615	2.38006e-132	2.38006e-132	2.27617e-220	1
2.18	24	4.89898	6.92327e-132	6.92327e-132	1.04812e-219	1
2.2	20	4.47214	5.82597e-131	5.82597e-131	2.20724e-218	1
2.22	29	5.38516	4.86678e-130	4.86678e-130	4.60606e-217	1
2.23	18	4.24264	1.40276e-129	1.40276e-129	2.09693e-216	1
2.25	26	5.09902	1.15899e-128	1.15899e-128	4.31645e-215	1
2.26	24	4.89898	3.32228e-128	3.32228e-128	1.9517e-214	1
2.28	29	5.38516	2.71492e-127	2.71492e-127	3.96294e-213	1
2.3	28	5.2915	2.20239e-126	2.20239e-126	7.97374e-212	1
2.31	22	4.69042	6.25558e-126	6.25558e-126	3.56451e-211	1
2.33	18	4.24264	5.01913e-125	5.01913e-125	7.07466e-210	1
2.34	34	5.83095	1.4178e-124	1.4178e-124	3.14105e-209	1
2.36	27	5.19615	1.12512e-123	1.12512e-123	6.14953e-208	1
2.37	20	4.47214	3.16081e-123	3.16081e-123	2.7117e-207	1
2.39	22	4.69042	2.48088e-122	2.48088e-122	5.23685e-206	1
2.41	24	4.89898	1.933e-121	1.933e-121	1.00217e-204	1
2.42	21	4.58258	5.38083e-121	5.38083e-121	4.36909e-204	1
2.44	20	4.47214	4.14665e-120	4.14665e-120	8.24751e-203	1
2.45	21	4.58258	1.14796e-119	1.14796e-119	3.57112e-202	1
2.47	22	4.69042	8.74983e-119	8.74983e-119	6.64962e-201	1
2.48	26	5.09902	2.40903e-118	2.40903e-118	2.85962e-200	1
2.5	30	5.47723	1.81609e-117	1.81609e-117	5.25247e-199	1
2.52	25	5	1.3591e-116	1.3591e-116	9.56003e-198	1
2.53	34	5.83095	3.70776e-116	3.70776e-116	4.06465e-197	1
2.55	32	5.65685	2.7444e-115	2.7444e-115	7.2976e-196	1
2.56	23	4.79583	7.44598e-115	7.44598e-115	3.08158e-195	1
2.58	21	4.58258	5.45107e-114	5.45107e-114	5.45749e-194	1
2.6	28	5.2915	3.96148e-113	3.96148e-113	9.5775e-193	1
2.61	21	4.58258	1.065e-112	1.065e-112	3.9985e-192	1
2.63	15	3.87298	7.6551e-112	7.6551e-112	6.9218e-191	1
2.64	27	5.19615	2.04671e-111	2.04671e-111	2.87008e-190	1
2.66	25	5	1.45506e-110	1.45506e-110	4.90092e-189	1
2.67	13	3.60555	3.86899e-110	3.86899e-110	2.01829e-188	1
2.69	28	5.2915	2.72048e-109	2.72048e-109	3.39961e-187	1
2.71	25	5	1.89893e-108	1.89893e-108	5.67432e-186	1
2.72	25	5	5.00318e-108	5.00318e-108	2.31032e-185	1
2.74	27	5.19615	3.45409e-107	3.45409e-107	3.80381e-184	1
2.75	23	4.79583	9.05072e-107	9.05072e-107	1.53818e-183	1
2.77	36	6	6.18008e-106	6.18008e-106	2.49813e-182	1
2.79	19	4.3589	4.18911e-105	4.18911e-105	4.02036e-181	1
2.8	21	4.58258	1.08765e-104	1.08765e-104	1.60733e-180	1
2.82	15	3.87298	7.29192e-104	7.29192e-104	2.55162e-179	1
2.83	21	4.58258	1.88288e-103	1.88288e-103	1.01318e-178	1
2.85	17	4.12311	1.24853e-102	1.24853e-102	1.58657e-177	1
2.86	19	4.3589	3.20621e-102	3.20621e-102	6.25691e-177	1
2.88	27	5.19615	2.10276e-101	2.10276e-101	9.66482e-176	1
2.9	27	5.19615	1.369e-100	1.369e-100	1.47934e-174	1
2.91	21	4.58258	3.48352e-100	3.48352e-100	5.76795e-174	1
2.93	29	5.38516	2.24314e-099	2.24314e-099	8.70879e-173	1
2.94	16	4	5.67652e-099	5.67652e-099	3.37242e-172	1
2.96	31	5.56776	3.6153e-098	3.6153e-098	5.02272e-171	1
2.98	23	4.79583	2.28572e-097	2.28572e-097	7.41272e-170	1
2.99	19	4.3589	5.7315e-097	5.7315e-097	2.838e-169	1
3.01	21	4.58258	3.58402e-096	3.58402e-096	4.13155e-168	1
3.02	31	5.56776	8.93773e-096	8.93773e-096	1.57101e-167	1
3.04	21	4.58258	5.52782e-095	5.52782e-095	2.25601e-166	1
3.05	32	5.65685	1.37095e-094	1.37095e-094	8.51994e-166	1
3.07	24	4.89898	8.38634e-094	8.38634e-094	1.20687e-164	1
3.09	27	5.19615	5.09259e-093	5.09259e-093	1.69404e-163	1
3.1	21	4.58258	1.25149e-092	1.25149e-092	6.32516e-163	1
3.12	28	5.2915	7.51653e-092	7.51653e-092	8.75785e-162	1
3.13	25	5	1.83704e-091	1.83704e-091	3.2477e-161	1
3.15	33	5.74456	1.09127e-090	1.09127e-090	4.43571e-160	1
3.17	22	4.69042	6.4352e-090	6.4352e-090	6.00332e-159	1
3.18	24	4.89898	1.55841e-089	1.55841e-089	2.20101e-158	1
3.2	19	4.3589	9.08942e-089	9.08942e-089	2.9384e-157	1
3.21	18	4.24264	2.18912e-088	2.18912e-088	1.06997e-156	1
3.23	29	5.38516	1.26283e-087	1.26283e-087	1.40904e-155	1
3.24	29	5.38516	3.02476e-087	3.02476e-087	5.09582e-155	1
3.26	13	3.60555	1.72581e-086	1.72581e-086	6.61952e-154	1
3.28	20	4.47214	9.77484e-086	9.77484e-086	8.5208e-153	1
3.29	24	4.89898	2.31993e-085	2.31993e-085	3.04665e-152	1
3.31	28	5.2915	1.29962e-084	1.29962e-084	3.86846e-151	1
3.32	18	4.24264	3.06755e-084	3.06755e-084	1.37376e-150	1
3.34	34	5.83095	1.69964e-083	1.69964e-083	1.72063e-149	1
3.36	27	5.19615	9.34842e-083	9.34842e-083	2.13553e-148	1
3.37	30	5.47723	2.18642e-082	2.18642e-082	7.49774e-148	1
3.39	22	4.69042	1.18943e-081	1.18943e-081	9.1793e-147	1
3.4	23	4.79583	2.76661e-081	2.76661e-081	3.20085e-146	1
3.42	27	5.19615	1.48859e-080	1.48859e-080	3.8655e-145	1
3.43	24	4.89898	3.44347e-080	3.44347e-080	1.33873e-144	1
3.45	19	4.3589	1.83252e-079	1.83252e-079	1.59475e-143	1
3.47	17	4.12311	9.68095e-079	9.68095e-079	1.88251e-142	1
3.48	22	4.69042	2.21901e-078	2.21901e-078	6.44576e-142	1
3.5	23	4.79583	1.15945e-077	1.15945e-077	7.50549e-141	1
3.51	24	4.89898	2.64304e-077	2.64304e-077	2.55239e-140	1
3.53	28	5.2915	1.3659e-076	1.3659e-076	2.93166e-139	1
3.54	21	4.58258	3.09659e-076	3.09659e-076	9.90175e-139	1
3.56	26	5.09902	1.58279e-075	1.58279e-075	1.12186e-137	1
3.58	18	4.24264	8.03119e-075	8.03119e-075	1.25953e-136	1
3.59	23	4.79583	1.80411e-074	1.80411e-074	4.2059e-136	1
3.61	23	4.79583	9.05407e-074	9.05407e-074	4.65789e-135	1
3.62	31	5.56776	2.02274e-073	2.02274e-073	1.54479e-134	1
3.64	24	4.89898	1.00402e-072	1.00402e-072	1.68757e-133	1
3.66	22	4.69042	4.94725e-072	4.94725e-072	1.82682e-132	1
3.67	19	4.3589	1.09517e-071	1.09517e-071	5.99e-132	1
3.69	22	4.69042	5.33732e-071	5.33732e-071	6.39619e-131	1
3.7	23	4.79583	1.17504e-070	1.17504e-070	2.08297e-130	1
3.72	14	3.74166	5.66395e-070	5.66395e-070	2.19402e-129	1
3.73	22	4.69042	1.24011e-069	1.24011e-069	7.09632e-129	1
3.75	18	4.24264	5.91222e-069	5.91222e-069	7.37311e-128	1
3.77	27	5.19615	2.79807e-068	2.79807e-068	7.59117e-127	1
3.78	29	5.38516	6.0704e-068	6.0704e-068	2.42747e-126	1
3.8	26	5.09902	2.84151e-067	2.84151e-067	2.46532e-125	1
3.81	31	5.56776	6.13085e-067	6.13085e-067	7.82977e-125	1
3.83	18	4.24264	2.83842e-066	2.83842e-066	7.84387e-124	1
3.85	23	4.79583	1.30451e-065	1.30451e-065	7.78669e-123	1
3.86	32	5.65685	2.78894e-065	2.78894e-065	2.445e-122	1
3.88	30	5.47723	1.26775e-064	1.26775e-064	2.39422e-121	1
3.89	31	5.56776	2.69549e-064	2.69549e-064	7.46657e-121	1
3.91	28	5.2915	1.21187e-063	1.21187e-063	7.21218e-120	1
3.92	29	5.38516	2.56255e-063	2.56255e-063	2.23385e-119	1
3.94	32	5.65685	1.1395e-062	1.1395e-062	2.12844e-118	1
3.96	45	6.7082	5.03006e-062	5.03006e-062	2.0096e-117	1
3.97	34	5.83095	1.05392e-061	1.05392e-061	6.15388e-117	1
3.99	34	5.83095	4.60141e-061	4.60141e-061	5.73137e-116	1
4	26	5.09902	9.58824e-061	9.58824e-061	1.74313e-115	1
4.02	37	6.08276	4.14043e-060	4.14043e-060	1.6014e-114	1
4.04	39	6.245	1.77487e-059	1.77487e-059	1.45785e-113	1
4.05	34	5.83095	3.66467e-059	3.66467e-059	4.38362e-113	1
4.07	48	6.9282	1.55375e-058	1.55375e-058	3.93647e-112	1
4.08	38	6.16441	3.19051e-058	3.19051e-058	1.1756e-111	1
4.1	37	6.08276	1.33792e-057	1.33792e-057	1.04134e-110	1
4.11	56	7.48331	2.73226e-057	2.73226e-057	3.08871e-110	1
4.13	55	7.4162	1.13322e-056	1.13322e-056	2.69882e-109	1
4.15	46	6.78233	4.6658e-056	4.6658e-056	2.33674e-108	1
4.16	57	7.54983	9.44142e-056	9.44142e-056	6.85244e-108	1
4.18	45	6.7082	3.84478e-055	3.84478e-055	5.85253e-107	1
4.19	51	7.14143	7.73738e-055	7.73738e-055	1.70455e-106	1
4.21	49	7	3.11639e-054	3.11639e-054	1.43605e-105	1
4.23	50	7.07107	1.24602e-053	1.24602e-053	1.19887e-104	1
4.24	30	5.47723	2.48467e-053	2.48467e-053	3.45213e-104	1
4.26	49	7	9.82576e-053	9.82576e-053	2.84283e-103	1
4.27	47	6.85565	1.94859e-052	1.94859e-052	8.13012e-103	1
4.29	41	6.40312	7.62154e-052	7.62154e-052	6.60422e-102	1
4.3	57	7.54983	1.50317e-051	1.50317e-051	1.87586e-101	1
4.32	54	7.34847	5.81507e-051	5.81507e-051	1.50309e-100	1
4.34	27	5.19615	2.23314e-050	2.23314e-050	1.19347e-099	1
4.35	38	6.16441	4.36418e-050	4.36418e-050	3.35152e-099	1
4.37	56	7.48331	1.65763e-049	1.65763e-049	2.62501e-098	1
4.38	52	7.2111	3.22171e-049	3.22171e-049	7.32133e-098	1
4.4	41	6.40312	1.21031e-048	1.21031e-048	5.6564e-097	1
4.42	31	5.56776	4.51358e-048	4.51358e-048	4.33043e-096	1
4.43	52	7.2111	8.6924e-048	8.6924e-048	1.1941e-095	1
4.45	39	6.245	3.20619e-047	3.20619e-047	9.01768e-095	1
4.46	41	6.40312	6.14072e-047	6.14072e-047	2.46966e-094	1
4.48	45	6.7082	2.24023e-046	2.24023e-046	1.83971e-093	1
4.49	46	6.78233	4.26712e-046	4.26712e-046	5.00406e-093	1
4.51	33	5.74456	1.53968e-045	1.53968e-045	3.67704e-092	1
4.53	31	5.56776	5.51498e-045	5.51498e-045	2.67741e-091	1
4.54	24	4.89898	1.04089e-044	1.04089e-044	7.20011e-091	1
4.56	31	5.56776	3.68759e-044	3.68759e-044	5.17151e-090	1
4.57	47	6.85565	6.92177e-044	6.92177e-044	1.38125e-089	1
4.59	30	5.47723	2.42537e-043	2.42537e-043	9.78613e-089	1
4.6	25	5	4.52756e-043	4.52756e-043	2.59595e-088	1
4.62	35	5.91608	1.56909e-042	1.56909e-042	1.81425e-087	1
4.64	24	4.89898	5.3982e-042	5.3982e-042	1.25643e-086	1
4.65	32	5.65685	9.98515e-042	9.98515e-042	3.29516e-086	1
4.67	26	5.09902	3.39765e-041	3.39765e-041	2.25102e-085	1
4.68	31	5.56776	6.25024e-041	6.25024e-041	5.86337e-085	1
4.7	36	6	2.10351e-040	2.10351e-040	3.95105e-084	1
4.72	35	5.91608	7.02763e-040	7.02763e-040	2.63826e-083	1
4.73	32	5.65685	1.28099e-039	1.28099e-039	6.79418e-083	1
4.75	25	5	4.23287e-039	4.23287e-039	4.47512e-082	1
4.76	23	4.79583	7.67335e-039	7.67335e-039	1.1446e-081	1
4.78	21	4.58258	2.50782e-038	2.50782e-038	7.43674e-081	1
4.79	35	5.91608	4.52125e-038	4.52125e-038	1.88913e-080	1
4.81	35	5.91608	1.46148e-037	1.46148e-037	1.21075e-079	1
4.83	34	5.83095	4.68971e-037	4.68971e-037	7.68927e-079	1
4.84	24	4.89898	8.37775e-037	8.37775e-037	1.93115e-078	1
4.86	33	5.74456	2.65891e-036	2.65891e-036	1.20979e-077	1
4.87	27	5.19615	4.72386e-036	4.72386e-036	3.01767e-077	1
4.89	35	5.91608	1.48285e-035	1.48285e-035	1.86477e-076	1
4.91	28	5.2915	4.62074e-035	4.62074e-035	1.14188e-075	1
4.92	20	4.47214	8.13439e-035	8.13439e-035	2.81602e-075	1
4.94	23	4.79583	2.50706e-034	2.50706e-034	1.70095e-074	1
4.95	34	5.83095	4.38925e-034	4.38925e-034	4.16617e-074	1
4.97	30	5.47723	1.33799e-033	1.33799e-033	2.48231e-073	1
4.98	17	4.12311	2.32965e-033	2.32965e-033	6.03851e-073	1
5	31	5.56776	7.02389e-033	7.02389e-033	3.54903e-072	1
5.02	29	5.38516	2.10223e-032	2.10223e-032	2.06696e-071	1
5.03	27	5.19615	3.62692e-032	3.62692e-032	4.97116e-071	1
5.05	18	4.24264	1.07365e-031	1.07365e-031	2.85588e-070	1
5.06	25	5	1.84219e-031	1.84219e-031	6.82177e-070	1
5.08	37	6.08276	5.39367e-031	5.39367e-031	3.86582e-069	1
5.1	22	4.69042	1.56766e-030	1.56766e-030	2.17083e-068	1
5.11	22	4.69042	2.66527e-030	2.66527e-030	5.12666e-068	1
5.13	30	5.47723	7.66181e-030	7.66181e-030	2.83976e-067	1
5.14	21	4.58258	1.29548e-029	1.29548e-029	6.6607e-067	1
5.16	29	5.38516	3.68338e-029	3.68338e-029	3.63939e-066	1
5.17	35	5.91608	6.19384e-029	6.19384e-029	8.47809e-066	1
5.19	39	6.245	1.7418e-028	1.7418e-028	4.56949e-065	1
5.21	23	4.79583	4.86242e-028	4.86242e-028	2.4405e-064	1
5.22	21	4.58258	8.10188e-028	8.10188e-028	5.62081e-064	1
5.24	20	4.47214	2.23699e-027	2.23699e-027	2.96123e-063	1
5.25	27	5.19615	3.70688e-027	3.70688e-027	6.77365e-063	1
5.27	29	5.38516	1.0123e-026	1.0123e-026	3.52011e-062	1
5.29	26	5.09902	2.74428e-026	2.74428e-026	1.81272e-061	1
5.3	26	5.09902	4.50602e-026	4.50602e-026	4.09953e-061	1
5.32	27	5.19615	1.20819e-025	1.20819e-025	2.08243e-060	1
5.33	25	5	1.97293e-025	1.97293e-025	4.6774e-060	1
5.35	20	4.47214	5.23212e-025	5.23212e-025	2.3437e-059	1
5.36	34	5.83095	8.49702e-025	8.49702e-025	5.22837e-059	1
5.38	32	5.65685	2.22872e-024	2.22872e-024	2.5842e-058	1
5.4	22	4.69042	5.80312e-024	5.80312e-024	1.26569e-057	1
5.41	26	5.09902	9.33836e-024	9.33836e-024	2.79152e-057	1
5.43	19	4.3589	2.40492e-023	2.40492e-023	1.34866e-056	1
5.44	34	5.83095	3.84876e-023	3.84876e-023	2.95427e-056	1
5.46	33	5.74456	9.80334e-023	9.80334e-023	1.4079e-055	1
5.48	27	5.19615	2.47881e-022	2.47881e-022	6.64871e-055	1
5.49	37	6.08276	3.93083e-022	3.93083e-022	1.43991e-054	1
5.51	20	4.47214	9.83053e-022	9.83053e-022	6.7075e-054	1
5.52	27	5.19615	1.55035e-021	1.55035e-021	1.44274e-053	1
5.54	21	4.58258	3.83483e-021	3.83483e-021	6.62943e-053	1
5.55	20	4.47214	6.01466e-021	6.01466e-021	1.41623e-052	1
5.57	25	5	1.47147e-020	1.47147e-020	6.41925e-052	1
5.59	17	4.12311	3.57362e-020	3.57362e-020	2.8832e-051	1
5.6	26	5.09902	5.55384e-020	5.55384e-020	6.08954e-051	1
5.62	25	5	1.33406e-019	1.33406e-019	2.69796e-050	1
5.63	25	5	2.06191e-019	2.06191e-019	5.65948e-050	1
5.65	17	4.12311	4.89863e-019	4.89863e-019	2.47337e-049	1
5.67	29	5.38516	1.1553e-018	1.1553e-018	1.07113e-048	1
5.68	24	4.89898	1.76934e-018	1.76934e-018	2.22145e-048	1
5.7	36	6	4.1272e-018	4.1272e-018	9.48967e-048	1
5.71	34	5.83095	6.28614e-018	6.28614e-018	1.95467e-047	1
5.73	32	5.65685	1.45028e-017	1.45028e-017	8.23666e-047	1
5.74	23	4.79583	2.19681e-017	2.19681e-017	1.68502e-046	1
5.76	34	5.83095	5.01285e-017	5.01285e-017	7.00396e-046	1
5.78	27	5.19615	1.13552e-016	1.13552e-016	2.88485e-045	1
5.79	22	4.69042	1.70433e-016	1.70433e-016	5.83483e-045	1
5.81	40	6.32456	3.81843e-016	3.81843e-016	2.37066e-044	1
5.82	22	4.69042	5.69977e-016	5.69977e-016	4.76217e-044	1
5.84	41	6.40312	1.26303e-015	1.26303e-015	1.90857e-043	1
5.85	29	5.38516	1.87498e-015	1.87498e-015	3.8078e-043	1
5.87	32	5.65685	4.10938e-015	4.10938e-015	1.50535e-042	1
5.89	36	6	8.94072e-015	8.94072e-015	5.89715e-042	1
5.9	44	6.63325	1.31515e-014	1.31515e-014	1.16322e-041	1
5.92	36	6	2.83006e-014	2.83006e-014	4.49497e-041	1
5.93	33	5.74456	4.14011e-014	4.14011e-014	8.80593e-041	1
5.95	27	5.19615	8.81161e-014	8.81161e-014	3.35663e-040	1
5.97	32	5.65685	1.86172e-013	1.86172e-013	1.26786e-039	1
5.98	34	5.83095	2.69867e-013	2.69867e-013	2.45568e-039	1
6	47	6.85565	5.63941e-013	5.63941e-013	9.14961e-039	1
6.01	29	5.38516	8.12983e-013	8.12983e-013	1.76008e-038	1
6.03	39	6.245	1.68031e-012	1.68031e-012	6.46882e-038	1
6.04	36	6	2.40906e-012	2.40906e-012	1.23591e-037	1
6.06	30	5.47723	4.92469e-012	4.92469e-012	4.48064e-037	1
6.08	35	5.91608	9.9937e-012	9.9937e-012	1.60966e-036	1
6.09	55	7.4162	1.41973e-011	1.41973e-011	3.04051e-036	1
6.11	32	5.65685	2.84955e-011	2.84955e-011	1.07746e-035	1
6.12	47	6.85565	4.02595e-011	4.02595e-011	2.02137e-035	1
6.14	46	6.78233	7.99214e-011	7.99214e-011	7.06584e-035	1
6.16	28	5.2915	1.57498e-010	1.57498e-010	2.4475e-034	1
6.17	55	7.4162	2.20488e-010	2.20488e-010	4.53959e-034	1
6.19	34	5.83095	4.29754e-010	4.29754e-010	1.55109e-033	1
6.2	54	7.34847	5.98333e-010	5.98333e-010	2.85734e-033	1
6.22	51	7.14143	1.15346e-009	1.15346e-009	9.63039e-033	1
6.23	44	6.63325	1.59712e-009	1.59712e-009	1.76198e-032	1
6.25	46	6.78233	3.04522e-009	3.04522e-009	5.85791e-032	1
6.27	52	7.2111	5.76391e-009	5.76391e-009	1.92986e-031	1
6.28	46	6.78233	7.90811e-009	7.90811e-009	3.49087e-031	1
6.3	36	6	1.48045e-008	1.48045e-008	1.13444e-030	1
6.31	51	7.14143	2.02005e-008	2.02005e-008	2.03806e-030	1
6.33	35	5.91608	3.74031e-008	3.74031e-008	6.53319e-030	1
6.35	54	7.34847	6.87496e-008	6.87496e-008	2.07526e-029	1
6.36	36	6	9.29517e-008	9.29517e-008	3.68606e-029	1
6.38	44	6.63325	1.68983e-007	1.68983e-007	1.15497e-028	1
6.39	56	7.48331	2.27218e-007	2.27218e-007	2.03747e-028	1
6.41	55	7.4162	4.08556e-007	4.08556e-007	6.29743e-028	1
6.42	40	6.32456	5.4634e-007	5.4634e-007	1.10335e-027	1
6.44	53	7.28011	9.7162e-007	9.7162e-007	3.36393e-027	1
6.46	57	7.54983	1.71532e-006	1.71532e-006	1.0163e-026	1
6.47	39	6.245	2.27288e-006	2.27288e-006	1.76044e-026	1
6.49	48	6.9282	3.96872e-006	3.96872e-006	5.24635e-026	1
6.5	62	7.87401	5.2299e-006	5.2299e-006	9.02589e-026	1
6.52	52	7.2111	9.03214e-006	9.03214e-006	2.6533e-025	1
6.54	34	5.83095	1.54847e-005	1.54847e-005	7.72902e-025	1
6.55	50	7.07107	2.02193e-005	2.02193e-005	1.31464e-024	1
6.57	36	6	3.4285e-005	3.4285e-005	3.77753e-024	1
6.58	49	7	4.45224e-005	4.45224e-005	6.3815e-024	1
6.6	44	6.63325	7.46689e-005	7.46689e-005	1.80877e-023	1
6.61	38	6.16441	9.64331e-005	9.64331e-005	3.03479e-023	1
6.63	55	7.4162	0.00015996	0.00015996	8.48498e-023	1
6.65	61	7.81025	0.000263398	0.000263398	2.35079e-022	1
6.66	38	6.16441	0.000337069	0.000337069	3.89952e-022	1
6.68	55	7.4162	0.000548964	0.000548964	1.0657e-021	1
6.69	49	7	0.000698654	0.000698654	1.75575e-021	1
6.71	46	6.78233	0.00112541	0.00112541	4.73314e-021	1
6.73	58	7.61577	0.0017996	0.0017996	1.26438e-020	1
6.74	36	6	0.00226941	0.00226941	2.05947e-020	1
6.76	46	6.78233	0.00358924	0.00358924	5.4268e-020	1
6.77	49	7	0.00450145	0.00450145	8.77917e-020	1
6.79	61	7.81025	0.0070415	0.0070415	2.28194e-019	1
6.8	38	6.16441	0.00878268	0.00878268	3.66644e-019	1
6.82	48	6.9282	0.0135882	0.0135882	9.4006e-019	1
6.84	42	6.48074	0.0208697	0.0208697	2.38841e-018	1
6.85	67	8.18535	0.0257928	0.0257928	3.79402e-018	1
6.87	36	6	0.0391809	0.0391809	9.50855e-018	1
6.88	64	8	0.048158	0.048158	1.50016e-017	1
6.9	40	6.32456	0.0723549	0.0723549	3.70862e-017	1
6.91	48	6.9282	0.0884452	0.0884452	5.81119e-017	1
6.93	52	7.2111	0.131431	0.131431	1.41711e-016	1
6.95	49	7	0.193882	0.193882	3.42437e-016	1
6.96	58	7.61577	0.234836	0.234836	5.305e-016	1
6.98	38	6.16441	0.342632	0.342632	1.26452e-015	1
6.99	48	6.9282	0.412729	0.412729	1.94563e-015	1
7.01	58	7.61577	0.595598	0.595598	4.57469e-015	1
7.03	55	7.4162	0.853211	0.853211	1.06587e-014	1
7.04	57	7.54983	1.01839	1.01839	1.6214e-014	1
7.06	42	6.48074	1.44292	1.44292	3.72643e-014	1
7.07	58	7.61577	1.71282	1.71282	5.63003e-014	1
7.09	50	7.07107	2.40029	2.40029	1.27637e-013	1
7.1	63	7.93725	2.83364	2.83364	1.91524e-013	1
7.12	52	7.2111	3.92753	3.92753	4.28302e-013	1
7.14	48	6.9282	5.40395	5.40395	9.49114e-013	1
7.15	59	7.68115	6.32139	6.32139	1.40805e-012	1
7.17	70	8.3666	8.60256	8.60256	3.07784e-012	1
7.18	68	8.24621	10.0079	10.0079	4.53499e-012	1
7.2	61	7.81025	13.4704	13.4704	9.77839e-012	1
7.22	75	8.66025	17.9984	17.9984	2.08929e-011	1
7.23	63	7.93725	20.7476	20.7476	3.04355e-011	1
7.25	81	9	27.4187	27.4187	6.41466e-011	1
7.26	88	9.38083	31.4335	31.4335	9.2808e-011	1
7.28	102	10.0995	41.0861	41.0861	1.92948e-010	1
7.29	108	10.3923	46.8438	46.8438	2.77257e-010	1
7.31	107	10.3441	60.559	60.559	5.6859e-010	1
7.33	131	11.4455	77.718	77.718	1.15546e-009	1
7.34	132	11.4891	87.8008	87.8008	1.64154e-009	1
7.36	164	12.8062	111.446	111.446	3.29056e-009	1
7.37	159	12.6095	125.214	125.214	4.64295e-009	1
7.39	184	13.5647	157.197	157.197	9.18067e-009	1
7.41	240	15.4919	195.907	195.907	1.79885e-008	1
7.42	234	15.2971	218.102	218.102	2.50941e-008	1
7.44	299	17.2916	268.837	268.837	4.85014e-008	1
7.45	322	17.9444	297.653	297.653	6.71987e-008	1
7.47	376	19.3907	362.881	362.881	1.28117e-007	1
7.48	451	21.2368	399.574	399.574	1.76296e-007	1
7.5	423	20.567	481.81	481.81	3.3155e-007	1
7.52	588	24.2487	576.726	576.726	6.17867e-007	1
7.53	598	24.454	629.248	629.248	8.4059e-007	1
7.55	737	27.1477	744.972	744.972	1.54523e-006	1
7.56	832	28.8444	808.36	808.36	2.08791e-006	1
7.58	877	29.6142	946.556	946.556	3.78601e-006	1
7.6	978	31.273	1100.28	1100.28	6.80287e-006	1
7.61	1242	35.242	1183.01	1183.01	9.08789e-006	1
7.63	1237	35.171	1360.1	1360.1	1.61078e-005	1
7.64	1368	36.9865	1454.34	1454.34	2.13716e-005	1
7.66	1516	38.9358	1653.76	1653.76	3.73655e-005	1
7.67	1771	42.0833	1758.65	1758.65	4.92383e-005	1
7.69	1857	43.0929	1977.92	1977.92	8.49177e-005	1
7.71	2076	45.5631	2208.28	2208.28	0.000145122	1
7.72	2436	49.3559	2326.93	2326.93	0.000189068	1
7.74	2508	50.0799	2569.52	2569.52	0.000318725	1
7.75	2436	49.3559	2692.73	2692.73	0.000412411	1
7.77	3043	55.1634	2940.94	2940.93	0.000685788	1
7.79	2956	54.3691	3188.56	3188.56	0.00113003	1
7.8	3350	57.8792	3310.97	3310.96	0.00144562	1
7.82	3450	58.7367	3550.48	3550.48	0.00234973	1
7.83	3586	59.8832	3666.57	3666.57	0.00298548	1
7.85	3837	61.9435	3888.81	3888.8	0.00478671	1
7.86	4552	67.4685	3993.94	3993.93	0.00604038	1
7.88	3669	60.5723	4189.69	4189.68	0.0095532	1
7.9	4345	65.9166	4362.93	4362.92	0.0149718	1
7.91	4399	66.325	4440	4439.98	0.018679	1
7.93	4583	67.6979	4573.03	4573.01	0.0288762	1
7.94	4834	69.527	4628.3	4628.26	0.0357808	1
7.96	4593	67.7717	4714.84	4714.79	0.054563	1
7.97	5028	70.9084	4745.66	4745.59	0.0671488	1
7.99	4800	69.282	4781.53	4781.43	0.101006	1
8.01	4648	68.1762	4782.51	4782.36	0.150557	1
8.02	5091	71.3512	4769.87	4769.69	0.183185	1
8.04	4614	67.9264	4718.7	4718.43	0.269342	1
8.05	4643	68.1396	4680.45	4680.13	0.325481	1
8.07	4859	69.7065	4579.67	4579.2	0.472063	1
8.09	4617	67.9485	4448.4	4447.72	0.678446	1
8.1	4520	67.2309	4372.18	4371.37	0.810566	1
8.12	4881	69.8642	4200.56	4199.41	1.14912	1
8.13	3780	61.4817	4106.05	4104.69	1.36354	1
8.15	4029	63.4744	3902.01	3900.1	1.90681	1
8.16	3903	62.474	3793.47	3791.23	2.2472	1
8.18	3872	62.2254	3565.96	3562.86	3.09986	1
8.2	3410	58.3952	3328.03	3323.8	4.23724	1
8.21	3084	55.5338	3206.47	3201.53	4.93707	1
8.23	3154	56.1605	2960.7	2954.05	6.65689	1
8.24	2736	52.3068	2837.48	2829.78	7.7035	1
8.26	2621	51.1957	2592.72	2582.47	10.2459	1
8.28	2470	49.6991	2353.07	2339.56	13.5038	1
8.29	2182	46.7119	2236.15	2220.7	15.4499	1
8.31	2117	46.0109	2009.9	1989.82	20.0859	1
8.32	1817	42.6263	1901.19	1878.37	22.8239	1
8.34	1677	40.9512	1693.94	1664.67	29.2697	1
8.35	1535	39.1791	1595.84	1562.81	33.0329	1
8.37	1368	36.9865	1411.65	1369.86	41.7866	1
8.39	1033	32.1403	1244.35	1191.97	52.3802	1
8.4	1066	32.6497	1167.27	1108.83	58.445	1
8.42	1019	31.9218	1026.54	954.276	72.2669	1
8.43	870	29.4958	962.931	882.846	80.085	1
8.45	867	29.4449	849.163	751.483	97.6797	1
8.47	683	26.1343	753.053	634.994	118.059	1
8.48	681	26.096	711.453	582.104	129.349	1
8.5	615	24.7992	640.703	486.491	154.212	1
8.51	595	24.3926	611.332	443.525	167.807	1
8.53	576	24	563.966	366.62	197.346	1
8.54	475	21.7945	545.689	332.408	213.281	1
8.56	470	21.6795	519.183	271.765	247.418	1
8.58	509	22.561	504.977	220.562	284.414	1
8.59	526	22.9347	502.053	198.155	303.897	1
8.61	536	23.1517	503.657	159.063	344.595	1
8.62	585	24.1868	507.811	142.12	365.691	1
8.64	531	23.0434	521.866	112.834	409.032	1
8.66	569	23.8537	542.287	88.9287	453.358	1
8.67	561	23.6854	554.394	78.7315	475.663	1
8.69	595	24.3926	581.422	61.3726	520.049	1
8.7	648	25.4558	595.954	54.0372	541.917	1
8.72	597	24.4336	626.102	41.6622	584.44	1
8.73	676	26	641.347	36.4815	604.865	1
8.75	735	27.1109	671.287	27.8193	643.468	1
8.77	627	25.04	699.382	21.0589	678.323	1
8.78	766	27.6767	712.348	18.272	694.076	1
8.8	759	27.55	735.415	13.6804	721.735	1
8.81	768	27.7128	745.269	11.8049	733.464	1
8.83	767	27.6948	761.077	8.74176	752.335	1
8.85	756	27.4955	771.115	6.42616	764.689	1
8.86	760	27.5681	773.805	5.49458	768.311	1
8.88	904	30.0666	774.316	3.99495	770.322	1
8.89	613	24.7588	772.094	3.39708	768.697	1
8.91	768	27.7128	762.684	2.4429	760.241	1
8.92	724	26.9072	755.535	2.06591	753.469	1
8.94	760	27.5681	736.53	1.46939	735.061	1
8.96	736	27.1293	711.633	1.03747	710.595	1
8.97	661	25.7099	697.155	0.869368	696.285	1
8.99	677	26.0192	664.576	0.607111	663.969	1
9	642	25.3377	646.671	0.505949	646.165	1
9.02	561	23.6854	608.156	0.349458	607.807	1
9.03	603	24.5561	587.768	0.289631	587.479	1
9.05	533	23.0868	545.297	0.19786	545.099	1
9.07	492	22.1811	501.322	0.134179	501.188	1
9.08	484	22	479.047	0.110193	478.937	1
9.1	414	20.347	434.448	0.0739107	434.374	1
9.11	375	19.3649	412.322	0.0603655	412.261	1
9.13	415	20.3715	368.865	0.0400465	368.825	1
9.15	315	17.7482	326.997	0.0263728	326.971	1
9.16	336	18.3303	306.831	0.0213432	306.809	1
9.18	289	17	268.313	0.0139019	268.299	1
9.19	256	16	250.051	0.0111889	250.04	1
9.21	221	14.8661	215.693	0.00720822	215.685	1
9.22	193	13.8924	199.643	0.00576971	199.637	1
9.24	195	13.9642	169.873	0.00367635	169.869	1
9.26	144	12	143.231	0.00232539	143.228	1
9.27	127	11.2694	131.071	0.00184435	131.069	1
9.29	118	10.8628	109.014	0.00115384	109.013	1
9.3	90	9.48683	99.0796	0.000910129	99.0787	1
9.32	83	9.11043	81.2869	0.000563158	81.2863	1
9.34	79	8.88819	66.0843	0.000345918	66.0839	1
9.35	59	7.68115	59.3816	0.000270365	59.3814	1
9.37	48	6.9282	47.6202	0.000164255	47.6201	1
9.38	59	7.68115	42.4988	0.000127675	42.4986	1
9.4	25	5	33.6184	7.67182e-005	33.6183	1
9.41	20	4.47214	29.7984	5.93062e-005	29.7984	1
9.43	31	5.56776	23.2517	3.52464e-005	23.2517	1
9.45	15	3.87298	17.9787	2.07944e-005	17.9787	1
9.46	15	3.87298	15.7553	1.59282e-005	15.7553	1
9.48	8	2.82843	12.0169	9.2944e-006	12.0169	1
9.49	14	3.74166	10.459	7.08035e-006	10.459	1
9.51	8	2.82843	7.86893	4.08633e-006	7.86893	1
9.53	9	3	5.86656	2.34114e-006	5.86656	1
9.54	7	2.64575	5.04816	1.76718e-006	5.04815	1
9.56	5	2.23607	3.71246	1.00138e-006	3.71246	1
9.57	3	1.73205	3.17279	7.51734e-007	3.17279	1
9.59	4	2	2.30161	4.21315e-007	2.30161	1
9.6	3	1.73205	1.95363	3.14546e-007	1.95363	1
9.62	3	1.73205	1.39796	1.74361e-007	1.39796	1
9.64	3	1.73205	0.991263	9.59471e-008	0.991263	1
9.65	2	1.41421	0.831861	7.09788e-008	0.831861	1
9.67	3	1.73205	0.581843	3.86309e-008	0.581843	1
9.68	1	1	0.484951	2.84213e-008	0.484951	1
9.7	2	1.41421	0.334591	1.52994e-008	0.334591	1
9.72	3	1.73205	0.228756	8.17559e-009	0.228756	1
9.73	0	1	0.188502	5.96002e-009	0.188502	1
9.75	3	1.73205	0.127126	3.15005e-009	0.127126	1
9.76	3	1.73205	0.104042	2.2838e-009	0.104042	1
9.78	4	2	0.0692133	1.19386e-009	0.0692133	1
9.79	0	1	0.0562594	8.60805e-010	0.0562594	1
9.81	1	1	0.0369179	4.45064e-010	0.0369179	1
9.83	2	1.41421	0.024006	2.28431e-010	0.024006	1
9.84	1	1	0.019292	1.63203e-010	0.019292	1
9.86	3	1.73205	0.0123743	8.28486e-011	0.0123743	1
9.87	2	1.41421	0.00987661	5.88667e-011	0.00987661	1
9.89	6	2.44949	0.00624905	2.95564e-011	0.00624905	1
9.91	3	1.73205	0.00391797	1.47315e-011	0.00391797	1
9.92	0	1	0.00309171	1.03718e-011	0.00309171	1
9.94	4	2	0.00191209	5.11297e-012	0.00191209	1
9.95	2	1.41421	0.00149857	3.58006e-012	0.00149857	1
9.97	3	1.73205	0.000914212	1.74556e-012	0.000914212	1
9.98	3	1.73205	0.000711619	1.21552e-012	0.000711619	1
10	1	1	0.000428231	5.86181e-013	0.000428231	1
10.02	1	1	0.000255359	2.80619e-013	0.000255359	1
10.03	2	1.41421	0.000196518	1.93627e-013	0.000196518	1
10.05	4	2	0.000115594	9.16797e-014	0.000115594	1
10.06	1	1	8.83524e-005	6.2912e-014	8.83524e-005	1
10.08	4	2	5.12642e-005	2.94623e-014	5.12642e-005	1
10.1	2	1.41421	2.94748e-005	1.36967e-014	2.94748e-005	1
10.11	4	2	2.22733e-005	9.31311e-015	2.22733e-005	1
10.13	4	2	1.26323e-005	4.2822e-015	1.26323e-005	1
10.14	3	1.73205	9.48082e-006	2.89574e-015	9.48082e-006	1
10.16	5	2.23607	5.30402e-006	1.31691e-015	5.30402e-006	1
10.17	6	2.44949	3.95367e-006	8.85644e-016	3.95367e-006	1
10.19	3	1.73205	2.18183e-006	3.98363e-016	2.18183e-006	1
10.21	5	2.23607	1.19312e-006	1.77875e-016	1.19312e-006	1
10.22	5	2.23607	8.79284e-007	1.18533e-016	8.79284e-007	1
10.24	3	1.73205	4.74299e-007	5.23478e-017	4.74299e-007	1
10.25	2	1.41421	3.4716e-007	3.46924e-017	3.4716e-007	1
10.27	5	2.23607	1.8472e-007	1.51537e-017	1.8472e-007	1
10.28	4	2	1.34283e-007	9.98772e-018	1.34283e-007	1
10.3	3	1.73205	7.04804e-008	4.31493e-018	7.04804e-008	1
10.32	5	2.23607	3.66569e-008	1.85054e-018	3.66569e-008	1
10.33	5	2.23607	2.6346e-008	1.20855e-018	2.6346e-008	1
10.35	1	1	1.35165e-008	5.1264e-019	1.35165e-008	1
10.36	4	2	9.64837e-009	3.3296e-019	9.64837e-009	1
10.38	8	2.82843	4.88275e-009	1.39689e-019	4.88275e-009	1
10.4	4	2	2.44859e-009	5.8177e-020	2.44859e-009	1
10.41	9	3	1.72805e-009	3.74413e-020	1.72805e-009	1
10.43	3	1.73205	8.5481e-010	1.54227e-020	8.5481e-010	1
10.44	2	1.41421	5.99158e-010	9.87128e-021	5.99158e-010	1
10.46	3	1.73205	2.92359e-010	4.02169e-021	2.92359e-010	1
10.47	1	1	2.03525e-010	2.55995e-021	2.03525e-010	1
10.49	3	1.73205	9.79612e-011	1.03155e-021	9.79612e-011	1
10.51	4	2	4.6723e-011	4.12635e-022	4.6723e-011	1
10.52	9	3	3.21577e-011	2.60261e-022	3.21577e-011	1
10.54	3	1.73205	1.51295e-011	1.02969e-022	1.51295e-011	1
10.55	3	1.73205	1.03421e-011	6.45897e-023	1.03421e-011	1
10.57	2	1.41421	4.79963e-012	2.52747e-023	4.79963e-012	1
10.59	8	2.82843	2.20724e-012	9.81803e-024	2.20724e-012	1
10.6	4	2	1.49171e-012	6.10238e-024	1.49171e-012	1
10.62	4	2	6.76686e-013	2.34456e-024	6.76686e-013	1
10.63	6	2.44949	4.54207e-013	1.44927e-024	4.54207e-013	1
10.65	2	1.41421	2.03244e-013	5.50726e-025	2.03244e-013	1
10.66	3	1.73205	1.35492e-013	3.38559e-025	1.35492e-013	1
10.68	3	1.73205	5.98054e-014	1.27246e-025	5.98054e-014	1
10.7	2	1.41421	2.61581e-014	4.74757e-026	2.61581e-014	1
10.71	4	2	1.72407e-014	2.89195e-026	1.72407e-014	1
10.73	3	1.73205	7.43847e-015	1.06719e-026	7.43847e-015	1
10.74	4	2	4.86926e-015	6.46504e-027	4.86926e-015	1
10.76	6	2.44949	2.0723e-015	2.35964e-027	2.0723e-015	1
10.78	6	2.44949	8.73942e-016	8.54939e-028	8.73942e-016	1
10.79	5	2.23607	5.65605e-016	5.13199e-028	5.65605e-016	1
10.81	5	2.23607	2.35291e-016	1.83908e-028	2.35291e-016	1
10.82	3	1.73205	1.5124e-016	1.0979e-028	1.5124e-016	1
10.84	2	1.41421	6.20612e-017	3.89135e-029	6.20612e-017	1
10.85	2	1.41421	3.96198e-017	2.31034e-029	3.96198e-017	1
10.87	1	1	1.60372e-017	8.0991e-030	1.60372e-017	1
10.89	4	2	6.43255e-018	2.81847e-030	6.43255e-018	1
10.9	3	1.73205	4.06001e-018	1.65809e-030	4.06001e-018	1
10.92	2	1.41421	1.60636e-018	5.70703e-031	1.60636e-018	1
10.93	1	1	1.00697e-018	3.339e-031	1.00697e-018	1
10.95	6	2.44949	3.93004e-019	1.13669e-031	3.93004e-019	1
10.97	2	1.41421	1.51991e-019	3.84134e-032	1.51991e-019	1
10.98	5	2.23607	9.41982e-020	2.22695e-032	9.41982e-020	1
11	2	1.41421	3.59355e-020	7.44346e-033	3.59355e-020	1
11.01	1	1	2.21198e-020	4.29154e-033	2.21198e-020	1
11.03	1	1	8.32383e-021	1.41874e-033	8.32383e-021	1
11.04	1	1	5.08874e-021	8.13491e-034	5.08874e-021	1
11.06	4	2	1.88893e-021	2.6599e-034	1.88893e-021	1
11.08	4	2	6.94801e-022	8.63365e-035	6.94801e-022	1
11.09	0	1	4.19951e-022	4.90529e-035	4.19951e-022	1
11.11	4	2	1.52372e-022	1.57477e-035	1.52372e-022	1
11.12	2	1.41421	9.14691e-023	8.89815e-036	9.14691e-023	1
11.14	1	1	3.27373e-023	2.82538e-036	3.27373e-023	1
11.16	4	2	1.16105e-023	8.90571e-037	1.16105e-023	1
11.17	2	1.41421	6.89085e-024	4.98621e-037	6.89085e-024	1
11.19	3	1.73205	2.4107e-024	1.55449e-037	2.4107e-024	1
11.2	6	2.44949	1.421e-024	8.65569e-038	1.421e-024	1
11.22	1	1	4.90374e-025	2.66896e-038	4.90374e-025	1
11.23	0	1	2.87084e-025	1.47798e-038	2.87084e-025	1
11.25	1	1	9.77244e-026	4.50746e-039	9.77244e-026	1
11.27	5	2.23607	3.29639e-026	1.36462e-039	3.29639e-026	1
11.28	2	1.41421	1.90797e-026	7.48787e-040	1.90797e-026	1
11.3	3	1.73205	6.34845e-027	2.24214e-040	6.34845e-027	1
11.31	3	1.73205	3.64948e-027	1.22355e-040	3.64948e-027	1
11.33	3	1.73205	1.19781e-027	3.62366e-041	1.19781e-027	1
11.34	2	1.41421	6.83886e-028	1.96661e-041	6.83886e-028	1
11.36	1	1	2.21413e-028	5.76062e-042	2.21413e-028	1
11.38	3	1.73205	7.10336e-029	1.67509e-042	7.10336e-029	1
11.39	3	1.73205	4.00968e-029	9.00797e-043	4.00968e-029	1
11.41	5	2.23607	1.26891e-029	2.59071e-043	1.26891e-029	1
11.42	4	2	7.11391e-030	1.38554e-043	7.11391e-030	1
11.44	2	1.41421	2.22071e-030	3.94127e-044	2.22071e-030	1
11.46	4	2	6.86936e-031	1.11293e-044	6.86936e-031	1
11.47	5	2.23607	3.80754e-031	5.89778e-045	3.80754e-031	1
11.49	4	2	1.1618e-031	1.64719e-045	1.1618e-031	1
11.5	0	1	6.39571e-032	8.68116e-046	6.39571e-032	1
11.52	4	2	1.92502e-032	2.39804e-046	1.92502e-032	1
11.53	2	1.41421	1.05251e-032	1.25691e-046	1.05251e-032	1
11.55	8	2.82843	3.12489e-033	3.43404e-047	3.12489e-033	1
11.57	1	1	9.19358e-034	9.31375e-048	9.19358e-034	1
11.58	2	1.41421	4.96964e-034	4.83716e-048	4.96964e-034	1
11.6	5	2.23607	1.44224e-034	1.29758e-048	1.44224e-034	1
11.61	4	2	7.74298e-035	6.70209e-049	7.74298e-035	1
11.63	2	1.41421	2.21657e-035	1.77819e-049	2.21657e-035	1
11.65	1	1	6.28775e-036	4.68338e-050	6.28775e-036	1
11.66	3	1.73205	3.33747e-036	2.39694e-050	3.33747e-036	1
11.68	2	1.41421	9.33885e-037	6.24401e-051	9.33885e-037	1
11.69	3	1.73205	4.92319e-037	3.17814e-051	4.92319e-037	1
11.71	5	2.23607	1.35889e-037	8.18848e-052	1.35889e-037	1
11.72	3	1.73205	7.11488e-038	4.145e-052	7.11488e-038	1
11.74	1	1	1.93716e-038	1.05628e-052	1.93716e-038	1
11.76	5	2.23607	5.22644e-039	2.67208e-053	5.22644e-039	1
11.77	1	1	2.70546e-039	1.34026e-053	2.70546e-039	1
11.79	3	1.73205	7.20017e-040	3.35339e-054	7.20017e-040	1
11.8	4	2	3.70176e-040	1.67278e-054	3.70176e-040	1
11.82	2	1.41421	9.71787e-041	4.13957e-055	9.71787e-041	1
11.84	4	2	2.52799e-041	1.01693e-055	2.52799e-041	1
11.85	4	2	1.28497e-041	5.02647e-056	1.28497e-041	1
11.87	1	1	3.29729e-042	1.22129e-056	3.29729e-042	1
11.88	3	1.73205	1.66458e-042	6.00351e-057	1.66458e-042	1
11.9	2	1.41421	4.21339e-043	1.44274e-057	4.21339e-043	1
11.91	2	1.41421	2.11257e-043	7.05317e-058	2.11257e-043	1
11.93	4	2	5.27472e-044	1.67645e-058	5.27472e-044	1
11.95	0	1	1.30505e-044	3.95559e-059	1.30505e-044	1
11.96	3	1.73205	6.46931e-045	1.91614e-059	6.46931e-045	1
11.98	3	1.73205	1.57888e-045	4.47171e-060	1.57888e-045	1
11.99	3	1.73205	7.77338e-046	2.15428e-060	7.77338e-046	1
12.01	2	1.41421	1.87138e-046	4.97247e-061	1.87138e-046	1
12.03	2	1.41421	4.46432e-047	1.13935e-061	4.46432e-047	1
12.04	3	1.73205	2.17304e-047	5.43883e-062	2.17304e-047	1
12.06	4	2	5.11354e-048	1.23258e-062	5.11354e-048	1
12.07	3	1.73205	2.47209e-048	5.85161e-063	2.47209e-048	1
12.09	0	1	5.73827e-049	1.31162e-063	5.73827e-049	1
12.1	4	2	2.75521e-049	6.19271e-064	2.75521e-049	1
12.12	4	2	6.30859e-050	1.3729e-064	6.30859e-050	1
12.14	1	1	1.43137e-050	3.02142e-065	1.43137e-050	1
12.15	4	2	6.79478e-051	1.41352e-065	6.79478e-051	1
12.17	2	1.41421	1.52074e-051	3.07681e-066	1.52074e-051	1
12.18	2	1.41421	7.16987e-052	1.43154e-066	7.16987e-052	1
12.2	1	1	1.5829e-052	3.08195e-067	1.5829e-052	1
12.22	3	1.73205	3.46287e-053	6.58661e-068	3.46287e-053	1
12.23	4	2	1.61415e-053	3.03659e-068	1.61415e-053	1
12.25	1	1	3.48327e-054	6.41869e-069	3.48327e-054	1
12.26	4	2	1.61259e-054	2.94295e-069	1.61259e-054	1
12.28	4	2	3.43266e-055	6.15272e-070	3.43266e-055	1
12.29	3	1.73205	1.57833e-055	2.80553e-070	1.57833e-055	1
12.31	5	2.23607	3.3141e-056	5.80128e-071	3.3141e-056	1
12.33	0	1	6.89563e-057	1.19082e-071	6.89563e-057	1
12.34	0	1	3.13468e-057	5.38042e-072	3.13468e-057	1
12.36	3	1.73205	6.43374e-058	1.09236e-072	6.43374e-058	1
12.37	4	2	2.90478e-058	4.90845e-073	2.90478e-058	1
12.39	6	2.44949	5.88092e-059	9.85635e-074	5.88092e-059	1
12.4	1	1	2.6371e-059	4.40462e-074	2.6371e-059	1
12.42	5	2.23607	5.26646e-060	8.7479e-075	5.26646e-060	1
12.44	2	1.41421	1.0422e-060	1.72471e-075	1.0422e-060	1
12.45	1	1	4.62046e-061	7.63708e-076	4.62046e-061	1
12.47	2	1.41421	9.01946e-062	1.48924e-076	9.01946e-062	1
12.48	3	1.73205	3.9714e-062	6.55824e-077	3.9714e-062	1
12.5	3	1.73205	7.64716e-063	1.26487e-077	7.64716e-063	1
12.52	4	2	1.45914e-063	2.42171e-078	1.45914e-063	1
12.53	1	1	6.35203e-064	1.05673e-078	6.35203e-064	1
12.55	2	1.41421	1.19556e-064	2.00108e-079	1.19556e-064	1
12.56	1	1	5.16912e-065	8.68402e-080	5.16912e-065	1
12.58	2	1.41421	9.59705e-066	1.62646e-080	9.59705e-066	1
12.59	4	2	4.1211e-066	7.01959e-081	4.1211e-066	1
12.61	3	1.73205	7.54738e-067	1.30035e-081	7.54738e-067	1
12.63	2	1.41421	1.36968e-067	2.39124e-082	1.36968e-067	1
12.64	3	1.73205	5.81496e-068	1.02261e-082	5.81496e-068	1
12.66	0	1	1.04095e-068	1.85993e-083	1.04095e-068	1
12.67	4	2	4.38924e-069	7.91036e-084	4.38924e-069	1
12.69	5	2.23607	7.7506e-070	1.42301e-084	7.7506e-070	1
12.71	2	1.41421	1.3562e-070	2.54117e-085	1.3562e-070	1
12.72	2	1.41421	5.65369e-071	1.07091e-085	5.65369e-071	1
12.74	0	1	9.75845e-072	1.89149e-086	9.75845e-072	1
12.75	1	1	4.04037e-072	7.92748e-087	4.04037e-072	1
12.77	1	1	6.87909e-073	1.38487e-087	6.87909e-073	1
12.78	5	2.23607	2.8288e-073	5.77236e-088	2.8288e-073	1
12.8	1	1	4.75087e-074	9.9736e-089	4.75087e-074	1
12.82	2	1.41421	7.90654e-075	1.71067e-089	7.90654e-075	1
12.83	3	1.73205	3.21446e-075	7.06528e-090	3.21446e-075	1
12.85	2	1.41421	5.27695e-076	1.19858e-090	5.27695e-076	1
12.86	2	1.41421	2.13076e-076	4.92315e-091	2.13076e-076	1
12.88	3	1.73205	3.45041e-077	8.26048e-092	3.45041e-077	1
12.9	5	2.23607	5.53666e-078	1.37589e-092	5.53666e-078	1
12.91	2	1.41421	2.2103e-078	5.59987e-093	2.2103e-078	1
12.93	8	2.82843	3.49857e-079	9.22529e-094	3.49857e-079	1
12.94	2	1.41421	1.38715e-079	3.73411e-094	1.38715e-079	1
12.96	2	1.41421	2.16583e-080	6.08433e-095	2.16583e-080	1
12.97	1	1	8.52884e-081	2.44924e-095	8.52884e-081	1
12.99	1	1	1.31357e-081	3.94713e-096	1.31357e-081	1
13.01	2	1.41421	2.00472e-082	6.31462e-097	2.00472e-082	1
13.02	2	1.41421	7.80496e-083	2.51876e-097	7.80496e-083	1
13.04	2	1.41421	1.17499e-083	3.98544e-098	1.17499e-083	1
13.05	3	1.73205	4.54341e-084	1.58098e-098	4.54341e-084	1
13.07	5	2.23607	6.74695e-085	2.47423e-099	6.74695e-085	1
13.09	1	1	9.92828e-086	3.84388e-100	9.92828e-086	1
13.1	1	1	3.79553e-086	1.51092e-100	3.79553e-086	1
13.12	7	2.64575	5.50935e-087	2.32163e-101	5.50935e-087	1
13.13	1	1	2.09185e-087	9.07562e-102	2.09185e-087	1
13.15	3	1.73205	2.99516e-088	1.37928e-102	2.99516e-088	1
13.16	1	1	1.12948e-088	5.36226e-103	1.12948e-088	1
13.18	1	1	1.59526e-089	8.06026e-104	1.59526e-089	1
13.2	3	1.73205	2.23266e-090	1.20272e-104	2.23266e-090	1
13.21	6	2.44949	8.32403e-091	4.6332e-105	8.32403e-091	1
13.23	2	1.41421	1.14918e-091	6.83788e-106	1.14918e-091	1
13.24	1	1	4.25529e-092	2.61968e-106	4.25529e-092	1
13.26	2	1.41421	5.79488e-093	3.82396e-107	5.79488e-093	1
13.28	4	2	7.81989e-094	5.54107e-108	7.81989e-094	1
13.29	7	2.64575	2.86282e-094	2.10349e-108	2.86282e-094	1
13.31	5	2.23607	3.81076e-095	3.0147e-109	3.81076e-095	1
13.32	2	1.41421	1.38559e-095	1.13816e-109	1.38559e-095	1
13.34	4	2	1.81934e-096	1.61336e-110	1.81934e-096	1
13.35	1	1	6.57006e-097	6.05762e-111	6.57006e-097	1
13.37	4	2	8.50961e-098	8.49286e-112	8.50961e-098	1
13.39	2	1.41421	1.09217e-098	1.18201e-112	1.09217e-098	1
13.4	2	1.41421	3.8994e-099	4.39757e-113	3.8994e-099	1
13.42	0	1	4.93674e-100	6.05348e-114	4.93674e-100	1
13.43	2	1.41421	1.75056e-100	2.23979e-114	1.75056e-100	1
13.45	1	1	2.18616e-101	3.04946e-115	2.18616e-101	1
13.46	3	1.73205	7.69927e-102	1.12211e-115	7.69927e-102	1
13.48	3	1.73205	9.48453e-103	1.51104e-116	9.48453e-103	1
13.5	5	2.23607	1.15777e-103	2.01991e-117	1.15777e-103	1
13.51	6	2.44949	4.03127e-104	7.3649e-118	4.03127e-104	1
13.53	2	1.41421	4.85412e-105	9.73748e-119	4.85412e-105	1
13.54	3	1.73205	1.67865e-105	3.53096e-119	1.67865e-105	1
13.56	4	2	1.99384e-106	4.61739e-120	1.99384e-106	1
13.58	3	1.73205	2.34672e-107	5.99399e-121	2.34672e-107	1
13.59	2	1.41421	8.02347e-108	2.15368e-121	8.02347e-108	1
13.61	4	2	9.31525e-109	2.76519e-122	9.31525e-109	1
13.62	1	1	3.1632e-109	9.88105e-123	3.1632e-109	1
13.64	3	1.73205	3.6226e-110	1.25479e-123	3.6226e-110	1
13.65	5	2.23607	1.22175e-110	4.45923e-124	1.22175e-110	1
13.67	2	1.41421	1.38019e-111	5.60082e-125	1.38019e-111	1
13.69	4	2	1.54502e-112	6.98327e-126	1.54502e-112	1
13.7	4	2	5.15168e-113	2.45906e-126	5.15168e-113	1
13.72	3	1.73205	5.68862e-114	3.03249e-127	5.68862e-114	1
13.73	9	3	1.88387e-114	1.06199e-127	1.88387e-114	1
13.75	3	1.73205	2.05197e-115	1.29532e-128	2.05197e-115	1
13.77	4	2	2.21478e-116	1.56836e-129	2.21478e-116	1
13.78	1	1	7.25149e-117	5.44237e-130	7.25149e-117	1
13.8	5	2.23607	7.72057e-118	6.51753e-131	7.72057e-118	1
13.81	2	1.41421	2.51059e-118	2.24924e-131	2.51059e-118	1
13.83	3	1.73205	2.63669e-119	2.66413e-132	2.63669e-119	1
13.84	4	2	8.51562e-120	9.14367e-133	8.51562e-120	1
13.86	2	1.41421	8.82189e-121	1.07118e-133	8.82189e-121	1
13.88	9	3	9.05623e-122	1.24572e-134	9.05623e-122	1
13.89	3	1.73205	2.89172e-122	4.2365e-135	2.89172e-122	1
13.91	4	2	2.92822e-123	4.87292e-136	2.92822e-123	1
13.92	2	1.41421	9.2863e-124	1.64811e-136	9.2863e-124	1
13.94	6	2.44949	9.27581e-125	1.87496e-137	9.27581e-125	1
13.96	7	2.64575	9.18126e-126	2.11746e-138	9.18126e-126	1
13.97	4	2	2.87868e-126	7.09631e-139	2.87868e-126	1
13.99	8	2.82843	2.81063e-127	7.92645e-140	2.81063e-127	1
14	3	1.73205	8.75237e-128	2.64185e-140	8.75237e-128	1
14.02	3	1.73205	8.42944e-129	2.91862e-141	8.42944e-129	1
14.03	4	2	2.60706e-129	9.67428e-142	2.60706e-129	1
14.05	3	1.73205	2.47677e-130	1.05709e-142	2.47677e-130	1
14.07	4	2	2.33164e-131	1.14663e-143	2.33164e-131	1
14.08	2	1.41421	7.12958e-132	3.76603e-144	7.12958e-132	1
14.1	6	2.44949	6.62066e-133	4.04033e-145	6.62066e-133	1
14.11	6	2.44949	2.01064e-133	1.31974e-145	2.01064e-133	1
14.13	2	1.41421	1.84176e-134	1.40039e-146	1.84176e-134	1
14.15	3	1.73205	1.67176e-135	1.4751e-147	1.67176e-135	1
14.16	7	2.64575	5.01948e-136	4.77435e-148	5.01948e-136	1
14.18	1	1	4.49428e-137	4.97406e-149	4.49428e-137	1
14.19	3	1.73205	1.34022e-137	1.60109e-149	1.34022e-137	1
14.21	3	1.73205	1.18369e-138	1.64982e-150	1.18369e-138	1
14.22	5	2.23607	3.50579e-139	5.28146e-151	3.50579e-139	1
14.24	1	1	3.05429e-140	5.38269e-152	3.05429e-140	1
14.26	5	2.23607	2.63679e-141	5.44578e-153	2.63679e-141	1
14.27	2	1.41421	7.72099e-142	1.72742e-153	7.72099e-142	1
14.29	0	1	6.57506e-143	1.72855e-154	6.57506e-143	1
14.3	4	2	1.91218e-143	5.45294e-155	1.91218e-143	1
14.32	4	2	1.60626e-144	5.39684e-156	1.60626e-144	1
14.34	2	1.41421	1.33704e-145	5.3023e-157	1.33704e-145	1
14.35	2	1.41421	3.84438e-146	1.65742e-157	3.84438e-146	1
14.37	3	1.73205	3.15658e-147	1.61058e-158	3.15658e-147	1
14.38	4	2	9.0142e-148	5.00682e-159	9.0142e-148	1
14.4	1	1	7.30095e-149	4.8121e-160	7.30095e-149	1
14.41	3	1.73205	2.07072e-149	1.48774e-160	2.07072e-149	1
14.43	5	2.23607	1.65438e-150	1.41424e-161	1.65438e-150	1
14.45	1	1	1.30975e-151	1.33455e-162	1.30975e-151	1
14.46	3	1.73205	3.67267e-152	4.08835e-163	3.67267e-152	1
14.48	3	1.73205	2.86813e-153	3.81579e-164	2.86813e-153	1
14.49	4	2	7.98771e-154	1.16254e-164	7.98771e-154	1
14.51	1	1	6.15318e-155	1.07317e-165	6.15318e-155	1
14.53	5	2.23607	4.69698e-156	9.83433e-167	4.69698e-156	1
14.54	5	2.23607	1.29328e-156	2.96886e-167	1.29328e-156	1
14.56	4	2	9.73809e-158	2.69085e-168	9.73809e-158	1
14.57	3	1.73205	2.66305e-158	8.07877e-169	2.66305e-158	1
14.59	0	1	1.97798e-159	7.24218e-170	1.97798e-159	1
14.6	5	2.23607	5.37226e-160	2.1624e-170	5.37226e-160	1
14.62	1	1	3.93605e-161	1.91728e-171	3.93605e-161	1
14.64	1	1	2.85762e-162	1.68752e-172	2.85762e-162	1
14.65	2	1.41421	7.67348e-163	4.99271e-173	7.67348e-163	1
14.67	1	1	5.49539e-164	4.34634e-174	5.49539e-164	1
14.68	5	2.23607	1.4656e-164	1.27886e-174	1.4656e-164	1
14.7	2	1.41421	1.03534e-165	1.10112e-175	1.03534e-165	1
14.71	1	1	2.74241e-166	3.22216e-176	2.74241e-166	1
14.73	3	1.73205	1.911e-167	2.74399e-177	1.911e-167	1
14.75	3	1.73205	1.31957e-168	2.31971e-178	1.31957e-168	1
14.76	6	2.44949	3.45567e-169	6.72614e-179	3.45567e-169	1
14.78	4	2	2.35376e-170	5.62394e-180	2.35376e-170	1
14.79	0	1	6.12201e-171	1.62175e-180	6.12201e-171	1
14.81	2	1.41421	4.11327e-172	1.34117e-181	4.11327e-172	1
14.83	2	1.41421	2.73855e-173	1.10103e-182	2.73855e-173	1
14.84	2	1.41421	7.04211e-174	3.14603e-183	7.04211e-174	1
14.86	2	1.41421	4.62486e-175	2.55447e-184	4.62486e-175	1
14.87	2	1.41421	1.18117e-175	7.259e-185	1.18117e-175	1
14.89	3	1.73205	7.65188e-177	5.82961e-186	7.65188e-177	1
14.9	4	2	1.94094e-177	1.64751e-186	1.94094e-177	1
14.92	4	2	1.24031e-178	1.30862e-187	1.24031e-178	1
14.94	2	1.41421	7.85398e-180	1.03185e-188	7.85398e-180	1
14.95	3	1.73205	1.96963e-180	2.88951e-189	1.96963e-180	1
14.97	1	1	1.23029e-181	2.25346e-190	1.23029e-181	1
14.98	3	1.73205	3.0643e-182	6.27581e-191	3.0643e-182	1
15	2	1.41421	1.88805e-183	4.84083e-192	1.88805e-183	1
15.02	3	1.73205	1.15276e-184	3.70669e-193	1.15276e-184	1
15.03	2	1.41421	2.83867e-185	1.02288e-193	2.83867e-185	1
15.05	8	2.82843	1.70962e-186	7.74668e-195	1.70962e-186	1
15.06	3	1.73205	4.18126e-187	2.12602e-195	4.18126e-187	1
15.08	1	1	2.48401e-188	1.59251e-196	2.48401e-188	1
15.09	3	1.73205	6.03382e-189	4.34654e-197	6.03382e-189	1
15.11	3	1.73205	3.5359e-190	3.2202e-198	3.5359e-190	1
15.13	4	2	2.05328e-191	2.3683e-199	2.05328e-191	1
15.14	2	1.41421	4.93104e-192	6.405e-200	4.93104e-192	1
15.16	3	1.73205	2.82455e-193	4.65905e-201	2.82455e-193	1
15.17	2	1.41421	6.73705e-194	1.25312e-201	6.73705e-194	1
15.19	7	2.64575	3.80664e-195	9.01558e-203	3.80664e-195	1
15.21	3	1.73205	2.13135e-196	6.4389e-204	2.13135e-196	1
15.22	3	1.73205	5.02604e-197	1.71604e-204	5.02604e-197	1
15.24	4	2	2.77588e-198	1.21218e-205	2.77588e-198	1
15.25	5	2.23607	6.50135e-199	3.21288e-206	6.50135e-199	1
15.27	4	2	3.54192e-200	2.24471e-207	3.54192e-200	1
15.28	4	2	8.23897e-201	5.91696e-208	8.23896e-201	1
15.3	3	1.73205	4.42762e-202	4.08873e-209	4.42762e-202	1
15.32	1	1	2.35781e-203	2.80474e-210	2.35781e-203	1
15.33	8	2.82843	5.42242e-204	7.32575e-211	5.42242e-204	1
15.35	3	1.73205	2.84835e-205	4.97028e-212	2.84835e-205	1
15.36	1	1	6.50592e-206	1.29108e-212	6.50592e-206	1
15.38	2	1.41421	3.37109e-207	8.66373e-214	3.37109e-207	1
15.4	5	2.23607	1.7309e-208	5.7713e-215	1.7309e-208	1
15.41	2	1.41421	3.90876e-209	1.48547e-215	3.90876e-209	1
15.43	3	1.73205	1.97972e-210	9.78717e-217	1.97972e-210	1
15.44	1	1	4.44018e-211	2.5053e-217	4.44018e-211	1
15.46	3	1.73205	2.21833e-212	1.63259e-218	2.21833e-212	1
15.47	2	1.41421	4.94145e-213	4.15614e-219	4.94144e-213	1
15.49	5	2.23607	2.43524e-214	2.67874e-220	2.43523e-214	1
15.51	3	1.73205	1.18924e-215	1.71391e-221	1.18924e-215	1
15.52	4	2	2.61908e-216	4.32337e-222	2.61908e-216	1
15.54	4	2	1.26165e-217	2.73592e-223	1.26165e-217	1
15.55	2	1.41421	2.75962e-218	6.86355e-224	2.75961e-218	1
15.57	5	2.23607	1.31129e-219	4.29589e-225	1.31129e-219	1
15.59	3	1.73205	6.17437e-221	2.66915e-226	6.17434e-221	1
15.6	2	1.41421	1.33522e-221	6.63498e-227	1.33522e-221	1
15.62	2	1.41421	6.20167e-223	4.07741e-228	6.20163e-223	1
15.63	1	1	1.33199e-223	1.008e-228	1.33198e-223	1
15.65	1	1	6.10263e-225	6.12675e-230	6.10257e-225	1
15.66	7	2.64575	1.30179e-225	1.50633e-230	1.30177e-225	1
15.68	2	1.41421	5.88327e-227	9.05549e-232	5.88318e-227	1
15.7	4	2	2.63475e-228	5.40406e-233	2.63469e-228	1
15.71	2	1.41421	5.55666e-229	1.31653e-233	5.55653e-229	1
15.73	2	1.41421	2.45469e-230	7.77073e-235	2.45461e-230	1
15.74	3	1.73205	5.14166e-231	1.88271e-235	5.14148e-231	1
15.76	3	1.73205	2.24052e-232	1.0991e-236	2.24041e-232	1
15.77	10	3.16228	4.6611e-233	2.64834e-237	4.66084e-233	1
15.79	2	1.41421	2.00355e-234	1.52916e-238	2.00339e-234	1
15.81	1	1	8.53402e-236	8.76492e-240	8.53314e-236	1
15.82	2	1.41421	1.75529e-236	2.09267e-240	1.75508e-236	1
15.84	5	2.23607	7.37514e-238	1.18637e-241	7.37396e-238	1
15.85	5	2.23607	1.5066e-238	2.817e-242	1.50632e-238	1
15.87	1	1	6.24445e-240	1.57954e-243	6.24287e-240	1
15.89	4	2	2.56472e-241	8.79203e-245	2.56384e-241	1
15.9	5	2.23607	5.18005e-242	2.06859e-245	5.17798e-242	1
15.92	6	2.44949	2.09877e-243	1.13883e-246	2.09763e-243	1
15.93	1	1	4.21021e-244	2.66474e-247	4.20754e-244	1
15.95	3	1.73205	1.6828e-245	1.45098e-248	1.68135e-245	1
15.96	2	1.41421	3.35295e-246	3.37654e-249	3.34957e-246	1
15.98	1	1	1.32214e-247	1.81846e-250	1.32032e-247	1
16	5	2.23607	5.16691e-249	9.72187e-252	5.15719e-249	1
16.01	5	2.23607	1.01801e-249	2.24171e-252	1.01577e-249	1
16.03	2	1.41421	3.92557e-251	1.18536e-253	3.91371e-251	1
16.04	2	1.41421	7.68317e-252	2.71826e-254	7.65599e-252	1
16.06	2	1.41421	2.92397e-253	1.42163e-255	2.90976e-253	1
16.08	1	1	1.10324e-254	7.38068e-257	1.09586e-254	1
16.09	3	1.73205	2.13619e-255	1.67709e-257	2.11942e-255	1
16.11	3	1.73205	7.95975e-257	8.61176e-259	7.87363e-257	1
16.12	2	1.41421	1.53187e-257	1.9461e-259	1.51241e-257	1
16.14	2	1.41421	5.64113e-259	9.88378e-261	5.54229e-259	1
16.15	3	1.73205	1.07955e-259	2.22131e-261	1.05734e-259	1
16.17	3	1.73205	3.93362e-261	1.11581e-262	3.82204e-261	1
16.19	2	1.41421	1.42469e-262	5.56402e-264	1.36905e-262	1
16.2	2	1.41421	2.70613e-263	1.23906e-264	2.58223e-263	1
16.22	3	1.73205	9.73495e-265	6.11105e-266	9.12384e-265	1
16.23	0	1	1.84451e-265	1.35342e-266	1.70917e-265	1
16.25	5	2.23607	6.61724e-267	6.60205e-268	5.95704e-267	1
16.27	4	2	2.37709e-268	3.19698e-269	2.05739e-268	1
16.28	1	1	4.51202e-269	7.0158e-270	3.81044e-269	1
16.3	1	1	1.63416e-270	3.36018e-271	1.29814e-270	1
16.31	1	1	3.12123e-271	7.33351e-272	2.38788e-271	1
16.33	3	1.73205	1.14985e-272	3.47393e-273	8.02455e-273	1
16.34	2	1.41421	2.22004e-273	7.54019e-274	1.46602e-273	1
16.36	0	1	8.39249e-275	3.53277e-275	4.85972e-275	1
16.38	3	1.73205	3.23944e-276	1.6431e-276	1.59633e-276	1
16.39	2	1.41421	6.41716e-277	3.53383e-277	2.88333e-277	1
16.41	3	1.73205	2.55988e-278	1.62562e-278	9.34259e-279	1
16.42	3	1.73205	5.15304e-279	3.47706e-279	1.67598e-279	1
16.44	3	1.73205	2.11769e-280	1.58201e-280	5.35678e-281	1
16.46	0	1	8.84193e-282	7.14532e-282	1.6966e-282	1
16.47	1	1	1.81529e-282	1.51438e-282	3.00907e-283	1
16.49	3	1.73205	7.70515e-284	6.76506e-284	9.40092e-285	1
16.5	3	1.73205	1.59152e-284	1.42592e-284	1.65598e-285	1
16.52	1	1	6.81057e-286	6.30024e-286	5.10332e-287	1
16.53	2	1.41421	1.40995e-286	1.32067e-286	8.92828e-288	1
16.55	1	1	6.04277e-288	5.77136e-288	2.71411e-289	1
16.57	2	1.41421	2.58544e-289	2.50368e-289	8.17578e-291	1
16.58	0	1	5.3418e-290	5.20038e-290	1.41415e-291	1
16.6	0	1	2.27333e-291	2.23131e-291	4.20202e-293	1
16.61	3	1.73205	4.68141e-292	4.60923e-292	7.21862e-294	1
16.63	2	1.41421	1.97719e-293	1.95603e-293	2.11582e-295	1
16.65	2	1.41421	8.30171e-295	8.24026e-295	6.14531e-297	1
16.66	2	1.41421	1.6971e-295	1.68667e-295	1.04374e-297	1
16.68	2	1.41421	7.05767e-297	7.02777e-297	2.99033e-299	1
16.69	3	1.73205	1.43564e-297	1.4306e-297	5.04426e-300	1
16.71	3	1.73205	5.90988e-299	5.89562e-299	1.42556e-301	1
16.72	3	1.73205	1.19594e-299	1.19355e-299	2.38833e-302	1
16.74	1	1	4.8716e-301	4.86495e-301	6.65802e-304	1
16.76	1	1	1.97031e-302	1.96848e-302	1.83923e-305	1
16.77	2	1.41421	3.95182e-303	3.94877e-303	3.04647e-306	1
16.79	4	2	1.58112e-304	1.58029e-304	8.30135e-308	1
16.8	0	1	3.15406e-305	3.15269e-305	1.36565e-308	1
16.82	3	1.73205	1.24827e-306	1.24791e-306	3.67074e-310	1
16.83	3	1.73205	2.47653e-307	2.47593e-307	5.99758e-311	1
16.85	2	1.41421	9.69466e-309	9.69307e-309	1.5902e-312	1
16.87	3	1.73205	3.76746e-310	3.76705e-310	4.17799e-314	1
16.88	4	2	7.40655e-311	7.40588e-311	6.74903e-315	1
16.9	4	2	2.84686e-312	2.84669e-312	1.74909e-316	1
16.91	1	1	5.56608e-313	5.5658e-313	2.80591e-317	1
16.93	3	1.73205	2.11607e-314	2.116e-314	7.15654e-319	1
16.95	3	1.73205	7.98589e-316	7.98574e-316	1.52271e-320	1
16.96	2	1.41421	1.54701e-316	1.54701e-316	0	1
16.98	1	1	5.76997e-318	5.76997e-318	0	1
16.99	3	1.73205	1.11143e-318	1.11143e-318	0	1
17.01	1	1	2.3646e-320	2.3646e-320	0	1
17.02	0	1	0	0	0	1
17.04	4	2	0	0	0	1
17.06	1	1	0	0	0	1
17.07	2	1.41421	0	0	0	1
17.09	1	1	0	0	0	1
17.1	2	1.41421	0	0	0	1
17.12	0	1	0	0	0	1
17.14	3	1.73205	0	0	0	1
17.15	1	1	0	0	0	1
17.17	5	2.23607	0	0	0	1
17.18	2	1.41421	0	0	0	1
17.2	1	1	0	0	0	1
17.21	2	1.41421	0	0	0	1
17.23	5	2.23607	0	0	0	1
17.25	2	1.41421	0	0	0	1
17.26	4	2	0	0	0	1
17.28	3	1.73205	0	0	0	1
17.29	4	2	0	0	0	1
17.31	1	1	0	0	0	1
17.33	3	1.73205	0	0	0	1
17.34	1	1	0	0	0	1
17.36	5	2.23607	0	0	0	1
17.37	2	1.41421	0	0	0	1
17.39	2	1.41421	0	0	0	1
17.4	0	1	0	0	0	1
17.42	2	1.41421	0	0	0	1
17.44	2	1.41421	0	0	0	1
17.45	2	1.41421	0	0	0	1
17.47	3	1.73205	0	0	0	1
17.48	0	1	0	0	0	1
17.5	2	1.41421	0	0	0	1
17.52	2	1.41421	0	0	0	1
17.53	4	2	0	0	0	1
17.55	2	1.41421	0	0	0	1
17.56	2	1.41421	0	0	0	1
17.58	5	2.23607	0	0	0	1
17.59	2	1.41421	0	0	0	1
17.61	1	1	0	0	0	1
17.63	3	1.73205	0	0	0	1
17.64	3	1.73205	0	0	0	1
17.66	4	2	0	0	0	1
17.67	2	1.41421	0	0	0	1
17.69	0	1	0	0	0	1
17.71	4	2	0	0	0	1
17.72	2	1.41421	0	0	0	1
17.74	1	1	0	0	0	1
17.75	1	1	0	0	0	1
17.77	2	1.41421	0	0	0	1
17.78	1	1	0	0	0	1
17.8	3	1.73205	0	0	0	1
17.82	1	1	0	0	0	1
17.83	1	1	0	0	0	1
17.85	4	2	0	0	0	1
17.86	2	1.41421	0	0	0	1
17.88	3	1.73205	0	0	0	1
17.89	3	1.73205	0	0	0	1
17.91	0	1	0	0	0	1
17.93	1	1	0	0	0	1
17.94	0	1	0	0	0	1
17.96	3	1.73205	0	0	0	1
17.97	1	1	0	0	0	1
17.99	0	1	0	0	0	1
18.01	1	1	0	0	0	1
18.02	1	1	0	0	0	1
18.04	3	1.73205	0	0	0	1
18.05	2	1.41421	0	0	0	1
18.07	0	1	0	0	0	1
18.08	2	1.41421	0	0	0	1
18.1	1	1	0	0	0	1
18.12	0	1	0	0	0	1
18.13	0	1	0	0	0	1
18.15	2	1.41421	0	0	0	1
18.16	0	1	0	0	0	1
18.18	5	2.23607	0	0	0	1
18.2	6	2.44949	0	0	0	1
18.21	3	1.73205	0	0	0	1
18.23	3	1.73205	0	0	0	1
18.24	0	1	0	0	0	1
18.26	1	1	0	0	0	1
18.27	2	1.41421	0	0	0	1
18.29	1	1	0	0	0	1
18.31	0	1	0	0	0	1
18.32	1	1	0	0	0	1
18.34	0	1	0	0	0	1
18.35	3	1.73205	0	0	0	1
18.37	1	1	0	0	0	1
18.39	0	1	0	0	0	1
18.4	1	1	0	0	0	1
18.42	1	1	0	0	0	1
18.43	1	1	0	0	0	1
18.45	0	1	0	0	0	1
18.46	0	1	0	0	0	1
18.48	1	1	0	0	0	1
18.5	0	1	0	0	0	1
18.51	4	2	0	0	0	1
18.53	1	1	0	0	0	1
18.54	0	1	0	0	0	1
18.56	3	1.73205	0	0	0	1
18.58	3	1.73205	0	0	0	1
18.59	1	1	0	0	0	1
18.61	1	1	0	0	0	1
18.62	0	1	0	0	0	1
18.64	3	1.73205	0	0	0	1
18.65	2	1.41421	0	0	0	1
18.67	0	1	0	0	0	1
18.69	2	1.41421	0	0	0	1
18.7	1	1	0	0	0	1
18.72	1	1	0	0	0	1
18.73	2	1.41421	0	0	0	1
18.75	1	1	0	0	0	1
18.77	2	1.41421	0	0	0	1
18.78	2	1.41421	0	0	0	1
18.8	0	1	0	0	0	1
18.81	1	1	0	0	0	1
18.83	1	1	0	0	0	1
18.84	2	1.41421	0	0	0	1
18.86	2	1.41421	0	0	0	1
18.88	2	1.41421	0	0	0	1
18.89	0	1	0	0	0	1
18.91	0	1	0	0	0	1
18.92	1	1	0	0	0	1
18.94	0	1	0	0	0	1
18.95	2	1.41421	0	0	0	1
18.97	1	1	0	0	0	1
18.99	1	1	0	0	0	1
19	1	1	0	0	0	1
19.02	2	1.41421	0	0	0	1
19.03	1	1	0	0	0	1
19.05	2	1.41421	0	0	0	1
19.07	0	1	0	0	0	1
19.08	4	2	0	0	0	1
19.1	0	1	0	0	0	1
19.11	4	2	0	0	0	1
19.13	1	1	0	0	0	1
19.14	2	1.41421	0	0	0	1
19.16	3	1.73205	0	0	0	1
19.18	3	1.73205	0	0	0	1
19.19	1	1	0	0	0	1
19.21	0	1	0	0	0	1
19.22	1	1	0	0	0	1
19.24	1	1	0	0	0	1
19.26	1	1	0	0	0	1
19.27	4	2	0	0	0	1
19.29	2	1.41421	0	0	0	1
19.3	4	2	0	0	0	1
19.32	0	1	0	0	0	1
19.33	3	1.73205	0	0	0	1
19.35	5	2.23607	0	0	0	1
19.37	3	1.73205	0	0	0	1
19.38	0	1	0	0	0	1
19.4	2	1.41421	0	0	0	1
19.41	2	1.41421	0	0	0	1
19.43	0	1	0	0	0	1
19.45	1	1	0	0	0	1
19.46	4	2	0	0	0	1
19.48	1	1	0	0	0	1
19.49	2	1.41421	0	0	0	1
19.51	3	1.73205	0	0	0	1
19.52	3	1.73205	0	0	0	1
19.54	0	1	0	0	0	1
19.56	3	1.73205	0	0	0	1
19.57	0	1	0	0	0	1
19.59	0	1	0	0	0	1
19.6	1	1	0	0	0	1
19.62	0	1	0	0	0	1
19.64	0	1	0	0	0	1
19.65	0	1	0	0	0	1
19.67	0	1	0	0	0	1
19.68	2	1.41421	0	0	0	1
19.7	2	1.41421	0	0	0	1
19.71	4	2	0	0	0	1
19.73	1	1	0	0	0	1
19.75	2	1.41421	0	0	0	1
19.76	0	1	0	0	0	1
19.78	1	1	0	0	0	1
19.79	3	1.73205	0	0	0	1
19.81	0	1	0	0	0	1
19.83	0	1	0	0	0	1
19.84	3	1.73205	0	0	0	1
19.86	0	1	0	0	0	1
19.87	3	1.73205	0	0	0	1
19.89	3	1.73205	0	0	0	1
19.9	0	1	0	0	0	1
19.92	2	1.41421	0	0	0	1
19.94	2	1.41421	0	0	0	1
19.95	1	1	0	0	0	1
19.97	2	1.41421	0	0	0	1
19.98	2	1.41421	0	0	0	1
20	2	1.41421	0	0	0	1
20.02	0	1	0	0	0	1
20.03	1	1	0	0	0	1
20.05	1	1	0	0	0	1
20.06	3	1.73205	0	0	0	1
20.08	3	1.73205	0	0	0	1
20.09	2	1.41421	0	0	0	1
20.11	3	1.73205	0	0	0	1
20.13	2	1.41421	0	0	0	1
20.14	2	1.41421	0	0	0	1
20.16	3	1.73205	0	0	0	1
20.17	0	1	0	0	0	1
20.19	3	1.73205	0	0	0	1
20.2	3	1.73205	0	0	0	1
20.22	4	2	0	0	0	1
20.24	2	1.41421	0	0	0	1
20.25	3	1.73205	0	0	0	1
20.27	1	1	0	0	0	1
20.28	0	1	0	0	0	1
20.3	1	1	0	0	0	1
20.32	1	1	0	0	0	1
20.33	0	1	0	0	0	1
20.35	0	1	0	0	0	1
20.36	0	1	0	0	0	1
20.38	1	1	0	0	0	1
20.39	2	1.41421	0	0	0	1
20.41	0	1	0	0	0	1
20.43	0	1	0	0	0	1
20.44	3	1.73205	0	0	0	1
20.46	2	1.41421	0	0	0	1
20.47	0	1	0	0	0	1
20.49	0	1	0	0	0	1
20.51	3	1.73205	0	0	0	1
20.52	2	1.41421	0	0	0	1
20.54	0	1	0	0	0	1
20.55	2	1.41421	0	0	0	1
20.57	2	1.41421	0	0	0	1
20.58	4	2	0	0	0	1
20.6	0	1	0	0	0	1
20.62	1	1	0	0	0	1
20.63	2	1.41421	0	0	0	1
20.65	3	1.73205	0	0	0	1
20.66	0	1	0	0	0	1
20.68	1	1	0	0	0	1
20.7	1	1	0	0	0	1
20.71	1	1	0	0	0	1
20.73	0	1	0	0	0	1
20.74	2	1.41421	0	0	0	1
20.76	2	1.41421	0	0	0	1
20.77	0	1	0	0	0	1
20.79	0	1	0	0	0	1
20.81	0	1	0	0	0	1
20.82	0	1	0	0	0	1
20.84	1	1	0	0	0	1
20.85	3	1.73205	0	0	0	1
20.87	0	1	0	0	0	1
20.89	0	1	0	0	0	1
20.9	1	1	0	0	0	1
20.92	2	1.41421	0	0	0	1
20.93	2	1.41421	0	0	0	1
20.95	0	1	0	0	0	1
20.96	2	1.41421	0	0	0	1
20.98	2	1.41421	0	0	0	1
21	1	1	0	0	0	1
21.01	1	1	0	0	0	1
21.03	1	1	0	0	0	1
21.04	0	1	0	0	0	1
21.06	1	1	0	0	0	1
21.08	0	1	0	0	0	1
21.09	0	1	0	0	0	1
21.11	1	1	0	0	0	1
21.12	2	1.41421	0	0	0	1
21.14	1	1	0	0	0	1
21.15	0	1	0	0	0	1
21.17	1	1	0	0	0	1
21.19	2	1.41421	0	0	0	1
21.2	1	1	0	0	0	1
21.22	0	1	0	0	0	1
21.23	2	1.41421	0	0	0	1
21.25	0	1	0	0	0	1
21.26	1	1	0	0	0	1
21.28	1	1	0	0	0	1
21.3	1	1	0	0	0	1
21.31	0	1	0	0	0	1
21.33	8	2.82843	0	0	0	1
21.34	0	1	0	0	0	1
21.36	2	1.41421	0	0	0	1
21.38	1	1	0	0	0	1
21.39	0	1	0	0	0	1
21.41	1	1	0	0	0	1
21.42	2	1.41421	0	0	0	1
21.44	0	1	0	0	0	1
21.45	1	1	0	0	0	1
21.47	4	2	0	0	0	1
21.49	1	1	0	0	0	1
21.5	0	1	0	0	0	1
21.52	0	1	0	0	0	1
21.53	0	1	0	0	0	1
21.55	1	1	0	0	0	1
21.57	1	1	0	0	0	1
21.58	2	1.41421	0	0	0	1
21.6	0	1	0	0	0	1
21.61	2	1.41421	0	0	0	1
21.63	0	1	0	0	0	1
21.64	1	1	0	0	0	1
21.66	0	1	0	0	0	1
21.68	2	1.41421	0	0	0	1
21.69	5	2.23607	0	0	0	1
21.71	0	1	0	0	0	1
21.72	1	1	0	0	0	1
21.74	2	1.41421	0	0	0	1
21.76	0	1	0	0	0	1
21.77	1	1	0	0	0	1
21.79	0	1	0	0	0	1
21.8	4	2	0	0	0	1
21.82	0	1	0	0	0	1
21.83	0	1	0	0	0	1
21.85	3	1.73205	0	0	0	1
21.87	2	1.41421	0	0	0	1
21.88	0	1	0	0	0	1
21.9	0	1	0	0	0	1
21.91	0	1	0	0	0	1
21.93	0	1	0	0	0	1
21.95	1	1	0	0	0	1
21.96	1	1	0	0	0	1
21.98	0	1	0	0	0	1
21.99	1	1	0	0	0	1
22.01	1	1	0	0	0	1
22.02	1	1	0	0	0	1
22.04	0	1	0	0	0	1
22.06	1	1	0	0	0	1
22.07	1	1	0	0	0	1
22.09	1	1	0	0	0	1
22.1	1	1	0	0	0	1
22.12	1	1	0	0	0	1
22.14	2	1.41421	0	0	0	1
22.15	0	1	0	0	0	1
22.17	3	1.73205	0	0	0	1
22.18	0	1	0	0	0	1
22.2	1	1	0	0	0	1
22.21	1	1	0	0	0	1
22.23	2	1.41421	0	0	0	1
22.25	1	1	0	0	0	1
22.26	0	1	0	0	0	1
22.28	0	1	0	0	0	1
22.29	1	1	0	0	0	1
22.31	1	1	0	0	0	1
22.32	3	1.73205	0	0	0	1
22.34	2	1.41421	0	0	0	1
22.36	1	1	0	0	0	1
22.37	0	1	0	0	0	1
22.39	1	1	0	0	0	1
22.4	1	1	0	0	0	1
22.42	1	1	0	0	0	1
22.44	0	1	0	0	0	1
22.45	0	1	0	0	0	1
22.47	1	1	0	0	0	1
22.48	2	1.41421	0	0	0	1
22.5	1	1	0	0	0	1
22.51	0	1	0	0	0	1
22.53	0	1	0	0	0	1
22.55	0	1	0	0	0	1
22.56	1	1	0	0	0	1
22.58	2	1.41421	0	0	0	1
22.59	1	1	0	0	0	1
22.61	0	1	0	0	0	1
22.63	0	1	0	0	0	1
22.64	2	1.41421	0	0	0	1
22.66	0	1	0	0	0	1
22.67	1	1	0	0	0	1
22.69	0	1	0	0	0	1
22.7	2	1.41421	0	0	0	1
22.72	1	1	0	0	0	1
22.74	0	1	0	0	0	1
22.75	0	1	0	0	0	1
22.77	2	1.41421	0	0	0	1
22.78	0	1	0	0	0	1
22.8	1	1	0	0	0	1
22.82	2	1.41421	0	0	0	1
22.83	0	1	0	0	0	1
22.85	0	1	0	0	0	1
22.86	1	1	0	0	0	1
22.88	2	1.41421	0	0	0	1
22.89	0	1	0	0	0	1
22.91	2	1.41421	0	0	0	1
22.93	0	1	0	0	0	1
22.94	1	1	0	0	0	1
22.96	0	1	0	0	0	1
22.97	1	1	0	0	0	1
22.99	1	1	0	0	0	1
23.01	1	1	0	0	0	1
23.02	1	1	0	0	0	1
23.04	2	1.41421	0	0	0	1
23.05	0	1	0	0	0	1
23.07	0	1	0	0	0	1
23.08	0	1	0	0	0	1
23.1	0	1	0	0	0	1
23.12	0	1	0	0	0	1
23.13	1	1	0	0	0	1
23.15	0	1	0	0	0	1
23.16	0	1	0	0	0	1
23.18	1	1	0	0	0	1
23.2	1	1	0	0	0	1
23.21	3	1.73205	0	0	0	1
23.23	2	1.41421	0	0	0	1
23.24	0	1	0	0	0	1
23.26	1	1	0	0	0	1
23.27	0	1	0	0	0	1
23.29	0	1	0	0	0	1
23.31	0	1	0	0	0	1
23.32	2	1.41421	0	0	0	1
23.34	2	1.41421	0	0	0	1
23.35	1	1	0	0	0	1
23.37	4	2	0	0	0	1
23.38	3	1.73205	0	0	0	1
23.4	0	1	0	0	0	1
23.42	0	1	0	0	0	1
23.43	1	1	0	0	0	1
23.45	1	1	0	0	0	1
23.46	1	1	0	0	0	1
23.48	0	1	0	0	0	1
23.5	1	1	0	0	0	1
23.51	0	1	0	0	0	1
23.53	0	1	0	0	0	1
23.54	0	1	0	0	0	1
23.56	0	1	0	0	0	1
23.57	0	1	0	0	0	1
23.59	4	2	0	0	0	1
23.61	0	1	0	0	0	1
23.62	0	1	0	0	0	1
23.64	0	1	0	0	0	1
23.65	1	1	0	0	0	1
23.67	1	1	0	0	0	1
23.69	0	1	0	0	0	1
23.7	1	1	0	0	0	1
23.72	1	1	0	0	0	1
23.73	0	1	0	0	0	1
23.75	3	1.73205	0	0	0	1
23.76	1	1	0	0	0	1
23.78	1	1	0	0	0	1
23.8	1	1	0	0	0	1
23.81	2	1.41421	0	0	0	1
23.83	0	1	0	0	0	1
23.84	1	1	0	0	0	1
23.86	0	1	0	0	0	1
23.88	1	1	0	0	0	1
23.89	1	1	0	0	0	1
23.91	0	1	0	0	0	1
23.92	2	1.41421	0	0	0	1
23.94	3	1.73205	0	0	0	1
23.95	0	1	0	0	0	1
23.97	0	1	0	0	0	1
23.99	0	1	0	0	0	1
24	0	1	0	0	0	1
24.02	2	1.41421	0	0	0	1
24.03	0	1	0	0	0	1
24.05	0	1	0	0	0	1
24.07	1	1	0	0	0	1
24.08	1	1	0	0	0	1
24.1	0	1	0	0	0	1
24.11	0	1	0	0	0	1
24.13	0	1	0	0	0	1
24.14	1	1	0	0	0	1
24.16	0	1	0	0	0	1
24.18	2	1.41421	0	0	0	1
24.19	0	1	0	0	0	1
24.21	2	1.41421	0	0	0	1
24.22	0	1	0	0	0	1
24.24	1	1	0	0	0	1
24.26	1	1	0	0	0	1
24.27	0	1	0	0	0	1
24.29	0	1	0	0	0	1
24.3	1	1	0	0	0	1
24.32	0	1	0	0	0	1
24.33	0	1	0	0	0	1
24.35	0	1	0	0	0	1
24.37	0	1	0	0	0	1
24.38	2	1.41421	0	0	0	1
24.4	0	1	0	0	0	1
24.41	2	1.41421	0	0	0	1
24.43	0	1	0	0	0	1
24.45	0	1	0	0	0	1
24.46	0	1	0	0	0	1
24.48	0	1	0	0	0	1
24.49	0	1	0	0	0	1
24.51	0	1	0	0	0	1
24.52	0	1	0	0	0	1
24.54	0	1	0	0	0	1
24.56	1	1	0	0	0	1
24.57	0	1	0	0	0	1
24.59	0	1	0	0	0	1
24.6	0	1	0	0	0	1
24.62	0	1	0	0	0	1
24.63	3	1.73205	0	0	0	1
24.65	0	1	0	0	0	1
24.67	0	1	0	0	0	1
24.68	0	1	0	0	0	1
24.7	0	1	0	0	0	1
24.71	0	1	0	0	0	1
24.73	0	1	0	0	0	1
24.75	0	1	0	0	0	1
24.76	1	1	0	0	0	1
24.78	0	1	0	0	0	1
24.79	0	1	0	0	0	1
24.81	1	1	0	0	0	1
24.82	0	1	0	0	0	1
24.84	2	1.41421	0	0	0	1
24.86	0	1	0	0	0	1
24.87	0	1	0	0	0	1
24.89	2	1.41421	0	0	0	1
24.9	1	1	0	0	0	1
24.92	0	1	0	0	0	1
24.94	1	1	0	0	0	1
24.95	0	1	0	0	0	1
24.97	0	1	0	0	0	1
24.98	0	1	0	0	0	1
25	0	1	0	0	0	1
25.01	0	1	0	0	0	1
25.03	2	1.41421	0	0	0	1
25.05	0	1	0	0	0	1
25.06	0	1	0	0	0	1
25.08	0	1	0	0	0	1
25.09	1	1	0	0	0	1
25.11	0	1	0	0	0	1
25.13	2	1.41421	0	0	0	1
25.14	0	1	0	0	0	1
25.16	0	1	0	0	0	1
25.17	1	1	0	0	0	1
25.19	1	1	0	0	0	1
25.2	0	1	0	0	0	1
25.22	0	1	0	0	0	1
25.24	0	1	0	0	0	1
25.25	0	1	0	0	0	1
25.27	0	1	0	0	0	1
25.28	1	1	0	0	0	1
25.3	0	1	0	0	0	1
25.32	1	1	0	0	0	1
25.33	0	1	0	0	0	1
25.35	0	1	0	0	0	1
25.36	1	1	0	0	0	1
25.38	0	1	0	0	0	1
25.39	1	1	0	0	0	1
25.41	1	1	0	0	0	1
25.43	0	1	0	0	0	1
25.44	0	1	0	0	0	1
25.46	1	1	0	0	0	1
25.47	1	1	0	0	0	1
25.49	2	1.41421	0	0	0	1
25.51	0	1	0	0	0	1
25.52	1	1	0	0	0	1
25.54	0	1	0	0	0	1
25.55	0	1	0	0	0	1
25.57	1	1	0	0	0	1
25.58	0	1	0	0	0	1
25.6	1	1	0	0	0	1
25.62	2	1.41421	0	0	0	1
25.63	1	1	0	0	0	1
25.65	1	1	0	0	0	1
25.66	0	1	0	0	0	1
25.68	0	1	0	0	0	1
25.69	1	1	0	0	0	1
25.71	1	1	0	0	0	1
25.73	0	1	0	0	0	1
25.74	0	1	0	0	0	1
25.76	0	1	0	0	0	1
25.77	0	1	0	0	0	1
25.79	0	1	0	0	0	1
25.81	3	1.73205	0	0	0	1
25.82	0	1	0	0	0	1
25.84	2	1.41421	0	0	0	1
25.85	1	1	0	0	0	1
25.87	1	1	0	0	0	1
25.88	0	1	0	0	0	1
25.9	0	1	0	0	0	1
25.92	0	1	0	0	0	1
25.93	0	1	0	0	0	1
25.95	1	1	0	0	0	1
25.96	1	1	0	0	0	1
25.98	0	1	0	0	0	1
26	0	1	0	0	0	1
26.01	0	1	0	0	0	1
26.03	0	1	0	0	0	1
26.04	0	1	0	0	0	1
26.06	0	1	0	0	0	1
26.07	0	1	0	0	0	1
26.09	0	1	0	0	0	1
26.11	0	1	0	0	0	1
26.12	0	1	0	0	0	1
26.14	1	1	0	0	0	1
26.15	0	1	0	0	0	1
26.17	0	1	0	0	0	1
26.19	0	1	0	0	0	1
26.2	1	1	0	0	0	1
26.22	0	1	0	0	0	1
26.23	0	1	0	0	0	1
26.25	1	1	0	0	0	1
26.26	0	1	0	0	0	1
26.28	0	1	0	0	0	1
26.3	0	1	0	0	0	1
26.31	0	1	0	0	0	1
26.33	1	1	0	0	0	1
26.34	2	1.41421	0	0	0	1
26.36	1	1	0	0	0	1
26.38	0	1	0	0	0	1
26.39	0	1	0	0	0	1
26.41	1	1	0	0	0	1
26.42	0	1	0	0	0	1
26.44	0	1	0	0	0	1
26.45	0	1	0	0	0	1
26.47	0	1	0	0	0	1
26.49	1	1	0	0	0	1
26.5	0	1	0	0	0	1
26.52	1	1	0	0	0	1
26.53	0	1	0	0	0	1
26.55	0	1	0	0	0	1
26.57	0	1	0	0	0	1
26.58	0	1	0	0	0	1
26.6	1	1	0	0	0	1
26.61	0	1	0	0	0	1
26.63	0	1	0	0	0	1
26.64	2	1.41421	0	0	0	1
26.66	0	1	0	0	0	1
26.68	1	1	0	0	0	1
26.69	0	1	0	0	0	1
26.71	1	1	0	0	0	1
26.72	0	1	0	0	0	1
26.74	0	1	0	0	0	1
26.75	0	1	0	0	0	1
26.77	0	1	0	0	0	1
26.79	0	1	0	0	0	1
26.8	1	1	0	0	0	1
26.82	0	1	0	0	0	1
26.83	0	1	0	0	0	1
26.85	0	1	0	0	0	1
26.87	0	1	0	0	0	1
26.88	0	1	0	0	0	1
26.9	0	1	0	0	0	1
26.91	0	1	0	0	0	1
26.93	1	1	0	0	0	1
26.94	0	1	0	0	0	1
26.96	1	1	0	0	0	1
26.98	0	1	0	0	0	1
26.99	0	1	0	0	0	1
27.01	0	1	0	0	0	1
27.02	0	1	0	0	0	1
27.04	0	1	0	0	0	1
27.06	0	1	0	0	0	1
27.07	0	1	0	0	0	1
27.09	0	1	0	0	0	1
27.1	0	1	0	0	0	1
27.12	0	1	0	0	0	1
27.13	1	1	0	0	0	1
27.15	0	1	0	0	0	1
27.17	0	1	0	0	0	1
27.18	0	1	0	0	0	1
27.2	0	1	0	0	0	1
27.21	0	1	0	0	0	1
27.23	0	1	0	0	0	1
27.25	1	1	0	0	0	1
27.26	1	1	0	0	0	1
27.28	0	1	0	0	0	1
27.29	0	1	0	0	0	1
27.31	0	1	0	0	0	1
27.32	1	1	0	0	0	1
27.34	0	1	0	0	0	1
27.36	0	1	0	0	0	1
27.37	0	1	0	0	0	1
27.39	0	1	0	0	0	1
27.4	0	1	0	0	0	1
27.42	0	1	0	0	0	1
27.44	0	1	0	0	0	1
27.45	0	1	0	0	0	1
27.47	2	1.41421	0	0	0	1
27.48	0	1	0	0	0	1
27.5	1	1	0	0	0	1
27.51	0	1	0	0	0	1
27.53	0	1	0	0	0	1
27.55	0	1	0	0	0	1
27.56	2	1.41421	0	0	0	1
27.58	1	1	0	0	0	1
27.59	0	1	0	0	0	1
27.61	0	1	0	0	0	1
27.63	1	1	0	0	0	1
27.64	0	1	0	0	0	1
27.66	0	1	0	0	0	1
27.67	1	1	0	0	0	1
27.69	1	1	0	0	0	1
27.7	0	1	0	0	0	1
27.72	0	1	0	0	0	1
27.74	0	1	0	0	0	1
27.75	0	1	0	0	0	1
27.77	0	1	0	0	0	1
27.78	0	1	0	0	0	1
27.8	0	1	0	0	0	1
27.81	0	1	0	0	0	1
27.83	0	1	0	0	0	1
27.85	0	1	0	0	0	1
27.86	0	1	0	0	0	1
27.88	0	1	0	0	0	1
27.89	0	1	0	0	0	1
27.91	0	1	0	0	0	1
27.93	0	1	0	0	0	1
27.94	0	1	0	0	0	1
27.96	1	1	0	0	0	1
27.97	0	1	0	0	0	1
27.99	0	1	0	0	0	1
28	0	1	0	0	0	1
28.02	0	1	0	0	0	1
28.04	1	1	0	0	0	1
28.05	1	1	0	0	0	1
28.07	0	1	0	0	0	1
28.08	0	1	0	0	0	1
28.1	0	1	0	0	0	1
28.12	2	1.41421	0	0	0	1
28.13	0	1	0	0	0	1
28.15	0	1	0	0	0	1
28.16	1	1	0	0	0	1
28.18	0	1	0	0	0	1
28.19	0	1	0	0	0	1
28.21	0	1	0	0	0	1
28.23	0	1	0	0	0	1
28.24	0	1	0	0	0	1
28.26	0	1	0	0	0	1
28.27	0	1	0	0	0	1
28.29	0	1	0	0	0	1
28.31	0	1	0	0	0	1
28.32	1	1	0	0	0	1
28.34	1	1	0	0	0	1
28.35	0	1	0	0	0	1
28.37	1	1	0	0	0	1
28.38	0	1	0	0	0	1
28.4	0	1	0	0	0	1
28.42	1	1	0	0	0	1
28.43	0	1	0	0	0	1
28.45	0	1	0	0	0	1
28.46	0	1	0	0	0	1
28.48	1	1	0	0	0	1
28.5	0	1	0	0	0	1
28.51	0	1	0	0	0	1
28.53	0	1	0	0	0	1
28.54	0	1	0	0	0	1
28.56	1	1	0	0	0	1
28.57	0	1	0	0	0	1
28.59	0	1	0	0	0	1
28.61	1	1	0	0	0	1
28.62	0	1	0	0	0	1
28.64	1	1	0	0	0	1
28.65	0	1	0	0	0	1
28.67	0	1	0	0	0	1
28.69	1	1	0	0	0	1
28.7	0	1	0	0	0	1
28.72	0	1	0	0	0	1
28.73	0	1	0	0	0	1
28.75	1	1	0	0	0	1
28.76	0	1	0	0	0	1
28.78	0	1	0	0	0	1
28.8	0	1	0	0	0	1
28.81	0	1	0	0	0	1
28.83	0	1	0	0	0	1
28.84	0	1	0	0	0	1
28.86	0	1	0	0	0	1
28.88	0	1	0	0	0	1
28.89	0	1	0	0	0	1
28.91	0	1	0	0	0	1
28.92	0	1	0	0	0	1
28.94	0	1	0	0	0	1
28.95	0	1	0	0	0	1
28.97	0	1	0	0	0	1
28.99	0	1	0	0	0	1
29	0	1	0	0	0	1
29.02	0	1	0	0	0	1
29.03	0	1	0	0	0	1
29.05	1	1	0	0	0	1
29.06	0	1	0	0	0	1
29.08	0	1	0	0	0	1
29.1	0	1	0	0	0	1
29.11	0	1	0	0	0	1
29.13	0	1	0	0	0	1
29.14	1	1	0	0	0	1
29.16	0	1	0	0	0	1
29.18	1	1	0	0	0	1
29.19	1	1	0	0	0	1
29.21	0	1	0	0	0	1
29.22	1	1	0	0	0	1
29.24	0	1	0	0	0	1
29.25	0	1	0	0	0	1
29.27	0	1	0	0	0	1
29.29	0	1	0	0	0	1
29.3	0	1	0	0	0	1
29.32	0	1	0	0	0	1
29.33	0	1	0	0	0	1
29.35	0	1	0	0	0	1
29.37	0	1	0	0	0	1
29.38	0	1	0	0	0	1
29.4	0	1	0	0	0	1
29.41	1	1	0	0	0	1
29.43	0	1	0	0	0	1
29.44	0	1	0	0	0	1
29.46	0	1	0	0	0	1
29.48	0	1	0	0	0	1
29.49	0	1	0	0	0	1
29.51	0	1	0	0	0	1
29.52	0	1	0	0	0	1
29.54	1	1	0	0	0	1
29.56	0	1	0	0	0	1
29.57	1	1	0	0	0	1
29.59	0	1	0	0	0	1
29.6	0	1	0	0	0	1
29.62	0	1	0	0	0	1
29.63	1	1	0	0	0	1
29.65	0	1	0	0	0	1
29.67	1	1	0	0	0	1
29.68	0	1	0	0	0	1
29.7	0	1	0	0	0	1
29.71	0	1	0	0	0	1
29.73	0	1	0	0	0	1
29.75	0	1	0	0	0	1
29.76	0	1	0	0	0	1
29.78	0	1	0	0	0	1
29.79	0	1	0	0	0	1
29.81	1	1	0	0	0	1
29.82	0	1	0	0	0	1
29.84	0	1	0	0	0	1
29.86	0	1	0	0	0	1
29.87	0	1	0	0	0	1
29.89	0	1	0	0	0	1
29.9	1	1	0	0	0	1
29.92	0	1	0	0	0	1
29.94	0	1	0	0	0	1
29.95	0	1	0	0	0	1
29.97	0	1	0	0	0	1
29.98	0	1	0	0	0	1
30	0	1	0	0	0	1
30.01	0	1	0	0	0	1
30.03	0	1	0	0	0	1
30.05	0	1	0	0	0	1
30.06	0	1	0	0	0	1
30.08	0	1	0	0	0	1
30.09	0	1	0	0	0	1
30.11	0	1	0	0	0	1
30.12	0	1	0	0	0	1
30.14	0	1	0	0	0	1
30.16	0	1	0	0	0	1
30.17	0	1	0	0	0	1
30.19	0	1	0	0	0	1
30.2	0	1	0	0	0	1
30.22	0	1	0	0	0	1
30.24	0	1	0	0	0	1
30.25	0	1	0	0	0	1
30.27	0	1	0	0	0	1
30.28	0	1	0	0	0	1
30.3	0	1	0	0	0	1
30.31	0	1	0	0	0	1
30.33	0	1	0	0	0	1
30.35	0	1	0	0	0	1
30.36	0	1	0	0	0	1
30.38	0	1	0	0	0	1
30.39	0	1	0	0	0	1
30.41	0	1	0	0	0	1
30.43	0	1	0	0	0	1
30.44	0	1	0	0	0	1
30.46	0	1	0	0	0	1
30.47	0	1	0	0	0	1
30.49	0	1	0	0	0	1
30.5	0	1	0	0	0	1
30.52	0	1	0	0	0	1
30.54	1	1	0	0	0	1
30.55	0	1	0	0	0	1
30.57	0	1	0	0	0	1
30.58	0	1	0	0	0	1
30.6	0	1	0	0	0	1
30.62	0	1	0	0	0	1
30.63	0	1	0	0	0	1
30.65	0	1	0	0	0	1
30.66	0	1	0	0	0	1
30.68	0	1	0	0	0	1
30.69	1	1	0	0	0	1
30.71	0	1	0	0	0	1
30.73	0	1	0	0	0	1
30.74	0	1	0	0	0	1
30.76	0	1	0	0	0	1
30.77	1	1	0	0	0	1
30.79	0	1	0	0	0	1
30.81	0	1	0	0	0	1
30.82	0	1	0	0	0	1
30.84	0	1	0	0	0	1
30.85	0	1	0	0	0	1
30.87	1	1	0	0	0	1
30.88	0	1	0	0	0	1
30.9	0	1	0	0	0	1
30.92	0	1	0	0	0	1
30.93	0	1	0	0	0	1
30.95	0	1	0	0	0	1
30.96	0	1	0	0	0	1
30.98	0	1	0	0	0	1
31	0	1	0	0	0	1
31.01	0	1	0	0	0	1
31.03	0	1	0	0	0	1
31.04	0	1	0	0	0	1
31.06	0	1	0	0	0	1
31.07	0	1	0	0	0	1
31.09	0	1	0	0	0	1
31.11	0	1	0	0	0	1
31.12	0	1	0	0	0	1
31.14	0	1	0	0	0	1
31.15	0	1	0	0	0	1
31.17	0	1	0	0	0	1
31.18	0	1	0	0	0	1
31.2	0	1	0	0	0	1
31.22	0	1	0	0	0	1
31.23	0	1	0	0	0	1
31.25	0	1	0	0	0	1
31.26	0	1	0	0	0	1
31.28	0	1	0	0	0	1
31.3	1	1	0	0	0	1
31.31	0	1	0	0	0	1
31.33	0	1	0	0	0	1
31.34	0	1	0	0	0	1
31.36	0	1	0	0	0	1
31.37	0	1	0	0	0	1
31.39	0	1	0	0	0	1
31.41	0	1	0	0	0	1
31.42	0	1	0	0	0	1
31.44	0	1	0	0	0	1
31.45	0	1	0	0	0	1
31.47	0	1	0	0	0	1
31.49	0	1	0	0	0	1
31.5	1	1	0	0	0	1
31.52	0	1	0	0	0	1
31.53	0	1	0	0	0	1
31.55	0	1	0	0	0	1
31.56	0	1	0	0	0	1
31.58	0	1	0	0	0	1
31.6	0	1	0	0	0	1
31.61	0	1	0	0	0	1
31.63	0	1	0	0	0	1
31.64	0	1	0	0	0	1
31.66	0	1	0	0	0	1
31.68	0	1	0	0	0	1
31.69	0	1	0	0	0	1
31.71	0	1	0	0	0	1
31.72	0	1	0	0	0	1
31.74	0	1	0	0	0	1
31.75	0	1	0	0	0	1
31.77	0	1	0	0	0	1
31.79	0	1	0	0	0	1
31.8	0	1	0	0	0	1
31.82	1	1	0	0	0	1
31.83	0	1	0	0	0	1
31.85	0	1	0	0	0	1
31.87	0	1	0	0	0	1
31.88	0	1	0	0	0	1
31.9	0	1	0	0	0	1
31.91	0	1	0	0	0	1
31.93	0	1	0	0	0	1
31.94	0	1	0	0	0	1
31.96	0	1	0	0	0	1
31.98	0	1	0	0	0	1
31.99	0	1	0	0	0	1
32.01	0	1	0	0	0	1
32.02	0	1	0	0	0	1
32.04	0	1	0	0	0	1
32.06	0	1	0	0	0	1
32.07	0	1	0	0	0	1
32.09	0	1	0	0	0	1
32.1	0	1	0	0	0	1
32.12	0	1	0	0	0	1
32.13	0	1	0	0	0	1
32.15	0	1	0	0	0	1
32.17	0	1	0	0	0	1
32.18	0	1	0	0	0	1
32.2	0	1	0	0	0	1
32.21	0	1	0	0	0	1
32.23	0	1	0	0	0	1
32.24	0	1	0	0	0	1
32.26	0	1	0	0	0	1
32.28	0	1	0	0	0	1
32.29	0	1	0	0	0	1
32.31	0	1	0	0	0	1
32.32	0	1	0	0	0	1
32.34	0	1	0	0	0	1
32.36	0	1	0	0	0	1
32.37	0	1	0	0	0	1
32.39	0	1	0	0	0	1
32.4	0	1	0	0	0	1
32.42	0	1	0	0	0	1
32.43	-1	1	0	0	0	1
