# exported by fityk 0.8.7
#6-EdelStahl:x	6-EdelStahl:y	6-EdelStahl:s	6-EdelStahl:F(x)	6-EdelStahl:%_1(x)	6-EdelStahl:%_2(x)	6-EdelStahl:%_4(x)	6-EdelStahl:a
0.79	0	1	3.71646e-011	5.31224e-109	5.93425e-206	3.71646e-011	1
0.81	0	1	5.69239e-011	3.34707e-108	1.24388e-204	5.69239e-011	1
0.82	0	1	7.03624e-011	8.38074e-108	5.67418e-204	7.03624e-011	1
0.84	0	1	1.07241e-010	5.22834e-107	1.17218e-202	1.07241e-010	1
0.86	0	1	1.6291e-010	3.24022e-106	2.39811e-201	1.6291e-010	1
0.87	0	1	2.00542e-010	8.04644e-106	1.08076e-200	2.00542e-010	1
0.89	0	1	3.03142e-010	4.93753e-105	2.17913e-199	3.03142e-010	1
0.9	0	1	3.72246e-010	1.22007e-104	9.74945e-199	3.72246e-010	1
0.92	0	1	5.59919e-010	7.41285e-104	1.93737e-197	5.59919e-010	1
0.93	0	1	6.85862e-010	1.82267e-103	8.60499e-197	6.85862e-010	1
0.95	0	1	1.02656e-009	1.09648e-102	1.68524e-195	1.02656e-009	1
0.97	0	1	1.53145e-009	6.55279e-102	3.26859e-194	1.53145e-009	1
0.98	0	1	1.86821e-009	1.59794e-101	1.43427e-193	1.86821e-009	1
1	0	1	2.77331e-009	9.45539e-101	2.74162e-192	2.77331e-009	1
1.01	0	1	3.3748e-009	2.29436e-100	1.1943e-191	3.3748e-009	1
1.03	0	1	4.9851e-009	1.34423e-099	2.24994e-190	4.9851e-009	1
1.05	0	1	7.33954e-009	7.82376e-099	4.19771e-189	7.33954e-009	1
1.06	0	1	8.89466e-009	1.88283e-098	1.80656e-188	8.89466e-009	1
1.08	0	1	1.3031e-008	1.08504e-097	3.3218e-187	1.3031e-008	1
1.09	0	1	1.57531e-008	2.59829e-097	1.41923e-186	1.57531e-008	1
1.11	0	1	2.29651e-008	1.48258e-096	2.57189e-185	2.29651e-008	1
1.12	0	1	2.76938e-008	3.5327e-096	1.09087e-184	2.76938e-008	1
1.14	0	1	4.01735e-008	1.99586e-095	1.94827e-183	4.01735e-008	1
1.16	0	1	5.80851e-008	1.12017e-094	3.44598e-182	5.80851e-008	1
1.17	2	1.41421	6.97575e-008	2.64719e-094	1.44399e-181	6.97575e-008	1
1.19	0	1	1.00362e-007	1.47107e-093	2.51714e-180	1.00362e-007	1
1.2	2	1.41421	1.20233e-007	3.45925e-093	1.04712e-179	1.20233e-007	1
1.22	4	2	1.7213e-007	1.90338e-092	1.79895e-178	1.7213e-007	1
1.24	10	3.16228	2.45617e-007	1.04039e-091	3.06074e-177	2.45617e-007	1
1.25	10	3.16228	2.93037e-007	2.42637e-091	1.25791e-176	2.93037e-007	1
1.27	23	4.79583	4.16082e-007	1.31318e-090	2.10929e-175	4.16082e-007	1
1.28	20	4.47214	4.95188e-007	3.04741e-090	8.60593e-175	4.95188e-007	1
1.3	15	3.87298	6.99649e-007	1.63302e-089	1.42221e-173	6.99649e-007	1
1.31	14	3.74166	8.30612e-007	3.7709e-089	5.76056e-173	8.30612e-007	1
1.33	15	3.87298	1.16778e-006	2.00079e-088	9.38226e-172	1.16778e-006	1
1.35	20	4.47214	1.63642e-006	1.05459e-087	1.51334e-170	1.63642e-006	1
1.36	8	2.82843	1.93475e-006	2.41519e-087	6.05579e-170	1.93475e-006	1
1.38	15	3.87298	2.6978e-006	1.26046e-086	9.62673e-169	2.6978e-006	1
1.39	26	5.09902	3.18176e-006	2.87239e-086	3.8243e-168	3.18176e-006	1
1.41	17	4.12311	4.41476e-006	1.48428e-085	5.99155e-167	4.41476e-006	1
1.42	20	4.47214	5.19387e-006	3.36571e-085	2.36294e-166	5.19387e-006	1
1.44	10	3.16228	7.17108e-006	1.72205e-084	3.64852e-165	7.17108e-006	1
1.46	12	3.4641	9.86842e-006	8.7527e-084	5.57915e-164	9.86842e-006	1
1.47	16	4	1.15623e-005	1.9684e-083	2.17377e-163	1.15623e-005	1
1.49	13	3.60555	1.58329e-005	9.90617e-083	3.276e-162	1.58329e-005	1
1.5	30	5.47723	1.85047e-005	2.21679e-082	1.26715e-161	1.85047e-005	1
1.52	9	3	2.52146e-005	1.10462e-081	1.88207e-160	2.52146e-005	1
1.54	22	4.69042	3.42446e-005	5.46797e-081	2.76842e-159	3.42446e-005	1
1.55	11	3.31662	3.98589e-005	1.21355e-080	1.05791e-158	3.98589e-005	1
1.57	13	3.60555	5.38665e-005	5.94795e-080	1.53363e-157	5.38665e-005	1
1.58	7	2.64575	6.25431e-005	1.31355e-079	5.81805e-157	6.25431e-005	1
1.6	17	4.12311	8.41059e-005	6.37455e-079	8.31246e-156	8.41059e-005	1
1.61	21	4.58258	9.74123e-005	1.4008e-078	3.13058e-155	9.74123e-005	1
1.63	14	3.74166	0.000130351	6.73091e-078	4.40815e-154	0.000130351	1
1.65	21	4.58258	0.000173854	3.21293e-077	6.14713e-153	0.000173854	1
1.66	13	3.60555	0.000200532	7.00227e-077	2.28718e-152	0.000200532	1
1.68	19	4.3589	0.000266138	3.30949e-076	3.14337e-151	0.000266138	1
1.69	16	4	0.00030622	7.17705e-076	1.16108e-150	0.00030622	1
1.71	12	3.4641	0.0004044	3.35863e-075	1.57267e-149	0.0004044	1
1.73	19	4.3589	0.000532302	1.56138e-074	2.10958e-148	0.000532302	1
1.74	6	2.44949	0.000609951	3.35819e-074	7.69833e-148	0.000609951	1
1.76	18	4.24264	0.000798906	1.54577e-073	1.01774e-146	0.000798906	1
1.77	21	4.58258	0.000913187	3.30818e-073	3.68701e-146	0.000913187	1
1.79	15	3.87298	0.00119018	1.50773e-072	4.80387e-145	0.00119018	1
1.8	9	3	0.00135708	3.21081e-072	1.72771e-144	0.00135708	1
1.82	14	3.74166	0.00176	1.44892e-071	2.21853e-143	0.00176	1
1.84	18	4.24264	0.00227505	6.49534e-071	2.82129e-142	0.00227505	1
1.85	12	3.4641	0.00258341	1.37184e-070	1.00244e-141	0.00258341	1
1.87	17	4.12311	0.00332295	6.08917e-070	1.25637e-140	0.00332295	1
1.88	15	3.87298	0.00376403	1.2797e-069	4.43169e-140	0.00376403	1
1.9	13	3.60555	0.00481768	5.62412e-069	5.47405e-139	0.00481768	1
1.92	19	4.3589	0.006146	2.45545e-068	6.69628e-138	0.006146	1
1.93	14	3.74166	0.00693318	5.11792e-068	2.33354e-137	0.00693318	1
1.95	10	3.16228	0.00880118	2.2124e-067	2.81333e-136	0.00880118	1
1.96	11	3.31662	0.00990394	4.58853e-067	9.73289e-136	0.00990394	1
1.98	20	4.47214	0.0125104	1.96399e-066	1.15644e-134	0.0125104	1
1.99	14	3.74166	0.0140431	4.05317e-066	3.97178e-134	0.0140431	1
2.01	17	4.12311	0.0176514	1.71773e-065	4.65101e-133	0.0176514	1
2.03	22	4.69042	0.0221139	7.23175e-065	5.39379e-132	0.0221139	1
2.04	15	3.87298	0.0247212	1.48017e-064	1.83015e-131	0.0247212	1
2.06	19	4.3589	0.0308183	6.17014e-064	2.09177e-130	0.0308183	1
2.07	16	4	0.034367	1.25664e-063	7.04606e-130	0.034367	1
2.09	14	3.74166	0.0426318	5.18667e-063	7.9369e-129	0.0426318	1
2.11	17	4.12311	0.0527102	2.12665e-062	8.85404e-128	0.0527102	1
2.12	14	3.74166	0.0585381	4.29559e-062	2.9465e-127	0.0585381	1
2.14	16	4	0.0720202	1.74391e-061	3.23948e-126	0.0720202	1
2.15	18	4.24264	0.0797857	3.50509e-061	1.07024e-125	0.0797857	1
2.17	16	4	0.0976774	1.40895e-060	1.15965e-124	0.0976774	1
2.18	12	3.4641	0.107942	2.81784e-060	3.8034e-124	0.107942	1
2.2	20	4.47214	0.131497	1.12152e-059	4.06162e-123	0.131497	1
2.22	12	3.4641	0.159664	4.43431e-059	4.29548e-122	0.159664	1
2.23	14	3.74166	0.175718	8.79548e-059	1.39183e-121	0.175718	1
2.25	16	4	0.212306	3.44329e-058	1.45071e-120	0.212306	1
2.26	18	4.24264	0.233076	6.79601e-058	4.66653e-120	0.233076	1
2.28	12	3.4641	0.280219	2.63428e-057	4.79363e-119	0.280219	1
2.3	24	4.89898	0.335788	1.01438e-056	4.87664e-118	0.335788	1
2.31	14	3.74166	0.367125	1.98561e-056	1.54977e-117	0.367125	1
2.33	10	3.16228	0.43776	7.57051e-056	1.55383e-116	0.43776	1
2.34	18	4.24264	0.477431	1.47457e-055	4.90219e-116	0.477431	1
2.36	13	3.60555	0.566483	5.56662e-055	4.84399e-115	0.566483	1
2.37	15	3.87298	0.616294	1.07889e-054	1.51716e-114	0.616294	1
2.39	12	3.4641	0.727642	4.03273e-054	1.47748e-113	0.727642	1
2.41	14	3.74166	0.856282	1.49744e-053	1.42495e-112	0.856282	1
2.42	16	4	0.927748	2.87838e-053	4.40919e-112	0.927748	1
2.44	15	3.87298	1.08638	1.05826e-052	4.19098e-111	1.08638	1
2.45	19	4.3589	1.17415	2.02413e-052	1.2874e-110	1.17415	1
2.47	19	4.3589	1.36814	7.36848e-052	1.20601e-109	1.36814	1
2.48	20	4.47214	1.47501	1.4024e-051	3.67779e-109	1.47501	1
2.5	22	4.69042	1.71024	5.0548e-051	3.39548e-108	1.71024	1
2.52	17	4.12311	1.97645	1.80995e-050	3.10457e-107	1.97645	1
2.53	11	3.31662	2.12209	3.41643e-050	9.35343e-107	2.12209	1
2.55	15	3.87298	2.44032	1.21124e-049	8.42849e-106	2.44032	1
2.56	8	2.82843	2.61368	2.275e-049	2.52092e-105	2.61368	1
2.58	21	4.58258	2.99081	7.98607e-049	2.23881e-104	2.99081	1
2.6	13	3.60555	3.41111	2.78493e-048	1.96907e-103	3.41111	1
2.61	12	3.4641	3.63842	5.18774e-048	5.81837e-103	3.63842	1
2.63	7	2.64575	4.12926	1.79124e-047	5.0434e-102	4.12926	1
2.64	9	3	4.39355	3.3202e-047	1.47946e-101	4.39355	1
2.66	14	3.74166	4.96169	1.1351e-046	1.26388e-100	4.96169	1
2.67	12	3.4641	5.26623	2.0936e-046	3.68066e-100	5.26623	1
2.69	15	3.87298	5.9179	7.08691e-046	3.09888e-099	5.9179	1
2.71	16	4	6.62833	2.38314e-045	2.58387e-098	6.62833	1
2.72	9	3	7.00625	4.35934e-045	7.43401e-098	7.00625	1
2.74	11	3.31662	7.80866	1.45147e-044	6.10896e-097	7.80866	1
2.75	13	3.60555	8.23351	2.64196e-044	1.74485e-096	8.23351	1
2.77	16	4	9.13123	8.70979e-044	1.41313e-095	9.13123	1
2.79	10	3.16228	10.0935	2.85246e-043	1.13342e-094	10.0935	1
2.8	24	4.89898	10.599	5.14931e-043	3.19827e-094	10.599	1
2.82	15	3.87298	11.6582	1.66976e-042	2.52815e-093	11.6582	1
2.83	16	4	12.2117	2.99938e-042	7.08217e-093	12.2117	1
2.85	16	4	13.3659	9.63012e-042	5.51737e-092	13.3659	1
2.86	20	4.47214	13.966	1.7213e-041	1.53439e-091	13.966	1
2.88	15	3.87298	15.2106	5.47205e-041	1.1781e-090	15.2106	1
2.9	19	4.3589	16.5117	1.72812e-040	8.958e-090	16.5117	1
2.91	20	4.47214	17.1821	3.06344e-040	2.4612e-089	17.1821	1
2.93	23	4.79583	18.5598	9.57917e-040	1.8444e-088	18.5598	1
2.94	20	4.47214	19.2658	1.6897e-039	5.03072e-088	19.2658	1
2.96	21	4.58258	20.708	5.23147e-039	3.71551e-087	20.708	1
2.98	19	4.3589	22.1849	1.60904e-038	2.71765e-086	22.1849	1
2.99	25	5	22.9341	2.81488e-038	7.32318e-086	22.9341	1
3.01	25	5	24.4487	8.5723e-038	5.27901e-085	24.4487	1
3.02	23	4.79583	25.212	1.49224e-037	1.41221e-084	25.212	1
3.04	22	4.69042	26.7445	4.49956e-037	1.0033e-083	26.7445	1
3.05	38	6.16441	27.5114	7.79397e-037	2.6645e-083	27.5114	1
3.07	27	5.19615	29.0399	2.32693e-036	1.86563e-082	29.0399	1
3.09	25	5	30.5524	6.90143e-036	1.29367e-081	30.5524	1
3.1	32	5.65685	31.2993	1.1856e-035	3.39423e-081	31.2993	1
3.12	28	5.2915	32.7672	3.48168e-035	2.31961e-080	32.7672	1
3.13	26	5.09902	33.4854	5.95164e-035	6.04189e-080	33.4854	1
3.15	31	5.56776	34.883	1.73053e-034	4.06937e-079	34.883	1
3.17	42	6.48074	36.2194	4.99866e-034	2.71435e-078	36.2194	1
3.18	44	6.63325	36.8612	8.47448e-034	6.98483e-078	36.8612	1
3.2	30	5.47723	38.0847	2.42371e-033	4.59171e-077	38.0847	1
3.21	34	5.83095	38.6638	4.08872e-033	1.17301e-076	38.6638	1
3.23	46	6.78233	39.7503	1.15784e-032	7.59976e-076	39.7503	1
3.24	37	6.08276	40.2551	1.94359e-032	1.92738e-075	40.2551	1
3.26	30	5.47723	41.1823	5.44953e-032	1.23068e-074	41.1823	1
3.28	39	6.245	41.9922	1.51791e-031	7.78226e-074	41.9922	1
3.29	31	5.56776	42.3508	2.52703e-031	1.94987e-073	42.3508	1
3.31	53	7.28011	42.9708	6.96932e-031	1.2152e-072	42.9708	1
3.32	43	6.55744	43.2308	1.15453e-030	3.02264e-072	43.2308	1
3.34	50	7.07107	43.6474	3.15267e-030	1.85655e-071	43.6474	1
3.36	49	7	43.9232	8.55227e-030	1.1293e-070	43.9232	1
3.37	36	6	44.0073	1.4051e-029	2.77513e-070	44.0073	1
3.39	42	6.48074	44.067	3.77403e-029	1.66367e-069	44.067	1
3.4	39	6.245	44.0424	6.16989e-029	4.05862e-069	44.0424	1
3.42	42	6.48074	43.8848	1.64085e-028	2.39795e-068	43.8848	1
3.43	48	6.9282	43.7521	2.66925e-028	5.80753e-068	43.7521	1
3.45	32	5.65685	43.3805	7.02871e-028	3.38168e-067	43.3805	1
3.47	34	5.83095	42.8707	1.83862e-027	1.95011e-066	42.8707	1
3.48	34	5.83095	42.5654	2.96636e-027	4.66598e-066	42.5654	1
3.5	47	6.85565	41.8577	7.68305e-027	2.65185e-065	41.8577	1
3.51	38	6.16441	41.4571	1.23342e-026	6.29899e-065	41.4571	1
3.53	40	6.32456	40.5669	3.16313e-026	3.52822e-064	40.5669	1
3.54	31	5.56776	40.0795	5.05292e-026	8.31989e-064	40.0795	1
3.56	39	6.245	39.0255	1.28304e-025	4.59284e-063	39.0255	1
3.58	29	5.38516	37.8743	3.23646e-025	2.5109e-062	37.8743	1
3.59	41	6.40312	37.2654	5.12753e-025	5.84957e-062	37.2654	1
3.61	35	5.91608	35.9878	1.28065e-024	3.15175e-061	35.9878	1
3.62	36	6	35.3219	2.0189e-024	7.2893e-061	35.3219	1
3.64	26	5.09902	33.9428	4.99267e-024	3.87072e-060	33.9428	1
3.66	22	4.69042	32.5102	1.22653e-023	2.03556e-059	32.5102	1
3.67	33	5.74456	31.7775	1.91768e-023	4.65105e-059	31.7775	1
3.69	16	4	30.2863	4.66463e-023	2.41058e-058	30.2863	1
3.7	23	4.79583	29.5307	7.25707e-023	5.46798e-058	29.5307	1
3.72	31	5.56776	28.0061	1.74782e-022	2.79304e-057	28.0061	1
3.73	22	4.69042	27.24	2.70575e-022	6.28958e-057	27.24	1
3.75	26	5.09902	25.7064	6.45234e-022	3.16629e-056	25.7064	1
3.77	23	4.79583	24.1793	1.52854e-021	1.57857e-055	24.1793	1
3.78	14	3.74166	23.4212	2.34682e-021	3.5119e-055	23.4212	1
3.8	23	4.79583	21.9213	5.50469e-021	1.72558e-054	21.9213	1
3.81	27	5.19615	21.1815	8.40975e-021	3.81111e-054	21.1815	1
3.83	23	4.79583	19.7273	1.95313e-020	1.84554e-053	19.7273	1
3.85	18	4.24264	18.3125	4.50618e-020	8.85077e-053	18.3125	1
3.86	28	5.2915	17.6219	6.82764e-020	1.93121e-052	17.6219	1
3.88	19	4.3589	16.2774	1.5597e-019	9.1278e-052	16.2774	1
3.89	22	4.69042	15.6248	2.35153e-019	1.97722e-051	15.6248	1
3.91	21	4.58258	14.3616	5.31884e-019	9.2102e-051	14.3616	1
3.92	21	4.58258	13.7518	7.97947e-019	1.9806e-050	13.7518	1
3.94	20	4.47214	12.5777	1.78704e-018	9.09265e-050	12.5777	1
3.96	17	4.12311	11.466	3.97579e-018	4.134e-049	11.466	1
3.97	20	4.47214	10.934	5.91551e-018	8.78274e-049	10.934	1
3.99	29	5.38516	9.91846	1.3031e-017	3.9354e-048	9.91846	1
4	22	4.69042	9.43495	1.92926e-017	8.30018e-048	9.43495	1
4.02	9	3	8.51643	4.20795e-017	3.66543e-047	8.51643	1
4.04	19	4.3589	7.66205	9.11755e-017	1.60305e-046	7.66205	1
4.05	19	4.3589	7.25858	1.33877e-016	3.34025e-046	7.25858	1
4.07	22	4.69042	6.49819	2.87215e-016	1.43973e-045	6.49819	1
4.08	19	4.3589	6.14082	4.19645e-016	2.97819e-045	6.14082	1
4.1	21	4.58258	5.47042	8.91413e-016	1.26512e-044	5.47042	1
4.11	32	5.65685	5.15682	1.29599e-015	2.59802e-044	5.15682	1
4.13	21	4.58258	4.5712	2.72579e-015	1.08768e-043	4.5712	1
4.15	15	3.87298	4.03876	5.69524e-015	4.5097e-043	4.03876	1
4.16	19	4.3589	3.79158	8.21194e-015	9.14934e-043	3.79158	1
4.18	16	4	3.33343	1.69887e-014	3.73864e-042	3.33343	1
4.19	25	5	3.12169	2.43748e-014	7.53001e-042	3.12169	1
4.21	16	4	2.73096	4.99287e-014	3.03248e-041	2.73096	1
4.23	16	4	2.38127	1.01599e-013	1.20945e-040	2.38127	1
4.24	13	3.60555	2.22085	1.44571e-013	2.40658e-040	2.22085	1
4.26	18	4.24264	1.92694	2.91283e-013	9.4595e-040	1.92694	1
4.27	25	5	1.79269	4.12434e-013	1.86862e-039	1.79269	1
4.29	20	4.47214	1.54777	8.22776e-013	7.23881e-039	1.54777	1
4.3	22	4.69042	1.43639	1.15923e-012	1.41958e-038	1.43639	1
4.32	23	4.79583	1.23403	2.28976e-012	5.41982e-038	1.23403	1
4.34	22	4.69042	1.0567	4.49305e-012	2.04925e-037	1.0567	1
4.35	21	4.58258	0.976625	6.27828e-012	3.97027e-037	0.976625	1
4.37	18	4.24264	0.832159	1.21979e-011	1.47948e-036	0.832159	1
4.38	20	4.47214	0.7672	1.69602e-011	2.8456e-036	0.7672	1
4.4	18	4.24264	0.650491	3.26266e-011	1.04506e-035	0.650491	1
4.42	16	4	0.549721	6.23506e-011	3.80099e-035	0.549721	1
4.43	17	4.12311	0.504727	8.59803e-011	7.22259e-035	0.504727	1
4.45	20	4.47214	0.424436	1.62691e-010	2.58896e-034	0.424436	1
4.46	29	5.38516	0.388734	2.23238e-010	4.88384e-034	0.388734	1
4.48	17	4.12311	0.325283	4.1824e-010	1.72533e-033	0.325283	1
4.49	38	6.16441	0.297187	5.71055e-010	3.23109e-033	0.297187	1
4.51	26	5.09902	0.247453	1.05933e-009	1.12496e-032	0.247453	1
4.53	23	4.79583	0.205364	1.95214e-009	3.87895e-032	0.205364	1
4.54	20	4.47214	0.186855	2.64348e-009	7.17666e-032	0.186855	1
4.56	26	5.09902	0.154308	4.82338e-009	2.43881e-031	0.154308	1
4.57	30	5.47723	0.140054	6.49925e-009	4.47944e-031	0.140054	1
4.59	24	4.89898	0.115089	1.17418e-008	1.50023e-030	0.115089	1
4.6	27	5.19615	0.1042	1.57432e-008	2.73555e-030	0.1042	1
4.62	23	4.79583	0.0852043	2.81616e-008	9.02935e-030	0.0852043	1
4.64	32	5.65685	0.0694423	5.00439e-008	2.95158e-029	0.0694423	1
4.65	27	5.19615	0.0626137	6.65459e-008	5.31708e-029	0.0626136	1
4.67	28	5.2915	0.0507792	1.17087e-007	1.71297e-028	0.0507791	1
4.68	33	5.74456	0.0456728	1.54927e-007	3.06343e-028	0.0456727	1
4.7	27	5.19615	0.0368578	2.69905e-007	9.72666e-028	0.0368575	1
4.72	21	4.58258	0.0296464	4.67114e-007	3.05848e-027	0.0296459	1
4.73	31	5.56776	0.0265557	6.12989e-007	5.40375e-027	0.0265551	1
4.75	25	5	0.0212551	1.05041e-006	1.67462e-026	0.021254	1
4.76	33	5.74456	0.0189925	1.37163e-006	2.93728e-026	0.0189911	1
4.78	28	5.2915	0.0151274	2.32722e-006	8.97107e-026	0.0151251	1
4.79	35	5.91608	0.0134844	3.02385e-006	1.56212e-025	0.0134814	1
4.81	22	4.69042	0.0106891	5.07991e-006	4.70209e-025	0.010684	1
4.83	26	5.09902	0.00844774	8.47775e-006	1.4017e-024	0.00843926	1
4.84	18	4.24264	0.00750215	1.09249e-005	2.41133e-024	0.00749122	1
4.86	23	4.79583	0.00590616	1.80524e-005	7.08432e-024	0.00588811	1
4.87	19	4.3589	0.00523691	2.31483e-005	1.20987e-023	0.00521376	1
4.89	32	5.65685	0.00411569	3.78732e-005	3.50316e-023	0.00407782	1
4.91	24	4.89898	0.00324044	6.15566e-005	1.00454e-022	0.00317888	1
4.92	24	4.89898	0.00288153	7.82834e-005	1.69488e-022	0.00280325	1
4.94	27	5.19615	0.00230049	0.000125982	4.78988e-022	0.00217451	1
4.95	26	5.09902	0.00207224	0.000159422	8.02301e-022	0.00191282	1
4.97	25	5	0.00173051	0.000254028	2.23461e-021	0.00147648	1
4.98	27	5.19615	0.00161546	0.000319868	3.71581e-021	0.00129559	1
5	30	5.47723	0.00149978	0.000504657	1.01999e-020	0.000995122	1
5.02	22	4.69042	0.00155278	0.000790954	2.77284e-020	0.000761821	1
5.03	26	5.09902	0.0016535	0.000987763	4.55522e-020	0.00066574	1
5.05	31	5.56776	0.00204001	0.00153286	1.22044e-019	0.000507149	1
5.06	28	5.2915	0.0023469	0.00190481	1.9904e-019	0.000442094	1
5.08	21	4.58258	0.00326193	0.00292681	5.25566e-019	0.000335119	1
5.1	39	6.245	0.00472073	0.00446754	1.37436e-018	0.000253193	1
5.11	24	4.89898	0.00572571	0.0055059	2.21439e-018	0.000219807	1
5.13	27	5.19615	0.00848665	0.0083214	5.70697e-018	0.000165253	1
5.14	25	5	0.0103479	0.0102048	9.12853e-018	0.000143109	1
5.16	21	4.58258	0.015378	0.0152709	2.31863e-017	0.00010706	1
5.17	31	5.56776	0.0187271	0.0186346	3.68184e-017	9.2485e-005	1
5.19	15	3.87298	0.0276795	0.0276107	9.21666e-017	6.88472e-005	1
5.21	22	4.69042	0.0406919	0.0406409	2.2849e-016	5.10823e-005	1
5.22	19	4.3589	0.0492286	0.0491846	3.58455e-016	4.39466e-005	1
5.24	24	4.89898	0.0717144	0.071682	8.75805e-016	3.24462e-005	1
5.25	29	5.38516	0.0863503	0.0863224	1.364e-015	2.78449e-005	1
5.27	30	5.47723	0.124586	0.124566	3.28447e-015	2.04568e-005	1
5.29	25	5	0.178582	0.178567	7.83254e-015	1.49795e-005	1
5.3	27	5.19615	0.213282	0.213269	1.20515e-014	1.28024e-005	1
5.32	21	4.58258	0.302719	0.30271	2.83242e-014	9.32838e-006	1
5.33	31	5.56776	0.359757	0.359749	4.32649e-014	7.95292e-006	1
5.35	18	4.24264	0.505588	0.505582	1.00214e-013	5.76627e-006	1
5.36	28	5.2915	0.597882	0.597877	1.51966e-013	4.90391e-006	1
5.38	33	5.74456	0.831957	0.831953	3.46914e-013	3.53805e-006	1
5.4	34	5.83095	1.15005	1.15005	7.84298e-013	2.54423e-006	1
5.41	34	5.83095	1.3488	1.3488	1.17498e-012	2.15484e-006	1
5.43	21	4.58258	1.84612	1.84611	2.61799e-012	1.54191e-006	1
5.44	33	5.74456	2.15446	2.15446	3.89366e-012	1.3027e-006	1
5.46	40	6.32456	2.91973	2.91973	8.55017e-012	9.27564e-007	1
5.48	23	4.79583	3.93077	3.93077	1.85942e-011	6.58282e-007	1
5.49	37	6.08276	4.54955	4.54955	2.73211e-011	5.53872e-007	1
5.51	24	4.89898	6.06454	6.06453	5.85572e-011	3.91139e-007	1
5.52	42	6.48074	6.98451	6.9845	8.54163e-011	3.28288e-007	1
5.54	37	6.08276	9.21847	9.21847	1.80427e-010	2.30691e-007	1
5.55	36	6	10.5644	10.5644	2.61277e-010	1.93144e-007	1
5.57	35	5.91608	13.8058	13.8058	5.43927e-010	1.35055e-007	1
5.59	58	7.61577	17.9229	17.9229	1.12141e-009	9.41259e-008	1
5.6	40	6.32456	20.3707	20.3707	1.60434e-009	7.84823e-008	1
5.62	43	6.55744	26.1847	26.1847	3.25988e-009	5.44282e-008	1
5.63	54	7.34847	29.6137	29.6137	4.62991e-009	4.52703e-008	1
5.65	69	8.30662	37.6902	37.6902	9.27161e-009	3.12406e-008	1
5.67	69	8.30662	47.6534	47.6534	1.83875e-008	2.14879e-008	1
5.68	67	8.18535	53.4503	53.4503	2.58005e-008	1.7799e-008	1
5.7	89	9.43398	66.9129	66.9129	5.04283e-008	1.21822e-008	1
5.71	111	10.5357	74.6815	74.6815	7.02454e-008	1.00659e-008	1
5.73	102	10.0995	92.5693	92.5693	1.35314e-007	6.85543e-009	1
5.74	135	11.619	102.806	102.806	1.87123e-007	5.65053e-009	1
5.76	135	11.619	126.173	126.173	3.55247e-007	3.82935e-009	1
5.78	173	13.1529	153.831	153.831	6.67915e-007	2.58661e-009	1
5.79	181	13.4536	169.436	169.436	9.12506e-007	2.12323e-009	1
5.81	189	13.7477	204.54	204.54	1.69085e-006	1.42711e-009	1
5.82	211	14.5258	224.176	224.176	2.29329e-006	1.16856e-009	1
5.84	303	17.4069	267.951	267.951	4.188e-006	7.81561e-010	1
5.85	268	16.3707	292.221	292.221	5.63898e-006	6.38385e-010	1
5.87	343	18.5203	345.838	345.838	1.01491e-005	4.24864e-010	1
5.89	371	19.2614	406.596	406.596	1.809e-005	2.81829e-010	1
5.9	446	21.1187	439.776	439.776	2.40639e-005	2.29254e-010	1
5.92	493	22.2036	511.937	511.936	4.22724e-005	1.51324e-010	1
5.93	478	21.8632	550.975	550.975	5.58241e-005	1.22791e-010	1
5.95	615	24.7992	635.054	635.054	9.66478e-005	8.06508e-011	1
5.97	629	25.0799	727.142	727.142	0.00016571	5.27985e-011	1
5.98	689	26.2488	776.153	776.153	0.000216195	4.26669e-011	1
6	850	29.1548	879.934	879.934	0.000365325	2.77944e-011	1
6.01	862	29.3598	934.599	934.598	0.000473169	2.24055e-011	1
6.03	998	31.5911	1049.11	1049.11	0.000788007	1.45236e-011	1
6.04	1123	33.5112	1108.78	1108.78	0.00101323	1.16788e-011	1
6.06	1203	34.6843	1232.36	1232.35	0.00166302	7.53307e-012	1
6.08	1256	35.4401	1360.68	1360.68	0.00270319	4.84301e-012	1
6.09	1618	40.2244	1426.24	1426.23	0.00343388	3.87838e-012	1
6.11	1349	36.7287	1559.22	1559.22	0.00550099	2.48112e-012	1
6.12	1736	41.6653	1626.26	1626.25	0.00693728	1.98203e-012	1
6.14	1756	41.9047	1760.35	1760.34	0.0109528	1.26171e-012	1
6.16	1911	43.715	1892.95	1892.94	0.0171256	8.00534e-013	1
6.17	1974	44.4297	1958.1	1958.07	0.0213366	6.36874e-013	1
6.19	1963	44.3058	2084.82	2084.79	0.0328795	4.02093e-013	1
6.2	2275	47.697	2145.91	2145.87	0.0406673	3.191e-013	1
6.22	2251	47.4447	2262.26	2262.2	0.0617624	2.00472e-013	1
6.23	2263	47.571	2317.03	2316.96	0.0758373	1.58702e-013	1
6.25	2505	50.05	2418.58	2418.47	0.113512	9.92118e-014	1
6.27	2390	48.8876	2507.96	2507.79	0.168261	6.18178e-014	1
6.28	2708	52.0384	2547.57	2547.36	0.204115	4.87363e-014	1
6.3	2530	50.2991	2615.69	2615.39	0.298193	3.02173e-014	1
6.31	2694	51.9038	2643.89	2643.53	0.35911	2.37641e-014	1
6.33	2765	52.5833	2687.86	2687.35	0.517045	1.46615e-014	1
6.35	2981	54.5985	2714.64	2713.9	0.73725	9.01585e-015	1
6.36	2539	50.3885	2721.4	2720.52	0.877157	7.06129e-015	1
6.38	2770	52.6308	2721.53	2720.3	1.23266	4.32081e-015	1
6.39	2808	52.9906	2714.91	2713.45	1.45595	3.37574e-015	1
6.41	2771	52.6403	2688.47	2686.46	2.01646	2.05543e-015	1
6.42	2788	52.8015	2668.81	2666.45	2.36445	1.60189e-015	1
6.44	2503	50.03	2617.11	2613.88	3.22741	9.7056e-016	1
6.46	2768	52.6118	2549.83	2545.47	4.36277	5.86111e-016	1
6.47	2689	51.8556	2510.77	2505.72	5.05401	4.54907e-016	1
6.49	2329	48.2597	2422.8	2416.07	6.73323	2.73359e-016	1
6.5	2465	49.6488	2374.32	2366.58	7.74349	2.11642e-016	1
6.52	2156	46.4327	2269.56	2259.39	10.1672	1.26552e-016	1
6.54	2275	47.697	2156.07	2142.85	13.2207	7.54227e-017	1
6.55	2133	46.1844	2096.71	2081.69	15.0211	5.81544e-017	1
6.57	2035	45.111	1974.09	1954.84	19.25	3.44882e-017	1
6.58	1931	43.9431	1911.36	1889.65	21.7128	2.65264e-017	1
6.6	2033	45.0888	1784.42	1756.99	27.4237	1.56538e-017	1
6.61	1513	38.8973	1720.72	1690.01	30.7079	1.20103e-017	1
6.63	1567	39.5854	1594.09	1555.87	38.2242	7.05261e-018	1
6.65	1426	37.7624	1470.05	1422.93	47.1207	4.12776e-018	1
6.66	1361	36.8917	1409.55	1357.42	52.1277	3.15399e-018	1
6.68	1233	35.1141	1292.53	1229.2	63.3317	1.83687e-018	1
6.69	1127	33.5708	1236.36	1166.81	69.5532	1.40008e-018	1
6.71	1102	33.1964	1129.45	1046.17	83.2815	8.11379e-019	1
6.73	1031	32.1092	1030.58	931.819	98.7566	4.68668e-019	1
6.74	934	30.5614	984.395	877.245	107.151	3.55754e-019	1
6.76	940	30.6594	898.878	773.653	125.225	2.04477e-019	1
6.77	800	28.2843	859.623	724.74	134.883	1.5483e-019	1
6.79	791	28.1247	788.209	632.852	155.358	8.85533e-020	1
6.8	709	26.6271	756.036	589.909	166.127	6.68872e-020	1
6.82	691	26.2869	698.613	510.034	188.579	3.80667e-020	1
6.84	636	25.219	650.068	438.069	211.998	2.15932e-020	1
6.85	704	26.533	628.945	404.984	223.961	1.6243e-020	1
6.87	518	22.7596	592.546	344.41	248.136	9.16838e-021	1
6.88	582	24.1247	577.061	316.824	260.237	6.87969e-021	1
6.9	538	23.1948	550.94	266.778	284.162	3.8641e-021	1
6.91	552	23.4947	540.055	244.197	295.858	2.89236e-021	1
6.93	574	23.9583	521.985	203.595	318.39	1.61653e-021	1
6.95	538	23.1948	507.954	168.625	339.329	9.00508e-022	1
6.96	525	22.9129	502.119	153.082	349.037	6.71278e-022	1
6.98	516	22.7156	492.154	125.538	366.616	3.72099e-022	1
6.99	507	22.5167	487.773	113.403	374.37	2.76694e-022	1
7.01	532	23.0651	479.624	92.0805	387.543	1.52619e-022	1
7.03	436	20.8806	471.58	74.2748	397.306	8.39052e-023	1
7.04	482	21.9545	467.361	66.543	400.818	6.21358e-023	1
7.06	440	20.9762	458.123	53.146	404.977	3.39919e-023	1
7.07	474	21.7715	452.972	47.3782	405.594	2.51105e-023	1
7.09	407	20.1742	441.348	37.4663	403.881	1.36691e-023	1
7.1	484	22	434.799	33.235	401.564	1.00728e-023	1
7.12	388	19.6977	420.113	26.0228	394.09	5.45618e-024	1
7.14	395	19.8746	403.262	20.2414	383.021	2.94577e-024	1
7.15	387	19.6723	394.039	17.8077	376.232	2.16181e-024	1
7.17	371	19.2614	374.095	13.7147	360.38	1.1614e-024	1
7.18	374	19.3391	363.432	12.0061	351.426	8.50208e-025	1
7.2	314	17.72	340.911	9.15539	331.755	4.54509e-025	1
7.22	350	18.7083	317.097	6.93556	310.161	2.42175e-025	1
7.23	309	17.5784	304.83	6.02154	298.808	1.76557e-025	1
7.25	268	16.3707	279.839	4.51655	275.322	9.36107e-026	1
7.26	295	17.1756	267.223	3.90193	263.321	6.80783e-026	1
7.28	210	14.4914	242.016	2.89783	239.118	3.59172e-026	1
7.29	220	14.8324	229.528	2.49111	227.037	2.60563e-026	1
7.31	193	13.8924	205.022	1.83181	203.19	1.36792e-026	1
7.33	187	13.6748	181.43	1.33813	180.092	7.15777e-027	1
7.34	193	13.8924	170.072	1.14086	168.932	5.1713e-027	1
7.36	142	11.9164	148.39	0.825167	147.564	2.69259e-027	1
7.37	133	11.5326	138.116	0.700038	137.416	1.94052e-027	1
7.39	123	11.0905	118.802	0.501334	118.301	1.00541e-027	1
7.41	106	10.2956	101.217	0.356667	100.861	5.19202e-028	1
7.42	88	9.38083	93.0919	0.300092	92.7918	3.72646e-028	1
7.44	82	9.05539	78.1807	0.21139	77.9693	1.91489e-028	1
7.45	61	7.81025	71.3885	0.176979	71.2116	1.37098e-028	1
7.47	49	7	59.0951	0.123437	58.9717	7.01023e-029	1
7.48	48	6.9282	53.5728	0.102833	53.4699	5.00664e-029	1
7.5	41	6.40312	43.7107	0.071015	43.6397	2.54742e-029	1
7.52	34	5.83095	35.3214	0.0487189	35.2727	1.29189e-029	1
7.53	40	6.32456	31.6366	0.0402527	31.5964	9.18862e-030	1
7.55	28	5.2915	25.1968	0.0273425	25.1695	4.63691e-030	1
7.56	25	5	22.4051	0.0224793	22.3827	3.28988e-030	1
7.58	28	5.2915	17.5873	0.0151188	17.5722	1.65201e-030	1
7.6	15	3.87298	13.6725	0.0101015	13.6624	8.26823e-031	1
7.61	14	3.74166	12.0115	0.00823647	12.0032	5.8422e-031	1
7.63	8	2.82843	9.20311	0.00544881	9.19766	2.90959e-031	1
7.64	10	3.16228	8.0265	0.00442084	8.02208	2.05079e-031	1
7.66	4	2	6.06112	0.00289574	6.05822	1.01632e-031	1
7.67	6	2.44949	5.24792	0.00233782	5.24559	7.14575e-032	1
7.69	7	2.64575	3.90571	0.00151621	3.90419	3.52379e-032	1
7.71	10	3.16228	2.87873	0.000976873	2.87776	1.73197e-032	1
7.72	4	2	2.46248	0.00078217	2.4617	1.21275e-032	1
7.74	3	1.73205	1.78878	0.000498969	1.78829	5.93137e-033	1
7.75	5	2.23607	1.51905	0.000397543	1.51865	4.14296e-033	1
7.77	3	1.73205	1.08752	0.000251102	1.08727	2.01627e-033	1
7.79	5	2.23607	0.771068	0.000157561	0.770911	9.78042e-034	1
7.8	5	2.23607	0.646905	0.0001245	0.64678	6.80338e-034	1
7.82	4	2	0.452039	7.735e-005	0.451962	3.28387e-034	1
7.83	3	1.73205	0.376499	6.08176e-005	0.376438	2.27867e-034	1
7.85	5	2.23607	0.259287	3.74123e-005	0.259249	1.09445e-034	1
7.86	3	1.73205	0.214392	2.92705e-005	0.214363	7.5756e-035	1
7.88	1	1	0.145514	1.78283e-005	0.145496	3.62065e-035	1
7.9	6	2.44949	0.0978111	1.07875e-005	0.0978003	1.72474e-035	1
7.91	2	1.41421	0.0799005	8.37043e-006	0.0798921	1.18893e-035	1
7.93	5	2.23607	0.0529313	5.01477e-006	0.0529262	5.63572e-036	1
7.94	3	1.73205	0.0429253	3.87192e-006	0.0429214	3.87533e-036	1
7.96	7	2.64575	0.0280256	2.29681e-006	0.0280233	1.82791e-036	1
7.97	5	2.23607	0.022563	1.7646e-006	0.0225612	1.25384e-036	1
7.99	5	2.23607	0.0145184	1.03643e-006	0.0145173	5.88493e-037	1
8.01	6	2.44949	0.00925179	6.04728e-007	0.00925119	2.75302e-037	1
8.02	1	1	0.00735868	4.60781e-007	0.00735821	1.88065e-037	1
8.04	4	2	0.00462154	2.66201e-007	0.00462127	8.75448e-038	1
8.05	4	2	0.00364922	2.01833e-007	0.00364902	5.96562e-038	1
8.07	7	2.64575	0.00225874	1.15452e-007	0.00225862	2.76332e-038	1
8.09	3	1.73205	0.00138458	6.56058e-008	0.00138451	1.27578e-038	1
8.1	2	1.41421	0.0010801	4.93328e-008	0.00108005	8.65792e-039	1
8.12	4	2	0.000652522	2.77568e-008	0.000652494	3.97752e-039	1
8.13	2	1.41421	0.000505336	2.07687e-008	0.000505315	2.69263e-039	1
8.15	5	2.23607	0.000300878	1.15701e-008	0.000300866	1.23092e-039	1
8.16	0	1	0.000231321	8.61442e-009	0.000231312	8.31226e-040	1
8.18	6	2.44949	0.000135739	4.7517e-009	0.000135734	3.78117e-040	1
8.2	5	2.23607	7.88822e-005	2.60376e-009	7.88795e-005	1.71436e-040	1
8.21	3	1.73205	5.99151e-005	1.92265e-009	5.99131e-005	1.15293e-040	1
8.23	7	2.64575	3.43155e-005	1.04315e-009	3.43144e-005	5.20156e-041	1
8.24	4	2	2.58754e-005	7.66468e-010	2.58746e-005	3.48949e-041	1
8.26	3	1.73205	1.46056e-005	4.11751e-010	1.46052e-005	1.56655e-041	1
8.28	2	1.41421	8.16465e-006	2.19738e-010	8.16443e-006	7.00968e-042	1
8.29	4	2	6.08228e-006	1.60127e-010	6.08212e-006	4.68315e-042	1
8.31	6	2.44949	3.35092e-006	8.46114e-011	3.35083e-006	2.08518e-042	1
8.32	3	1.73205	2.47818e-006	6.13528e-011	2.47811e-006	1.38967e-042	1
8.34	5	2.23607	1.34558e-006	3.20992e-011	1.34554e-006	6.15703e-043	1
8.35	3	1.73205	9.87907e-007	2.31604e-011	9.87884e-007	4.09322e-043	1
8.37	2	1.41421	5.28654e-007	1.19978e-011	5.28642e-007	1.80459e-043	1
8.39	1	1	2.80164e-007	6.17423e-012	2.80158e-007	7.9298e-044	1
8.4	1	1	2.03213e-007	4.41823e-012	2.03209e-007	5.2501e-044	1
8.42	2	1.41421	1.06138e-007	2.25126e-012	1.06136e-007	2.29564e-044	1
8.43	9	3	7.64278e-008	1.60301e-012	7.64262e-008	1.51613e-044	1
8.45	2	1.41421	3.93414e-008	8.08739e-013	3.93406e-008	6.5967e-045	1
8.47	1	1	2.00555e-008	4.05331e-013	2.00551e-008	2.8608e-045	1
8.48	6	2.44949	1.42674e-008	2.86242e-013	1.42671e-008	1.88161e-045	1
8.5	5	2.23607	7.16818e-009	1.42046e-013	7.16804e-009	8.11978e-046	1
8.51	2	1.41421	5.06244e-009	9.9816e-014	5.06234e-009	5.32739e-046	1
8.53	5	2.23607	2.5067e-009	4.90444e-014	2.50665e-009	2.28761e-046	1
8.54	5	2.23607	1.75749e-009	3.42932e-014	1.75746e-009	1.4972e-046	1
8.56	4	2	8.57657e-010	1.66837e-014	8.5764e-010	6.39735e-047	1
8.58	2	1.41421	4.14496e-010	8.06317e-015	4.14488e-010	2.72453e-047	1
8.59	7	2.64575	2.87106e-010	5.5916e-015	2.87101e-010	1.77582e-047	1
8.61	4	2	1.3675e-010	2.67574e-015	1.36748e-010	7.52564e-048	1
8.62	6	2.44949	9.40352e-011	1.84638e-015	9.40334e-011	4.89304e-048	1
8.64	5	2.23607	4.41423e-011	8.74829e-016	4.41414e-011	2.06337e-048	1
8.66	2	1.41421	2.05213e-011	4.1177e-016	2.05209e-011	8.6725e-049	1
8.67	2	1.41421	1.39412e-011	2.81802e-016	1.39409e-011	5.61554e-049	1
8.69	3	1.73205	6.38746e-012	1.31332e-016	6.38733e-012	2.34862e-049	1
8.7	1	1	4.30787e-012	8.94349e-017	4.30778e-012	1.517e-049	1
8.72	3	1.73205	1.94522e-012	4.12693e-017	1.94518e-012	6.31336e-050	1
8.73	1	1	1.3024e-012	2.79647e-017	1.30237e-012	4.06782e-050	1
8.75	3	1.73205	5.79601e-013	1.27769e-017	5.79589e-013	1.68457e-050	1
8.77	6	2.44949	2.55448e-013	5.79922e-018	2.55442e-013	6.95325e-051	1
8.78	1	1	1.68969e-013	3.89731e-018	1.68965e-013	4.4617e-051	1
8.8	1	1	7.33936e-014	1.75147e-018	7.33919e-014	1.83253e-051	1
8.81	2	1.41421	4.81952e-014	1.17124e-018	4.8194e-014	1.17298e-051	1
8.83	0	1	2.06316e-014	5.21169e-019	2.06311e-014	4.79397e-052	1
8.85	1	1	8.7468e-015	2.30378e-019	8.74657e-015	1.95285e-052	1
8.86	3	1.73205	5.67449e-015	1.5279e-019	5.67434e-015	1.24486e-052	1
8.88	5	2.23607	2.37094e-015	6.68733e-020	2.37088e-015	5.04602e-053	1
8.89	1	1	1.527e-015	4.41321e-020	1.52695e-015	3.20868e-053	1
8.91	0	1	6.28799e-016	1.91252e-020	6.2878e-016	1.29422e-053	1
8.92	4	2	4.02039e-016	1.2559e-020	4.02026e-016	8.20942e-054	1
8.94	6	2.44949	1.63162e-016	5.38889e-021	1.63157e-016	3.29494e-054	1
8.96	2	1.41421	6.5578e-017	2.29707e-021	6.55757e-017	1.31811e-054	1
8.97	2	1.41421	4.14235e-017	1.49601e-021	4.1422e-017	8.32662e-055	1
8.99	3	1.73205	1.64083e-017	6.31399e-022	1.64077e-017	3.31457e-055	1
9	1	1	1.02895e-017	4.09178e-022	1.02891e-017	2.08867e-055	1
9.02	1	1	4.01688e-018	1.70992e-022	4.01671e-018	8.27337e-056	1
9.03	1	1	2.50067e-018	1.10263e-022	2.50056e-018	5.20058e-056	1
9.05	5	2.23607	9.62124e-019	4.56235e-023	9.62079e-019	2.04983e-056	1
9.07	2	1.41421	3.666e-019	1.87532e-023	3.66581e-019	8.05292e-057	1
9.08	0	1	2.25472e-019	1.19934e-023	2.2546e-019	5.04121e-057	1
9.1	0	1	8.46706e-020	4.88118e-024	8.46657e-020	1.97071e-057	1
9.11	2	1.41421	5.16978e-020	3.10627e-024	5.16947e-020	1.23064e-057	1
9.13	1	1	1.91334e-020	1.25174e-024	1.91321e-020	4.78712e-058	1
9.15	2	1.41421	7.01289e-021	5.01095e-025	7.01238e-021	1.85604e-058	1
9.16	2	1.41421	4.23028e-021	3.16261e-025	4.22996e-021	1.15427e-058	1
9.18	1	1	1.52811e-021	1.25356e-025	1.52798e-021	4.45319e-059	1
9.19	2	1.41421	9.15094e-022	7.87262e-026	9.15016e-022	2.7626e-059	1
9.21	3	1.73205	3.25784e-022	3.08968e-026	3.25753e-022	1.06057e-059	1
9.22	1	1	1.93679e-022	1.93078e-026	1.93659e-022	6.56312e-060	1
9.24	2	1.41421	6.79556e-023	7.50278e-027	6.79481e-023	2.50717e-060	1
9.26	3	1.73205	2.36132e-023	2.89628e-027	2.36103e-023	9.54611e-061	1
9.27	2	1.41421	1.38688e-023	1.79503e-027	1.38671e-023	5.88317e-061	1
9.29	1	1	4.74953e-024	6.86095e-028	4.74884e-024	2.22899e-061	1
9.3	4	2	2.76933e-024	4.23121e-028	2.76891e-024	1.37031e-061	1
9.32	3	1.73205	9.34686e-025	1.60129e-028	9.34526e-025	5.16617e-062	1
9.34	6	2.44949	3.12423e-025	6.02014e-029	3.12363e-025	1.94128e-062	1
9.35	3	1.73205	1.79971e-025	3.68212e-029	1.79934e-025	1.18853e-062	1
9.37	4	2	5.92871e-026	1.37066e-029	5.92734e-026	4.4441e-063	1
9.38	3	1.73205	3.39047e-026	8.34194e-030	3.38964e-026	2.71415e-063	1
9.4	3	1.73205	1.10078e-026	3.07462e-030	1.10047e-026	1.00986e-063	1
9.41	2	1.41421	6.24943e-027	1.86199e-030	6.24757e-027	6.1523e-064	1
9.43	4	2	1.99969e-027	6.79511e-031	1.99901e-027	2.27781e-064	1
9.45	1	1	6.33686e-028	2.46346e-031	6.3344e-028	8.40558e-065	1
9.46	4	2	3.55427e-028	1.4796e-031	3.5528e-028	5.09983e-065	1
9.48	1	1	1.11006e-028	5.31111e-032	1.10953e-028	1.87266e-065	1
9.49	0	1	6.18111e-029	3.17417e-032	6.17793e-029	1.13338e-065	1
9.51	1	1	1.9026e-029	1.12815e-032	1.90148e-029	4.14125e-066	1
9.53	0	1	5.79993e-030	3.98322e-033	5.79594e-030	1.5082e-066	1
9.54	2	1.41421	3.19067e-030	2.36097e-033	3.18831e-030	9.09044e-067	1
9.56	3	1.73205	9.58621e-031	8.25377e-034	9.57795e-031	3.29431e-067	1
9.57	2	1.41421	5.23543e-031	4.86806e-034	5.23056e-031	1.9807e-067	1
9.59	4	2	1.55029e-031	1.68504e-034	1.5486e-031	7.14253e-068	1
9.6	1	1	8.40555e-032	9.88923e-035	8.39566e-032	4.28384e-068	1
9.62	1	1	2.45315e-032	3.38932e-035	2.44976e-032	1.53716e-068	1
9.64	1	1	7.09067e-033	1.15396e-035	7.07913e-033	5.49765e-069	1
9.65	4	2	3.79836e-033	6.71668e-036	3.79164e-033	3.28374e-069	1
9.67	6	2.44949	1.08211e-033	2.26427e-036	1.07985e-033	1.16864e-069	1
9.68	4	2	5.75492e-034	1.31141e-036	5.7418e-034	6.96303e-070	1
9.7	3	1.73205	1.61599e-034	4.3773e-037	1.61161e-034	2.46583e-070	1
9.72	3	1.73205	4.49433e-035	1.45145e-037	4.47982e-035	8.70355e-071	1
9.73	1	1	2.36165e-035	8.3373e-038	2.35331e-035	5.16448e-071	1
9.75	0	1	6.47436e-036	2.73726e-038	6.44699e-036	1.8139e-071	1
9.76	4	2	3.37778e-036	1.56454e-038	3.36214e-036	1.07367e-071	1
9.78	3	1.73205	9.12847e-037	5.08595e-039	9.07761e-037	3.75243e-072	1
9.79	2	1.41421	4.72862e-037	2.8926e-039	4.69969e-037	2.21563e-072	1
9.81	3	1.73205	1.25987e-037	9.31041e-040	1.25056e-037	7.70533e-073	1
9.83	0	1	3.3253e-038	2.977e-040	3.29553e-038	2.67089e-073	1
9.84	2	1.41421	1.7024e-038	1.67922e-040	1.6856e-038	1.57055e-073	1
9.86	2	1.41421	4.43095e-039	5.31632e-041	4.37779e-039	5.41712e-074	1
9.87	2	1.41421	2.25276e-039	2.98392e-041	2.22292e-039	3.17754e-074	1
9.89	2	1.41421	5.78342e-040	9.35373e-042	5.68988e-040	1.09059e-074	1
9.91	3	1.73205	1.47147e-040	2.91281e-042	1.44234e-040	3.73081e-075	1
9.92	2	1.41421	7.39765e-041	1.62144e-042	7.23551e-041	2.1794e-075	1
9.94	2	1.41421	1.85763e-041	4.99945e-043	1.80764e-041	7.41876e-076	1
9.95	2	1.41421	9.27921e-042	2.76922e-043	9.00229e-042	4.32307e-076	1
9.97	2	1.41421	2.30108e-042	8.45422e-044	2.21654e-042	1.46434e-076	1
9.98	2	1.41421	1.14246e-042	4.65967e-044	1.09586e-042	8.51193e-077	1
10	2	1.41421	2.80008e-043	1.40853e-044	2.65923e-043	2.869e-077	1
10.02	6	2.44949	6.81357e-044	4.22967e-045	6.39061e-044	9.63832e-078	1
10.03	4	2	3.35265e-044	2.31207e-045	3.12144e-044	5.57957e-078	1
10.05	4	2	8.08043e-045	6.8744e-046	7.39299e-045	1.8652e-078	1
10.06	3	1.73205	3.95878e-045	3.73918e-046	3.58486e-045	1.07709e-078	1
10.08	5	2.23607	9.46868e-046	1.10079e-046	8.36789e-046	3.58286e-079	1
10.1	5	2.23607	2.25633e-046	3.21931e-047	1.9344e-046	1.1879e-079	1
10.11	5	2.23607	1.10035e-046	1.73667e-047	9.2668e-047	6.83149e-080	1
10.13	1	1	2.61413e-047	5.02885e-048	2.11124e-047	2.25381e-080	1
10.14	2	1.41421	1.27401e-047	2.69941e-048	1.00407e-047	1.29295e-080	1
10.16	2	1.41421	3.02845e-048	7.73956e-049	2.25449e-048	4.2446e-081	1
10.17	8	2.82843	1.47781e-048	4.13393e-049	1.06442e-048	2.429e-081	1
10.19	7	2.64575	3.52903e-049	1.17356e-049	2.35547e-049	7.93483e-082	1
10.21	4	2	8.47174e-050	3.3096e-050	5.16214e-050	2.58354e-082	1
10.22	7	2.64575	4.16104e-050	1.75321e-050	2.40783e-050	1.47238e-082	1
10.24	0	1	1.00962e-050	4.89553e-051	5.20063e-051	4.77036e-083	1
10.25	4	2	4.9887e-051	2.58051e-051	2.40819e-051	2.71194e-083	1
10.27	7	2.64575	1.22608e-051	7.13454e-052	5.12625e-052	8.74312e-084	1
10.28	4	2	6.09867e-052	3.74213e-052	2.35654e-052	4.95819e-084	1
10.3	5	2.23607	1.51879e-052	1.02441e-052	4.94381e-053	1.59061e-084	1
10.32	4	2	3.813e-053	2.78584e-053	1.02715e-053	5.08594e-085	1
10.33	3	1.73205	1.91567e-053	1.44918e-053	4.6649e-054	2.87236e-085	1
10.35	4	2	4.85731e-054	3.90211e-054	9.55201e-055	9.13907e-086	1
10.36	5	2.23607	2.45048e-054	2.01982e-054	4.30666e-055	5.14869e-086	1
10.38	5	2.23607	6.25409e-055	5.38498e-055	8.69104e-056	1.6301e-086	1
10.4	4	2	1.59991e-055	1.42622e-055	1.73696e-056	5.14397e-087	1
10.41	2	1.41421	8.09536e-056	7.32167e-056	7.7369e-057	2.88606e-087	1
10.43	4	2	2.07241e-056	1.92002e-056	1.52392e-057	9.06243e-088	1
10.44	3	1.73205	1.04818e-056	9.80794e-057	6.73876e-058	5.07198e-088	1
10.46	6	2.44949	2.67746e-057	2.54664e-057	1.30814e-058	1.58479e-088	1
10.47	4	2	1.35188e-057	1.29445e-057	5.74264e-059	8.84771e-089	1
10.49	2	1.41421	3.43777e-058	3.32791e-058	1.09866e-059	2.75092e-089	1
10.51	3	1.73205	8.7075e-059	8.49934e-059	2.08163e-060	8.52499e-090	1
10.52	4	2	4.37494e-059	4.28466e-059	9.02804e-061	4.73986e-090	1
10.54	3	1.73205	1.10035e-059	1.08349e-059	1.68582e-061	1.46162e-090	1
10.55	3	1.73205	5.50761e-060	5.43503e-060	7.25838e-062	8.1065e-091	1
10.57	1	1	1.37419e-060	1.36083e-060	1.33578e-062	2.48747e-091	1
10.59	3	1.73205	3.40918e-061	3.38483e-061	2.43455e-063	7.60764e-092	1
10.6	4	2	1.6943e-061	1.68394e-061	1.03557e-063	4.20204e-092	1
10.62	2	1.41421	4.16578e-062	4.14718e-062	1.86012e-064	1.27881e-092	1
10.63	2	1.41421	2.06086e-062	2.05301e-062	7.85491e-065	7.04601e-093	1
10.65	3	1.73205	5.02014e-063	5.00623e-063	1.39053e-065	2.13375e-093	1
10.66	2	1.41421	2.47184e-063	2.46601e-063	5.82936e-066	1.17275e-093	1
10.68	3	1.73205	5.96419e-064	5.95402e-064	1.01704e-066	3.53396e-094	1
10.7	2	1.41421	1.42984e-064	1.42809e-064	1.75729e-067	1.06141e-094	1
10.71	2	1.41421	6.98399e-065	6.97671e-065	7.27806e-068	5.80978e-095	1
10.73	1	1	1.65811e-065	1.65688e-065	1.23936e-068	1.73635e-095	1
10.74	3	1.73205	8.05949e-066	8.05439e-066	5.09577e-069	9.48066e-096	1
10.76	0	1	1.8948e-066	1.89394e-066	8.55209e-070	2.81948e-096	1
10.78	3	1.73205	4.42556e-067	4.42414e-067	1.42141e-070	8.35737e-097	1
10.79	3	1.73205	2.13354e-067	2.13297e-067	5.77382e-071	4.54447e-097	1
10.81	2	1.41421	4.93429e-068	4.93334e-068	9.4578e-072	1.34041e-097	1
10.82	2	1.41421	2.36708e-068	2.3667e-068	3.81393e-072	7.27071e-098	1
10.84	4	2	5.42056e-069	5.41995e-069	6.15713e-073	2.13395e-098	1
10.85	1	1	2.58753e-069	2.58728e-069	2.46491e-073	1.15465e-098	1
10.87	7	2.64575	5.86704e-070	5.86665e-070	3.92179e-074	3.3722e-099	1
10.89	2	1.41421	1.32156e-070	1.32149e-070	6.17952e-075	9.8162e-100	1
10.9	4	2	6.25667e-071	6.25643e-071	2.44404e-075	5.28959e-100	1
10.92	0	1	1.39543e-071	1.39539e-071	3.7954e-076	1.53217e-100	1
10.93	4	2	6.57377e-072	6.57362e-072	1.49022e-076	8.23592e-101	1
10.95	3	1.73205	1.4517e-072	1.45167e-072	2.28076e-077	2.37383e-101	1
10.97	2	1.41421	3.18469e-073	3.18465e-073	3.45694e-078	6.81957e-102	1
10.98	1	1	1.48794e-073	1.48793e-073	1.34097e-078	3.65068e-102	1
11	4	2	3.23201e-074	3.23199e-074	2.00314e-079	1.0436e-102	1
11.01	6	2.44949	1.50259e-074	1.50258e-074	7.71394e-080	5.57287e-103	1
11.03	5	2.23607	3.23163e-075	3.23162e-075	1.13566e-080	1.58524e-103	1
11.04	1	1	1.49498e-075	1.49498e-075	4.34162e-081	8.44432e-104	1
11.06	6	2.44949	3.18355e-076	3.18354e-076	6.29943e-082	2.39019e-104	1
11.08	12	3.4641	6.73469e-077	6.73468e-077	9.05183e-083	6.74327e-105	1
11.09	5	2.23607	3.0899e-077	3.08989e-077	3.4188e-083	3.57728e-105	1
11.11	5	2.23607	6.47208e-078	6.47208e-078	4.84159e-084	1.00426e-105	1
11.12	2	1.41421	2.95473e-078	2.95473e-078	1.81537e-084	5.31439e-106	1
11.14	4	2	6.12791e-079	6.12791e-079	2.53371e-085	1.48456e-106	1
11.16	2	1.41421	1.26251e-079	1.26251e-079	3.50216e-086	4.13345e-107	1
11.17	8	2.82843	5.71639e-080	5.71639e-080	1.29731e-086	2.17838e-107	1
11.19	5	2.23607	1.16611e-080	1.16611e-080	1.76727e-087	6.03534e-108	1
11.2	7	2.64575	5.25379e-081	5.25379e-081	6.49906e-088	3.17285e-108	1
11.22	5	2.23607	1.06117e-081	1.06117e-081	8.72542e-089	8.74725e-109	1
11.23	0	1	4.75736e-082	4.75736e-082	3.18547e-089	4.58718e-109	1
11.25	9	3	9.51421e-083	9.51421e-083	4.21492e-090	1.25841e-109	1
11.27	3	1.73205	1.89021e-083	1.89021e-083	5.52318e-091	3.44085e-110	1
11.28	5	2.23607	8.4043e-084	8.4043e-084	1.99209e-091	1.79702e-110	1
11.3	3	1.73205	1.65323e-084	1.65323e-084	2.5727e-092	4.88935e-111	1
11.31	6	2.44949	7.31427e-085	7.31427e-085	9.21188e-093	2.5472e-111	1
11.33	2	1.41421	1.42461e-085	1.42461e-085	1.17248e-093	6.8963e-112	1
11.34	1	1	6.27166e-086	6.27166e-086	4.16778e-094	3.5839e-112	1
11.36	5	2.23607	1.20949e-086	1.20949e-086	5.22808e-095	9.65521e-113	1
11.38	3	1.73205	2.31713e-087	2.31713e-087	6.49478e-096	2.59261e-113	1
11.39	6	2.44949	1.01169e-087	1.01169e-087	2.28084e-096	1.3418e-113	1
11.41	2	1.41421	1.91908e-088	1.91908e-088	2.79253e-097	3.58523e-114	1
11.42	2	1.41421	8.33754e-089	8.33754e-089	9.73571e-098	1.85095e-114	1
11.44	4	2	1.56594e-089	1.56594e-089	1.17476e-098	4.92128e-115	1
11.46	5	2.23607	2.92175e-090	2.92175e-090	1.40383e-099	1.30416e-115	1
11.47	5	2.23607	1.25893e-090	1.25893e-090	4.83522e-100	6.70532e-116	1
11.49	4	2	2.32574e-091	2.32574e-091	5.69457e-101	1.76818e-116	1
11.5	3	1.73205	9.97163e-092	9.97163e-092	1.94717e-101	9.06863e-117	1
11.52	1	1	1.82399e-092	1.82399e-092	2.2601e-102	2.37959e-117	1
11.53	0	1	7.78168e-093	7.78168e-093	7.67199e-103	1.21743e-117	1
11.55	5	2.23607	1.40937e-093	1.40937e-093	8.77628e-104	3.17876e-118	1
11.57	1	1	2.53573e-094	2.53573e-094	9.94257e-105	8.27257e-119	1
11.58	2	1.41421	1.07292e-094	1.07292e-094	3.33436e-105	4.21498e-119	1
11.6	1	1	1.91135e-095	1.91135e-095	3.72288e-106	1.09152e-119	1
11.61	2	1.41421	8.04732e-096	8.04732e-096	1.23946e-106	5.5477e-120	1
11.63	6	2.44949	1.41945e-096	1.41945e-096	1.36388e-107	1.42956e-120	1
11.65	1	1	2.48724e-097	2.48724e-097	1.48631e-108	3.67166e-121	1
11.66	5	2.23607	1.03858e-097	1.03858e-097	4.88871e-109	1.85847e-121	1
11.68	5	2.23607	1.80191e-098	1.80191e-098	5.25055e-110	4.74973e-122	1
11.69	3	1.73205	7.4869e-099	7.4869e-099	1.71447e-110	2.39822e-122	1
11.71	4	2	1.28614e-099	1.28614e-099	1.81476e-111	6.09895e-123	1
11.72	2	1.41421	5.31747e-100	5.31747e-100	5.88278e-112	3.07186e-123	1
11.74	1	1	9.04453e-101	9.04453e-101	6.13691e-113	7.77361e-124	1
11.76	3	1.73205	1.52826e-101	1.52826e-101	6.34021e-114	1.96071e-124	1
11.77	3	1.73205	6.2665e-102	6.2665e-102	2.03049e-114	9.83492e-125	1
11.79	3	1.73205	1.04841e-102	1.04841e-102	2.06744e-115	2.46839e-125	1
11.8	0	1	4.27765e-103	4.27765e-103	6.57306e-116	1.23509e-125	1
11.82	2	1.41421	7.08605e-104	7.08605e-104	6.59597e-117	3.08458e-126	1
11.84	3	1.73205	1.16609e-104	1.16609e-104	6.55504e-118	7.67826e-127	1
11.85	1	1	4.71868e-105	4.71868e-105	2.05894e-118	3.82613e-127	1
11.87	3	1.73205	7.68853e-106	7.68853e-106	2.0166e-119	9.4772e-128	1
11.88	3	1.73205	3.09584e-106	3.09584e-106	6.2882e-120	4.71089e-128	1
11.9	1	1	4.99454e-107	4.99454e-107	6.06989e-121	1.16112e-128	1
11.91	6	2.44949	2.00114e-107	2.00114e-107	1.879e-121	5.75742e-129	1
11.93	1	1	3.19661e-108	3.19661e-108	1.78756e-122	1.41207e-129	1
11.95	4	2	5.07259e-109	5.07259e-109	1.68415e-123	3.45185e-130	1
11.96	1	1	2.01569e-109	2.01569e-109	5.15061e-124	1.70457e-130	1
11.98	3	1.73205	3.16708e-110	3.16708e-110	4.78251e-125	4.14634e-131	1
11.99	3	1.73205	1.25228e-110	1.25228e-110	1.45203e-125	2.04246e-131	1
12.01	2	1.41421	1.94819e-111	1.94819e-111	1.32877e-126	4.94377e-132	1
12.03	1	1	3.01085e-112	3.01085e-112	1.20424e-127	1.1927e-132	1
12.04	2	1.41421	1.18071e-112	1.18071e-112	3.61213e-128	5.85103e-133	1
12.06	3	1.73205	1.80674e-113	1.80674e-113	3.2263e-129	1.40462e-133	1
12.07	4	2	7.05011e-114	7.05011e-114	9.60716e-130	6.87364e-134	1
12.09	2	1.41421	1.06818e-114	1.06818e-114	8.45697e-131	1.64198e-134	1
12.1	2	1.41421	4.14755e-115	4.14755e-115	2.50002e-131	8.01534e-135	1
12.12	4	2	6.22205e-116	6.22205e-116	2.16891e-132	1.90527e-135	1
12.14	2	1.41421	9.27267e-117	9.27267e-117	1.86349e-133	4.51399e-136	1
12.15	0	1	3.57079e-117	3.57079e-117	5.44238e-134	2.19445e-136	1
12.17	1	1	5.26903e-118	5.26903e-118	4.60841e-135	5.1735e-137	1
12.18	1	1	2.019e-118	2.019e-118	1.33614e-135	2.50886e-137	1
12.2	3	1.73205	2.94983e-119	2.94983e-119	1.11505e-136	5.88556e-138	1
12.22	6	2.44949	4.28141e-120	4.28141e-120	9.21556e-138	1.37616e-138	1
12.23	3	1.73205	1.62707e-120	1.62707e-120	2.6397e-138	6.64619e-139	1
12.25	1	1	2.33824e-121	2.33824e-121	2.15011e-139	1.54635e-139	1
12.26	6	2.44949	8.84209e-122	8.84209e-122	6.11413e-140	7.44969e-140	1
12.28	3	1.73205	1.25815e-122	1.25815e-122	4.90817e-141	1.72475e-140	1
12.29	3	1.73205	4.73419e-123	4.73419e-123	1.38558e-141	8.28865e-141	1
12.31	1	1	6.66989e-124	6.66989e-124	1.09621e-142	1.90953e-141	1
12.33	3	1.73205	9.33514e-125	9.33514e-125	8.58905e-144	4.38468e-142	1
12.34	5	2.23607	3.48374e-125	3.48374e-125	2.39546e-144	2.09849e-142	1
12.36	2	1.41421	4.82772e-126	4.82772e-126	1.84977e-145	4.79481e-143	1
12.37	0	1	1.79273e-126	1.79273e-126	5.12155e-146	2.28911e-143	1
12.39	7	2.64575	2.45983e-127	2.45983e-127	3.8977e-147	5.20459e-144	1
12.4	5	2.23607	9.08916e-128	9.08916e-128	1.07135e-147	2.47862e-144	1
12.42	4	2	1.23484e-128	1.23484e-128	8.03559e-149	5.60766e-145	1
12.44	3	1.73205	1.66657e-129	1.66657e-129	5.96883e-150	1.26451e-145	1
12.45	4	2	6.10737e-130	6.10737e-130	1.62086e-150	5.99733e-146	1
12.47	3	1.73205	8.16138e-131	8.16138e-131	1.18658e-151	1.34572e-146	1
12.48	1	1	2.97606e-131	2.97606e-131	3.19882e-152	6.3667e-147	1
12.5	4	2	3.93772e-132	3.93772e-132	2.30791e-153	1.42156e-147	1
12.52	9	3	5.1758e-133	5.1758e-133	1.64905e-154	3.16361e-148	1
12.53	1	1	1.87184e-133	1.87184e-133	4.39199e-155	1.49058e-148	1
12.55	6	2.44949	2.4361e-134	2.4361e-134	3.09283e-156	3.30086e-149	1
12.56	4	2	8.76662e-135	8.76662e-135	8.17753e-157	1.55141e-149	1
12.58	4	2	1.12968e-135	1.12968e-135	5.67537e-158	3.41864e-150	1
12.59	3	1.73205	4.04518e-136	4.04518e-136	1.48971e-158	1.6028e-150	1
12.61	7	2.64575	5.16124e-137	5.16124e-137	1.01895e-159	3.51446e-151	1
12.63	4	2	6.54183e-138	6.54183e-138	6.90222e-161	7.68083e-152	1
12.64	7	2.64575	2.32325e-138	2.32325e-138	1.78989e-161	3.58629e-152	1
12.66	2	1.41421	2.91565e-139	2.91565e-139	1.19493e-162	7.79918e-153	1
12.67	1	1	1.03033e-139	1.03033e-139	3.07624e-163	3.63257e-153	1
12.69	3	1.73205	1.2803e-140	1.2803e-140	2.02402e-164	7.86086e-154	1
12.71	3	1.73205	1.58043e-141	1.58043e-141	1.31885e-165	1.69549e-154	1
12.72	7	2.64575	5.539e-142	5.539e-142	3.35432e-166	7.86452e-155	1
12.74	4	2	6.77e-143	6.77e-143	2.15409e-167	1.68792e-155	1
12.75	3	1.73205	2.36097e-143	2.36097e-143	5.43893e-168	7.81006e-156	1
12.77	5	2.23607	2.85722e-144	2.85722e-144	3.44232e-169	1.66797e-156	1
12.78	4	2	9.91501e-145	9.91501e-145	8.62859e-170	7.69871e-157	1
12.8	2	1.41421	1.18806e-145	1.18806e-145	5.38216e-171	1.63608e-157	1
12.82	4	2	1.41421e-146	1.41421e-146	3.32475e-172	3.46546e-158	1
12.83	4	2	4.86717e-147	4.86717e-147	8.23341e-173	1.59295e-158	1
12.85	2	1.41421	5.7365e-148	5.7365e-148	5.01257e-174	3.35747e-159	1
12.86	7	2.64575	1.96452e-148	1.96452e-148	1.23231e-174	1.5395e-159	1
12.88	4	2	2.29256e-149	2.29256e-149	7.39403e-176	3.22882e-160	1
12.9	4	2	2.65775e-150	2.65775e-150	4.39366e-177	6.74959e-161	1
12.91	1	1	9.02683e-151	9.02683e-151	1.06713e-177	3.08217e-161	1
12.93	7	2.64575	1.03615e-151	1.03615e-151	6.24948e-179	6.41127e-162	1
12.94	3	1.73205	3.5018e-152	3.5018e-152	1.50687e-179	2.92045e-162	1
12.96	1	1	3.97992e-153	3.97992e-153	8.69719e-181	6.04492e-163	1
12.97	3	1.73205	1.33841e-153	1.33841e-153	2.08185e-181	2.74678e-163	1
12.99	1	1	1.50614e-154	1.50614e-154	1.18422e-182	5.65742e-164	1
13.01	3	1.73205	1.68373e-155	1.68373e-155	6.67114e-184	1.1614e-164	1
13.02	1	1	5.61564e-156	5.61564e-156	1.57762e-184	5.25566e-165	1
13.04	3	1.73205	6.21585e-157	6.21585e-157	8.75891e-186	1.0736e-165	1
13.05	2	1.41421	2.06288e-157	2.06288e-157	2.05633e-186	4.84637e-166	1
13.07	3	1.73205	2.26084e-158	2.26084e-158	1.12517e-187	9.85115e-167	1
13.09	1	1	2.46147e-159	2.46147e-159	6.09719e-189	1.99585e-167	1
13.1	0	1	8.10178e-160	8.10178e-160	1.41418e-189	8.97244e-168	1
13.12	1	1	8.73372e-161	8.73372e-161	7.55257e-191	1.80886e-168	1
13.13	2	1.41421	2.86044e-161	2.86044e-161	1.73904e-191	8.11175e-169	1
13.15	3	1.73205	3.05313e-162	3.05313e-162	9.15331e-193	1.62728e-169	1
13.16	1	1	9.95007e-163	9.95007e-163	2.09234e-193	7.27947e-170	1
13.18	5	2.23607	1.05156e-163	1.05156e-163	1.08537e-194	1.45312e-170	1
13.2	0	1	1.10401e-164	1.104e-164	5.57587e-196	2.89116e-171	1
13.21	0	1	3.56832e-165	3.56831e-165	1.25921e-196	1.28801e-171	1
13.23	2	1.41421	3.70933e-166	3.70932e-166	6.37545e-198	2.55003e-172	1
13.24	2	1.41421	1.19298e-166	1.19298e-166	1.42934e-198	1.13324e-172	1
13.26	1	1	1.22789e-167	1.22789e-167	7.13226e-200	2.23253e-173	1
13.28	0	1	1.2555e-168	1.2555e-168	3.52455e-201	4.38375e-174	1
13.29	4	2	4.00469e-169	4.00467e-169	7.80659e-202	1.94014e-174	1
13.31	2	1.41421	4.05434e-170	4.0543e-170	3.80204e-203	3.79082e-175	1
13.32	4	2	1.28683e-170	1.28681e-170	8.36015e-204	1.67358e-175	1
13.34	2	1.41421	1.28994e-171	1.28991e-171	4.01281e-205	3.25388e-176	1
13.35	2	1.41421	4.07398e-172	4.07384e-172	8.75961e-206	1.43299e-176	1
13.37	5	2.23607	4.04364e-173	4.04336e-173	4.14379e-207	2.77237e-177	1
13.39	3	1.73205	3.9872e-174	3.98667e-174	1.94132e-208	5.346e-178	1
13.4	1	1	1.24896e-174	1.24873e-174	4.18664e-209	2.34467e-178	1
13.42	2	1.41421	1.21952e-175	1.21907e-175	1.93305e-210	4.49897e-179	1
13.43	3	1.73205	3.80154e-176	3.79957e-176	4.13857e-211	1.9683e-179	1
13.45	1	1	3.67651e-177	3.67275e-177	1.88325e-212	3.75818e-180	1
13.46	2	1.41421	1.14069e-177	1.13905e-177	4.00271e-213	1.64015e-180	1
13.48	3	1.73205	1.09328e-178	1.09017e-178	1.7951e-214	3.11618e-181	1
13.5	4	2	1.04241e-179	1.03651e-179	7.97278e-216	5.90107e-182	1
13.51	3	1.73205	3.21379e-180	3.18814e-180	1.67413e-216	2.56477e-182	1
13.53	0	1	3.04965e-181	3.00132e-181	7.32807e-218	4.83293e-183	1
13.54	5	2.23607	9.39546e-182	9.18593e-182	1.5276e-218	2.09534e-183	1
13.56	8	2.82843	8.95522e-183	8.56233e-183	6.59002e-220	3.92889e-184	1
13.58	7	2.64575	8.66276e-184	7.92849e-184	2.81547e-221	7.34269e-185	1
13.59	2	1.41421	2.72369e-184	2.40665e-184	5.79833e-222	3.17038e-185	1
13.61	1	1	2.7961e-185	2.20651e-185	2.44144e-223	5.8959e-186	1
13.62	3	1.73205	9.20404e-186	6.66463e-186	4.99156e-224	2.53941e-186	1
13.64	4	2	1.07493e-186	6.05011e-187	2.07137e-225	4.69921e-187	1
13.65	2	1.41421	3.83735e-187	1.81836e-187	4.20425e-226	2.01899e-187	1
13.67	6	2.44949	5.35217e-188	1.63441e-188	1.71945e-227	3.71776e-188	1
13.69	3	1.73205	8.28272e-189	1.45939e-189	6.96425e-229	6.82333e-189	1
13.7	1	1	3.35457e-189	4.35012e-190	1.39649e-229	2.91956e-189	1
13.72	1	1	5.71655e-190	3.84598e-191	5.57445e-231	5.33196e-190	1
13.73	2	1.41421	2.38988e-190	1.14073e-191	1.1097e-231	2.2758e-190	1
13.75	4	2	4.23564e-191	9.9858e-193	4.36563e-233	4.13578e-191	1
13.77	2	1.41421	7.57801e-192	8.68384e-194	1.70089e-234	7.49117e-192	1
13.78	1	1	3.20981e-192	2.55446e-194	3.34512e-235	3.18426e-192	1
13.8	8	2.82843	5.76124e-193	2.1995e-195	1.28446e-236	5.73925e-193	1
13.81	3	1.73205	2.43999e-193	6.43811e-196	2.5078e-237	2.43356e-193	1
13.83	6	2.44949	4.37005e-194	5.48879e-197	9.4903e-239	4.36456e-194	1
13.84	2	1.41421	1.84769e-194	1.59867e-197	1.83947e-239	1.8461e-194	1
13.86	1	1	3.29599e-195	1.34949e-198	6.86054e-241	3.29464e-195	1
13.88	4	2	5.86157e-196	1.13165e-199	2.53402e-242	5.86044e-196	1
13.89	3	1.73205	2.46895e-196	3.26894e-200	4.85238e-243	2.46862e-196	1
13.91	1	1	4.36977e-197	2.7142e-201	1.76639e-244	4.36949e-197	1
13.92	4	2	1.83612e-197	7.80161e-202	3.35792e-245	1.83604e-197	1
13.94	1	1	3.23386e-198	6.41378e-203	1.2047e-246	3.2338e-198	1
13.96	7	2.64575	5.67697e-199	5.2381e-204	4.2803e-248	5.67691e-199	1
13.97	7	2.64575	2.37563e-199	1.49323e-204	8.03879e-249	2.37561e-199	1
13.99	7	2.64575	4.14982e-200	1.20748e-205	2.81491e-250	4.14981e-200	1
14	4	2	1.73228e-200	3.42517e-206	5.24832e-251	1.73228e-200	1
14.02	4	2	3.0111e-201	2.7424e-207	1.81123e-252	3.0111e-201	1
14.03	5	2.23607	1.25384e-201	7.74066e-208	3.3525e-253	1.25384e-201	1
14.05	4	2	2.16872e-202	6.1365e-209	1.14025e-254	2.16872e-202	1
14.07	4	2	3.7388e-203	4.83274e-210	3.84075e-256	3.7388e-203	1
14.08	4	2	1.55046e-203	1.35286e-210	7.02335e-257	1.55046e-203	1
14.1	5	2.23607	2.65977e-204	1.05492e-211	2.33152e-258	2.65977e-204	1
14.11	4	2	1.10027e-204	2.9385e-212	4.2326e-259	1.10027e-204	1
14.13	2	1.41421	1.87818e-205	2.26875e-213	1.38478e-260	1.87818e-205	1
14.15	3	1.73205	3.19553e-206	1.74011e-214	4.48685e-262	3.19553e-206	1
14.16	1	1	1.31647e-206	4.80724e-215	8.04714e-263	1.31647e-206	1
14.18	5	2.23607	2.22879e-207	3.65074e-216	2.56969e-264	2.22879e-207	1
14.19	3	1.73205	9.15933e-208	1.00357e-216	4.5753e-265	9.15933e-208	1
14.21	3	1.73205	1.54304e-208	7.54615e-218	1.43992e-266	1.54304e-208	1
14.22	3	1.73205	6.32555e-209	2.06414e-218	2.54516e-267	6.32555e-209	1
14.24	2	1.41421	1.06039e-209	1.53678e-219	7.89427e-269	1.06039e-209	1
14.26	3	1.73205	1.77175e-210	1.13662e-220	2.4249e-270	1.77175e-210	1
14.27	4	2	7.23327e-211	3.08347e-221	4.23453e-271	7.23327e-211	1
14.29	2	1.41421	1.20261e-211	2.25807e-222	1.28193e-272	1.20261e-211	1
14.3	9	3	4.89761e-212	6.0955e-223	2.22237e-273	4.89761e-212	1
14.32	2	1.41421	8.10268e-213	4.41978e-224	6.63064e-275	8.10268e-213	1
14.34	2	1.41421	1.33611e-213	3.18362e-225	1.95921e-276	1.33611e-213	1
14.35	2	1.41421	5.41892e-214	8.52326e-226	3.35555e-277	5.41892e-214	1
14.37	3	1.73205	8.8916e-215	6.07884e-227	9.77165e-279	8.8916e-215	1
14.38	5	2.23607	3.59731e-215	1.61939e-227	1.66146e-279	3.59731e-215	1
14.4	3	1.73205	5.87352e-216	1.14357e-228	4.7684e-281	5.87352e-216	1
14.41	0	1	2.3704e-216	3.03138e-229	8.04885e-282	2.3704e-216	1
14.43	4	2	3.85121e-217	2.11955e-230	2.27665e-283	3.85121e-217	1
14.45	5	2.23607	6.23651e-218	1.47224e-231	6.37739e-285	6.23651e-218	1
14.46	1	1	2.50655e-218	3.87051e-232	1.0635e-285	2.50655e-218	1
14.48	3	1.73205	4.03901e-219	2.66192e-233	2.93605e-287	4.03901e-219	1
14.49	3	1.73205	1.61934e-219	6.96359e-234	4.86066e-288	1.61934e-219	1
14.51	1	1	2.5965e-220	4.74193e-235	1.32252e-289	2.5965e-220	1
14.53	5	2.23607	4.14964e-221	3.2078e-236	3.56362e-291	4.14964e-221	1
14.54	2	1.41421	1.65685e-221	8.32254e-237	5.8285e-292	1.65685e-221	1
14.56	5	2.23607	2.63487e-222	5.57445e-238	1.54784e-293	2.63487e-222	1
14.57	5	2.23607	1.04944e-222	1.43913e-238	2.51322e-294	1.04944e-222	1
14.59	2	1.41421	1.66069e-223	9.54418e-240	6.57778e-296	1.66069e-223	1
14.6	3	1.73205	6.59805e-224	2.45179e-240	1.06029e-296	6.59805e-224	1
14.62	4	2	1.03896e-224	1.60997e-241	2.73495e-298	1.03896e-224	1
14.64	3	1.73205	1.6306e-225	1.05022e-242	6.98655e-300	1.6306e-225	1
14.65	2	1.41421	6.4519e-226	2.6757e-243	1.1126e-300	6.4519e-226	1
14.67	5	2.23607	1.00761e-226	1.7282e-244	2.80111e-302	1.00761e-226	1
14.68	0	1	3.97703e-227	4.38125e-245	4.4284e-303	3.97703e-227	1
14.7	5	2.23607	6.18042e-228	2.80189e-246	1.0988e-304	6.18042e-228	1
14.71	6	2.44949	2.43338e-228	7.06806e-247	1.72453e-305	2.43338e-228	1
14.73	0	1	3.76291e-229	4.47556e-248	4.21717e-307	3.76291e-229	1
14.75	3	1.73205	5.79969e-230	2.8153e-249	1.02131e-308	5.79969e-230	1
14.76	4	2	2.2741e-230	7.04346e-250	1.58359e-309	2.2741e-230	1
14.78	6	2.44949	3.48775e-231	4.38689e-251	3.7797e-311	3.48775e-231	1
14.79	3	1.73205	1.36419e-231	1.09211e-251	5.81813e-312	1.36419e-231	1
14.81	3	1.73205	2.08193e-232	6.7349e-253	1.3686e-313	2.08193e-232	1
14.83	1	1	3.16683e-233	4.12597e-254	3.18826e-315	3.16683e-233	1
14.84	1	1	1.23358e-233	1.0187e-254	4.84856e-316	1.23358e-233	1
14.86	2	1.41421	1.86715e-234	6.17925e-256	1.11319e-317	1.86715e-234	1
14.87	3	1.73205	7.25519e-235	1.51811e-256	1.6793e-318	7.25519e-235	1
14.89	3	1.73205	1.09273e-235	9.11774e-258	3.60717e-320	1.09273e-235	1
14.9	2	1.41421	4.23556e-236	2.22896e-258	4.00687e-321	4.23556e-236	1
14.92	2	1.41421	6.34792e-237	1.3255e-259	0	6.34792e-237	1
14.94	2	1.41421	9.48244e-238	7.83046e-261	0	9.48244e-238	1
14.95	1	1	3.6604e-238	1.89852e-261	0	3.6604e-238	1
14.97	0	1	5.4409e-239	1.11049e-262	0	5.4409e-239	1
14.98	1	1	2.0951e-239	2.67911e-263	0	2.0951e-239	1
15	1	1	3.09886e-240	1.55162e-264	0	3.09886e-240	1
15.02	3	1.73205	4.56844e-241	8.92712e-266	0	4.56844e-241	1
15.03	5	2.23607	1.75192e-241	2.13598e-266	0	1.75192e-241	1
15.05	5	2.23607	2.57e-242	1.21679e-267	0	2.57e-242	1
15.06	4	2	9.83121e-243	2.89701e-268	0	9.83121e-243	1
15.08	6	2.44949	1.43509e-243	1.63405e-269	0	1.43509e-243	1
15.09	1	1	5.47621e-244	3.8712e-270	0	5.47621e-244	1
15.11	6	2.44949	7.9544e-245	2.16199e-271	0	7.9544e-245	1
15.13	4	2	1.1516e-245	1.19948e-272	0	1.1516e-245	1
15.14	2	1.41421	4.37638e-246	2.81828e-273	0	4.37638e-246	1
15.16	3	1.73205	6.30471e-247	1.54816e-274	0	6.30471e-247	1
15.17	1	1	2.39003e-247	3.61956e-275	0	2.39003e-247	1
15.19	2	1.41421	3.42616e-248	1.96871e-276	0	3.42616e-248	1
15.21	2	1.41421	4.89531e-249	1.06375e-277	0	4.89531e-249	1
15.22	5	2.23607	1.84812e-249	2.46655e-278	0	1.84812e-249	1
15.24	0	1	2.62758e-250	1.31959e-279	0	2.62758e-250	1
15.25	3	1.73205	9.8954e-251	3.04466e-280	0	9.8954e-251	1
15.27	0	1	1.39995e-251	1.61281e-281	0	1.39995e-251	1
15.28	3	1.73205	5.25917e-252	3.70279e-282	0	5.25917e-252	1
15.3	4	2	7.40375e-253	1.94208e-283	0	7.40375e-253	1
15.32	2	1.41421	1.03886e-253	1.0119e-284	0	1.03886e-253	1
15.33	3	1.73205	3.8866e-254	2.30406e-285	0	3.8866e-254	1
15.35	3	1.73205	5.42659e-255	1.18866e-286	0	5.42659e-255	1
15.36	3	1.73205	2.02521e-255	2.69316e-287	0	2.02521e-255	1
15.38	2	1.41421	2.81372e-256	1.37568e-288	0	2.81372e-256	1
15.4	3	1.73205	3.89637e-257	6.98081e-290	0	3.89637e-257	1
15.41	4	2	1.44815e-257	1.56864e-290	0	1.44815e-257	1
15.43	4	2	1.99548e-258	7.8814e-292	0	1.99548e-258	1
15.44	2	1.41421	7.39823e-259	1.76225e-292	0	7.39823e-259	1
15.46	6	2.44949	1.01441e-259	8.76683e-294	0	1.01441e-259	1
15.47	0	1	3.75165e-260	1.95054e-294	0	3.75165e-260	1
15.49	2	1.41421	5.11875e-261	9.60779e-296	0	5.11875e-261	1
15.51	1	1	6.96105e-262	4.70135e-297	0	6.96105e-262	1
15.52	2	1.41421	2.56386e-262	1.0374e-297	0	2.56386e-262	1
15.54	1	1	3.46943e-263	5.02619e-299	0	3.46943e-263	1
15.55	2	1.41421	1.27469e-263	1.10359e-299	0	1.27469e-263	1
15.57	4	2	1.71641e-264	5.29416e-301	0	1.71641e-264	1
15.59	1	1	2.30361e-265	2.52298e-302	0	2.30361e-265	1
15.6	2	1.41421	8.4288e-266	5.4941e-303	0	8.4288e-266	1
15.62	2	1.41421	1.12566e-266	2.59244e-304	0	1.12566e-266	1
15.63	5	2.23607	4.10857e-267	5.61742e-305	0	4.10857e-267	1
15.65	1	1	5.45991e-268	2.62448e-306	0	5.45991e-268	1
15.66	2	1.41421	1.98791e-268	5.65874e-307	0	1.98791e-268	1
15.68	2	1.41421	2.62873e-269	2.6177e-308	0	2.62873e-269	1
15.7	1	1	3.46468e-270	1.20296e-309	0	3.46468e-270	1
15.71	2	1.41421	1.25628e-270	2.5724e-310	0	1.25628e-270	1
15.73	0	1	1.64762e-271	1.17047e-311	0	1.64762e-271	1
15.74	4	2	5.95945e-272	2.49056e-312	0	5.95945e-272	1
15.76	2	1.41421	7.77734e-273	1.12206e-313	0	7.77734e-273	1
15.77	0	1	2.80613e-273	2.37574e-314	0	2.80613e-273	1
15.79	5	2.23607	3.64407e-274	1.05977e-315	0	3.64407e-274	1
15.81	0	1	4.71666e-275	4.69599e-317	0	4.71666e-275	1
15.82	1	1	1.69482e-275	9.86011e-318	0	1.69482e-275	1
15.84	2	1.41421	2.18285e-276	4.30455e-319	0	2.18285e-276	1
15.85	0	1	7.82418e-277	8.07106e-320	0	7.82418e-277	1
15.87	1	1	1.00275e-277	0	0	1.00275e-277	1
15.89	1	1	1.28091e-278	0	0	1.28091e-278	1
15.9	2	1.41421	4.57241e-279	0	0	4.57241e-279	1
15.92	1	1	5.81198e-280	0	0	5.81198e-280	1
15.93	1	1	2.06955e-280	0	0	2.06955e-280	1
15.95	1	1	2.61764e-281	0	0	2.61764e-281	1
15.96	2	1.41421	9.29799e-282	0	0	9.29799e-282	1
15.98	1	1	1.17024e-282	0	0	1.17024e-282	1
16	0	1	1.46802e-283	0	0	1.46802e-283	1
16.01	2	1.41421	5.19304e-284	0	0	5.19304e-284	1
16.03	1	1	6.48233e-285	0	0	6.48233e-285	1
16.04	5	2.23607	2.28744e-285	0	0	2.28744e-285	1
16.06	2	1.41421	2.84127e-286	0	0	2.84127e-286	1
16.08	0	1	3.51758e-287	0	0	3.51758e-287	1
16.09	2	1.41421	1.23616e-287	0	0	1.23616e-287	1
16.11	2	1.41421	1.52286e-288	0	0	1.52286e-288	1
16.12	6	2.44949	5.33846e-289	0	0	5.33846e-289	1
16.14	5	2.23607	6.54419e-290	0	0	6.54419e-290	1
16.15	2	1.41421	2.28844e-290	0	0	2.28844e-290	1
16.17	0	1	2.79147e-291	0	0	2.79147e-291	1
16.19	2	1.41421	3.39387e-292	0	0	3.39387e-292	1
16.2	1	1	1.18192e-292	0	0	1.18192e-292	1
16.22	0	1	1.4299e-293	0	0	1.4299e-293	1
16.23	2	1.41421	4.96739e-294	0	0	4.96739e-294	1
16.25	2	1.41421	5.97996e-295	0	0	5.97996e-295	1
16.27	0	1	7.17526e-296	0	0	7.17526e-296	1
16.28	2	1.41421	2.48239e-296	0	0	2.48239e-296	1
16.3	2	1.41421	2.9639e-297	0	0	2.9639e-297	1
16.31	1	1	1.02288e-297	0	0	1.02288e-297	1
16.33	2	1.41421	1.21526e-298	0	0	1.21526e-298	1
16.34	5	2.23607	4.18367e-299	0	0	4.18367e-299	1
16.36	0	1	4.94604e-300	0	0	4.94604e-300	1
16.38	2	1.41421	5.82811e-301	0	0	5.82811e-301	1
16.39	0	1	1.99814e-301	0	0	1.99814e-301	1
16.41	3	1.73205	2.34288e-302	0	0	2.34288e-302	1
16.42	0	1	8.01263e-303	0	0	8.01263e-303	1
16.44	3	1.73205	9.34872e-304	0	0	9.34872e-304	1
16.46	2	1.41421	1.08717e-304	0	0	1.08717e-304	1
16.47	0	1	3.70284e-305	0	0	3.70284e-305	1
16.49	0	1	4.28485e-306	0	0	4.28485e-306	1
16.5	2	1.41421	1.45579e-306	0	0	1.45579e-306	1
16.52	2	1.41421	1.67631e-307	0	0	1.67631e-307	1
16.53	1	1	5.68125e-308	0	0	5.68125e-308	1
16.55	0	1	6.50956e-309	0	0	6.50956e-309	1
16.57	5	2.23607	7.4341e-310	0	0	7.4341e-310	1
16.58	1	1	2.50917e-310	0	0	2.50917e-310	1
16.6	2	1.41421	2.85142e-311	0	0	2.85142e-311	1
16.61	1	1	9.60042e-312	0	0	9.60042e-312	1
16.63	3	1.73205	1.08561e-312	0	0	1.08561e-312	1
16.65	1	1	1.22357e-313	0	0	1.22357e-313	1
16.66	4	2	4.10269e-314	0	0	4.10269e-314	1
16.68	2	1.41421	4.60125e-315	0	0	4.60125e-315	1
16.69	2	1.41421	1.53902e-315	0	0	1.53902e-315	1
16.71	2	1.41421	1.71753e-316	0	0	1.71753e-316	1
16.72	1	1	5.73057e-317	0	0	5.73057e-317	1
16.74	1	1	6.3636e-318	0	0	6.3636e-318	1
16.76	3	1.73205	7.04335e-319	0	0	7.04335e-319	1
16.77	2	1.41421	2.33836e-319	0	0	2.33836e-319	1
16.79	3	1.73205	2.56914e-320	0	0	2.56914e-320	1
16.8	2	1.41421	8.49299e-321	0	0	8.49299e-321	1
16.82	2	1.41421	8.69556e-322	0	0	8.69556e-322	1
16.83	4	2	2.17389e-322	0	0	2.17389e-322	1
16.85	2	1.41421	0	0	0	0	1
16.87	3	1.73205	0	0	0	0	1
16.88	4	2	0	0	0	0	1
16.9	3	1.73205	0	0	0	0	1
16.91	3	1.73205	0	0	0	0	1
16.93	1	1	0	0	0	0	1
16.95	2	1.41421	0	0	0	0	1
16.96	2	1.41421	0	0	0	0	1
16.98	2	1.41421	0	0	0	0	1
16.99	6	2.44949	0	0	0	0	1
17.01	2	1.41421	0	0	0	0	1
17.02	0	1	0	0	0	0	1
17.04	2	1.41421	0	0	0	0	1
17.06	1	1	0	0	0	0	1
17.07	3	1.73205	0	0	0	0	1
17.09	3	1.73205	0	0	0	0	1
17.1	2	1.41421	0	0	0	0	1
17.12	0	1	0	0	0	0	1
17.14	4	2	0	0	0	0	1
17.15	3	1.73205	0	0	0	0	1
17.17	3	1.73205	0	0	0	0	1
17.18	2	1.41421	0	0	0	0	1
17.2	4	2	0	0	0	0	1
17.21	2	1.41421	0	0	0	0	1
17.23	2	1.41421	0	0	0	0	1
17.25	1	1	0	0	0	0	1
17.26	3	1.73205	0	0	0	0	1
17.28	2	1.41421	0	0	0	0	1
17.29	6	2.44949	0	0	0	0	1
17.31	4	2	0	0	0	0	1
17.33	1	1	0	0	0	0	1
17.34	8	2.82843	0	0	0	0	1
17.36	1	1	0	0	0	0	1
17.37	4	2	0	0	0	0	1
17.39	8	2.82843	0	0	0	0	1
17.4	4	2	0	0	0	0	1
17.42	3	1.73205	0	0	0	0	1
17.44	5	2.23607	0	0	0	0	1
17.45	1	1	0	0	0	0	1
17.47	3	1.73205	0	0	0	0	1
17.48	3	1.73205	0	0	0	0	1
17.5	3	1.73205	0	0	0	0	1
17.52	6	2.44949	0	0	0	0	1
17.53	4	2	0	0	0	0	1
17.55	3	1.73205	0	0	0	0	1
17.56	4	2	0	0	0	0	1
17.58	4	2	0	0	0	0	1
17.59	3	1.73205	0	0	0	0	1
17.61	2	1.41421	0	0	0	0	1
17.63	0	1	0	0	0	0	1
17.64	4	2	0	0	0	0	1
17.66	2	1.41421	0	0	0	0	1
17.67	2	1.41421	0	0	0	0	1
17.69	3	1.73205	0	0	0	0	1
17.71	2	1.41421	0	0	0	0	1
17.72	1	1	0	0	0	0	1
17.74	4	2	0	0	0	0	1
17.75	3	1.73205	0	0	0	0	1
17.77	4	2	0	0	0	0	1
17.78	0	1	0	0	0	0	1
17.8	4	2	0	0	0	0	1
17.82	2	1.41421	0	0	0	0	1
17.83	2	1.41421	0	0	0	0	1
17.85	5	2.23607	0	0	0	0	1
17.86	4	2	0	0	0	0	1
17.88	3	1.73205	0	0	0	0	1
17.89	2	1.41421	0	0	0	0	1
17.91	1	1	0	0	0	0	1
17.93	1	1	0	0	0	0	1
17.94	2	1.41421	0	0	0	0	1
17.96	2	1.41421	0	0	0	0	1
17.97	4	2	0	0	0	0	1
17.99	2	1.41421	0	0	0	0	1
18.01	0	1	0	0	0	0	1
18.02	3	1.73205	0	0	0	0	1
18.04	0	1	0	0	0	0	1
18.05	2	1.41421	0	0	0	0	1
18.07	1	1	0	0	0	0	1
18.08	2	1.41421	0	0	0	0	1
18.1	2	1.41421	0	0	0	0	1
18.12	2	1.41421	0	0	0	0	1
18.13	2	1.41421	0	0	0	0	1
18.15	2	1.41421	0	0	0	0	1
18.16	0	1	0	0	0	0	1
18.18	2	1.41421	0	0	0	0	1
18.2	1	1	0	0	0	0	1
18.21	3	1.73205	0	0	0	0	1
18.23	3	1.73205	0	0	0	0	1
18.24	3	1.73205	0	0	0	0	1
18.26	3	1.73205	0	0	0	0	1
18.27	1	1	0	0	0	0	1
18.29	2	1.41421	0	0	0	0	1
18.31	2	1.41421	0	0	0	0	1
18.32	3	1.73205	0	0	0	0	1
18.34	3	1.73205	0	0	0	0	1
18.35	3	1.73205	0	0	0	0	1
18.37	0	1	0	0	0	0	1
18.39	3	1.73205	0	0	0	0	1
18.4	3	1.73205	0	0	0	0	1
18.42	3	1.73205	0	0	0	0	1
18.43	5	2.23607	0	0	0	0	1
18.45	1	1	0	0	0	0	1
18.46	3	1.73205	0	0	0	0	1
18.48	1	1	0	0	0	0	1
18.5	2	1.41421	0	0	0	0	1
18.51	1	1	0	0	0	0	1
18.53	2	1.41421	0	0	0	0	1
18.54	1	1	0	0	0	0	1
18.56	0	1	0	0	0	0	1
18.58	6	2.44949	0	0	0	0	1
18.59	2	1.41421	0	0	0	0	1
18.61	1	1	0	0	0	0	1
18.62	3	1.73205	0	0	0	0	1
18.64	2	1.41421	0	0	0	0	1
18.65	1	1	0	0	0	0	1
18.67	4	2	0	0	0	0	1
18.69	0	1	0	0	0	0	1
18.7	3	1.73205	0	0	0	0	1
18.72	1	1	0	0	0	0	1
18.73	3	1.73205	0	0	0	0	1
18.75	0	1	0	0	0	0	1
18.77	4	2	0	0	0	0	1
18.78	1	1	0	0	0	0	1
18.8	2	1.41421	0	0	0	0	1
18.81	2	1.41421	0	0	0	0	1
18.83	2	1.41421	0	0	0	0	1
18.84	1	1	0	0	0	0	1
18.86	3	1.73205	0	0	0	0	1
18.88	0	1	0	0	0	0	1
18.89	2	1.41421	0	0	0	0	1
18.91	3	1.73205	0	0	0	0	1
18.92	3	1.73205	0	0	0	0	1
18.94	6	2.44949	0	0	0	0	1
18.95	1	1	0	0	0	0	1
18.97	1	1	0	0	0	0	1
18.99	1	1	0	0	0	0	1
19	1	1	0	0	0	0	1
19.02	4	2	0	0	0	0	1
19.03	1	1	0	0	0	0	1
19.05	0	1	0	0	0	0	1
19.07	1	1	0	0	0	0	1
19.08	3	1.73205	0	0	0	0	1
19.1	0	1	0	0	0	0	1
19.11	1	1	0	0	0	0	1
19.13	0	1	0	0	0	0	1
19.14	2	1.41421	0	0	0	0	1
19.16	1	1	0	0	0	0	1
19.18	0	1	0	0	0	0	1
19.19	1	1	0	0	0	0	1
19.21	1	1	0	0	0	0	1
19.22	2	1.41421	0	0	0	0	1
19.24	1	1	0	0	0	0	1
19.26	2	1.41421	0	0	0	0	1
19.27	3	1.73205	0	0	0	0	1
19.29	0	1	0	0	0	0	1
19.3	1	1	0	0	0	0	1
19.32	1	1	0	0	0	0	1
19.33	1	1	0	0	0	0	1
19.35	2	1.41421	0	0	0	0	1
19.37	2	1.41421	0	0	0	0	1
19.38	1	1	0	0	0	0	1
19.4	0	1	0	0	0	0	1
19.41	2	1.41421	0	0	0	0	1
19.43	3	1.73205	0	0	0	0	1
19.45	1	1	0	0	0	0	1
19.46	0	1	0	0	0	0	1
19.48	3	1.73205	0	0	0	0	1
19.49	3	1.73205	0	0	0	0	1
19.51	2	1.41421	0	0	0	0	1
19.52	0	1	0	0	0	0	1
19.54	0	1	0	0	0	0	1
19.56	2	1.41421	0	0	0	0	1
19.57	2	1.41421	0	0	0	0	1
19.59	2	1.41421	0	0	0	0	1
19.6	0	1	0	0	0	0	1
19.62	3	1.73205	0	0	0	0	1
19.64	1	1	0	0	0	0	1
19.65	0	1	0	0	0	0	1
19.67	1	1	0	0	0	0	1
19.68	2	1.41421	0	0	0	0	1
19.7	1	1	0	0	0	0	1
19.71	0	1	0	0	0	0	1
19.73	0	1	0	0	0	0	1
19.75	4	2	0	0	0	0	1
19.76	2	1.41421	0	0	0	0	1
19.78	2	1.41421	0	0	0	0	1
19.79	1	1	0	0	0	0	1
19.81	0	1	0	0	0	0	1
19.83	1	1	0	0	0	0	1
19.84	2	1.41421	0	0	0	0	1
19.86	2	1.41421	0	0	0	0	1
19.87	2	1.41421	0	0	0	0	1
19.89	2	1.41421	0	0	0	0	1
19.9	2	1.41421	0	0	0	0	1
19.92	0	1	0	0	0	0	1
19.94	0	1	0	0	0	0	1
19.95	1	1	0	0	0	0	1
19.97	1	1	0	0	0	0	1
19.98	0	1	0	0	0	0	1
20	3	1.73205	0	0	0	0	1
20.02	0	1	0	0	0	0	1
20.03	3	1.73205	0	0	0	0	1
20.05	0	1	0	0	0	0	1
20.06	1	1	0	0	0	0	1
20.08	1	1	0	0	0	0	1
20.09	1	1	0	0	0	0	1
20.11	2	1.41421	0	0	0	0	1
20.13	0	1	0	0	0	0	1
20.14	1	1	0	0	0	0	1
20.16	1	1	0	0	0	0	1
20.17	0	1	0	0	0	0	1
20.19	1	1	0	0	0	0	1
20.2	2	1.41421	0	0	0	0	1
20.22	3	1.73205	0	0	0	0	1
20.24	2	1.41421	0	0	0	0	1
20.25	1	1	0	0	0	0	1
20.27	1	1	0	0	0	0	1
20.28	3	1.73205	0	0	0	0	1
20.3	2	1.41421	0	0	0	0	1
20.32	1	1	0	0	0	0	1
20.33	0	1	0	0	0	0	1
20.35	2	1.41421	0	0	0	0	1
20.36	2	1.41421	0	0	0	0	1
20.38	2	1.41421	0	0	0	0	1
20.39	1	1	0	0	0	0	1
20.41	1	1	0	0	0	0	1
20.43	2	1.41421	0	0	0	0	1
20.44	1	1	0	0	0	0	1
20.46	0	1	0	0	0	0	1
20.47	0	1	0	0	0	0	1
20.49	1	1	0	0	0	0	1
20.51	2	1.41421	0	0	0	0	1
20.52	1	1	0	0	0	0	1
20.54	0	1	0	0	0	0	1
20.55	2	1.41421	0	0	0	0	1
20.57	0	1	0	0	0	0	1
20.58	1	1	0	0	0	0	1
20.6	2	1.41421	0	0	0	0	1
20.62	3	1.73205	0	0	0	0	1
20.63	3	1.73205	0	0	0	0	1
20.65	0	1	0	0	0	0	1
20.66	0	1	0	0	0	0	1
20.68	1	1	0	0	0	0	1
20.7	1	1	0	0	0	0	1
20.71	1	1	0	0	0	0	1
20.73	2	1.41421	0	0	0	0	1
20.74	1	1	0	0	0	0	1
20.76	0	1	0	0	0	0	1
20.77	1	1	0	0	0	0	1
20.79	4	2	0	0	0	0	1
20.81	3	1.73205	0	0	0	0	1
20.82	3	1.73205	0	0	0	0	1
20.84	2	1.41421	0	0	0	0	1
20.85	2	1.41421	0	0	0	0	1
20.87	3	1.73205	0	0	0	0	1
20.89	0	1	0	0	0	0	1
20.9	1	1	0	0	0	0	1
20.92	0	1	0	0	0	0	1
20.93	2	1.41421	0	0	0	0	1
20.95	3	1.73205	0	0	0	0	1
20.96	4	2	0	0	0	0	1
20.98	2	1.41421	0	0	0	0	1
21	3	1.73205	0	0	0	0	1
21.01	5	2.23607	0	0	0	0	1
21.03	3	1.73205	0	0	0	0	1
21.04	2	1.41421	0	0	0	0	1
21.06	1	1	0	0	0	0	1
21.08	0	1	0	0	0	0	1
21.09	1	1	0	0	0	0	1
21.11	0	1	0	0	0	0	1
21.12	2	1.41421	0	0	0	0	1
21.14	3	1.73205	0	0	0	0	1
21.15	2	1.41421	0	0	0	0	1
21.17	1	1	0	0	0	0	1
21.19	7	2.64575	0	0	0	0	1
21.2	1	1	0	0	0	0	1
21.22	1	1	0	0	0	0	1
21.23	2	1.41421	0	0	0	0	1
21.25	4	2	0	0	0	0	1
21.26	2	1.41421	0	0	0	0	1
21.28	3	1.73205	0	0	0	0	1
21.3	1	1	0	0	0	0	1
21.31	0	1	0	0	0	0	1
21.33	0	1	0	0	0	0	1
21.34	2	1.41421	0	0	0	0	1
21.36	0	1	0	0	0	0	1
21.38	2	1.41421	0	0	0	0	1
21.39	1	1	0	0	0	0	1
21.41	0	1	0	0	0	0	1
21.42	1	1	0	0	0	0	1
21.44	4	2	0	0	0	0	1
21.45	1	1	0	0	0	0	1
21.47	4	2	0	0	0	0	1
21.49	1	1	0	0	0	0	1
21.5	1	1	0	0	0	0	1
21.52	1	1	0	0	0	0	1
21.53	2	1.41421	0	0	0	0	1
21.55	2	1.41421	0	0	0	0	1
21.57	1	1	0	0	0	0	1
21.58	1	1	0	0	0	0	1
21.6	1	1	0	0	0	0	1
21.61	3	1.73205	0	0	0	0	1
21.63	2	1.41421	0	0	0	0	1
21.64	0	1	0	0	0	0	1
21.66	1	1	0	0	0	0	1
21.68	1	1	0	0	0	0	1
21.69	2	1.41421	0	0	0	0	1
21.71	2	1.41421	0	0	0	0	1
21.72	2	1.41421	0	0	0	0	1
21.74	2	1.41421	0	0	0	0	1
21.76	2	1.41421	0	0	0	0	1
21.77	3	1.73205	0	0	0	0	1
21.79	0	1	0	0	0	0	1
21.8	1	1	0	0	0	0	1
21.82	0	1	0	0	0	0	1
21.83	0	1	0	0	0	0	1
21.85	1	1	0	0	0	0	1
21.87	2	1.41421	0	0	0	0	1
21.88	1	1	0	0	0	0	1
21.9	4	2	0	0	0	0	1
21.91	1	1	0	0	0	0	1
21.93	5	2.23607	0	0	0	0	1
21.95	1	1	0	0	0	0	1
21.96	2	1.41421	0	0	0	0	1
21.98	7	2.64575	0	0	0	0	1
21.99	2	1.41421	0	0	0	0	1
22.01	0	1	0	0	0	0	1
22.02	2	1.41421	0	0	0	0	1
22.04	1	1	0	0	0	0	1
22.06	2	1.41421	0	0	0	0	1
22.07	5	2.23607	0	0	0	0	1
22.09	0	1	0	0	0	0	1
22.1	0	1	0	0	0	0	1
22.12	3	1.73205	0	0	0	0	1
22.14	0	1	0	0	0	0	1
22.15	2	1.41421	0	0	0	0	1
22.17	1	1	0	0	0	0	1
22.18	0	1	0	0	0	0	1
22.2	1	1	0	0	0	0	1
22.21	1	1	0	0	0	0	1
22.23	2	1.41421	0	0	0	0	1
22.25	1	1	0	0	0	0	1
22.26	1	1	0	0	0	0	1
22.28	2	1.41421	0	0	0	0	1
22.29	2	1.41421	0	0	0	0	1
22.31	1	1	0	0	0	0	1
22.32	0	1	0	0	0	0	1
22.34	1	1	0	0	0	0	1
22.36	2	1.41421	0	0	0	0	1
22.37	1	1	0	0	0	0	1
22.39	0	1	0	0	0	0	1
22.4	2	1.41421	0	0	0	0	1
22.42	0	1	0	0	0	0	1
22.44	0	1	0	0	0	0	1
22.45	1	1	0	0	0	0	1
22.47	1	1	0	0	0	0	1
22.48	1	1	0	0	0	0	1
22.5	2	1.41421	0	0	0	0	1
22.51	0	1	0	0	0	0	1
22.53	3	1.73205	0	0	0	0	1
22.55	2	1.41421	0	0	0	0	1
22.56	2	1.41421	0	0	0	0	1
22.58	1	1	0	0	0	0	1
22.59	2	1.41421	0	0	0	0	1
22.61	1	1	0	0	0	0	1
22.63	0	1	0	0	0	0	1
22.64	0	1	0	0	0	0	1
22.66	2	1.41421	0	0	0	0	1
22.67	2	1.41421	0	0	0	0	1
22.69	1	1	0	0	0	0	1
22.7	0	1	0	0	0	0	1
22.72	1	1	0	0	0	0	1
22.74	0	1	0	0	0	0	1
22.75	0	1	0	0	0	0	1
22.77	2	1.41421	0	0	0	0	1
22.78	1	1	0	0	0	0	1
22.8	0	1	0	0	0	0	1
22.82	2	1.41421	0	0	0	0	1
22.83	1	1	0	0	0	0	1
22.85	0	1	0	0	0	0	1
22.86	2	1.41421	0	0	0	0	1
22.88	2	1.41421	0	0	0	0	1
22.89	0	1	0	0	0	0	1
22.91	0	1	0	0	0	0	1
22.93	1	1	0	0	0	0	1
22.94	0	1	0	0	0	0	1
22.96	1	1	0	0	0	0	1
22.97	0	1	0	0	0	0	1
22.99	1	1	0	0	0	0	1
23.01	0	1	0	0	0	0	1
23.02	0	1	0	0	0	0	1
23.04	2	1.41421	0	0	0	0	1
23.05	0	1	0	0	0	0	1
23.07	1	1	0	0	0	0	1
23.08	2	1.41421	0	0	0	0	1
23.1	1	1	0	0	0	0	1
23.12	1	1	0	0	0	0	1
23.13	0	1	0	0	0	0	1
23.15	0	1	0	0	0	0	1
23.16	0	1	0	0	0	0	1
23.18	2	1.41421	0	0	0	0	1
23.2	3	1.73205	0	0	0	0	1
23.21	0	1	0	0	0	0	1
23.23	1	1	0	0	0	0	1
23.24	1	1	0	0	0	0	1
23.26	2	1.41421	0	0	0	0	1
23.27	2	1.41421	0	0	0	0	1
23.29	1	1	0	0	0	0	1
23.31	0	1	0	0	0	0	1
23.32	1	1	0	0	0	0	1
23.34	0	1	0	0	0	0	1
23.35	2	1.41421	0	0	0	0	1
23.37	1	1	0	0	0	0	1
23.38	0	1	0	0	0	0	1
23.4	0	1	0	0	0	0	1
23.42	2	1.41421	0	0	0	0	1
23.43	0	1	0	0	0	0	1
23.45	1	1	0	0	0	0	1
23.46	1	1	0	0	0	0	1
23.48	2	1.41421	0	0	0	0	1
23.5	0	1	0	0	0	0	1
23.51	1	1	0	0	0	0	1
23.53	2	1.41421	0	0	0	0	1
23.54	0	1	0	0	0	0	1
23.56	0	1	0	0	0	0	1
23.57	0	1	0	0	0	0	1
23.59	1	1	0	0	0	0	1
23.61	2	1.41421	0	0	0	0	1
23.62	0	1	0	0	0	0	1
23.64	1	1	0	0	0	0	1
23.65	0	1	0	0	0	0	1
23.67	0	1	0	0	0	0	1
23.69	0	1	0	0	0	0	1
23.7	0	1	0	0	0	0	1
23.72	1	1	0	0	0	0	1
23.73	0	1	0	0	0	0	1
23.75	0	1	0	0	0	0	1
23.76	1	1	0	0	0	0	1
23.78	1	1	0	0	0	0	1
23.8	1	1	0	0	0	0	1
23.81	0	1	0	0	0	0	1
23.83	0	1	0	0	0	0	1
23.84	0	1	0	0	0	0	1
23.86	0	1	0	0	0	0	1
23.88	1	1	0	0	0	0	1
23.89	1	1	0	0	0	0	1
23.91	1	1	0	0	0	0	1
23.92	1	1	0	0	0	0	1
23.94	0	1	0	0	0	0	1
23.95	0	1	0	0	0	0	1
23.97	2	1.41421	0	0	0	0	1
23.99	1	1	0	0	0	0	1
24	0	1	0	0	0	0	1
24.02	0	1	0	0	0	0	1
24.03	1	1	0	0	0	0	1
24.05	0	1	0	0	0	0	1
24.07	1	1	0	0	0	0	1
24.08	1	1	0	0	0	0	1
24.1	1	1	0	0	0	0	1
24.11	0	1	0	0	0	0	1
24.13	1	1	0	0	0	0	1
24.14	1	1	0	0	0	0	1
24.16	1	1	0	0	0	0	1
24.18	0	1	0	0	0	0	1
24.19	2	1.41421	0	0	0	0	1
24.21	0	1	0	0	0	0	1
24.22	1	1	0	0	0	0	1
24.24	0	1	0	0	0	0	1
24.26	2	1.41421	0	0	0	0	1
24.27	2	1.41421	0	0	0	0	1
24.29	1	1	0	0	0	0	1
24.3	0	1	0	0	0	0	1
24.32	1	1	0	0	0	0	1
24.33	0	1	0	0	0	0	1
24.35	2	1.41421	0	0	0	0	1
24.37	0	1	0	0	0	0	1
24.38	1	1	0	0	0	0	1
24.4	1	1	0	0	0	0	1
24.41	0	1	0	0	0	0	1
24.43	0	1	0	0	0	0	1
24.45	2	1.41421	0	0	0	0	1
24.46	1	1	0	0	0	0	1
24.48	3	1.73205	0	0	0	0	1
24.49	0	1	0	0	0	0	1
24.51	4	2	0	0	0	0	1
24.52	0	1	0	0	0	0	1
24.54	2	1.41421	0	0	0	0	1
24.56	1	1	0	0	0	0	1
24.57	1	1	0	0	0	0	1
24.59	0	1	0	0	0	0	1
24.6	2	1.41421	0	0	0	0	1
24.62	0	1	0	0	0	0	1
24.63	1	1	0	0	0	0	1
24.65	2	1.41421	0	0	0	0	1
24.67	0	1	0	0	0	0	1
24.68	0	1	0	0	0	0	1
24.7	0	1	0	0	0	0	1
24.71	0	1	0	0	0	0	1
24.73	0	1	0	0	0	0	1
24.75	0	1	0	0	0	0	1
24.76	2	1.41421	0	0	0	0	1
24.78	0	1	0	0	0	0	1
24.79	0	1	0	0	0	0	1
24.81	1	1	0	0	0	0	1
24.82	1	1	0	0	0	0	1
24.84	0	1	0	0	0	0	1
24.86	1	1	0	0	0	0	1
24.87	1	1	0	0	0	0	1
24.89	1	1	0	0	0	0	1
24.9	1	1	0	0	0	0	1
24.92	0	1	0	0	0	0	1
24.94	1	1	0	0	0	0	1
24.95	0	1	0	0	0	0	1
24.97	0	1	0	0	0	0	1
24.98	0	1	0	0	0	0	1
25	0	1	0	0	0	0	1
25.01	1	1	0	0	0	0	1
25.03	0	1	0	0	0	0	1
25.05	0	1	0	0	0	0	1
25.06	0	1	0	0	0	0	1
25.08	0	1	0	0	0	0	1
25.09	1	1	0	0	0	0	1
25.11	1	1	0	0	0	0	1
25.13	0	1	0	0	0	0	1
25.14	0	1	0	0	0	0	1
25.16	0	1	0	0	0	0	1
25.17	1	1	0	0	0	0	1
25.19	0	1	0	0	0	0	1
25.2	1	1	0	0	0	0	1
25.22	0	1	0	0	0	0	1
25.24	0	1	0	0	0	0	1
25.25	1	1	0	0	0	0	1
25.27	0	1	0	0	0	0	1
25.28	1	1	0	0	0	0	1
25.3	1	1	0	0	0	0	1
25.32	0	1	0	0	0	0	1
25.33	0	1	0	0	0	0	1
25.35	0	1	0	0	0	0	1
25.36	0	1	0	0	0	0	1
25.38	0	1	0	0	0	0	1
25.39	2	1.41421	0	0	0	0	1
25.41	1	1	0	0	0	0	1
25.43	0	1	0	0	0	0	1
25.44	0	1	0	0	0	0	1
25.46	0	1	0	0	0	0	1
25.47	0	1	0	0	0	0	1
25.49	0	1	0	0	0	0	1
25.51	0	1	0	0	0	0	1
25.52	2	1.41421	0	0	0	0	1
25.54	0	1	0	0	0	0	1
25.55	0	1	0	0	0	0	1
25.57	1	1	0	0	0	0	1
25.58	1	1	0	0	0	0	1
25.6	2	1.41421	0	0	0	0	1
25.62	0	1	0	0	0	0	1
25.63	0	1	0	0	0	0	1
25.65	2	1.41421	0	0	0	0	1
25.66	0	1	0	0	0	0	1
25.68	0	1	0	0	0	0	1
25.69	0	1	0	0	0	0	1
25.71	3	1.73205	0	0	0	0	1
25.73	0	1	0	0	0	0	1
25.74	2	1.41421	0	0	0	0	1
25.76	1	1	0	0	0	0	1
25.77	0	1	0	0	0	0	1
25.79	1	1	0	0	0	0	1
25.81	0	1	0	0	0	0	1
25.82	0	1	0	0	0	0	1
25.84	0	1	0	0	0	0	1
25.85	0	1	0	0	0	0	1
25.87	1	1	0	0	0	0	1
25.88	0	1	0	0	0	0	1
25.9	1	1	0	0	0	0	1
25.92	1	1	0	0	0	0	1
25.93	1	1	0	0	0	0	1
25.95	0	1	0	0	0	0	1
25.96	0	1	0	0	0	0	1
25.98	1	1	0	0	0	0	1
26	0	1	0	0	0	0	1
26.01	0	1	0	0	0	0	1
26.03	0	1	0	0	0	0	1
26.04	3	1.73205	0	0	0	0	1
26.06	1	1	0	0	0	0	1
26.07	0	1	0	0	0	0	1
26.09	0	1	0	0	0	0	1
26.11	0	1	0	0	0	0	1
26.12	1	1	0	0	0	0	1
26.14	0	1	0	0	0	0	1
26.15	1	1	0	0	0	0	1
26.17	0	1	0	0	0	0	1
26.19	1	1	0	0	0	0	1
26.2	2	1.41421	0	0	0	0	1
26.22	0	1	0	0	0	0	1
26.23	0	1	0	0	0	0	1
26.25	1	1	0	0	0	0	1
26.26	0	1	0	0	0	0	1
26.28	0	1	0	0	0	0	1
26.3	0	1	0	0	0	0	1
26.31	0	1	0	0	0	0	1
26.33	0	1	0	0	0	0	1
26.34	1	1	0	0	0	0	1
26.36	2	1.41421	0	0	0	0	1
26.38	2	1.41421	0	0	0	0	1
26.39	1	1	0	0	0	0	1
26.41	0	1	0	0	0	0	1
26.42	0	1	0	0	0	0	1
26.44	1	1	0	0	0	0	1
26.45	2	1.41421	0	0	0	0	1
26.47	0	1	0	0	0	0	1
26.49	0	1	0	0	0	0	1
26.5	0	1	0	0	0	0	1
26.52	0	1	0	0	0	0	1
26.53	0	1	0	0	0	0	1
26.55	0	1	0	0	0	0	1
26.57	0	1	0	0	0	0	1
26.58	0	1	0	0	0	0	1
26.6	0	1	0	0	0	0	1
26.61	0	1	0	0	0	0	1
26.63	0	1	0	0	0	0	1
26.64	0	1	0	0	0	0	1
26.66	2	1.41421	0	0	0	0	1
26.68	1	1	0	0	0	0	1
26.69	1	1	0	0	0	0	1
26.71	3	1.73205	0	0	0	0	1
26.72	0	1	0	0	0	0	1
26.74	0	1	0	0	0	0	1
26.75	2	1.41421	0	0	0	0	1
26.77	0	1	0	0	0	0	1
26.79	0	1	0	0	0	0	1
26.8	0	1	0	0	0	0	1
26.82	1	1	0	0	0	0	1
26.83	0	1	0	0	0	0	1
26.85	0	1	0	0	0	0	1
26.87	0	1	0	0	0	0	1
26.88	0	1	0	0	0	0	1
26.9	0	1	0	0	0	0	1
26.91	0	1	0	0	0	0	1
26.93	0	1	0	0	0	0	1
26.94	0	1	0	0	0	0	1
26.96	0	1	0	0	0	0	1
26.98	0	1	0	0	0	0	1
26.99	0	1	0	0	0	0	1
27.01	1	1	0	0	0	0	1
27.02	1	1	0	0	0	0	1
27.04	1	1	0	0	0	0	1
27.06	0	1	0	0	0	0	1
27.07	0	1	0	0	0	0	1
27.09	0	1	0	0	0	0	1
27.1	0	1	0	0	0	0	1
27.12	0	1	0	0	0	0	1
27.13	1	1	0	0	0	0	1
27.15	0	1	0	0	0	0	1
27.17	0	1	0	0	0	0	1
27.18	1	1	0	0	0	0	1
27.2	1	1	0	0	0	0	1
27.21	0	1	0	0	0	0	1
27.23	0	1	0	0	0	0	1
27.25	1	1	0	0	0	0	1
27.26	0	1	0	0	0	0	1
27.28	0	1	0	0	0	0	1
27.29	0	1	0	0	0	0	1
27.31	0	1	0	0	0	0	1
27.32	0	1	0	0	0	0	1
27.34	1	1	0	0	0	0	1
27.36	2	1.41421	0	0	0	0	1
27.37	0	1	0	0	0	0	1
27.39	0	1	0	0	0	0	1
27.4	1	1	0	0	0	0	1
27.42	0	1	0	0	0	0	1
27.44	2	1.41421	0	0	0	0	1
27.45	0	1	0	0	0	0	1
27.47	1	1	0	0	0	0	1
27.48	0	1	0	0	0	0	1
27.5	0	1	0	0	0	0	1
27.51	0	1	0	0	0	0	1
27.53	0	1	0	0	0	0	1
27.55	1	1	0	0	0	0	1
27.56	0	1	0	0	0	0	1
27.58	0	1	0	0	0	0	1
27.59	0	1	0	0	0	0	1
27.61	0	1	0	0	0	0	1
27.63	0	1	0	0	0	0	1
27.64	0	1	0	0	0	0	1
27.66	0	1	0	0	0	0	1
27.67	1	1	0	0	0	0	1
27.69	0	1	0	0	0	0	1
27.7	1	1	0	0	0	0	1
27.72	1	1	0	0	0	0	1
27.74	0	1	0	0	0	0	1
27.75	0	1	0	0	0	0	1
27.77	1	1	0	0	0	0	1
27.78	0	1	0	0	0	0	1
27.8	1	1	0	0	0	0	1
27.81	0	1	0	0	0	0	1
27.83	0	1	0	0	0	0	1
27.85	0	1	0	0	0	0	1
27.86	1	1	0	0	0	0	1
27.88	1	1	0	0	0	0	1
27.89	0	1	0	0	0	0	1
27.91	2	1.41421	0	0	0	0	1
27.93	0	1	0	0	0	0	1
27.94	1	1	0	0	0	0	1
27.96	0	1	0	0	0	0	1
27.97	0	1	0	0	0	0	1
27.99	0	1	0	0	0	0	1
28	0	1	0	0	0	0	1
28.02	1	1	0	0	0	0	1
28.04	0	1	0	0	0	0	1
28.05	0	1	0	0	0	0	1
28.07	1	1	0	0	0	0	1
28.08	0	1	0	0	0	0	1
28.1	0	1	0	0	0	0	1
28.12	0	1	0	0	0	0	1
28.13	0	1	0	0	0	0	1
28.15	0	1	0	0	0	0	1
28.16	0	1	0	0	0	0	1
28.18	0	1	0	0	0	0	1
28.19	0	1	0	0	0	0	1
28.21	0	1	0	0	0	0	1
28.23	0	1	0	0	0	0	1
28.24	0	1	0	0	0	0	1
28.26	0	1	0	0	0	0	1
28.27	0	1	0	0	0	0	1
28.29	0	1	0	0	0	0	1
28.31	0	1	0	0	0	0	1
28.32	0	1	0	0	0	0	1
28.34	1	1	0	0	0	0	1
28.35	0	1	0	0	0	0	1
28.37	2	1.41421	0	0	0	0	1
28.38	2	1.41421	0	0	0	0	1
28.4	0	1	0	0	0	0	1
28.42	0	1	0	0	0	0	1
28.43	0	1	0	0	0	0	1
28.45	0	1	0	0	0	0	1
28.46	0	1	0	0	0	0	1
28.48	0	1	0	0	0	0	1
28.5	0	1	0	0	0	0	1
28.51	0	1	0	0	0	0	1
28.53	0	1	0	0	0	0	1
28.54	0	1	0	0	0	0	1
28.56	0	1	0	0	0	0	1
28.57	1	1	0	0	0	0	1
28.59	0	1	0	0	0	0	1
28.61	0	1	0	0	0	0	1
28.62	0	1	0	0	0	0	1
28.64	0	1	0	0	0	0	1
28.65	0	1	0	0	0	0	1
28.67	1	1	0	0	0	0	1
28.69	0	1	0	0	0	0	1
28.7	1	1	0	0	0	0	1
28.72	0	1	0	0	0	0	1
28.73	1	1	0	0	0	0	1
28.75	0	1	0	0	0	0	1
28.76	0	1	0	0	0	0	1
28.78	0	1	0	0	0	0	1
28.8	0	1	0	0	0	0	1
28.81	0	1	0	0	0	0	1
28.83	0	1	0	0	0	0	1
28.84	0	1	0	0	0	0	1
28.86	0	1	0	0	0	0	1
28.88	0	1	0	0	0	0	1
28.89	0	1	0	0	0	0	1
28.91	0	1	0	0	0	0	1
28.92	0	1	0	0	0	0	1
28.94	0	1	0	0	0	0	1
28.95	0	1	0	0	0	0	1
28.97	0	1	0	0	0	0	1
28.99	1	1	0	0	0	0	1
29	0	1	0	0	0	0	1
29.02	0	1	0	0	0	0	1
29.03	0	1	0	0	0	0	1
29.05	0	1	0	0	0	0	1
29.06	0	1	0	0	0	0	1
29.08	0	1	0	0	0	0	1
29.1	0	1	0	0	0	0	1
29.11	0	1	0	0	0	0	1
29.13	0	1	0	0	0	0	1
29.14	0	1	0	0	0	0	1
29.16	0	1	0	0	0	0	1
29.18	0	1	0	0	0	0	1
29.19	0	1	0	0	0	0	1
29.21	0	1	0	0	0	0	1
29.22	0	1	0	0	0	0	1
29.24	0	1	0	0	0	0	1
29.25	0	1	0	0	0	0	1
29.27	0	1	0	0	0	0	1
29.29	0	1	0	0	0	0	1
29.3	0	1	0	0	0	0	1
29.32	1	1	0	0	0	0	1
29.33	0	1	0	0	0	0	1
29.35	0	1	0	0	0	0	1
29.37	0	1	0	0	0	0	1
29.38	0	1	0	0	0	0	1
29.4	0	1	0	0	0	0	1
29.41	0	1	0	0	0	0	1
29.43	0	1	0	0	0	0	1
29.44	0	1	0	0	0	0	1
29.46	0	1	0	0	0	0	1
29.48	0	1	0	0	0	0	1
29.49	0	1	0	0	0	0	1
29.51	0	1	0	0	0	0	1
29.52	0	1	0	0	0	0	1
29.54	0	1	0	0	0	0	1
29.56	1	1	0	0	0	0	1
29.57	0	1	0	0	0	0	1
29.59	0	1	0	0	0	0	1
29.6	0	1	0	0	0	0	1
29.62	0	1	0	0	0	0	1
29.63	1	1	0	0	0	0	1
29.65	0	1	0	0	0	0	1
29.67	0	1	0	0	0	0	1
29.68	0	1	0	0	0	0	1
29.7	1	1	0	0	0	0	1
29.71	0	1	0	0	0	0	1
29.73	0	1	0	0	0	0	1
29.75	0	1	0	0	0	0	1
29.76	0	1	0	0	0	0	1
29.78	0	1	0	0	0	0	1
29.79	0	1	0	0	0	0	1
29.81	0	1	0	0	0	0	1
29.82	0	1	0	0	0	0	1
29.84	0	1	0	0	0	0	1
29.86	0	1	0	0	0	0	1
29.87	0	1	0	0	0	0	1
29.89	0	1	0	0	0	0	1
29.9	0	1	0	0	0	0	1
29.92	1	1	0	0	0	0	1
29.94	0	1	0	0	0	0	1
29.95	0	1	0	0	0	0	1
29.97	1	1	0	0	0	0	1
29.98	0	1	0	0	0	0	1
30	0	1	0	0	0	0	1
30.01	0	1	0	0	0	0	1
30.03	0	1	0	0	0	0	1
30.05	0	1	0	0	0	0	1
30.06	0	1	0	0	0	0	1
30.08	0	1	0	0	0	0	1
30.09	0	1	0	0	0	0	1
30.11	0	1	0	0	0	0	1
30.12	0	1	0	0	0	0	1
30.14	0	1	0	0	0	0	1
30.16	0	1	0	0	0	0	1
30.17	1	1	0	0	0	0	1
30.19	0	1	0	0	0	0	1
30.2	1	1	0	0	0	0	1
30.22	0	1	0	0	0	0	1
30.24	0	1	0	0	0	0	1
30.25	0	1	0	0	0	0	1
30.27	0	1	0	0	0	0	1
30.28	0	1	0	0	0	0	1
30.3	0	1	0	0	0	0	1
30.31	0	1	0	0	0	0	1
30.33	1	1	0	0	0	0	1
30.35	0	1	0	0	0	0	1
30.36	0	1	0	0	0	0	1
30.38	0	1	0	0	0	0	1
30.39	0	1	0	0	0	0	1
30.41	0	1	0	0	0	0	1
30.43	0	1	0	0	0	0	1
30.44	0	1	0	0	0	0	1
30.46	0	1	0	0	0	0	1
30.47	0	1	0	0	0	0	1
30.49	0	1	0	0	0	0	1
30.5	0	1	0	0	0	0	1
30.52	0	1	0	0	0	0	1
30.54	0	1	0	0	0	0	1
30.55	0	1	0	0	0	0	1
30.57	0	1	0	0	0	0	1
30.58	0	1	0	0	0	0	1
30.6	0	1	0	0	0	0	1
30.62	0	1	0	0	0	0	1
30.63	0	1	0	0	0	0	1
30.65	0	1	0	0	0	0	1
30.66	0	1	0	0	0	0	1
30.68	0	1	0	0	0	0	1
30.69	1	1	0	0	0	0	1
30.71	0	1	0	0	0	0	1
30.73	0	1	0	0	0	0	1
30.74	0	1	0	0	0	0	1
30.76	1	1	0	0	0	0	1
30.77	0	1	0	0	0	0	1
30.79	0	1	0	0	0	0	1
30.81	0	1	0	0	0	0	1
30.82	1	1	0	0	0	0	1
30.84	0	1	0	0	0	0	1
30.85	0	1	0	0	0	0	1
30.87	0	1	0	0	0	0	1
30.88	0	1	0	0	0	0	1
30.9	0	1	0	0	0	0	1
30.92	0	1	0	0	0	0	1
30.93	0	1	0	0	0	0	1
30.95	0	1	0	0	0	0	1
30.96	0	1	0	0	0	0	1
30.98	1	1	0	0	0	0	1
31	0	1	0	0	0	0	1
31.01	0	1	0	0	0	0	1
31.03	0	1	0	0	0	0	1
31.04	0	1	0	0	0	0	1
31.06	0	1	0	0	0	0	1
31.07	0	1	0	0	0	0	1
31.09	0	1	0	0	0	0	1
31.11	0	1	0	0	0	0	1
31.12	0	1	0	0	0	0	1
31.14	0	1	0	0	0	0	1
31.15	0	1	0	0	0	0	1
31.17	0	1	0	0	0	0	1
31.18	0	1	0	0	0	0	1
31.2	0	1	0	0	0	0	1
31.22	0	1	0	0	0	0	1
31.23	0	1	0	0	0	0	1
31.25	0	1	0	0	0	0	1
31.26	0	1	0	0	0	0	1
31.28	0	1	0	0	0	0	1
31.3	0	1	0	0	0	0	1
31.31	0	1	0	0	0	0	1
31.33	0	1	0	0	0	0	1
31.34	0	1	0	0	0	0	1
31.36	0	1	0	0	0	0	1
31.37	0	1	0	0	0	0	1
31.39	0	1	0	0	0	0	1
31.41	0	1	0	0	0	0	1
31.42	1	1	0	0	0	0	1
31.44	0	1	0	0	0	0	1
31.45	1	1	0	0	0	0	1
31.47	0	1	0	0	0	0	1
31.49	0	1	0	0	0	0	1
31.5	0	1	0	0	0	0	1
31.52	0	1	0	0	0	0	1
31.53	0	1	0	0	0	0	1
31.55	0	1	0	0	0	0	1
31.56	0	1	0	0	0	0	1
31.58	0	1	0	0	0	0	1
31.6	0	1	0	0	0	0	1
31.61	0	1	0	0	0	0	1
31.63	0	1	0	0	0	0	1
31.64	1	1	0	0	0	0	1
31.66	0	1	0	0	0	0	1
31.68	0	1	0	0	0	0	1
31.69	0	1	0	0	0	0	1
31.71	0	1	0	0	0	0	1
31.72	0	1	0	0	0	0	1
31.74	0	1	0	0	0	0	1
31.75	0	1	0	0	0	0	1
31.77	0	1	0	0	0	0	1
31.79	0	1	0	0	0	0	1
31.8	0	1	0	0	0	0	1
31.82	0	1	0	0	0	0	1
31.83	0	1	0	0	0	0	1
31.85	0	1	0	0	0	0	1
31.87	0	1	0	0	0	0	1
31.88	0	1	0	0	0	0	1
31.9	0	1	0	0	0	0	1
31.91	0	1	0	0	0	0	1
31.93	0	1	0	0	0	0	1
31.94	0	1	0	0	0	0	1
31.96	0	1	0	0	0	0	1
31.98	0	1	0	0	0	0	1
31.99	0	1	0	0	0	0	1
32.01	0	1	0	0	0	0	1
32.02	0	1	0	0	0	0	1
32.04	1	1	0	0	0	0	1
32.06	0	1	0	0	0	0	1
32.07	0	1	0	0	0	0	1
32.09	0	1	0	0	0	0	1
32.1	0	1	0	0	0	0	1
32.12	0	1	0	0	0	0	1
32.13	0	1	0	0	0	0	1
32.15	0	1	0	0	0	0	1
32.17	0	1	0	0	0	0	1
32.18	0	1	0	0	0	0	1
32.2	0	1	0	0	0	0	1
32.21	0	1	0	0	0	0	1
32.23	0	1	0	0	0	0	1
32.24	0	1	0	0	0	0	1
32.26	0	1	0	0	0	0	1
32.28	0	1	0	0	0	0	1
32.29	0	1	0	0	0	0	1
32.31	0	1	0	0	0	0	1
32.32	0	1	0	0	0	0	1
32.34	0	1	0	0	0	0	1
32.36	0	1	0	0	0	0	1
32.37	0	1	0	0	0	0	1
32.39	0	1	0	0	0	0	1
32.4	0	1	0	0	0	0	1
32.42	0	1	0	0	0	0	1
32.43	-1	1	0	0	0	0	1
