95 307
96 435
97 382
98 455
99 401
100 428
101 411
102 452
103 416
104 383
105 407
106 369
107 366
108 395
109 424
110 417
111 420
112 373
113 418
114 382
115 385
116 405
117 403
118 370
119 375
120 413
121 382
122 356
123 384
124 361
125 366
126 381
127 387
128 350
129 358
130 347
131 332
132 348
133 349
134 354
135 345
136 333
137 364
138 327
139 351
140 345
141 343
142 334
143 364
144 362
145 362
146 315
147 368
148 328
149 341
150 341
151 329
152 322
153 357
154 329
155 325
156 301
157 347
158 354
159 313
160 324
161 333
162 318
163 325
164 335
165 306
166 290
167 291
168 318
169 347
170 329
171 309
172 292
173 300
174 280
175 315
176 298
177 320
178 287
179 302
180 325
181 317
182 289
183 321
184 293
185 297
186 271
187 312
188 279
189 278
190 291
191 278
192 294
193 246
194 255
195 314
196 256
197 300
198 308
199 287
200 299
201 271
202 302
203 264
204 257
205 268
206 268
207 269
208 292
209 276
210 272
211 261
212 242
213 283
214 250
215 244
216 295
217 283
218 272
219 285
220 279
221 294
222 263
223 259
224 283
225 258
226 253
227 275
228 261
229 286
230 261
231 245
232 278
233 278
234 268
235 251
236 251
237 277
238 274
239 267
240 288
241 280
242 247
243 263
244 236
245 263
246 262
247 251
248 235
249 256
250 218
251 248
252 268
253 263
254 252
255 242
256 249
257 261
258 299
259 236
260 235
261 252
262 232
263 261
264 270
265 234
266 246
267 249
268 249
269 254
270 253
271 253
272 261
273 240
274 246
275 250
276 265
277 238
278 220
279 256
280 241
281 211
282 228
283 254
284 264
285 261
286 239
287 248
288 255
289 208
290 240
291 232
292 234
293 246
294 251
295 246
296 218
297 236
298 224
299 233
300 248
301 257
302 230
303 229
304 238
305 245
306 247
307 274
308 224
309 254
310 237
311 252
312 229
313 227
314 203
315 220
316 236
317 235
318 231
319 291
320 221
321 231
322 223
323 214
324 239
325 253
326 220
327 240
328 241
329 252
330 219
331 226
332 243
333 220
334 239
335 223
336 231
337 245
338 253
339 222
340 221
341 246
342 223
343 233
344 225
345 235
346 243
347 229
348 248
349 225
350 241
351 233
352 235
353 246
354 230
355 213
356 230
357 222
358 227
359 240
360 223
361 237
362 260
363 276
364 316
365 322
366 306
367 278
368 250
369 228
370 236
371 233
372 249
373 245
374 251
375 232
376 241
377 224
378 236
379 249
380 254
381 228
382 262
383 248
384 219
385 274
386 238
387 239
388 258
389 242
390 247
391 263
392 254
393 265
394 255
395 259
396 272
397 238
398 223
399 276
400 246
401 246
402 253
403 254
404 259
405 259
406 237
407 265
408 273
409 282
410 238
411 276
412 249
413 256
414 240
415 271
416 284
417 281
418 317
419 321
420 307
421 306
422 273
423 287
424 292
425 307
426 318
427 365
428 442
429 567
430 593
431 677
432 615
433 576
434 460
435 365
436 314
437 307
438 301
439 317
440 402
441 524
442 710
443 801
444 872
445 890
446 742
447 568
448 444
449 364
450 279
451 258
452 256
453 294
454 281
455 300
456 336
457 314
458 281
459 309
460 312
461 268
462 243
463 268
464 313
465 310
466 344
467 367
468 299
469 311
470 317
471 272
472 253
473 293
474 303
475 271
476 254
477 247
478 278
479 284
480 292
481 398
482 417
483 410
484 425
485 359
486 386
487 347
488 362
489 321
490 335
491 315
492 297
493 297
494 305
495 233
496 296
497 318
498 366
499 401
500 469
501 554
502 556
503 595
504 627
505 562
506 469
507 384
508 356
509 288
510 316
511 265
512 300
513 308
514 342
515 350
516 374
517 426
518 417
519 412
520 391
521 343
522 316
523 324
524 269
525 271
526 269
527 289
528 324
529 368
530 483
531 529
532 679
533 751
534 777
535 767
536 645
537 530
538 458
539 377
540 375
541 428
542 543
543 680
544 896
545 1001
546 1004
547 919
548 764
549 624
550 454
551 347
552 323
553 265
554 311
555 271
556 295
557 268
558 263
559 275
560 293
561 318
562 419
563 539
564 734
565 1008
566 1291
567 1596
568 1682
569 1450
570 1090
571 822
572 504
573 393
574 303
575 298
576 273
577 284
578 261
579 245
580 286
581 266
582 270
583 249
584 275
585 250
586 264
587 246
588 244
589 221
590 250
591 268
592 264
593 253
594 229
595 227
596 230
597 268
598 258
599 234
600 239
601 236
602 279
603 255
604 259
605 271
606 259
607 221
608 258
609 220
610 242
611 239
612 228
613 246
614 269
615 251
616 254
617 272
618 224
619 247
620 263
621 234
622 255
623 273
624 249
625 227
626 264
627 272
628 257
629 267
630 299
631 300
632 282
633 327
634 340
635 401
636 455
637 463
638 562
639 583
640 679
641 726
642 697
643 653
644 578
645 470
646 427
647 363
648 285
649 304
650 323
651 297
652 310
653 267
654 262
655 266
656 278
657 296
658 329
659 405
660 426
661 419
662 414
663 382
664 344
665 323
666 277
667 276
668 264
669 258
670 266
671 217
672 223
673 235
674 222
675 203
676 209
677 170
678 226
679 214
680 229
681 198
682 198
683 229
684 206
685 204
686 196
687 219
688 225
689 218
690 206
691 209
692 232
693 192
694 208
695 214
696 217
697 222
698 210
699 229
700 195
701 222
702 184
703 185
704 216
705 203
706 207
707 212
708 214
709 208
710 234
711 209
712 173
713 217
714 203
715 208
716 211
717 209
718 208
719 226
720 187
721 228
722 221
723 220
724 230
725 177
726 225
727 214
728 245
729 211
730 221
731 216
732 213
733 235
734 212
735 198
736 203
737 219
738 204
739 199
740 213
741 210
742 196
743 223
744 238
745 224
746 201
747 227
748 194
749 195
750 219
751 187
752 207
753 201
754 223
755 190
756 225
757 218
758 212
759 203
760 208
761 213
762 221
763 249
764 224
765 220
766 192
767 194
768 216
769 228
770 226
771 212
772 206
773 230
774 242
775 206
776 230
777 202
778 218
779 228
780 199
781 208
782 213
783 221
784 223
785 217
786 207
787 208
788 230
789 207
790 212
791 211
792 205
793 213
794 207
795 192
796 204
797 228
798 202
799 216
800 219
801 231
802 232
803 210
804 219
805 250
806 219
807 206
808 225
809 212
810 219
811 208
812 211
813 207
814 196
815 197
816 210
817 212
818 222
819 215
820 207
821 209
822 192
823 228
824 216
825 235
826 234
827 221
828 266
829 273
830 291
831 316
832 300
833 264
834 280
835 249
836 229
837 203
838 217
839 221
840 235
841 193
842 204
843 181
844 213
845 226
846 210
847 204
848 229
849 219
850 209
851 221
852 213
853 207
854 182
855 198
856 214
857 206
858 208
859 219
860 195
861 221
862 215
863 225
864 229
865 222
866 223
867 206
868 242
869 223
870 220
871 236
872 210
873 219
874 233
875 232
876 220
877 248
878 232
879 203
880 243
881 237
882 213
883 223
884 239
885 206
886 209
887 221
888 247
889 245
890 272
891 249
892 276
893 230
894 246
895 258
896 216
897 211
898 213
899 228
900 232
901 232
902 221
903 177
904 215
905 208
906 193
907 210
908 196
909 208
910 191
911 239
912 201
913 233
914 204
915 193
916 205
917 220
918 211
919 188
920 199
921 188
922 181
923 254
924 197
925 225
926 212
927 201
928 197
929 184
930 210
931 183
932 199
933 204
934 215
935 209
936 197
937 210
938 206
939 198
940 206
941 226
942 231
943 221
944 228
945 241
946 242
947 204
948 228
949 198
950 202
951 220
952 216
953 207
954 223
955 196
956 228
957 196
958 201
959 183
960 187
961 205
962 193
963 215
964 212
965 191
966 189
967 234
968 188
969 208
970 199
971 206
972 195
973 203
974 183
975 194
976 222
977 197
978 150
979 192
980 208
981 183
982 206
983 174
984 203
985 200
986 190
987 178
988 184
989 203
990 226
991 197
992 200
993 204
994 202
995 203
996 192
997 206
998 188
999 195
1000 211
1001 208
1002 204
1003 200
1004 228
1005 192
1006 204
1007 202
1008 186
1009 201
1010 188
1011 204
1012 174
1013 217
1014 204
1015 198
1016 198
1017 201
1018 203
1019 183
1020 182
1021 203
1022 221
1023 222
1024 184
1025 182
1026 187
1027 172
1028 219
1029 228
1030 183
1031 192
1032 190
1033 183
1034 192
1035 183
1036 224
1037 200
1038 184
1039 181
1040 225
1041 196
1042 193
1043 165
1044 224
1045 225
1046 208
1047 210
1048 198
1049 177
1050 180
1051 194
1052 207
1053 217
1054 188
1055 172
1056 208
1057 190
1058 218
1059 199
1060 210
1061 198
1062 201
1063 204
1064 207
1065 211
1066 219
1067 233
1068 220
1069 340
1070 468
1071 573
1072 779
1073 1034
1074 1089
1075 1111
1076 1061
1077 871
1078 629
1079 473
1080 368
1081 243
1082 235
1083 223
1084 197
1085 191
1086 189
1087 196
1088 179
1089 170
1090 204
1091 193
1092 163
1093 198
1094 197
1095 176
1096 187
1097 212
1098 190
1099 165
1100 196
1101 196
1102 210
1103 191
1104 210
1105 210
1106 196
1107 215
1108 179
1109 187
1110 216
1111 200
1112 203
1113 203
1114 220
1115 192
1116 214
1117 215
1118 203
1119 173
1120 189
1121 170
1122 182
1123 179
1124 215
1125 227
1126 205
1127 182
1128 216
1129 198
1130 179
1131 207
1132 184
1133 202
1134 193
1135 201
1136 198
1137 209
1138 192
1139 210
1140 181
1141 187
1142 171
1143 177
1144 177
1145 170
1146 177
1147 187
1148 173
1149 162
1150 172
1151 204
1152 194
1153 193
1154 190
1155 178
1156 170
1157 193
1158 175
1159 169
1160 181
1161 166
1162 185
1163 192
1164 178
1165 185
1166 194
1167 189
1168 177
1169 188
1170 175
1171 182
1172 183
1173 162
1174 180
1175 169
1176 172
1177 164
1178 159
1179 180
1180 176
1181 171
1182 160
1183 179
1184 208
1185 211
1186 207
1187 220
1188 201
1189 173
1190 167
1191 163
1192 169
1193 163
1194 166
1195 197
1196 148
1197 177
1198 187
1199 150
1200 184
1201 142
1202 138
1203 142
1204 151
1205 142
1206 185
1207 158
1208 162
1209 160
1210 155
1211 157
1212 156
1213 164
1214 185
1215 137
1216 164
1217 171
1218 169
1219 166
1220 164
1221 153
1222 139
1223 150
1224 147
1225 155
1226 122
1227 149
1228 145
1229 142
1230 159
1231 151
1232 132
1233 156
1234 160
1235 130
1236 150
1237 129
1238 142
1239 143
1240 154
1241 162
1242 135
1243 145
1244 164
1245 166
1246 148
1247 135
1248 165
1249 161
1250 156
1251 166
1252 161
1253 149
1254 154
1255 164
1256 136
1257 139
1258 148
1259 148
1260 153
1261 138
1262 157
1263 156
1264 139
1265 154
1266 140
1267 135
1268 125
1269 125
1270 119
1271 166
1272 147
1273 136
1274 166
1275 144
1276 126
1277 142
1278 142
1279 145
1280 137
1281 123
1282 152
1283 132
1284 145
1285 147
1286 165
1287 153
1288 165
1289 163
1290 133
1291 170
1292 134
1293 140
1294 164
1295 166
1296 149
1297 139
1298 149
1299 162
1300 143
1301 139
1302 152
1303 140
1304 143
1305 114
1306 123
1307 123
1308 129
1309 140
1310 147
1311 152
1312 129
1313 129
1314 141
1315 137
1316 150
1317 157
1318 173
1319 134
1320 134
1321 139
1322 143
1323 120
1324 145
1325 160
1326 124
1327 126
1328 144
1329 137
1330 128
1331 128
1332 144
1333 139
1334 153
1335 156
1336 141
1337 128
1338 125
1339 135
1340 157
1341 138
1342 126
1343 148
1344 139
1345 167
1346 158
1347 141
1348 136
1349 122
1350 134
1351 136
1352 121
1353 124
1354 135
1355 144
1356 142
1357 148
1358 120
1359 158
1360 153
1361 153
1362 167
1363 210
1364 227
1365 214
1366 184
1367 164
1368 148
1369 160
1370 141
1371 144
1372 122
1373 119
1374 156
1375 136
1376 157
1377 141
1378 170
1379 144
1380 155
1381 148
1382 166
1383 142
1384 150
1385 124
1386 138
1387 132
1388 116
1389 118
1390 152
1391 141
1392 182
1393 242
1394 362
1395 634
1396 766
1397 1154
1398 1275
1399 1344
1400 1216
1401 956
1402 645
1403 450
1404 281
1405 185
1406 147
1407 135
1408 135
1409 98
1410 139
1411 117
1412 142
1413 123
1414 116
1415 135
1416 121
1417 117
1418 112
1419 123
1420 121
1421 112
1422 129
1423 118
1424 120
1425 116
1426 131
1427 130
1428 142
1429 139
1430 110
1431 126
1432 121
1433 134
1434 137
1435 127
1436 110
1437 119
1438 109
1439 103
1440 95
1441 112
1442 122
1443 112
1444 110
1445 103
1446 118
1447 98
1448 135
1449 116
1450 118
1451 130
1452 128
1453 130
1454 134
1455 132
1456 117
1457 89
1458 95
1459 102
1460 126
1461 109
1462 133
1463 113
1464 141
1465 127
1466 110
1467 117
1468 113
1469 124
1470 114
1471 119
1472 102
1473 130
1474 116
1475 133
1476 138
1477 131
1478 118
1479 149
1480 164
1481 154
1482 167
1483 150
1484 140
1485 135
1486 134
1487 115
1488 127
1489 105
1490 124
1491 107
1492 136
1493 162
1494 188
1495 205
1496 178
1497 228
1498 190
1499 168
1500 123
1501 129
1502 131
1503 119
1504 112
1505 111
1506 124
1507 108
1508 123
1509 128
1510 126
1511 109
1512 126
1513 90
1514 116
1515 99
1516 118
1517 104
1518 106
1519 119
1520 110
1521 111
1522 117
1523 138
1524 112
1525 106
1526 117
1527 121
1528 129
1529 109
1530 93
1531 111
1532 125
1533 95
1534 113
1535 101
1536 103
1537 103
1538 96
1539 108
1540 122
1541 116
1542 119
1543 117
1544 107
1545 114
1546 123
1547 132
1548 124
1549 110
1550 111
1551 128
1552 110
1553 112
1554 135
1555 178
1556 173
1557 237
1558 193
1559 200
1560 182
1561 142
1562 140
1563 127
1564 156
1565 152
1566 167
1567 167
1568 169
1569 185
1570 157
1571 134
1572 126
1573 121
1574 118
1575 126
1576 114
1577 92
1578 124
1579 123
1580 103
1581 96
1582 131
1583 113
1584 135
1585 152
1586 151
1587 141
1588 188
1589 151
1590 145
1591 125
1592 158
1593 135
1594 123
1595 105
1596 96
1597 111
1598 95
1599 100
1600 107
1601 106
1602 93
1603 114
1604 111
1605 100
1606 113
1607 83
1608 116
1609 113
1610 95
1611 99
1612 99
1613 118
1614 108
1615 111
1616 100
1617 110
1618 80
1619 95
1620 111
1621 98
1622 106
1623 104
1624 114
1625 94
1626 118
1627 99
1628 113
1629 119
1630 108
1631 96
1632 101
1633 105
1634 103
1635 94
1636 130
1637 126
1638 108
1639 124
1640 115
1641 92
1642 113
1643 107
1644 100
1645 123
1646 99
1647 111
1648 106
1649 92
1650 116
1651 99
1652 107
1653 121
1654 98
1655 139
1656 119
1657 103
1658 108
1659 106
1660 86
1661 95
1662 76
1663 108
1664 109
1665 112
1666 97
1667 107
1668 106
1669 88
1670 112
1671 102
1672 104
1673 82
1674 111
1675 87
1676 105
1677 99
1678 91
1679 123
1680 114
1681 96
1682 96
1683 92
1684 119
1685 86
1686 119
1687 108
1688 109
1689 110
1690 110
1691 101
1692 90
1693 104
1694 100
1695 101
1696 91
1697 108
1698 132
1699 159
1700 264
1701 508
1702 786
1703 1237
1704 1911
1705 2448
1706 2693
1707 2871
1708 2544
1709 2030
1710 1362
1711 900
1712 469
1713 286
1714 171
1715 112
1716 125
1717 104
1718 87
1719 106
1720 95
1721 101
1722 109
1723 95
1724 102
1725 105
1726 83
1727 86
1728 101
1729 106
1730 104
1731 109
1732 130
1733 110
1734 136
1735 116
1736 128
1737 111
1738 120
1739 92
1740 82
1741 89
1742 75
1743 97
1744 92
1745 107
1746 98
1747 94
1748 113
1749 106
1750 112
1751 104
1752 108
1753 91
1754 83
1755 116
1756 105
1757 99
1758 92
1759 96
1760 96
1761 92
1762 109
1763 107
1764 91
1765 91
1766 93
1767 91
1768 102
1769 83
1770 105
1771 75
1772 103
1773 98
1774 79
1775 90
1776 79
1777 87
1778 76
1779 92
1780 69
1781 84
1782 78
1783 79
1784 110
1785 77
1786 82
1787 97
1788 92
1789 95
1790 80
1791 82
1792 76
1793 81
1794 93
1795 94
1796 78
1797 92
1798 81
1799 87
1800 86
1801 83
1802 94
1803 88
1804 96
1805 90
1806 111
1807 79
1808 105
1809 96
1810 86
1811 90
1812 98
1813 75
1814 78
1815 109
1816 108
1817 113
1818 100
1819 81
1820 103
1821 102
1822 74
1823 77
1824 90
1825 93
1826 81
1827 87
1828 104
1829 96
1830 80
1831 80
1832 89
1833 89
1834 95
1835 87
1836 88
1837 83
1838 81
1839 78
1840 103
1841 88
1842 69
1843 81
1844 83
1845 97
1846 77
1847 82
1848 100
1849 85
1850 103
1851 89
1852 75
1853 77
1854 91
1855 87
1856 80
1857 90
1858 80
1859 82
1860 84
1861 100
1862 82
1863 97
1864 90
1865 73
1866 80
1867 94
1868 103
1869 102
1870 116
1871 98
1872 94
1873 107
1874 92
1875 102
1876 89
1877 94
1878 83
1879 97
1880 86
1881 82
1882 81
1883 91
1884 83
1885 80
1886 90
1887 86
1888 82
1889 100
1890 76
1891 85
1892 81
1893 87
1894 95
1895 90
1896 96
1897 91
1898 83
1899 97
1900 97
1901 74
1902 89
1903 104
1904 91
1905 91
1906 118
1907 134
1908 95
1909 103
1910 113
1911 103
1912 95
1913 80
1914 94
1915 103
1916 84
1917 97
1918 83
1919 84
1920 98
1921 97
1922 89
1923 98
1924 90
1925 91
1926 104
1927 110
1928 91
1929 67
1930 89
1931 73
1932 100
1933 79
1934 106
1935 83
1936 125
1937 91
1938 89
1939 103
1940 94
1941 68
1942 100
1943 85
1944 86
1945 88
1946 96
1947 66
1948 91
1949 103
1950 89
1951 69
1952 96
1953 76
1954 93
1955 93
1956 112
1957 106
1958 109
1959 96
1960 101
1961 88
1962 103
1963 84
1964 91
1965 79
1966 71
1967 81
1968 81
1969 89
1970 81
1971 71
1972 88
1973 99
1974 90
1975 92
1976 90
1977 80
1978 76
1979 94
1980 88
1981 96
1982 101
1983 91
1984 84
1985 87
1986 86
1987 76
1988 89
1989 64
1990 88
1991 74
1992 71
1993 80
1994 83
1995 93
1996 84
1997 99
1998 80
1999 83
2000 85
2001 79
2002 100
2003 75
2004 79
2005 96
2006 77
2007 100
2008 84
2009 80
2010 89
2011 100
2012 95
2013 85
2014 95
2015 83
2016 102
2017 91
2018 110
2019 123
2020 100
2021 126
2022 93
2023 108
2024 109
2025 139
2026 183
2027 269
2028 457
2029 784
2030 1359
2031 2202
2032 2994
2033 3945
2034 4661
2035 4633
2036 4229
2037 3506
2038 2521
2039 1652
2040 946
2041 537
2042 251
2043 155
2044 94
2045 113
2046 88
2047 103
2048 86
2049 88
2050 77
2051 109
2052 82
2053 86
2054 79
2055 67
2056 70
2057 80
2058 72
2059 86
2060 94
2061 87
2062 63
2063 75
2064 63
2065 78
2066 83
2067 74
2068 85
2069 55
2070 57
2071 70
2072 71
2073 70
2074 53
2075 76
2076 74
2077 71
2078 72
2079 54
2080 59
2081 73
2082 78
2083 65
2084 71
2085 72
2086 79
2087 81
2088 80
2089 77
2090 72
2091 85
2092 80
2093 61
2094 75
2095 67
2096 75
2097 67
2098 75
2099 71
2100 76
2101 71
2102 82
2103 88
2104 73
2105 71
2106 87
2107 63
2108 80
2109 61
2110 52
2111 75
2112 71
2113 59
2114 71
2115 59
2116 78
2117 71
2118 88
2119 84
2120 78
2121 84
2122 66
2123 61
2124 60
2125 81
2126 68
2127 74
2128 69
2129 75
2130 81
2131 73
2132 76
2133 81
2134 60
2135 81
2136 53
2137 68
2138 79
2139 73
2140 71
2141 59
2142 69
2143 71
2144 78
2145 74
2146 72
2147 71
2148 83
2149 72
2150 72
2151 63
2152 69
2153 77
2154 76
2155 74
2156 69
2157 73
2158 73
2159 76
2160 68
2161 65
2162 60
2163 87
2164 79
2165 77
2166 71
2167 62
2168 55
2169 69
2170 62
2171 61
2172 71
2173 91
2174 64
2175 78
2176 74
2177 79
2178 82
2179 79
2180 77
2181 71
2182 77
2183 67
2184 78
2185 68
2186 72
2187 65
2188 73
2189 68
2190 66
2191 66
2192 68
2193 66
2194 74
2195 72
2196 80
2197 74
2198 78
2199 59
2200 59
2201 73
2202 92
2203 66
2204 52
2205 73
2206 63
2207 67
2208 80
2209 61
2210 74
2211 89
2212 63
2213 73
2214 77
2215 63
2216 73
2217 76
2218 75
2219 76
2220 64
2221 78
2222 73
2223 84
2224 79
2225 59
2226 74
2227 57
2228 67
2229 66
2230 77
2231 72
2232 74
2233 86
2234 90
2235 92
2236 103
2237 111
2238 76
2239 75
2240 85
2241 71
2242 67
2243 72
2244 87
2245 77
2246 107
2247 103
2248 107
2249 104
2250 110
2251 105
2252 95
2253 84
2254 84
2255 91
2256 80
2257 67
2258 72
2259 71
2260 72
2261 74
2262 70
2263 71
2264 68
2265 75
2266 69
2267 70
2268 68
2269 72
2270 82
2271 78
2272 71
2273 88
2274 71
2275 69
2276 77
2277 64
2278 89
2279 79
2280 62
2281 64
2282 57
2283 70
2284 61
2285 65
2286 71
2287 69
2288 69
2289 57
2290 76
2291 76
2292 62
2293 71
2294 84
2295 71
2296 79
2297 79
2298 69
2299 58
2300 71
2301 75
2302 75
2303 82
2304 82
2305 66
2306 67
2307 66
2308 80
2309 76
2310 78
2311 75
2312 78
2313 74
2314 64
2315 80
2316 69
2317 79
2318 73
2319 86
2320 93
2321 91
2322 105
2323 121
2324 93
2325 90
2326 104
2327 81
2328 86
2329 62
2330 65
2331 85
2332 72
2333 72
2334 72
2335 74
2336 83
2337 87
2338 83
2339 98
2340 93
2341 102
2342 94
2343 99
2344 100
2345 95
2346 93
2347 83
2348 93
2349 75
2350 87
2351 70
2352 77
2353 74
2354 74
2355 81
2356 65
2357 75
2358 83
2359 69
2360 56
2361 71
2362 68
2363 81
2364 77
2365 81
2366 75
2367 69
2368 79
2369 75
2370 67
2371 76
2372 68
2373 73
2374 79
2375 87
2376 77
2377 83
2378 72
2379 70
2380 87
2381 87
2382 92
2383 66
2384 63
2385 84
2386 82
2387 85
2388 72
2389 75
2390 78
2391 59
2392 99
2393 76
2394 73
2395 85
2396 87
2397 85
2398 72
2399 87
2400 68
2401 73
2402 81
2403 87
2404 76
2405 75
2406 75
2407 84
2408 81
2409 62
2410 95
2411 78
2412 77
2413 76
2414 77
2415 68
2416 77
2417 83
2418 75
2419 70
2420 68
2421 80
2422 79
2423 63
2424 84
2425 77
2426 79
2427 60
2428 71
2429 69
2430 86
2431 80
2432 81
2433 70
2434 98
2435 75
2436 73
2437 79
2438 75
2439 66
2440 59
2441 69
2442 78
2443 74
2444 75
2445 82
2446 79
2447 79
2448 82
2449 81
2450 81
2451 71
2452 78
2453 74
2454 67
2455 59
2456 81
2457 68
2458 76
2459 79
2460 71
2461 86
2462 77
2463 71
2464 69
2465 82
2466 83
2467 79
2468 69
2469 86
2470 89
2471 96
2472 69
2473 67
2474 63
2475 76
2476 60
2477 64
2478 69
2479 74
2480 68
2481 78
2482 71
2483 64
2484 66
2485 79
2486 67
2487 60
2488 68
2489 59
2490 70
2491 67
2492 63
2493 71
2494 61
2495 57
2496 59
2497 68
2498 63
2499 58
2500 61
2501 52
2502 54
2503 64
2504 59
2505 57
2506 60
2507 68
2508 50
2509 69
2510 55
2511 76
2512 61
2513 50
2514 41
2515 49
2516 73
2517 59
2518 61
2519 58
2520 64
2521 53
2522 56
2523 54
2524 56
2525 62
2526 59
2527 59
2528 60
2529 60
2530 51
2531 56
2532 60
2533 49
2534 49
2535 63
2536 55
2537 48
2538 42
2539 57
2540 64
2541 50
2542 66
2543 60
2544 66
2545 48
2546 54
2547 55
2548 57
2549 66
2550 59
2551 59
2552 54
2553 51
2554 41
2555 61
2556 50
2557 46
2558 52
2559 54
2560 46
2561 48
2562 53
2563 51
2564 53
2565 42
2566 51
2567 51
2568 54
2569 57
2570 43
2571 51
2572 56
2573 60
2574 59
2575 48
2576 66
2577 67
2578 51
2579 62
2580 58
2581 52
2582 55
2583 53
2584 52
2585 47
2586 49
2587 49
2588 48
2589 54
2590 61
2591 44
2592 46
2593 60
2594 44
2595 48
2596 50
2597 44
2598 43
2599 61
2600 48
2601 52
2602 45
2603 63
2604 53
2605 53
2606 44
2607 50
2608 54
2609 51
2610 62
2611 61
2612 47
2613 56
2614 67
2615 49
2616 59
2617 49
2618 56
2619 59
2620 57
2621 62
2622 46
2623 62
2624 56
2625 51
2626 63
2627 68
2628 75
2629 57
2630 80
2631 73
2632 69
2633 58
2634 65
2635 45
2636 67
2637 49
2638 46
2639 49
2640 64
2641 53
2642 42
2643 38
2644 48
2645 58
2646 43
2647 46
2648 55
2649 61
2650 58
2651 40
2652 44
2653 54
2654 55
2655 44
2656 52
2657 49
2658 47
2659 51
2660 54
2661 65
2662 65
2663 56
2664 47
2665 57
2666 44
2667 53
2668 71
2669 81
2670 60
2671 61
2672 58
2673 43
2674 49
2675 42
2676 58
2677 50
2678 57
2679 52
2680 46
2681 34
2682 52
2683 54
2684 35
2685 46
2686 40
2687 55
2688 37
2689 38
2690 42
2691 45
2692 40
2693 41
2694 42
2695 55
2696 46
2697 45
2698 52
2699 54
2700 56
2701 52
2702 58
2703 48
2704 46
2705 45
2706 51
2707 60
2708 52
2709 41
2710 44
2711 39
2712 43
2713 51
2714 39
2715 72
2716 44
2717 62
2718 50
2719 44
2720 61
2721 42
2722 56
2723 50
2724 47
2725 34
2726 36
2727 37
2728 45
2729 55
2730 44
2731 46
2732 42
2733 56
2734 56
2735 48
2736 47
2737 51
2738 47
2739 36
2740 62
2741 51
2742 58
2743 46
2744 58
2745 50
2746 52
2747 49
2748 47
2749 39
2750 44
2751 40
2752 51
2753 41
2754 32
2755 41
2756 32
2757 41
2758 36
2759 48
2760 42
2761 49
2762 25
2763 44
2764 35
2765 43
2766 44
2767 51
2768 45
2769 40
2770 45
2771 56
2772 35
2773 49
2774 47
2775 49
2776 59
2777 72
2778 65
2779 82
2780 68
2781 64
2782 59
2783 47
2784 48
2785 44
2786 51
2787 46
2788 42
2789 38
2790 37
2791 44
2792 47
2793 33
2794 39
2795 33
2796 29
2797 52
2798 45
2799 43
2800 42
2801 37
2802 36
2803 49
2804 51
2805 37
2806 41
2807 50
2808 47
2809 37
2810 51
2811 53
2812 53
2813 61
2814 78
2815 61
2816 77
2817 83
2818 73
2819 52
2820 59
2821 58
2822 41
2823 59
2824 52
2825 44
2826 40
2827 45
2828 45
2829 38
2830 44
2831 61
2832 51
2833 42
2834 33
2835 43
2836 37
2837 30
2838 40
2839 40
2840 44
2841 55
2842 39
2843 29
2844 39
2845 36
2846 41
2847 49
2848 33
2849 37
2850 39
2851 38
2852 43
2853 37
2854 46
2855 39
2856 51
2857 48
2858 38
2859 38
2860 33
2861 47
2862 32
2863 36
2864 40
2865 41
2866 34
2867 46
2868 33
2869 45
2870 37
2871 45
2872 40
2873 37
2874 43
2875 37
2876 50
2877 33
2878 40
2879 33
2880 35
2881 41
2882 44
2883 35
2884 33
2885 33
2886 38
2887 46
2888 34
2889 47
2890 44
2891 46
2892 45
2893 37
2894 43
2895 28
2896 32
2897 32
2898 47
2899 35
2900 36
2901 24
2902 33
2903 34
2904 36
2905 32
2906 37
2907 37
2908 26
2909 35
2910 43
2911 35
2912 36
2913 38
2914 19
2915 28
2916 41
2917 37
2918 35
2919 40
2920 35
2921 32
2922 25
2923 51
2924 26
2925 38
2926 47
2927 36
2928 40
2929 27
2930 37
2931 40
2932 25
2933 39
2934 47
2935 33
2936 37
2937 31
2938 48
2939 42
2940 26
2941 31
2942 35
2943 49
2944 41
2945 40
2946 63
2947 47
2948 52
2949 58
2950 55
2951 52
2952 58
2953 48
2954 39
2955 61
2956 59
2957 60
2958 55
2959 46
2960 52
2961 38
2962 59
2963 51
2964 49
2965 48
2966 43
2967 50
2968 55
2969 36
2970 42
2971 48
2972 24
2973 37
2974 27
2975 30
2976 49
2977 42
2978 26
2979 33
2980 42
2981 39
2982 28
2983 34
2984 45
2985 31
2986 28
2987 34
2988 36
2989 36
2990 31
2991 32
2992 38
2993 42
2994 33
2995 35
2996 35
2997 37
2998 35
2999 45
3000 34
3001 38
3002 29
3003 26
3004 35
3005 31
3006 29
3007 36
3008 36
3009 32
3010 40
3011 31
3012 32
3013 28
3014 31
3015 39
3016 32
3017 36
3018 35
3019 36
3020 35
3021 34
3022 41
3023 35
3024 31
3025 41
3026 39
3027 34
3028 41
3029 43
3030 29
3031 43
3032 35
3033 34
3034 36
3035 30
3036 31
3037 36
3038 38
3039 39
3040 33
3041 42
3042 31
3043 32
3044 38
3045 32
3046 33
3047 40
3048 36
3049 40
3050 35
3051 33
3052 41
3053 31
3054 43
3055 32
3056 37
3057 41
3058 43
3059 29
3060 37
3061 40
3062 32
3063 35
3064 32
3065 37
3066 37
3067 45
3068 29
3069 40
3070 32
3071 42
3072 24
3073 32
3074 42
3075 44
3076 36
3077 37
3078 43
3079 30
3080 38
3081 37
3082 33
3083 44
3084 40
3085 47
3086 56
3087 49
3088 62
3089 43
3090 47
3091 38
3092 37
3093 45
3094 37
3095 29
3096 25
3097 40
3098 39
3099 35
3100 32
3101 50
3102 46
3103 39
3104 22
3105 43
3106 33
3107 33
3108 42
3109 29
3110 29
3111 38
3112 37
3113 44
3114 32
3115 36
3116 33
3117 48
3118 49
3119 36
3120 38
3121 31
3122 35
3123 30
3124 38
3125 37
3126 29
3127 40
3128 32
3129 29
3130 25
3131 29
3132 37
3133 27
3134 43
3135 25
3136 41
3137 37
3138 29
3139 38
3140 41
3141 36
3142 53
3143 32
3144 58
3145 44
3146 43
3147 36
3148 39
3149 33
3150 40
3151 30
3152 32
3153 41
3154 25
3155 42
3156 31
3157 33
3158 36
3159 28
3160 40
3161 32
3162 30
3163 28
3164 40
3165 29
3166 47
3167 30
3168 36
3169 35
3170 31
3171 29
3172 32
3173 27
3174 23
3175 39
3176 27
3177 42
3178 41
3179 23
3180 40
3181 28
3182 31
3183 34
3184 37
3185 32
3186 36
3187 36
3188 33
3189 43
3190 38
3191 42
3192 33
3193 34
3194 46
3195 42
3196 31
3197 36
3198 25
3199 42
3200 38
3201 40
3202 45
3203 32
3204 34
3205 44
3206 33
3207 42
3208 34
3209 46
3210 36
3211 27
3212 28
3213 38
3214 31
3215 34
3216 32
3217 47
3218 35
3219 35
3220 35
3221 30
3222 30
3223 25
3224 32
3225 37
3226 25
3227 41
3228 33
3229 30
3230 33
3231 41
3232 33
3233 41
3234 26
3235 30
3236 35
3237 27
3238 34
3239 35
3240 26
3241 41
3242 31
3243 23
3244 35
3245 37
3246 37
3247 43
3248 28
3249 39
3250 39
3251 32
3252 25
3253 39
3254 33
3255 23
3256 32
3257 30
3258 28
3259 37
3260 42
3261 24
3262 36
3263 35
3264 33
3265 34
3266 29
3267 42
3268 33
3269 38
3270 41
3271 31
3272 35
3273 32
3274 34
3275 40
3276 41
3277 31
3278 35
3279 45
3280 33
3281 28
3282 37
3283 30
3284 30
3285 31
3286 36
3287 39
3288 34
3289 34
3290 37
3291 39
3292 30
3293 28
3294 42
3295 36
3296 31
3297 42
3298 32
3299 36
3300 40
3301 23
3302 32
3303 40
3304 29
3305 40
3306 37
3307 34
3308 41
3309 37
3310 36
3311 33
3312 49
3313 35
3314 40
3315 38
3316 37
3317 31
3318 44
3319 35
3320 35
3321 35
3322 35
3323 32
3324 27
3325 27
3326 26
3327 26
3328 26
3329 45
3330 28
3331 25
3332 25
3333 40
3334 36
3335 25
3336 45
3337 26
3338 34
3339 26
3340 36
3341 33
3342 29
3343 28
3344 39
3345 31
3346 27
3347 19
3348 33
3349 49
3350 49
3351 60
3352 47
3353 44
3354 52
3355 65
3356 48
3357 54
3358 45
3359 55
3360 45
3361 39
3362 36
3363 36
3364 32
3365 35
3366 27
3367 22
3368 39
3369 42
3370 44
3371 41
3372 45
3373 46
3374 43
3375 31
3376 36
3377 28
3378 28
3379 50
3380 25
3381 31
3382 34
3383 21
3384 23
3385 30
3386 44
3387 29
3388 33
3389 34
3390 25
3391 35
3392 24
3393 35
3394 42
3395 29
3396 34
3397 28
3398 26
3399 36
3400 43
3401 26
3402 38
3403 32
3404 25
3405 28
3406 20
3407 24
3408 39
3409 35
3410 28
3411 31
3412 27
3413 35
3414 41
3415 33
3416 24
3417 31
3418 39
3419 21
3420 32
3421 28
3422 30
3423 31
3424 44
3425 31
3426 32
3427 23
3428 25
3429 38
3430 33
3431 34
3432 40
3433 32
3434 36
3435 27
3436 38
3437 18
3438 34
3439 33
3440 32
3441 39
3442 31
3443 31
3444 30
3445 29
3446 33
3447 29
3448 29
3449 30
3450 22
3451 34
3452 27
3453 32
3454 30
3455 33
3456 19
3457 31
3458 25
3459 33
3460 33
3461 29
3462 32
3463 35
3464 37
3465 28
3466 37
3467 28
3468 36
3469 27
3470 35
3471 27
3472 30
3473 37
3474 29
3475 26
3476 28
3477 41
3478 19
3479 25
3480 33
3481 26
3482 25
3483 26
3484 28
3485 30
3486 34
3487 26
3488 36
3489 26
3490 25
3491 40
3492 31
3493 32
3494 43
3495 42
3496 33
3497 28
3498 32
3499 37
3500 37
3501 32
3502 39
3503 32
3504 34
3505 32
3506 42
3507 43
3508 33
3509 32
3510 45
3511 45
3512 55
3513 76
3514 102
3515 162
3516 288
3517 429
3518 689
3519 1104
3520 1439
3521 2024
3522 2347
3523 2626
3524 2634
3525 2519
3526 2245
3527 1720
3528 1216
3529 850
3530 519
3531 305
3532 179
3533 104
3534 73
3535 45
3536 45
3537 44
3538 33
3539 43
3540 36
3541 34
3542 30
3543 39
3544 35
3545 36
3546 35
3547 32
3548 35
3549 35
3550 28
3551 27
3552 29
3553 34
3554 32
3555 40
3556 34
3557 24
3558 24
3559 41
3560 23
3561 29
3562 28
3563 39
3564 29
3565 28
3566 27
3567 23
3568 35
3569 29
3570 38
3571 25
3572 27
3573 26
3574 25
3575 27
3576 28
3577 43
3578 25
3579 23
3580 32
3581 28
3582 17
3583 34
3584 20
3585 19
3586 27
3587 23
3588 22
3589 22
3590 18
3591 22
3592 20
3593 21
3594 27
3595 25
3596 28
3597 29
3598 19
3599 27
3600 25
3601 31
3602 28
3603 23
3604 25
3605 34
3606 22
3607 36
3608 30
3609 21
3610 18
3611 29
3612 23
3613 30
3614 20
3615 26
3616 28
3617 26
3618 31
3619 31
3620 33
3621 31
3622 23
3623 21
3624 22
3625 28
3626 28
3627 24
3628 21
3629 22
3630 21
3631 27
3632 24
3633 22
3634 31
3635 39
3636 25
3637 23
3638 15
3639 30
3640 23
3641 29
3642 22
3643 28
3644 24
3645 27
3646 25
3647 23
3648 24
3649 26
3650 30
3651 18
3652 22
3653 29
3654 33
3655 21
3656 24
3657 29
3658 30
3659 32
3660 24
3661 38
3662 24
3663 19
3664 26
3665 26
3666 22
3667 29
3668 32
3669 33
3670 31
3671 29
3672 27
3673 21
3674 22
3675 26
3676 20
3677 18
3678 24
3679 26
3680 27
3681 15
3682 27
3683 29
3684 26
3685 26
3686 30
3687 24
3688 28
3689 27
3690 20
3691 36
3692 24
3693 30
3694 23
3695 27
3696 33
3697 24
3698 23
3699 26
3700 32
3701 25
3702 21
3703 32
3704 29
3705 30
3706 29
3707 37
3708 22
3709 25
3710 28
3711 27
3712 25
3713 24
3714 25
3715 25
3716 26
3717 27
3718 23
3719 16
3720 25
3721 27
3722 31
3723 29
3724 25
3725 27
3726 33
3727 31
3728 34
3729 21
3730 20
3731 22
3732 18
3733 24
3734 26
3735 24
3736 18
3737 29
3738 26
3739 26
3740 25
3741 33
3742 21
3743 24
3744 26
3745 22
3746 16
3747 23
3748 29
3749 29
3750 22
3751 28
3752 29
3753 26
3754 30
3755 27
3756 23
3757 26
3758 27
3759 29
3760 21
3761 27
3762 20
3763 27
3764 26
3765 23
3766 26
3767 21
3768 29
3769 22
3770 12
3771 20
3772 34
3773 18
3774 29
3775 30
3776 19
3777 21
3778 27
3779 19
3780 23
3781 31
3782 24
3783 18
3784 23
3785 20
3786 23
3787 20
3788 25
3789 25
3790 21
3791 19
3792 23
3793 35
3794 15
3795 24
3796 27
3797 25
3798 20
3799 26
3800 25
3801 31
3802 30
3803 32
3804 18
3805 15
3806 23
3807 20
3808 23
3809 18
3810 29
3811 24
3812 24
3813 20
3814 24
3815 26
3816 26
3817 34
3818 25
3819 40
3820 34
3821 24
3822 21
3823 32
3824 33
3825 30
3826 29
3827 27
3828 35
3829 22
3830 24
3831 13
3832 29
3833 34
3834 18
3835 23
3836 19
3837 26
3838 20
3839 25
3840 26
3841 37
3842 41
3843 51
3844 60
3845 61
3846 77
3847 86
3848 103
3849 107
3850 79
3851 82
3852 70
3853 64
3854 48
3855 30
3856 41
3857 28
3858 23
3859 22
3860 20
3861 27
3862 26
3863 26
3864 39
3865 21
3866 23
3867 17
3868 21
3869 25
3870 14
3871 24
3872 27
3873 35
3874 25
3875 20
3876 32
3877 20
3878 19
3879 18
3880 16
3881 17
3882 20
3883 19
3884 13
3885 24
3886 20
3887 26
3888 25
3889 20
3890 19
3891 27
3892 24
3893 23
3894 19
3895 19
3896 28
3897 27
3898 22
3899 26
3900 22
3901 19
3902 21
3903 23
3904 31
3905 16
3906 19
3907 14
3908 20
3909 29
3910 17
3911 20
3912 24
3913 25
3914 25
3915 29
3916 25
3917 19
3918 21
3919 18
3920 19
3921 18
3922 21
3923 21
3924 20
3925 19
3926 28
3927 19
3928 20
3929 24
3930 28
3931 23
3932 20
3933 23
3934 31
3935 21
3936 22
3937 21
3938 18
3939 19
3940 21
3941 19
3942 23
3943 38
3944 27
3945 24
3946 27
3947 25
3948 16
3949 35
3950 17
3951 27
3952 27
3953 26
3954 28
3955 23
3956 24
3957 30
3958 19
3959 33
3960 24
3961 23
3962 17
3963 24
3964 22
3965 37
3966 16
3967 25
3968 30
3969 26
3970 28
3971 24
3972 25
3973 15
3974 25
3975 26
3976 25
3977 27
3978 25
3979 20
3980 16
3981 24
3982 9
3983 28
3984 28
3985 22
3986 24
3987 24
3988 18
3989 19
3990 24
3991 32
3992 22
3993 21
3994 20
3995 32
3996 31
3997 25
3998 13
3999 27
4000 34
4001 24
4002 20
4003 21
4004 25
4005 31
4006 29
4007 24
4008 25
4009 19
4010 22
4011 20
4012 19
4013 23
4014 18
4015 30
4016 20
4017 21
4018 18
4019 29
4020 13
4021 24
4022 32
4023 20
4024 24
4025 26
4026 24
4027 30
4028 23
4029 26
4030 24
4031 24
4032 25
4033 21
4034 17
4035 13
4036 29
4037 29
4038 32
4039 18
4040 35
4041 22
4042 36
4043 28
4044 31
4045 25
4046 27
4047 26
4048 26
4049 22
4050 22
4051 21
4052 25
4053 23
4054 21
4055 26
4056 20
4057 19
4058 26
4059 36
4060 33
4061 44
4062 40
4063 51
4064 47
4065 38
4066 47
4067 35
4068 53
4069 43
4070 36
4071 35
4072 25
4073 37
4074 28
4075 40
4076 35
4077 20
4078 31
4079 24
4080 30
4081 22
4082 19
4083 23
4084 24
4085 36
4086 32
4087 29
4088 29
4089 34
4090 29
4091 32
4092 34
4093 24
4094 36
4095 39
4096 32
4097 27
4098 35
4099 31
4100 21
4101 29
4102 27
4103 22
4104 31
4105 20
4106 14
4107 36
4108 19
4109 17
4110 30
4111 33
4112 31
4113 25
4114 25
4115 25
4116 18
4117 23
4118 24
4119 30
4120 24
4121 26
4122 18
4123 24
4124 29
4125 24
4126 27
4127 26
4128 27
4129 24
4130 11
4131 17
4132 23
4133 24
4134 28
4135 19
4136 20
4137 16
4138 17
4139 17
4140 21
4141 31
4142 25
4143 20
4144 28
4145 27
4146 20
4147 18
4148 23
4149 16
4150 15
4151 29
4152 23
4153 25
4154 21
4155 35
4156 20
4157 21
4158 27
4159 34
4160 30
4161 33
4162 40
4163 41
4164 40
4165 49
4166 34
4167 38
4168 29
4169 28
4170 25
4171 30
4172 30
4173 26
4174 23
4175 21
4176 25
4177 27
4178 23
4179 21
4180 19
4181 25
4182 21
4183 30
4184 19
4185 21
4186 21
4187 22
4188 25
4189 23
4190 18
4191 22
4192 25
4193 23
4194 19
4195 21
4196 28
4197 22
4198 30
4199 29
4200 23
4201 19
4202 29
4203 26
4204 26
4205 29
4206 30
4207 26
4208 31
4209 22
4210 23
4211 31
4212 22
4213 25
4214 26
4215 15
4216 18
4217 21
4218 24
4219 23
4220 16
4221 26
4222 14
4223 24
4224 16
4225 28
4226 9
4227 17
4228 29
4229 34
4230 21
4231 21
4232 30
4233 23
4234 21
4235 17
4236 30
4237 26
4238 11
4239 26
4240 23
4241 28
4242 26
4243 28
4244 20
4245 19
4246 21
4247 22
4248 17
4249 19
4250 34
4251 23
4252 19
4253 24
4254 22
4255 24
4256 33
4257 16
4258 21
4259 16
4260 22
4261 29
4262 31
4263 23
4264 21
4265 27
4266 17
4267 29
4268 17
4269 24
4270 26
4271 22
4272 28
4273 24
4274 14
4275 32
4276 25
4277 20
4278 22
4279 21
4280 26
4281 22
4282 27
4283 38
4284 24
4285 25
4286 27
4287 39
4288 24
4289 31
4290 31
4291 34
4292 48
4293 36
4294 39
4295 53
4296 36
4297 52
4298 34
4299 35
4300 41
4301 30
4302 33
4303 24
4304 25
4305 28
4306 27
4307 20
4308 30
4309 20
4310 21
4311 20
4312 28
4313 30
4314 26
4315 26
4316 24
4317 18
4318 24
4319 19
4320 25
4321 22
4322 20
4323 20
4324 30
4325 22
4326 17
4327 20
4328 19
4329 24
4330 21
4331 25
4332 23
4333 21
4334 31
4335 12
4336 26
4337 17
4338 23
4339 25
4340 20
4341 21
4342 20
4343 9
4344 23
4345 23
4346 29
4347 30
4348 29
4349 20
4350 22
4351 34
4352 27
4353 33
4354 31
4355 28
4356 29
4357 22
4358 25
4359 23
4360 32
4361 26
4362 21
4363 20
4364 30
4365 17
4366 20
4367 25
4368 24
4369 20
4370 21
4371 22
4372 24
4373 24
4374 24
4375 22
4376 27
4377 24
4378 23
4379 20
4380 22
4381 24
4382 24
4383 21
4384 18
4385 26
4386 22
4387 19
4388 20
4389 32
4390 24
4391 21
4392 30
4393 29
4394 25
4395 22
4396 19
4397 19
4398 26
4399 21
4400 28
4401 25
4402 20
4403 20
4404 15
4405 28
4406 21
4407 27
4408 17
4409 25
4410 21
4411 21
4412 22
4413 22
4414 19
4415 26
4416 20
4417 31
4418 26
4419 21
4420 17
4421 16
4422 23
4423 18
4424 23
4425 26
4426 32
4427 40
4428 42
4429 43
4430 46
4431 40
4432 34
4433 44
4434 50
4435 49
4436 57
4437 64
4438 104
4439 117
4440 143
4441 191
4442 204
4443 241
4444 256
4445 219
4446 194
4447 161
4448 132
4449 89
4450 68
4451 65
4452 56
4453 31
4454 35
4455 31
4456 24
4457 18
4458 27
4459 27
4460 14
4461 27
4462 25
4463 21
4464 27
4465 27
4466 24
4467 17
4468 20
4469 19
4470 18
4471 21
4472 23
4473 23
4474 22
4475 23
4476 16
4477 15
4478 19
4479 19
4480 19
4481 21
4482 21
4483 24
4484 24
4485 21
4486 24
4487 24
4488 27
4489 18
4490 26
4491 18
4492 28
4493 16
4494 26
4495 21
4496 17
4497 22
4498 19
4499 19
4500 26
4501 22
4502 17
4503 16
4504 19
4505 24
4506 16
4507 16
4508 20
4509 23
4510 33
4511 27
4512 23
4513 21
4514 23
4515 20
4516 20
4517 14
4518 19
4519 34
4520 14
4521 30
4522 17
4523 24
4524 25
4525 19
4526 14
4527 20
4528 22
4529 14
4530 28
4531 26
4532 19
4533 23
4534 18
4535 21
4536 27
4537 23
4538 30
4539 30
4540 47
4541 44
4542 60
4543 58
4544 75
4545 68
4546 73
4547 68
4548 65
4549 55
4550 45
4551 42
4552 36
4553 29
4554 23
4555 21
4556 17
4557 25
4558 22
4559 26
4560 23
4561 18
4562 16
4563 23
4564 32
4565 29
4566 26
4567 24
4568 19
4569 20
4570 22
4571 20
4572 25
4573 18
4574 20
4575 23
4576 16
4577 23
4578 25
4579 21
4580 15
4581 23
4582 27
4583 24
4584 13
4585 21
4586 18
4587 25
4588 15
4589 24
4590 14
4591 22
4592 22
4593 35
4594 17
4595 24
4596 29
4597 19
4598 12
4599 22
4600 14
4601 19
4602 16
4603 22
4604 25
4605 23
4606 23
4607 23
4608 22
4609 22
4610 18
4611 20
4612 30
4613 21
4614 22
4615 22
4616 9
4617 21
4618 26
4619 27
4620 17
4621 20
4622 24
4623 22
4624 15
4625 27
4626 32
4627 22
4628 25
4629 25
4630 16
4631 25
4632 24
4633 19
4634 18
4635 22
4636 21
4637 30
4638 25
4639 23
4640 19
4641 24
4642 26
4643 22
4644 19
4645 18
4646 25
4647 14
4648 22
4649 17
4650 19
4651 27
4652 19
4653 31
4654 17
4655 26
4656 37
4657 45
4658 50
4659 63
4660 67
4661 65
4662 68
4663 78
4664 74
4665 70
4666 64
4667 47
4668 39
4669 34
4670 32
4671 20
4672 21
4673 25
4674 15
4675 17
4676 13
4677 23
4678 21
4679 25
4680 19
4681 16
4682 11
4683 21
4684 21
4685 15
4686 18
4687 18
4688 32
4689 21
4690 26
4691 24
4692 30
4693 22
4694 22
4695 23
4696 20
4697 23
4698 22
4699 21
4700 19
4701 22
4702 27
4703 27
4704 24
4705 29
4706 17
4707 27
4708 29
4709 27
4710 15
4711 29
4712 27
4713 32
4714 27
4715 21
4716 24
4717 20
4718 18
4719 20
4720 21
4721 18
4722 27
4723 23
4724 23
4725 25
4726 21
4727 14
4728 23
4729 20
4730 16
4731 29
4732 26
4733 26
4734 16
4735 24
4736 19
4737 21
4738 19
4739 23
4740 22
4741 25
4742 14
4743 22
4744 25
4745 17
4746 16
4747 20
4748 28
4749 23
4750 41
4751 23
4752 30
4753 23
4754 22
4755 20
4756 26
4757 36
4758 20
4759 15
4760 22
4761 23
4762 14
4763 26
4764 28
4765 22
4766 14
4767 30
4768 28
4769 16
4770 29
4771 22
4772 28
4773 23
4774 23
4775 14
4776 22
4777 37
4778 25
4779 20
4780 27
4781 20
4782 33
4783 30
4784 34
4785 19
4786 21
4787 26
4788 11
4789 21
4790 24
4791 23
4792 18
4793 29
4794 15
4795 15
4796 22
4797 16
4798 19
4799 25
4800 22
4801 15
4802 28
4803 12
4804 28
4805 21
4806 20
4807 26
4808 24
4809 26
4810 31
4811 28
4812 24
4813 29
4814 23
4815 35
4816 18
4817 28
4818 20
4819 30
4820 24
4821 28
4822 21
4823 28
4824 28
4825 16
4826 25
4827 16
4828 29
4829 21
4830 29
4831 24
4832 23
4833 21
4834 27
4835 25
4836 17
4837 22
4838 25
4839 25
4840 12
4841 28
4842 18
4843 30
4844 19
4845 28
4846 29
4847 27
4848 32
4849 39
4850 45
4851 46
4852 53
4853 43
4854 48
4855 39
4856 47
4857 29
4858 29
4859 25
4860 18
4861 27
4862 25
4863 24
4864 21
4865 18
4866 16
4867 24
4868 14
4869 17
4870 18
4871 26
4872 30
4873 16
4874 14
4875 25
4876 20
4877 24
4878 14
4879 16
4880 21
4881 21
4882 16
4883 23
4884 22
4885 22
4886 22
4887 24
4888 26
4889 26
4890 15
4891 21
4892 16
4893 21
4894 15
4895 30
4896 22
4897 18
4898 18
4899 28
4900 22
4901 31
4902 21
4903 20
4904 23
4905 20
4906 31
4907 17
4908 21
4909 25
4910 22
4911 31
4912 20
4913 22
4914 21
4915 26
4916 20
4917 12
4918 19
4919 21
4920 18
4921 19
4922 21
4923 25
4924 22
4925 18
4926 22
4927 28
4928 20
4929 18
4930 23
4931 29
4932 12
4933 15
4934 22
4935 19
4936 15
4937 25
4938 25
4939 32
4940 35
4941 21
4942 23
4943 25
4944 24
4945 27
4946 25
4947 26
4948 19
4949 27
4950 24
4951 28
4952 18
4953 23
4954 14
4955 15
4956 19
4957 26
4958 18
4959 21
4960 16
4961 19
4962 25
4963 26
4964 23
4965 22
4966 25
4967 24
4968 18
4969 19
4970 22
4971 24
4972 22
4973 30
4974 34
4975 20
4976 22
4977 23
4978 22
4979 16
4980 24
4981 12
4982 26
4983 23
4984 20
4985 32
4986 17
4987 21
4988 28
4989 29
4990 24
4991 19
4992 24
4993 19
4994 26
4995 20
4996 13
4997 25
4998 23
4999 22
5000 21
5001 18
5002 23
5003 19
5004 18
5005 21
5006 22
5007 21
5008 26
5009 17
5010 13
5011 22
5012 21
5013 21
5014 21
5015 27
5016 24
5017 12
5018 21
5019 23
5020 23
5021 28
5022 26
5023 19
5024 19
5025 21
5026 19
5027 27
5028 16
5029 24
5030 24
5031 23
5032 21
5033 24
5034 20
5035 24
5036 17
5037 30
5038 31
5039 15
5040 25
5041 26
5042 28
5043 23
5044 17
5045 12
5046 26
5047 28
5048 16
5049 17
5050 31
5051 19
5052 26
5053 20
5054 26
5055 23
5056 27
5057 20
5058 24
5059 25
5060 24
5061 22
5062 15
5063 34
5064 29
5065 26
5066 33
5067 19
5068 23
5069 15
5070 23
5071 19
5072 24
5073 21
5074 28
5075 18
5076 21
5077 21
5078 20
5079 28
5080 20
5081 26
5082 18
5083 17
5084 22
5085 26
5086 19
5087 28
5088 16
5089 19
5090 25
5091 24
5092 34
5093 26
5094 26
5095 28
5096 25
5097 24
5098 17
5099 31
5100 26
5101 31
5102 21
5103 25
5104 24
5105 24
5106 29
5107 23
5108 24
5109 24
5110 29
5111 27
5112 24
5113 24
5114 22
5115 17
5116 31
5117 19
5118 23
5119 16
5120 13
5121 24
5122 21
5123 24
5124 32
5125 23
5126 26
5127 34
5128 21
5129 30
5130 16
5131 25
5132 25
5133 12
5134 20
5135 21
5136 28
5137 22
5138 13
5139 27
5140 26
5141 24
5142 25
5143 21
5144 29
5145 22
5146 20
5147 26
5148 21
5149 27
5150 25
5151 24
5152 21
5153 18
5154 25
5155 27
5156 27
5157 22
5158 25
5159 20
5160 30
5161 22
5162 29
5163 24
5164 23
5165 20
5166 19
5167 30
5168 20
5169 33
5170 24
5171 16
5172 24
5173 25
5174 20
5175 29
5176 15
5177 38
5178 24
5179 28
5180 19
5181 27
5182 22
5183 17
5184 28
5185 18
5186 23
5187 23
5188 24
5189 20
5190 29
5191 23
5192 24
5193 14
5194 32
5195 28
5196 22
5197 20
5198 30
5199 23
5200 22
5201 24
5202 19
5203 26
5204 21
5205 24
5206 20
5207 19
5208 30
5209 19
5210 23
5211 27
5212 24
5213 32
5214 23
5215 16
5216 30
5217 20
5218 23
5219 32
5220 18
5221 23
5222 32
5223 21
5224 20
5225 23
5226 30
5227 29
5228 35
5229 27
5230 27
5231 19
5232 29
5233 32
5234 24
5235 23
5236 27
5237 17
5238 20
5239 24
5240 22
5241 20
5242 24
5243 32
5244 17
5245 15
5246 24
5247 29
5248 24
5249 29
5250 20
5251 22
5252 27
5253 27
5254 25
5255 21
5256 26
5257 19
5258 27
5259 27
5260 23
5261 30
5262 27
5263 28
5264 13
5265 26
5266 24
5267 25
5268 26
5269 26
5270 32
5271 27
5272 29
5273 24
5274 25
5275 30
5276 20
5277 27
5278 27
5279 20
5280 23
5281 18
5282 21
5283 10
5284 28
5285 24
5286 23
5287 23
5288 26
5289 26
5290 26
5291 13
5292 21
5293 31
5294 23
5295 28
5296 28
5297 22
5298 31
5299 19
5300 17
5301 29
5302 15
5303 15
5304 19
5305 25
5306 23
5307 20
5308 15
5309 29
5310 33
5311 18
5312 20
5313 8
5314 16
5315 27
5316 23
5317 18
5318 18
5319 20
5320 19
5321 23
5322 22
5323 23
5324 23
5325 20
5326 17
5327 11
5328 13
5329 19
5330 15
5331 13
5332 25
5333 25
5334 21
5335 18
5336 16
5337 20
5338 14
5339 23
5340 13
5341 19
5342 19
5343 14
5344 22
5345 21
5346 20
5347 19
5348 19
5349 20
5350 21
5351 20
5352 25
5353 13
5354 18
5355 15
5356 15
5357 22
5358 24
5359 15
5360 19
5361 14
5362 22
5363 17
5364 19
5365 21
5366 29
5367 28
5368 19
5369 21
5370 15
5371 14
5372 25
5373 25
5374 17
5375 23
5376 19
5377 25
5378 20
5379 23
5380 28
5381 23
5382 24
5383 24
5384 22
5385 17
5386 27
5387 17
5388 16
5389 20
5390 20
5391 32
5392 24
5393 28
5394 33
5395 40
5396 49
5397 76
5398 66
5399 82
5400 117
5401 111
5402 128
5403 115
5404 118
5405 91
5406 82
5407 70
5408 47
5409 43
5410 25
5411 39
5412 20
5413 30
5414 16
5415 24
5416 15
5417 13
5418 24
5419 16
5420 22
5421 19
5422 14
5423 18
5424 16
5425 13
5426 16
5427 25
5428 14
5429 14
5430 22
5431 14
5432 14
5433 16
5434 20
5435 22
5436 20
5437 18
5438 23
5439 13
5440 13
5441 18
5442 11
5443 20
5444 21
5445 26
5446 15
5447 9
5448 21
5449 17
5450 19
5451 21
5452 17
5453 25
5454 20
5455 19
5456 23
5457 22
5458 16
5459 16
5460 25
5461 26
5462 13
5463 24
5464 23
5465 27
5466 20
5467 22
5468 19
5469 16
5470 25
5471 28
5472 20
5473 22
5474 17
5475 19
5476 15
5477 16
5478 23
5479 23
5480 17
5481 18
5482 21
5483 16
5484 18
5485 26
5486 14
5487 15
5488 19
5489 10
5490 16
5491 22
5492 18
5493 15
5494 20
5495 15
5496 17
5497 16
5498 13
5499 22
5500 21
5501 17
5502 21
5503 17
5504 17
5505 16
5506 15
5507 14
5508 22
5509 14
5510 17
5511 14
5512 21
5513 12
5514 18
5515 24
5516 13
5517 19
5518 22
5519 22
5520 17
5521 10
5522 12
5523 23
5524 21
5525 21
5526 23
5527 15
5528 16
5529 19
5530 14
5531 22
5532 23
5533 22
5534 13
5535 20
5536 21
5537 22
5538 19
5539 19
5540 24
5541 18
5542 16
5543 28
5544 18
5545 26
5546 15
5547 20
5548 23
5549 20
5550 16
5551 24
5552 23
5553 25
5554 14
5555 16
5556 17
5557 12
5558 26
5559 19
5560 14
5561 21
5562 20
5563 23
5564 14
5565 16
5566 24
5567 15
5568 13
5569 23
5570 21
5571 21
5572 28
5573 31
5574 31
5575 25
5576 28
5577 34
5578 28
5579 34
5580 27
5581 22
5582 23
5583 22
5584 17
5585 28
5586 22
5587 23
5588 17
5589 27
5590 17
5591 19
5592 18
5593 21
5594 21
5595 16
5596 18
5597 21
5598 16
5599 20
5600 22
5601 33
5602 24
5603 22
5604 21
5605 23
5606 22
5607 25
5608 21
5609 22
5610 23
5611 16
5612 17
5613 24
5614 23
5615 31
5616 22
5617 15
5618 13
5619 19
5620 18
5621 13
5622 25
5623 21
5624 16
5625 24
5626 17
5627 14
5628 22
5629 16
5630 15
5631 18
5632 18
5633 24
5634 15
5635 17
5636 26
5637 14
5638 17
5639 25
5640 20
5641 20
5642 22
5643 14
5644 16
5645 24
5646 20
5647 29
5648 22
5649 14
5650 14
5651 20
5652 14
5653 20
5654 15
5655 24
5656 20
5657 18
5658 17
5659 21
5660 19
5661 18
5662 21
5663 21
5664 20
5665 22
5666 23
5667 18
5668 22
5669 13
5670 18
5671 20
5672 24
5673 24
5674 18
5675 18
5676 12
5677 21
5678 12
5679 13
5680 14
5681 17
5682 22
5683 16
5684 18
5685 18
5686 19
5687 17
5688 22
5689 19
5690 15
5691 26
5692 12
5693 14
5694 21
5695 5
5696 24
5697 19
5698 14
5699 14
5700 16
5701 18
5702 17
5703 23
5704 23
5705 12
5706 15
5707 13
5708 16
5709 14
5710 17
5711 17
5712 8
5713 16
5714 14
5715 15
5716 20
5717 14
5718 20
5719 17
5720 15
5721 15
5722 19
5723 25
5724 15
5725 12
5726 17
5727 24
5728 7
5729 16
5730 19
5731 26
5732 15
5733 14
5734 19
5735 20
5736 15
5737 13
5738 20
5739 16
5740 25
5741 13
5742 17
5743 22
5744 13
5745 17
5746 21
5747 21
5748 13
5749 21
5750 20
5751 18
5752 15
5753 16
5754 18
5755 19
5756 24
5757 26
5758 28
5759 22
5760 19
5761 24
5762 18
5763 16
5764 18
5765 19
5766 17
5767 20
5768 14
5769 16
5770 9
5771 19
5772 19
5773 21
5774 21
5775 15
5776 16
5777 16
5778 21
5779 18
5780 26
5781 18
5782 27
5783 26
5784 34
5785 33
5786 31
5787 37
5788 44
5789 53
5790 49
5791 32
5792 43
5793 43
5794 37
5795 39
5796 20
5797 28
5798 13
5799 17
5800 17
5801 22
5802 15
5803 21
5804 15
5805 24
5806 12
5807 16
5808 10
5809 21
5810 10
5811 12
5812 20
5813 10
5814 15
5815 17
5816 18
5817 21
5818 18
5819 19
5820 17
5821 17
5822 24
5823 12
5824 18
5825 14
5826 21
5827 22
5828 22
5829 19
5830 16
5831 15
5832 11
5833 26
5834 24
5835 15
5836 16
5837 13
5838 14
5839 20
5840 19
5841 18
5842 19
5843 13
5844 21
5845 15
5846 18
5847 19
5848 17
5849 25
5850 16
5851 11
5852 14
5853 8
5854 20
5855 15
5856 15
5857 25
5858 19
5859 14
5860 24
5861 16
5862 25
5863 22
5864 17
5865 17
5866 18
5867 12
5868 22
5869 15
5870 12
5871 14
5872 17
5873 16
5874 17
5875 9
5876 16
5877 16
5878 17
5879 19
5880 15
5881 15
5882 19
5883 17
5884 9
5885 14
5886 24
5887 25
5888 14
5889 11
5890 17
5891 12
5892 11
5893 17
5894 10
5895 20
5896 12
5897 16
5898 17
5899 18
5900 17
5901 13
5902 19
5903 17
5904 20
5905 20
5906 15
5907 20
5908 20
5909 19
5910 17
5911 14
5912 17
5913 22
5914 17
5915 14
5916 21
5917 18
5918 20
5919 7
5920 18
5921 15
5922 11
5923 13
5924 20
5925 14
5926 22
5927 24
5928 21
5929 18
5930 13
5931 11
5932 18
5933 22
5934 20
5935 22
5936 14
5937 18
5938 10
5939 18
5940 15
5941 12
5942 22
5943 15
5944 22
5945 14
5946 14
5947 16
5948 9
5949 20
5950 21
5951 13
5952 12
5953 12
5954 15
5955 13
5956 12
5957 21
5958 13
5959 13
5960 16
5961 10
5962 15
5963 15
5964 16
5965 19
5966 13
5967 14
5968 27
5969 22
5970 12
5971 15
5972 18
5973 13
5974 14
5975 11
5976 16
5977 13
5978 18
5979 20
5980 18
5981 11
5982 11
5983 18
5984 8
5985 14
5986 13
5987 13
5988 16
5989 10
5990 12
5991 11
5992 19
5993 15
5994 12
5995 13
5996 14
5997 20
5998 10
5999 8
6000 9
6001 12
6002 12
6003 19
6004 9
6005 20
6006 15
6007 16
6008 14
6009 18
6010 16
6011 17
6012 11
6013 19
6014 15
6015 16
6016 18
6017 16
6018 13
6019 18
6020 17
6021 21
6022 14
6023 11
6024 14
6025 24
6026 14
6027 17
6028 14
6029 14
6030 17
6031 15
6032 17
6033 18
6034 14
6035 13
6036 18
6037 25
6038 26
6039 13
6040 29
6041 13
6042 15
6043 15
6044 16
6045 12
6046 20
6047 17
6048 14
6049 16
6050 11
6051 17
6052 13
6053 12
6054 25
6055 16
6056 17
6057 17
6058 11
6059 11
6060 15
6061 17
6062 13
6063 22
6064 16
6065 17
6066 15
6067 13
6068 18
6069 12
6070 11
6071 19
6072 16
6073 24
6074 11
6075 22
6076 19
6077 14
6078 20
6079 19
6080 19
6081 20
6082 25
6083 23
6084 26
6085 31
6086 27
6087 22
6088 18
6089 16
6090 19
6091 20
6092 15
6093 11
6094 15
6095 9
6096 16
6097 15
6098 14
6099 14
6100 13
6101 21
6102 15
6103 16
6104 9
6105 14
6106 10
6107 13
6108 25
6109 11
6110 18
6111 14
6112 21
6113 17
6114 18
6115 16
6116 20
6117 14
6118 19
6119 17
6120 13
6121 17
6122 13
6123 10
6124 11
6125 14
6126 13
6127 17
6128 10
6129 23
6130 14
6131 20
6132 7
6133 15
6134 8
6135 15
6136 13
6137 17
6138 14
6139 12
6140 8
6141 18
6142 10
6143 16
6144 18
6145 20
6146 19
6147 18
6148 16
6149 17
6150 12
6151 16
6152 11
6153 11
6154 14
6155 14
6156 10
6157 12
6158 12
6159 19
6160 14
6161 15
6162 9
6163 18
6164 20
6165 15
6166 19
6167 15
6168 16
6169 25
6170 19
6171 23
6172 13
6173 19
6174 15
6175 18
6176 14
6177 19
6178 12
6179 20
6180 25
6181 11
6182 17
6183 20
6184 17
6185 18
6186 23
6187 18
6188 18
6189 21
6190 19
6191 22
6192 18
6193 14
6194 19
6195 18
6196 20
6197 14
6198 13
6199 12
6200 15
6201 20
6202 18
6203 9
6204 15
6205 17
6206 11
6207 15
6208 15
6209 19
6210 15
6211 18
6212 13
6213 11
6214 13
6215 18
6216 7
6217 13
6218 12
6219 13
6220 14
6221 16
6222 13
6223 12
6224 13
6225 20
6226 20
6227 14
6228 16
6229 16
6230 9
6231 13
6232 19
6233 16
6234 13
6235 12
6236 19
6237 17
6238 18
6239 15
6240 9
6241 14
6242 16
6243 15
6244 19
6245 21
6246 12
6247 15
6248 11
6249 12
6250 7
6251 18
6252 13
6253 27
6254 20
6255 10
6256 12
6257 19
6258 13
6259 13
6260 16
6261 20
6262 15
6263 24
6264 11
6265 14
6266 22
6267 18
6268 14
6269 8
6270 18
6271 12
6272 17
6273 20
6274 16
6275 15
6276 12
6277 17
6278 16
6279 11
6280 17
6281 11
6282 17
6283 19
6284 23
6285 23
6286 17
6287 14
6288 13
6289 13
6290 20
6291 21
6292 17
6293 14
6294 11
6295 14
6296 14
6297 16
6298 15
6299 18
6300 16
6301 13
6302 12
6303 11
6304 12
6305 14
6306 19
6307 13
6308 11
6309 10
6310 10
6311 12
6312 13
6313 18
6314 8
6315 16
6316 19
6317 14
6318 19
6319 18
6320 14
6321 16
6322 27
6323 14
6324 8
6325 16
6326 13
6327 18
6328 16
6329 19
6330 19
6331 10
6332 15
6333 25
6334 10
6335 17
6336 21
6337 15
6338 17
6339 18
6340 18
6341 15
6342 17
6343 15
6344 20
6345 15
6346 17
6347 13
6348 12
6349 23
6350 16
6351 14
6352 15
6353 9
6354 14
6355 14
6356 11
6357 16
6358 12
6359 12
6360 16
6361 21
6362 14
6363 19
6364 19
6365 10
6366 19
6367 13
6368 14
6369 18
6370 22
6371 14
6372 11
6373 18
6374 16
6375 12
6376 18
6377 14
6378 12
6379 20
6380 17
6381 11
6382 22
6383 15
6384 15
6385 20
6386 14
6387 12
6388 18
6389 32
6390 22
6391 15
6392 21
6393 16
6394 22
6395 12
6396 21
6397 15
6398 15
6399 8
6400 18
6401 19
6402 16
6403 17
6404 15
6405 15
6406 16
6407 16
6408 20
6409 11
6410 17
6411 12
6412 15
6413 9
6414 26
6415 14
6416 13
6417 10
6418 14
6419 20
6420 13
6421 12
6422 20
6423 14
6424 16
6425 12
6426 12
6427 14
6428 14
6429 10
6430 17
6431 18
6432 9
6433 15
6434 12
6435 16
6436 13
6437 12
6438 21
6439 10
6440 11
6441 11
6442 7
6443 13
6444 11
6445 13
6446 15
6447 12
6448 11
6449 15
6450 20
6451 15
6452 16
6453 17
6454 14
6455 12
6456 16
6457 15
6458 18
6459 9
6460 17
6461 20
6462 21
6463 17
6464 16
6465 18
6466 22
6467 22
6468 39
6469 59
6470 72
6471 77
6472 132
6473 155
6474 219
6475 254
6476 274
6477 334
6478 389
6479 391
6480 392
6481 393
6482 360
6483 296
6484 260
6485 196
6486 137
6487 94
6488 79
6489 56
6490 50
6491 24
6492 22
6493 18
6494 15
6495 13
6496 25
6497 10
6498 20
6499 22
6500 16
6501 13
6502 12
6503 14
6504 18
6505 18
6506 18
6507 12
6508 15
6509 16
6510 22
6511 17
6512 19
6513 13
6514 16
6515 17
6516 12
6517 9
6518 17
6519 21
6520 17
6521 15
6522 16
6523 13
6524 21
6525 10
6526 14
6527 13
6528 12
6529 15
6530 14
6531 17
6532 15
6533 9
6534 21
6535 7
6536 20
6537 10
6538 15
6539 10
6540 9
6541 13
6542 18
6543 11
6544 7
6545 15
6546 9
6547 14
6548 16
6549 21
6550 10
6551 18
6552 16
6553 26
6554 22
6555 19
6556 21
6557 23
6558 14
6559 16
6560 18
6561 24
6562 18
6563 19
6564 10
6565 19
6566 22
6567 20
6568 13
6569 9
6570 15
6571 13
6572 16
6573 10
6574 10
6575 15
6576 15
6577 9
6578 12
6579 20
6580 12
6581 16
6582 15
6583 12
6584 13
6585 15
6586 16
6587 21
6588 11
6589 17
6590 13
6591 14
6592 12
6593 11
6594 6
6595 15
6596 15
6597 16
6598 13
6599 15
6600 6
6601 8
6602 20
6603 18
6604 16
6605 17
6606 12
6607 16
6608 10
6609 14
6610 11
6611 11
6612 18
6613 17
6614 23
6615 11
6616 10
6617 17
6618 12
6619 10
6620 26
6621 14
6622 15
6623 13
6624 23
6625 12
6626 21
6627 11
6628 18
6629 16
6630 20
6631 12
6632 14
6633 9
6634 12
6635 19
6636 11
6637 16
6638 14
6639 10
6640 9
6641 16
6642 17
6643 13
6644 18
6645 10
6646 14
6647 14
6648 14
6649 10
6650 20
6651 10
6652 16
6653 12
6654 17
6655 9
6656 13
6657 8
6658 17
6659 20
6660 16
6661 17
6662 18
6663 19
6664 15
6665 15
6666 10
6667 10
6668 19
6669 15
6670 13
6671 17
6672 20
6673 22
6674 35
6675 33
6676 34
6677 29
6678 43
6679 47
6680 49
6681 62
6682 68
6683 59
6684 50
6685 36
6686 38
6687 34
6688 22
6689 25
6690 20
6691 12
6692 16
6693 13
6694 17
6695 16
6696 14
6697 13
6698 9
6699 8
6700 15
6701 20
6702 13
6703 10
6704 18
6705 13
6706 17
6707 17
6708 10
6709 21
6710 24
6711 10
6712 15
6713 18
6714 12
6715 8
6716 17
6717 12
6718 17
6719 13
6720 11
6721 9
6722 12
6723 12
6724 13
6725 12
6726 14
6727 14
6728 16
6729 12
6730 14
6731 14
6732 16
6733 21
6734 11
6735 18
6736 9
6737 17
6738 18
6739 13
6740 17
6741 16
6742 11
6743 13
6744 16
6745 15
6746 10
6747 8
6748 12
6749 14
6750 10
6751 15
6752 14
6753 14
6754 10
6755 11
6756 20
6757 11
6758 21
6759 10
6760 6
6761 14
6762 15
6763 12
6764 11
6765 7
6766 5
6767 15
6768 11
6769 15
6770 12
6771 10
6772 19
6773 9
6774 14
6775 19
6776 11
6777 17
6778 10
6779 15
6780 13
6781 14
6782 16
6783 19
6784 14
6785 13
6786 16
6787 20
6788 15
6789 14
6790 25
6791 12
6792 13
6793 19
6794 11
6795 16
6796 14
6797 14
6798 16
6799 16
6800 17
6801 8
6802 9
6803 12
6804 7
6805 22
6806 17
6807 10
6808 16
6809 11
6810 22
6811 11
6812 13
6813 18
6814 9
6815 13
6816 11
6817 14
6818 10
6819 10
6820 19
6821 7
6822 12
6823 10
6824 13
6825 10
6826 22
6827 16
6828 16
6829 11
6830 7
6831 15
6832 23
6833 7
6834 19
6835 14
6836 26
6837 17
6838 28
6839 28
6840 24
6841 14
6842 15
6843 21
6844 14
6845 15
6846 13
6847 8
6848 22
6849 13
6850 8
6851 15
6852 9
6853 10
6854 11
6855 11
6856 14
6857 11
6858 13
6859 19
6860 12
6861 7
6862 14
6863 8
6864 18
6865 7
6866 15
6867 12
6868 10
6869 23
6870 10
6871 10
6872 20
6873 8
6874 10
6875 10
6876 14
6877 16
6878 19
6879 10
6880 10
6881 10
6882 12
6883 13
6884 16
6885 8
6886 17
6887 17
6888 4
6889 15
6890 14
6891 10
6892 11
6893 17
6894 16
6895 9
6896 9
6897 8
6898 8
6899 11
6900 11
6901 5
6902 17
6903 17
6904 9
6905 22
6906 16
6907 13
6908 9
6909 15
6910 17
6911 13
6912 17
6913 18
6914 12
6915 8
6916 15
6917 9
6918 17
6919 11
6920 17
6921 12
6922 14
6923 16
6924 16
6925 12
6926 15
6927 11
6928 13
6929 11
6930 10
6931 14
6932 11
6933 12
6934 15
6935 11
6936 9
6937 14
6938 8
6939 13
6940 13
6941 16
6942 14
6943 11
6944 14
6945 19
6946 19
6947 10
6948 14
6949 10
6950 6
6951 9
6952 16
6953 13
6954 9
6955 14
6956 11
6957 7
6958 11
6959 14
6960 19
6961 11
6962 16
6963 13
6964 17
6965 16
6966 16
6967 12
6968 14
6969 15
6970 15
6971 18
6972 16
6973 7
6974 18
6975 14
6976 17
6977 18
6978 19
6979 16
6980 22
6981 22
6982 24
6983 20
6984 16
6985 17
6986 32
6987 27
6988 24
6989 14
6990 10
6991 10
6992 20
6993 11
6994 10
6995 13
6996 11
6997 13
6998 10
6999 10
7000 7
7001 13
7002 7
7003 18
7004 8
7005 13
7006 4
7007 15
7008 8
7009 11
7010 13
7011 10
7012 12
7013 14
7014 16
7015 15
7016 11
7017 12
7018 17
7019 10
7020 12
7021 11
7022 10
7023 10
7024 11
7025 7
7026 7
7027 15
7028 10
7029 11
7030 15
7031 11
7032 21
7033 17
7034 16
7035 17
7036 13
7037 9
7038 16
7039 13
7040 12
7041 8
7042 12
7043 10
7044 18
7045 15
7046 20
7047 15
7048 15
7049 14
7050 6
7051 18
7052 16
7053 11
7054 15
7055 13
7056 12
7057 16
7058 17
7059 11
7060 19
7061 13
7062 15
7063 17
7064 12
7065 6
7066 14
7067 13
7068 8
7069 10
7070 12
7071 13
7072 8
7073 15
7074 9
7075 14
7076 10
7077 20
7078 19
7079 14
7080 6
7081 8
7082 14
7083 11
7084 13
7085 9
7086 15
7087 14
7088 14
7089 8
7090 7
7091 18
7092 13
7093 8
7094 15
7095 14
7096 14
7097 8
7098 16
7099 12
7100 14
7101 15
7102 9
7103 18
7104 13
7105 10
7106 9
7107 13
7108 11
7109 15
7110 14
7111 11
7112 11
7113 15
7114 7
7115 11
7116 11
7117 11
7118 9
7119 13
7120 12
7121 9
7122 9
7123 14
7124 13
7125 14
7126 16
7127 8
7128 12
7129 13
7130 5
7131 13
7132 12
7133 12
7134 13
7135 17
7136 14
7137 17
7138 12
7139 5
7140 11
7141 6
7142 8
7143 16
7144 15
7145 9
7146 12
7147 16
7148 21
7149 16
7150 25
7151 21
7152 31
7153 56
7154 64
7155 69
7156 80
7157 103
7158 112
7159 152
7160 163
7161 145
7162 131
7163 150
7164 126
7165 106
7166 94
7167 56
7168 53
7169 41
7170 31
7171 20
7172 22
7173 17
7174 20
7175 10
7176 13
7177 24
7178 11
7179 11
7180 6
7181 13
7182 15
7183 12
7184 17
7185 6
7186 10
7187 14
7188 18
7189 15
7190 14
7191 10
7192 9
7193 13
7194 14
7195 12
7196 8
7197 13
7198 14
7199 9
7200 12
7201 10
7202 13
7203 18
7204 12
7205 17
7206 9
7207 8
7208 11
7209 10
7210 6
7211 11
7212 13
7213 11
7214 7
7215 13
7216 9
7217 14
7218 8
7219 11
7220 9
7221 13
7222 9
7223 13
7224 9
7225 12
7226 8
7227 15
7228 18
7229 10
7230 10
7231 10
7232 19
7233 15
7234 10
7235 14
7236 17
7237 10
7238 17
7239 12
7240 14
7241 20
7242 9
7243 19
7244 19
7245 16
7246 21
7247 21
7248 17
7249 17
7250 27
7251 18
7252 13
7253 20
7254 20
7255 14
7256 11
7257 22
7258 14
7259 10
7260 17
7261 9
7262 11
7263 13
7264 6
7265 15
7266 11
7267 13
7268 7
7269 13
7270 6
7271 6
7272 8
7273 19
7274 8
7275 5
7276 8
7277 15
7278 13
7279 15
7280 8
7281 7
7282 21
7283 8
7284 10
7285 15
7286 12
7287 6
7288 12
7289 10
7290 12
7291 15
7292 7
7293 12
7294 10
7295 11
7296 3
7297 14
7298 14
7299 6
7300 9
7301 10
7302 7
7303 11
7304 10
7305 13
7306 12
7307 8
7308 13
7309 16
7310 15
7311 14
7312 14
7313 9
7314 16
7315 9
7316 9
7317 17
7318 3
7319 8
7320 17
7321 13
7322 12
7323 8
7324 11
7325 9
7326 9
7327 13
7328 4
7329 12
7330 10
7331 12
7332 10
7333 13
7334 13
7335 12
7336 8
7337 17
7338 16
7339 10
7340 8
7341 8
7342 10
7343 8
7344 12
7345 13
7346 5
7347 14
7348 8
7349 11
7350 14
7351 14
7352 16
7353 16
7354 6
7355 13
7356 6
7357 15
7358 11
7359 18
7360 8
7361 10
7362 18
7363 5
7364 19
7365 8
7366 9
7367 7
7368 15
7369 11
7370 13
7371 14
7372 12
7373 13
7374 12
7375 10
7376 8
7377 12
7378 13
7379 9
7380 16
7381 7
7382 12
7383 4
7384 8
7385 11
7386 12
7387 11
7388 12
7389 10
7390 14
7391 11
7392 14
7393 9
7394 14
7395 15
7396 14
7397 15
7398 15
7399 10
7400 20
7401 16
7402 28
7403 22
7404 27
7405 37
7406 42
7407 36
7408 32
7409 44
7410 35
7411 38
7412 29
7413 30
7414 33
7415 21
7416 22
7417 21
7418 13
7419 18
7420 12
7421 14
7422 11
7423 14
7424 10
7425 5
7426 10
7427 15
7428 12
7429 9
7430 18
7431 7
7432 13
7433 14
7434 13
7435 9
7436 9
7437 9
7438 12
7439 8
7440 11
7441 9
7442 13
7443 12
7444 10
7445 8
7446 7
7447 10
7448 9
7449 17
7450 6
7451 6
7452 16
7453 12
7454 14
7455 11
7456 11
7457 7
7458 9
7459 11
7460 11
7461 9
7462 4
7463 8
7464 9
7465 13
7466 12
7467 11
7468 9
7469 9
7470 12
7471 13
7472 11
7473 8
7474 6
7475 15
7476 12
7477 10
7478 4
7479 9
7480 8
7481 5
7482 11
7483 12
7484 9
7485 7
7486 10
7487 14
7488 7
7489 6
7490 12
7491 9
7492 11
7493 10
7494 11
7495 8
7496 10
7497 8
7498 10
7499 12
7500 10
7501 9
7502 11
7503 10
7504 11
7505 6
7506 13
7507 7
7508 5
7509 10
7510 15
7511 9
7512 11
7513 9
7514 16
7515 5
7516 12
7517 13
7518 12
7519 8
7520 12
7521 12
7522 12
7523 16
7524 12
7525 10
7526 12
7527 9
7528 13
7529 6
7530 10
7531 9
7532 8
7533 9
7534 10
7535 9
7536 13
7537 9
7538 14
7539 11
7540 16
7541 16
7542 10
7543 10
7544 16
7545 14
7546 9
7547 12
7548 8
7549 18
7550 12
7551 6
7552 13
7553 10
7554 7
7555 5
7556 9
7557 13
7558 9
7559 13
7560 11
7561 14
7562 11
7563 14
7564 7
7565 9
7566 8
7567 13
7568 13
7569 14
7570 5
7571 6
7572 12
7573 13
7574 13
7575 13
7576 18
7577 11
7578 21
7579 10
7580 6
7581 10
7582 5
7583 8
7584 10
7585 10
7586 8
7587 11
7588 7
7589 10
7590 10
7591 8
7592 8
7593 9
7594 8
7595 8
7596 9
7597 19
7598 12
7599 12
7600 13
7601 15
7602 14
7603 8
7604 8
7605 12
7606 8
7607 10
7608 18
7609 11
7610 6
7611 6
7612 7
7613 8
7614 12
7615 13
7616 12
7617 7
7618 14
7619 9
7620 11
7621 6
7622 13
7623 12
7624 14
7625 10
7626 12
7627 8
7628 8
7629 12
7630 10
7631 12
7632 13
7633 7
7634 8
7635 9
7636 13
7637 10
7638 16
7639 13
7640 9
7641 9
7642 7
7643 10
7644 10
7645 14
7646 4
7647 16
7648 16
7649 13
7650 13
7651 7
7652 10
7653 12
7654 13
7655 5
7656 10
7657 13
7658 10
7659 7
7660 10
7661 3
7662 6
7663 12
7664 4
7665 6
7666 9
7667 2
7668 10
7669 9
7670 12
7671 10
7672 7
7673 8
7674 4
7675 11
7676 7
7677 9
7678 10
7679 11
7680 13
7681 4
7682 8
7683 9
7684 12
7685 11
7686 9
7687 11
7688 17
7689 9
7690 10
7691 7
7692 10
7693 8
7694 9
7695 9
7696 8
7697 12
7698 11
7699 17
7700 13
7701 10
7702 16
7703 11
7704 6
7705 8
7706 6
7707 9
7708 6
7709 11
7710 7
7711 6
7712 9
7713 9
7714 9
7715 15
7716 6
7717 8
7718 10
7719 6
7720 12
7721 12
7722 9
7723 6
7724 11
7725 11
7726 8
7727 6
7728 11
7729 15
7730 10
7731 12
7732 9
7733 8
7734 10
7735 11
7736 12
7737 11
7738 11
7739 12
7740 6
7741 7
7742 5
7743 9
7744 7
7745 4
7746 7
7747 8
7748 9
7749 7
7750 8
7751 12
7752 8
7753 13
7754 8
7755 9
7756 9
7757 7
7758 12
7759 13
7760 9
7761 11
7762 9
7763 18
7764 9
7765 17
7766 9
7767 17
7768 11
7769 14
7770 19
7771 5
7772 8
7773 11
7774 15
7775 11
7776 6
7777 14
7778 13
7779 5
7780 7
7781 6
7782 13
7783 6
7784 12
7785 12
7786 8
7787 9
7788 9
7789 11
7790 6
7791 9
7792 13
7793 14
7794 12
7795 8
7796 8
7797 10
7798 6
7799 13
7800 9
7801 13
7802 13
7803 8
7804 8
7805 8
7806 11
7807 10
7808 6
7809 11
7810 8
7811 11
7812 12
7813 9
7814 11
7815 15
7816 13
7817 7
7818 9
7819 12
7820 10
7821 9
7822 7
7823 11
7824 12
7825 3
7826 13
7827 13
7828 8
7829 9
7830 17
7831 10
7832 10
7833 7
7834 5
7835 9
7836 9
7837 10
7838 5
7839 8
7840 10
7841 10
7842 7
7843 11
7844 10
7845 8
7846 12
7847 12
7848 9
7849 8
7850 8
7851 15
7852 11
7853 16
7854 9
7855 14
7856 15
7857 9
7858 8
7859 10
7860 9
7861 5
7862 9
7863 6
7864 9
7865 11
7866 12
7867 14
7868 11
7869 10
7870 12
7871 10
7872 10
7873 10
7874 13
7875 11
7876 7
7877 9
7878 9
7879 8
7880 12
7881 6
7882 13
7883 10
7884 11
7885 11
7886 11
7887 13
7888 7
7889 10
7890 12
7891 5
7892 14
7893 9
7894 10
7895 7
7896 8
7897 16
7898 8
7899 7
7900 9
7901 10
7902 16
7903 9
7904 12
7905 8
7906 8
7907 8
7908 14
7909 9
7910 11
7911 15
7912 11
7913 6
7914 13
7915 11
7916 9
7917 10
7918 12
7919 11
7920 8
7921 13
7922 8
7923 13
7924 9
7925 10
7926 10
7927 9
7928 14
7929 5
7930 13
7931 12
7932 9
7933 4
7934 15
7935 12
7936 9
7937 9
7938 10
7939 14
7940 8
7941 11
7942 7
7943 13
7944 12
7945 5
7946 5
7947 7
7948 12
7949 16
7950 12
7951 8
7952 12
7953 13
7954 11
7955 16
7956 13
7957 23
7958 25
7959 34
7960 39
7961 51
7962 53
7963 59
7964 67
7965 69
7966 105
7967 101
7968 99
7969 117
7970 97
7971 78
7972 97
7973 60
7974 56
7975 42
7976 40
7977 20
7978 24
7979 15
7980 13
7981 15
7982 12
7983 10
7984 6
7985 11
7986 1
7987 7
7988 7
7989 4
7990 9
7991 12
7992 7
7993 9
7994 8
7995 7
7996 8
7997 12
7998 8
7999 10
8000 9
8001 11
8002 10
8003 14
8004 20
8005 16
8006 25
8007 19
8008 20
8009 33
8010 33
8011 23
8012 16
8013 32
8014 25
8015 27
8016 23
8017 25
8018 12
8019 13
8020 16
8021 19
8022 17
8023 13
8024 9
8025 7
8026 7
8027 9
8028 15
8029 5
8030 9
8031 10
8032 12
8033 7
8034 7
8035 9
8036 11
8037 11
8038 9
8039 12
8040 6
8041 10
8042 10
8043 7
8044 10
8045 10
8046 7
8047 11
8048 12
8049 7
8050 4
8051 8
8052 11
8053 19
8054 10
8055 11
8056 17
8057 12
8058 8
8059 9
8060 8
8061 8
8062 9
8063 5
8064 0
8065 0
8066 0
8067 0
8068 0
8069 0
8070 0
8071 0
8072 0
8073 0
8074 0
8075 0
8076 0
8077 0
8078 0
8079 0
8080 0
8081 0
8082 0
8083 0
8084 0
8085 0
8086 0
8087 0
8088 0
8089 0
8090 0
8091 0
8092 0
8093 0
8094 0
8095 0
8096 0
8097 0
8098 0
8099 0
8100 0
8101 0
8102 0
8103 0
8104 0
8105 0
8106 0
8107 0
8108 0
8109 0
8110 0
8111 0
8112 0
8113 0
8114 0
8115 0
8116 0
8117 0
8118 0
8119 0
8120 0
8121 0
8122 0
8123 0
8124 0
8125 0
8126 0
8127 0
8128 0
8129 0
8130 0
8131 0
8132 0
8133 0
8134 0
8135 0
8136 0
8137 0
8138 0
8139 0
8140 0
8141 0
8142 0
8143 0
8144 0
8145 0
8146 0
8147 0
8148 0
8149 0
8150 0
8151 0
8152 0
8153 0
8154 0
8155 0
8156 0
8157 0
8158 0
8159 0
8160 0
8161 0
8162 0
8163 0
8164 0
8165 0
8166 0
8167 0
8168 0
8169 0
8170 0
8171 0
8172 0
8173 0
8174 0
8175 0
8176 0
8177 0
8178 0
8179 0
8180 0
8181 0
8182 0
8183 0
8184 0
8185 0
8186 0
8187 0
8188 0
8189 0
8190 0
8191 0
