Profile 1;Profile 1;
x;y;
[m];[];
0;0.0058398492;
0.00010719128;0.0073673349;
0.00021438257;0.0063189141;
0.00032157385;0.0058864311;
0.00042876513;0.0058912285;
0.00053595641;0.0073960228;
0.0006431477;0.0063877231;
0.00075033898;0.0058341809;
0.00085753026;0.0059437689;
0.00096472155;0.0074241301;
0.0010719128;0.0064571127;
0.0011791041;0.007437966;
0.0012862954;0.0078431373;
0.0013934867;0.0078431373;
0.001500678;0.0065270828;
0.0016078692;0.0057261971;
0.0017150605;0.007333185;
0.0018222518;0.0078431373;
0.0019294431;0.0078431373;
0.0020366344;0.0060217424;
0.0021438257;0.0073183679;
0.0022510169;0.0078431373;
0.0023582082;0.0078431373;
0.0024653995;0.0078431373;
0.0025725908;0.0067045483;
0.0026797821;0.0086513964;
0.0027869734;0.007046505;
0.0028941646;0.0075434283;
0.0030013559;0.0067765505;
0.0031085472;0.0075559579;
0.0032157385;0.0078431373;
0.0033229298;0.0057710904;
0.003430121;0.0072774001;
0.0035373123;0.0078431373;
0.0036445036;0.0078431373;
0.0037516949;0.0078431373;
0.0038588862;0.010021165;
0.0039660775;0.0062250699;
0.0040732687;0.0094795492;
0.00418046;0.0084303593;
0.0042876513;0.0078431373;
0.0043948426;0.0078431373;
0.0045020339;0.0070331302;
0.0046092252;0.0053116772;
0.0047164164;0.0064688853;
0.0048236077;0.0076509697;
0.004930799;0.007107745;
0.0050379903;0.007662193;
0.0051451816;0.0071452701;
0.0052523729;0.0052154491;
0.0053595641;0.0065655488;
0.0054667554;0.0076842042;
0.0055739467;0.0078431373;
0.005681138;0.0052979907;
0.0057883293;0.0066314427;
0.0058955206;0.0077056348;
0.0060027118;0.0072968221;
0.0061099031;0.0077161324;
0.0062170944;0.0073350729;
0.0063242857;0.0050492631;
0.006431477;0.0067324606;
0.0065386683;0.0077366922;
0.0066458595;0.0078431373;
0.0067530508;0.0078431373;
0.0068602421;0.0078431373;
0.0069674334;0.0050325339;
0.0070746247;0.0071897006;
0.0071818159;0.0049877831;
0.0072890072;0.0071858481;
0.0073961985;0.0078431373;
0.0075033898;0.0075676261;
0.0076105811;0.0077855515;
0.0077177724;0.0076068929;
0.0078249636;0.007794888;
0.0079321549;0.0078431373;
0.0080393462;0.0078431373;
0.0081465375;0.010901666;
0.0082537288;0.0086534086;
0.0083609201;0.011090331;
0.0084681113;0.011764706;
0.0085753026;0.01168698;
0.0086824939;0.011752351;
0.0087896852;0.014922585;
0.0088968765;0.01887969;
0.0090040678;0.026079011;
0.009111259;0.017710472;
0.0092184503;0.015643587;
0.0093256416;0.012488155;
0.0094328329;0.011781853;
0.0095400242;0.011661322;
0.0096472155;0.011739456;
0.0097544067;0.0086490806;
0.009861598;0.010974516;
0.0099687893;0.0084620718;
0.010075981;0.0078431373;
0.010183172;0.0078431373;
0.010290363;0.0078431373;
0.010397554;0.0048327797;
0.010504746;0.0072578972;
0.010611937;0.0078431373;
0.010719128;0.0075144052;
0.01082632;0.0077759167;
0.010933511;0.0074729612;
0.011040702;0.0077687575;
0.011147893;0.0078431373;
0.011255085;0.0078431373;
0.011362276;0.0073896377;
0.011469467;0.0077548744;
0.011576659;0.010657111;
0.01168385;0.0083574427;
0.011791041;0.0078431373;
0.011898232;0.0078431373;
0.012005424;0.0072635638;
0.012112615;0.005011881;
0.012219806;0.006737735;
0.012326998;0.00772885;
0.012434189;0.0071787888;
0.01254138;0.0050726759;
0.012648571;0.0066766498;
0.012755763;0.0077167087;
0.012862954;0.0078431373;
0.012970145;0.0052669135;
0.013077337;0.007407003;
0.013184528;0.0078431373;
0.013291719;0.0078431373;
0.01339891;0.0078431373;
0.013506102;0.010326286;
0.013613293;0.011615736;
0.013720484;0.011764706;
0.013827675;0.010281715;
0.013934867;0.013938488;
0.014042058;0.013137739;
0.014149249;0.016315353;
0.014256441;0.016881745;
0.014363632;0.020517745;
0.014470823;0.019802751;
0.014578014;0.03287144;
0.014685206;0.02729491;
0.014792397;0.019373622;
0.014899588;0.017295435;
0.01500678;0.019445761;
0.015113971;0.019640584;
0.015221162;0.017428632;
0.015328353;0.02088042;
0.015435545;0.016442907;
0.015542736;0.015686275;
0.015649927;0.013584499;
0.015757119;0.011959868;
0.01586431;0.0083384166;
0.015971501;0.0078431373;
0.016078692;0.0098668967;
0.016185884;0.0075537183;
0.016293075;0.0077684351;
0.016400266;0.0078431373;
0.016507458;0.0063444701;
0.016614649;0.0076335628;
0.01672184;0.0097487837;
0.016829031;0.0062134573;
0.016936223;0.0094574576;
0.017043414;0.0080903492;
0.017150605;0.0078431373;
0.017257797;0.0078431373;
0.017364988;0.0061621474;
0.017472179;0.0058552755;
0.01757937;0.0058907119;
0.017686562;0.0076188126;
0.017793753;0.0060701152;
0.017900944;0.007616298;
0.018008136;0.0078431373;
0.018115327;0.0061978838;
0.018222518;0.0057768769;
0.018329709;0.0076117042;
0.018436901;0.0094274292;
0.018544092;0.0080318193;
0.018651283;0.0078431373;
0.018758474;0.0078431373;
0.018865666;0.0078431373;
0.018972857;0.0063611736;
0.019080048;0.0076736352;
0.01918724;0.0078431373;
0.019294431;0.0092632685;
0.019401622;0.0080015668;
0.019508813;0.0092218654;
0.019616005;0.0079943666;
0.019723196;0.0078431373;
0.019830387;0.010061241;
0.019937579;0.0093821128;
0.02004477;0.011520704;
0.020151961;0.011764706;
0.020259152;0.01299738;
0.020366344;0.011891877;
0.020473535;0.014126083;
0.020580726;0.013180267;
0.020687918;0.013030528;
0.020795109;0.01300619;
0.0209023;0.01322733;
0.021009491;0.0094219608;
0.021116683;0.010453986;
0.021223874;0.010620573;
0.021331065;0.0080904705;
0.021438257;0.0078431373;
0.021545448;0.010446207;
0.021652639;0.0090472015;
0.02175983;0.007930347;
0.021867022;0.0078431373;
0.021974213;0.0078431373;
0.022081404;0.0078431373;
0.022188596;0.0078431373;
0.022295787;0.0078431373;
0.022402978;0.0078431373;
0.022510169;0.0078431373;
0.022617361;0.010691528;
0.022724552;0.0080881824;
0.022831743;0.0078431373;
0.022938935;0.0078431373;
0.023046126;0.0078431373;
0.023153317;0.0078431373;
0.023260508;0.0072124577;
0.0233677;0.007794417;
0.023474891;0.0078431373;
0.023582082;0.0078431373;
0.023689274;0.023872195;
0.023796465;0.012721155;
0.023903656;0.024354967;
0.024010847;0.018266077;
0.024118039;0.023123267;
0.02422523;0.035990974;
0.024332421;0.037024024;
0.024439612;0.027710821;
0.024546804;0.031816328;
0.024653995;0.045401174;
0.024761186;0.048450725;
0.024868378;0.22914119;
0.024975569;0.10018418;
0.02508276;0.06710094;
0.025189951;0.059633005;
0.025297143;0.17502669;
0.025404334;0.20675147;
0.025511525;0.20404115;
0.025618717;0.24610237;
0.025725908;0.21257882;
0.025833099;0.13266144;
0.02594029;0.084383753;
0.026047482;0.082100171;
0.026154673;0.075025308;
0.026261864;0.11160916;
0.026369056;0.087767793;
0.026476247;0.075451122;
0.026583438;0.063449272;
0.026690629;0.065918706;
0.026797821;0.083983725;
0.026905012;0.041327754;
0.027012203;0.020717593;
0.027119395;0.016254166;
0.027226586;0.0084430698;
0.027333777;0.011593544;
0.027440968;0.0082779105;
0.02754816;0.0078562802;
0.027655351;0.0081452774;
0.027762542;0.011283098;
0.027869734;0.0083445835;
0.027976925;0.0078595046;
0.028084116;0.0078431373;
0.028191307;0.0078431373;
0.028298499;0.0078431373;
0.02840569;0.0078431373;
0.028512881;0.0078431373;
0.028620073;0.0078431373;
0.028727264;0.0078431373;
0.028834455;0.0078431373;
0.028941646;0.0078431373;
0.029048838;0.0078431373;
0.029156029;0.0084777714;
0.02926322;0.0078656941;
0.029370411;0.0085258511;
0.029477603;0.0078662176;
0.029584794;0.011643622;
0.029691985;0.015568114;
0.029799177;0.016465583;
0.029906368;0.011900711;
0.030013559;0.017232532;
0.03012075;0.022511903;
0.030227942;0.040842801;
0.030335133;0.041288071;
0.030442324;0.058942612;
0.030549516;0.050241646;
0.030656707;0.081527537;
0.030763898;0.15565669;
0.030871089;0.20472687;
0.030978281;0.50478241;
0.031085472;0.47500698;
0.031192663;0.22793793;
0.031299855;0.36859835;
0.031407046;0.2348036;
0.031514237;0.17121485;
0.031621428;0.24327237;
0.03172862;0.15111347;
0.031835811;0.13345415;
0.031943002;0.10744632;
0.032050194;0.058192319;
0.032157385;0.083166533;
0.032264576;0.060305702;
0.032371767;0.033309052;
0.032478959;0.039459036;
0.03258615;0.035060798;
0.032693341;0.035293335;
0.032800533;0.024156557;
0.032907724;0.021139981;
0.033014915;0.014875092;
0.033122106;0.017228815;
0.033229298;0.019594903;
0.033336489;0.01410667;
0.03344368;0.0094920396;
0.033550872;0.01010796;
0.033658063;0.0095236411;
0.033765254;0.0078462086;
0.033872445;0.0095690538;
0.033979637;0.010012494;
0.034086828;0.0096197167;
0.034194019;0.0099614482;
0.03430121;0.0078506834;
0.034408402;0.011769643;
0.034515593;0.013632078;
0.034622784;0.011781544;
0.034729976;0.015753141;
0.034837167;0.013772497;
0.034944358;0.019666349;
0.035051549;0.025649327;
0.035158741;0.023886411;
0.035265932;0.039103364;
0.035373123;0.045475271;
0.035480315;0.051493365;
0.035587506;0.076687244;
0.035694697;0.13685397;
0.035801888;0.46277728;
0.03590908;0.30940956;
0.036016271;0.21613924;
0.036123462;0.36970005;
0.036230654;0.29573289;
0.036337845;0.31751416;
0.036445036;0.57035833;
0.036552227;0.47775931;
0.036659419;0.36633509;
0.03676661;0.62011848;
0.036873801;0.78591304;
0.036980993;0.61056365;
0.037088184;0.58626563;
0.037195375;0.51332058;
0.037302566;0.50645916;
0.037409758;0.3689523;
0.037516949;0.45834824;
0.03762414;0.32052935;
0.037731332;0.34449058;
0.037838523;0.14402625;
0.037945714;0.1479939;
0.038052905;0.10216075;
0.038160097;0.06566906;
0.038267288;0.066504312;
0.038374479;0.039144798;
0.038481671;0.037057527;
0.038588862;0.041035509;
0.038696053;0.028315115;
0.038803244;0.021155896;
0.038910436;0.014600656;
0.039017627;0.013605733;
0.039124818;0.012694941;
0.03923201;0.010823158;
0.039339201;0.01161976;
0.039446392;0.0078781386;
0.039553583;0.0088283295;
0.039660775;0.010765891;
0.039767966;0.0079656161;
0.039875157;0.01105956;
0.039982348;0.013944082;
0.04008954;0.011048469;
0.040196731;0.01249006;
0.040303922;0.011625483;
0.040411114;0.0085208477;
0.040518305;0.0080202409;
0.040625496;0.011764706;
0.040732687;0.012071247;
0.040839879;0.018628001;
0.04094707;0.023510326;
0.041054261;0.023861933;
0.041161453;0.04014238;
0.041268644;0.02430945;
0.041375835;0.02908607;
0.041483026;0.023591224;
0.041590218;0.034902643;
0.041697409;0.065963183;
0.0418046;0.054376608;
0.041911792;0.075423384;
0.042018983;0.12280577;
0.042126174;0.11684193;
0.042233365;0.095095704;
0.042340557;0.15558584;
0.042447748;0.15186728;
0.042554939;0.093237069;
0.042662131;0.049762091;
0.042769322;0.070911968;
0.042876513;0.13350161;
0.042983704;0.22857953;
0.043090896;0.13872975;
0.043198087;0.05115462;
0.043305278;0.046996651;
0.04341247;0.045418863;
0.043519661;0.023529637;
0.043626852;0.023565676;
0.043734043;0.022653634;
0.043841235;0.012092534;
0.043948426;0.015598817;
0.044055617;0.015678023;
0.044162809;0.01501077;
0.04427;0.0082776189;
0.044377191;0.011496132;
0.044484382;0.0080430822;
0.044591574;0.0078431373;
0.044698765;0.0081146329;
0.044805956;0.011203664;
0.044913147;0.0078431373;
0.045020339;0.0078431373;
0.04512753;0.0078431373;
0.045234721;0.0078431373;
0.045341913;0.0078431373;
0.045449104;0.007566093;
0.045556295;0.0046214586;
0.045663486;0.0073989133;
0.045770678;0.0078016647;
0.045877869;0.0073549706;
0.04598506;0.0077968589;
0.046092252;0.0073111731;
0.046199443;0.0078431373;
0.046306634;0.0078968965;
0.046413825;0.008722091;
0.046521017;0.011145582;
0.046628208;0.011703139;
0.046735399;0.011166462;
0.046842591;0.01273145;
0.046949782;0.015259374;
0.047056973;0.019023217;
0.047164164;0.020450091;
0.047271356;0.02082541;
0.047378547;0.021272299;
0.047485738;0.020788078;
0.04759293;0.024617302;
0.047700121;0.036583905;
0.047807312;0.055139814;
0.047914503;0.099371733;
0.048021695;0.067128217;
0.048128886;0.056225692;
0.048236077;0.048601538;
0.048343269;0.023811202;
0.04845046;0.026165365;
0.048557651;0.024439346;
0.048664842;0.022364602;
0.048772034;0.022218302;
0.048879225;0.020388503;
0.048986416;0.013982754;
0.049093608;0.011896979;
0.049200799;0.01277964;
0.04930799;0.010176374;
0.049415181;0.0081199725;
0.049522373;0.010275581;
0.049629564;0.0090768047;
0.049736755;0.0078431373;
0.049843947;0.0078431373;
0.049951138;0.0080045035;
0.050058329;0.0091591745;
0.05016552;0.0080121396;
0.050272712;0.0092001417;
0.050379903;0.0078431373;
0.050487094;0.0078431373;
0.050594285;0.0075759437;
0.050701477;0.005814899;
0.050808668;0.0078431373;
0.050915859;0.0078431373;
0.051023051;0.0078431373;
0.051130242;0.0078431373;
0.051237433;0.0078431373;
0.051344624;0.0078431373;
0.051451816;0.0078431373;
0.051559007;0.0076209621;
0.051666198;0.0062233842;
0.05177339;0.0078431373;
0.051880581;0.0078431373;
0.051987772;0.0076033675;
0.052094963;0.0061437722;
0.052202155;0.0078431373;
0.052309346;0.0078431373;
0.052416537;0.0075851923;
0.052523729;0.0060647408;
0.05263092;0.0078431373;
0.052738111;0.0078431373;
0.052845302;0.0078431373;
0.052952494;0.0078431373;
0.053059685;0.007556841;
0.053166876;0.0059472822;
0.053274068;0.0078431373;
0.053381259;0.0078431373;
0.05348845;0.0078431373;
0.053595641;0.0076202985;
0.053702833;0.0064509903;
0.053810024;0.0078431373;
0.053917215;0.0078431373;
0.054024407;0.0078431373;
0.054131598;0.0080550618;
0.054238789;0.0091246901;
0.05434598;0.0078431373;
0.054453172;0.0078431373;
0.054560363;0.0074856078;
0.054667554;0.0054781891;
0.054774746;0.0066712714;
0.054881937;0.0078431373;
0.054989128;0.0078431373;
0.055096319;0.0076531441;
0.055203511;0.0063681326;
0.055310702;0.0053804679;
0.055417893;0.0064002709;
0.055525084;0.005934855;
0.055632276;0.010177149;
0.055739467;0.0078431373;
0.055846658;0.0078431373;
0.05595385;0.0082731801;
0.056061041;0.0098155154;
0.056168232;0.0054164146;
0.056275423;0.0078431373;
0.056382615;0.0078431373;
0.056489806;0.0078431373;
0.056596997;0.0078431373;
0.056704189;0.0078431373;
0.05681138;0.0078431373;
0.056918571;0.0078431373;
0.057025762;0.0077058247;
0.057132954;0.0066469268;
0.057240145;0.0057361347;
0.057347336;0.010470632;
0.057454528;0.0083581296;
0.057561719;0.0099853316;
0.05766891;0.005161649;
0.057776101;0.0078431373;
0.057883293;0.0083837071;
0.057990484;0.010684856;
0.058097675;0.0089087682;
0.058204867;0.010713221;
0.058312058;0.0088805488;
0.058419249;0.010741295;
0.05852644;0.0088526197;
0.058633632;0.010769079;
0.058740823;0.0088249809;
0.058848014;0.010796573;
0.058955206;0.0087976324;
0.059062397;0.011437678;
0.059169588;0.011699716;
0.059276779;0.010850689;
0.059383971;0.0087438063;
0.059491162;0.010824422;
0.059598353;0.0084918233;
0.059705545;0.010859003;
0.059812736;0.0078431373;
0.059919927;0.0078793851;
0.060027118;0.007956081;
0.06013431;0.0077182472;
0.060241501;0.0078431373;
0.060348692;0.0078431373;
0.060455884;0.0078431373;
0.060563075;0.0078431373;
0.060670266;0.0078431373;
0.060777457;0.0071147329;
0.060884649;0.0053977983;
0.06099184;0.010995024;
0.061099031;0.0078431373;
0.061206222;0.0078431373;
0.061313414;0.0078431373;
0.061420605;0.0078431373;
0.061527796;0.0078431373;
0.061634988;0.0078431373;
0.061742179;0.0078021807;
0.06184937;0.0076521542;
0.061956561;0.0078431373;
0.062063753;0.0071340988;
0.062170944;0.0049383751;
0.062278135;0.0078431373;
0.062385327;0.0078431373;
0.062492518;0.0078431373;
0.062599709;0.0077622206;
0.0627069;0.0075837761;
0.062814092;0.0081164472;
0.062921283;0.0074594507;
0.063028474;0.0078431373;
0.063135666;0.0071562663;
0.063242857;0.005159224;
0.063350048;0.0078431373;
0.063457239;0.0085226503;
0.063564431;0.010461503;
0.063671622;0.0078431373;
0.063778813;0.0078431373;
0.063886005;0.0078431373;
0.063993196;0.0079939422;
0.064100387;0.0085910415;
0.064207578;0.0086153795;
0.06431477;0.0084719135;
0.064421961;0.00801668;
0.064529152;0.0091617036;
0.064636344;0.010245372;
0.064743535;0.0078431373;
0.064850726;0.0078431373;
0.064957917;0.0078431373;
0.065065109;0.0078431373;
0.0651723;0.0078431373;
0.065279491;0.0072114874;
0.065386683;0.005590036;
0.065493874;0.0078431373;
0.065601065;0.0078431373;
0.065708256;0.0080883769;
0.065815448;0.0087289982;
0.065922639;0.0078431373;
0.06602983;0.0078431373;
0.066137021;0.0078431373;
0.066244213;0.0078431373;
0.066351404;0.0078431373;
0.066458595;0.0075536613;
0.066565787;0.006831401;
0.066672978;0.0078431373;
0.066780169;0.0078431373;
0.06688736;0.0078431373;
0.066994552;0.0078431373;
0.067101743;0.0078431373;
0.067208934;0.0078431373;
0.067316126;0.0078431373;
0.067423317;0.0078431373;
0.067530508;0.0078431373;
0.067637699;0.0072889947;
0.067744891;0.0060471648;
0.067852082;0.0078431373;
0.067959273;0.0074598547;
0.068066465;0.0065849846;
0.068173656;0.0078431373;
0.068280847;0.0078431373;
0.068388038;0.0078431373;
0.06849523;0.0082616458;
0.068602421;0.0091875722;
0.068709612;0.0078431373;
0.068816804;0.0078431373;
0.068923995;0.0078431373;
0.069031186;0.0078431373;
0.069138377;0.0078431373;
0.069245569;0.0083343644;
0.06935276;0.0093375003;
0.069459951;0.0078431373;
0.069567143;0.0078431373;
0.069674334;0.0078431373;
0.069781525;0.0078431373;
0.069888716;0.0078431373;
0.069995908;0.0083651045;
0.070103099;0.0088947072;
0.07021029;0.0062452984;
0.070317482;0.0078431373;
0.070424673;0.0078431373;
0.070531864;0.0082781537;
0.070639055;0.0091020912;
0.070746247;0.0072667736;
0.070853438;0.0061462228;
0.070960629;0.0078431373;
0.071067821;0.0078431373;
0.071175012;0.0076398432;
0.071282203;0.0072241071;
0.071389394;0.0078431373;
0.071496586;0.0078431373;
0.071603777;0.0078431373;
0.071710968;0.0078431373;
0.071818159;0.0078431373;
0.071925351;0.0078431373;
0.072032542;0.0078431373;
0.072139733;0.0078431373;
0.072246925;0.0071526466;
0.072354116;0.0059201267;
0.072461307;0.0078431373;
0.072568498;0.0078431373;
0.07267569;0.0078431373;
0.072782881;0.0075190628;
