Profile 1;Profile 1;
x;y;
[m];[];
0;0.011764706;
0.00010714121;0.011065363;
0.00021428243;0.008815799;
0.00032142364;0.011443329;
0.00042856486;0.011457239;
0.00053570607;0.010756692;
0.00064284729;0.0085613939;
0.0007499885;0.011551455;
0.00085712972;0.011714895;
0.00096427093;0.012350751;
0.0010714121;0.014952741;
0.0011785534;0.011974801;
0.0012856946;0.011921856;
0.0013928358;0.011764706;
0.001499977;0.011731109;
0.0016071182;0.01085744;
0.0017142594;0.0078431373;
0.0018214007;0.0078431373;
0.0019285419;0.0078205126;
0.0020356831;0.0077641865;
0.0021428243;0.0086154305;
0.0022499655;0.010931811;
0.0023571067;0.0086688375;
0.0024642479;0.010946184;
0.0025713892;0.0086544975;
0.0026785304;0.010168515;
0.0027856716;0.0047200936;
0.0028928128;0.0078431373;
0.002999954;0.0078431373;
0.0031070952;0.0086427904;
0.0032142364;0.01333309;
0.0033213777;0.017841423;
0.0034285189;0.01096163;
0.0035356601;0.0086473547;
0.0036428013;0.012570064;
0.0037499425;0.016543676;
0.0038570837;0.020662459;
0.0039642249;0.025173507;
0.0040713662;0.028514684;
0.0041785074;0.020276615;
0.0042856486;0.025394036;
0.0043927898;0.038993676;
0.004499931;0.057798916;
0.0046070722;0.033924642;
0.0047142135;0.024276249;
0.0048213547;0.0233356;
0.0049284959;0.018730987;
0.0050356371;0.014696995;
0.0051427783;0.012763041;
0.0052499195;0.014612101;
0.0053570607;0.011694893;
0.005464202;0.011564058;
0.0055713432;0.011973203;
0.0056784844;0.011548375;
0.0057856256;0.012070804;
0.0058927668;0.013423348;
0.005999908;0.019519775;
0.0061070492;0.020009667;
0.0062141905;0.02215876;
0.0063213317;0.017316785;
0.0064284729;0.014640897;
0.0065356141;0.023529412;
0.0066427553;0.024884187;
0.0067498965;0.028485124;
0.0068570378;0.027388783;
0.006964179;0.045369738;
0.0070713202;0.059415261;
0.0071784614;0.052356132;
0.0072856026;0.025179876;
0.0073927438;0.017706406;
0.007499885;0.012722342;
0.0076070263;0.011764706;
0.0077141675;0.012475253;
0.0078213087;0.014466814;
0.0079284499;0.013137382;
0.0080355911;0.014834132;
0.0081427323;0.011613684;
0.0082498735;0.01035655;
0.0083570148;0.0086987033;
0.008464156;0.011764706;
0.0085712972;0.010906858;
0.0086784384;0.008010404;
0.0087855796;0.0091397257;
0.0088927208;0.010285807;
0.008999862;0.0085284392;
0.0091070033;0.0104427;
0.0092141445;0.0093572975;
0.0093212857;0.012630542;
0.0094284269;0.015495925;
0.0095355681;0.014136925;
0.0096427093;0.011567689;
0.0097498506;0.010392301;
0.0098569918;0.0092238854;
0.009964133;0.011041234;
0.010071274;0.013091453;
0.010178415;0.017243791;
0.010285557;0.01656238;
0.010392698;0.02049028;
0.010499839;0.022712207;
0.01060698;0.020259949;
0.010714121;0.022501488;
0.010821263;0.025780553;
0.010928404;0.038835987;
0.011035545;0.052315395;
0.011142686;0.082795496;
0.011249828;0.092054253;
0.011356969;0.077960645;
0.01146411;0.10518905;
0.011571251;0.066766809;
0.011678392;0.079255763;
0.011785534;0.064965513;
0.011892675;0.094839684;
0.011999816;0.088964098;
0.012106957;0.098634827;
0.012214098;0.084601806;
0.01232124;0.064426942;
0.012428381;0.055695479;
0.012535522;0.061050185;
0.012642663;0.037643611;
0.012749805;0.047469785;
0.012856946;0.090588047;
0.012964087;0.10569354;
0.013071228;0.077500945;
0.013178369;0.10025899;
0.013285511;0.17580892;
0.013392652;0.17993982;
0.013499793;0.36182214;
0.013606934;0.4933723;
0.013714076;0.27564604;
0.013821217;0.23273201;
0.013928358;0.14612208;
0.014035499;0.17517321;
0.01414264;0.17199046;
0.014249782;0.12647373;
0.014356923;0.12621229;
0.014464064;0.15977314;
0.014571205;0.13135633;
0.014678346;0.07371273;
0.014785488;0.070727127;
0.014892629;0.13191573;
0.01499977;0.15119872;
0.015106911;0.17260015;
0.015214053;0.095093573;
0.015321194;0.11835669;
0.015428335;0.31127657;
0.015535476;0.72433261;
0.015642617;0.73267694;
0.015749759;0.47142617;
0.0158569;0.45600359;
0.015964041;0.41124124;
0.016071182;0.51162857;
0.016178323;0.66914921;
0.016285465;0.49422383;
0.016392606;0.64577721;
0.016499747;0.66806045;
0.016606888;0.47537325;
0.01671403;0.56058618;
0.016821171;0.5629767;
0.016928312;0.38490696;
0.017035453;0.23043251;
0.017142594;0.26321413;
0.017249736;0.33846652;
0.017356877;0.23597221;
0.017464018;0.11226572;
0.017571159;0.067085373;
0.0176783;0.12542441;
0.017785442;0.21175295;
0.017892583;0.14361539;
0.017999724;0.078159778;
0.018106865;0.063336679;
0.018214007;0.098417282;
0.018321148;0.15676796;
0.018428289;0.14073477;
0.01853543;0.15621896;
0.018642571;0.1079424;
0.018749713;0.14455528;
0.018856854;0.12424934;
0.018963995;0.095905669;
0.019071136;0.095641772;
0.019178277;0.08323594;
0.019285419;0.065199399;
0.01939256;0.066758157;
0.019499701;0.038804802;
0.019606842;0.025822173;
0.019713984;0.025962339;
0.019821125;0.031284454;
0.019928266;0.048260378;
0.020035407;0.040480257;
0.020142548;0.02941315;
0.02024969;0.04103461;
0.020356831;0.064428891;
0.020463972;0.080734239;
0.020571113;0.071434169;
0.020678254;0.059857901;
0.020785396;0.050620762;
0.020892537;0.059436882;
0.020999678;0.074218068;
0.021106819;0.080746389;
0.021213961;0.044675874;
0.021321102;0.033946849;
0.021428243;0.03139989;
0.021535384;0.030789479;
0.021642525;0.021535292;
0.021749667;0.015686275;
0.021856808;0.01605501;
0.021963949;0.017119336;
0.02207109;0.017467897;
0.022178231;0.019424305;
0.022285373;0.020194887;
0.022392514;0.013813516;
0.022499655;0.011108364;
0.022606796;0.0088460665;
0.022713938;0.0081866232;
0.022821079;0.0094939415;
0.02292822;0.0097831768;
0.023035361;0.0085211474;
0.023142502;0.0098022897;
0.023249644;0.0078431373;
0.023356785;0.0081673464;
0.023463926;0.0094559769;
0.023571067;0.010158137;
0.023678208;0.0087391724;
0.02378535;0.0078431373;
0.023892491;0.0078431373;
0.023999632;0.0078431373;
0.024106773;0.0078431373;
0.024213915;0.0078431373;
0.024321056;0.0078431373;
0.024428197;0.0081345707;
0.024535338;0.0093939979;
0.024642479;0.010219954;
0.024749621;0.010411948;
0.024856762;0.013875595;
0.024963903;0.011764706;
0.025071044;0.01127389;
0.025178185;0.011676064;
0.025285327;0.016423486;
0.025392468;0.016462029;
0.025499609;0.017331089;
0.02560675;0.015000152;
0.025713892;0.017621221;
0.025821033;0.015547932;
0.025928174;0.016174052;
0.026035315;0.011764706;
0.026142456;0.011194337;
0.026249598;0.010174848;
0.026356739;0.010717438;
0.02646388;0.0086646166;
0.026571021;0.010327145;
0.026678162;0.0084441754;
0.026785304;0.0088949692;
0.026892445;0.010711733;
0.026999586;0.0078431373;
0.027106727;0.00869244;
0.027213869;0.010159282;
0.02732101;0.0087017792;
0.027428151;0.010373102;
0.027535292;0.0092290698;
0.027642433;0.011445389;
0.027749575;0.012261926;
0.027856716;0.010882574;
0.027963857;0.0092065448;
0.028070998;0.010232948;
0.02817814;0.0089098033;
0.028285281;0.010863637;
0.028392422;0.0091842789;
0.028499563;0.01042909;
0.028606704;0.0081020127;
0.028713846;0.0075908965;
0.028820987;0.008237349;
0.028928128;0.0078431373;
0.029035269;0.0087776585;
0.02914241;0.0093849706;
0.029249552;0.0052189555;
0.029356693;0.0075001262;
0.029463834;0.0087969521;
0.029570975;0.010360618;
0.029678117;0.0088066475;
0.029785258;0.01049414;
0.029892399;0.0091083881;
0.02999954;0.010396804;
0.030106681;0.0078431373;
0.030213823;0.0078431373;
0.030320964;0.0078431373;
0.030428105;0.0078431373;
0.030535246;0.0088457529;
0.030642387;0.01045084;
0.030749529;0.0077615582;
0.03085667;0.0066249977;
0.030963811;0.0052085261;
0.031070952;0.0078431373;
0.031178094;0.0078431373;
0.031285235;0.0078431373;
0.031392376;0.0078431373;
0.031499517;0.0078431373;
0.031606658;0.0077921825;
0.0317138;0.0066657734;
0.031820941;0.0051371261;
