Energy	Impulses
E/keV	Impulses/#

0.79	0
0.81	0
0.82	0
0.84	0
0.86	0
0.87	0
0.89	0
0.90	0
0.92	0
0.93	0
0.95	0
0.97	0
0.98	0
1.00	0
1.01	0
1.03	0
1.05	0
1.06	0
1.08	0
1.09	0
1.11	0
1.12	0
1.14	0
1.16	0
1.17	0
1.19	0
1.20	7
1.22	14
1.24	25
1.25	41
1.27	48
1.28	45
1.30	46
1.31	44
1.33	46
1.35	52
1.36	57
1.38	34
1.39	39
1.41	47
1.42	39
1.44	45
1.46	46
1.47	45
1.49	34
1.50	54
1.52	47
1.54	52
1.55	35
1.57	30
1.58	37
1.60	40
1.61	35
1.63	41
1.65	35
1.66	48
1.68	36
1.69	39
1.71	38
1.73	33
1.74	40
1.76	36
1.77	41
1.79	40
1.80	31
1.82	23
1.84	36
1.85	40
1.87	40
1.88	26
1.90	28
1.92	38
1.93	37
1.95	30
1.96	40
1.98	48
1.99	33
2.01	34
2.03	26
2.04	34
2.06	28
2.07	38
2.09	36
2.11	46
2.12	38
2.14	21
2.15	31
2.17	32
2.18	32
2.20	45
2.22	39
2.23	29
2.25	29
2.26	30
2.28	36
2.30	32
2.31	11
2.33	33
2.34	25
2.36	39
2.37	29
2.39	32
2.41	27
2.42	34
2.44	34
2.45	31
2.47	29
2.48	23
2.50	27
2.52	21
2.53	28
2.55	36
2.56	22
2.58	32
2.60	28
2.61	32
2.63	27
2.64	32
2.66	30
2.67	26
2.69	34
2.71	27
2.72	32
2.74	34
2.75	35
2.77	37
2.79	35
2.80	29
2.82	19
2.83	31
2.85	30
2.86	36
2.88	29
2.90	27
2.91	35
2.93	29
2.94	28
2.96	28
2.98	25
2.99	27
3.01	21
3.02	25
3.04	28
3.05	29
3.07	30
3.09	23
3.10	24
3.12	35
3.13	24
3.15	23
3.17	24
3.18	26
3.20	26
3.21	28
3.23	22
3.24	30
3.26	24
3.28	31
3.29	32
3.31	40
3.32	28
3.34	42
3.36	27
3.37	45
3.39	34
3.40	17
3.42	37
3.43	37
3.45	27
3.47	33
3.48	31
3.50	30
3.51	30
3.53	45
3.54	25
3.56	40
3.58	38
3.59	29
3.61	29
3.62	34
3.64	30
3.66	22
3.67	24
3.69	39
3.70	19
3.72	36
3.73	37
3.75	32
3.77	24
3.78	25
3.80	24
3.81	34
3.83	20
3.85	24
3.86	38
3.88	35
3.89	29
3.91	29
3.92	27
3.94	34
3.96	29
3.97	28
3.99	26
4.00	25
4.02	29
4.04	28
4.05	27
4.07	31
4.08	30
4.10	29
4.11	33
4.13	32
4.15	38
4.16	32
4.18	40
4.19	24
4.21	30
4.23	23
4.24	36
4.26	43
4.27	35
4.29	37
4.30	46
4.32	45
4.34	31
4.35	40
4.37	44
4.38	47
4.40	48
4.42	62
4.43	52
4.45	50
4.46	51
4.48	52
4.49	40
4.51	37
4.53	50
4.54	31
4.56	55
4.57	50
4.59	36
4.60	40
4.62	52
4.64	51
4.65	57
4.67	41
4.68	61
4.70	38
4.72	49
4.73	44
4.75	51
4.76	45
4.78	56
4.79	48
4.81	35
4.83	39
4.84	21
4.86	44
4.87	34
4.89	35
4.91	44
4.92	39
4.94	28
4.95	33
4.97	30
4.98	41
5.00	34
5.02	43
5.03	38
5.05	29
5.06	34
5.08	35
5.10	28
5.11	32
5.13	20
5.14	36
5.16	45
5.17	38
5.19	35
5.21	33
5.22	31
5.24	24
5.25	33
5.27	37
5.29	30
5.30	33
5.32	32
5.33	45
5.35	34
5.36	27
5.38	27
5.40	29
5.41	31
5.43	32
5.44	37
5.46	39
5.48	30
5.49	23
5.51	29
5.52	38
5.54	29
5.55	35
5.57	28
5.59	28
5.60	26
5.62	31
5.63	36
5.65	31
5.67	33
5.68	37
5.70	51
5.71	34
5.73	39
5.74	50
5.76	46
5.78	65
5.79	54
5.81	59
5.82	52
5.84	83
5.85	61
5.87	62
5.89	84
5.90	89
5.92	111
5.93	114
5.95	128
5.97	123
5.98	164
6.00	163
6.01	161
6.03	191
6.04	254
6.06	241
6.08	220
6.09	312
6.11	261
6.12	336
6.14	358
6.16	362
6.17	438
6.19	409
6.20	417
6.22	445
6.23	420
6.25	509
6.27	456
6.28	558
6.30	519
6.31	551
6.33	538
6.35	591
6.36	537
6.38	580
6.39	578
6.41	562
6.42	523
6.44	487
6.46	547
6.47	505
6.49	475
6.50	508
6.52	430
6.54	478
6.55	399
6.57	443
6.58	375
6.60	387
6.61	346
6.63	288
6.65	327
6.66	288
6.68	229
6.69	233
6.71	213
6.73	187
6.74	162
6.76	170
6.77	144
6.79	157
6.80	128
6.82	132
6.84	99
6.85	91
6.87	82
6.88	90
6.90	60
6.91	80
6.93	82
6.95	55
6.96	78
6.98	49
6.99	63
7.01	64
7.03	67
7.04	51
7.06	53
7.07	55
7.09	57
7.10	61
7.12	47
7.14	40
7.15	39
7.17	49
7.18	52
7.20	50
7.22	33
7.23	54
7.25	38
7.26	44
7.28	62
7.29	56
7.31	44
7.33	44
7.34	59
7.36	63
7.37	40
7.39	36
7.41	46
7.42	63
7.44	54
7.45	44
7.47	55
7.48	45
7.50	34
7.52	44
7.53	55
7.55	52
7.56	42
7.58	49
7.60	31
7.61	58
7.63	63
7.64	66
7.66	64
7.67	69
7.69	57
7.71	51
7.72	88
7.74	51
7.75	59
7.77	76
7.79	54
7.80	87
7.82	81
7.83	103
7.85	101
7.86	114
7.88	111
7.90	119
7.91	106
7.93	147
7.94	191
7.96	171
7.97	203
7.99	211
8.01	242
8.02	317
8.04	312
8.05	381
8.07	467
8.09	544
8.10	511
8.12	772
8.13	672
8.15	787
8.16	902
8.18	1088
8.20	1149
8.21	1246
8.23	1519
8.24	1619
8.26	1710
8.28	1976
8.29	2069
8.31	2425
8.32	2436
8.34	2664
8.35	2920
8.37	3337
8.39	3058
8.40	3427
8.42	3684
8.43	3949
8.45	4262
8.47	4108
8.48	4571
8.50	4788
8.51	4449
8.53	4963
8.54	4739
8.56	4831
8.58	5148
8.59	5089
8.61	4997
8.62	5575
8.64	4577
8.66	4864
8.67	4908
8.69	4818
8.70	4607
8.72	4141
8.73	4424
8.75	4087
8.77	3638
8.78	3870
8.80	3240
8.81	3256
8.83	2990
8.85	2811
8.86	2632
8.88	2783
8.89	1624
8.91	2018
8.92	1747
8.94	1622
8.96	1366
8.97	1251
8.99	1211
9.00	1017
9.02	802
9.03	861
9.05	676
9.07	662
9.08	521
9.10	555
9.11	466
9.13	495
9.15	405
9.16	422
9.18	428
9.19	460
9.21	386
9.22	410
9.24	498
9.26	473
9.27	497
9.29	534
9.30	473
9.32	595
9.34	587
9.35	637
9.37	615
9.38	757
9.40	564
9.41	725
9.43	749
9.45	815
9.46	815
9.48	689
9.49	814
9.51	882
9.53	747
9.54	841
9.56	793
9.57	773
9.59	807
9.60	706
9.62	715
9.64	805
9.65	650
9.67	619
9.68	622
9.70	640
9.72	545
9.73	513
9.75	557
9.76	445
9.78	382
9.79	438
9.81	339
9.83	360
9.84	293
9.86	276
9.87	237
9.89	269
9.91	179
9.92	170
9.94	156
9.95	117
9.97	132
9.98	109
10.00	79
10.02	83
10.03	61
10.05	58
10.06	31
10.08	36
10.10	42
10.11	28
10.13	27
10.14	23
10.16	12
10.17	9
10.19	17
10.21	16
10.22	13
10.24	16
10.25	11
10.27	7
10.28	4
10.30	6
10.32	15
10.33	12
10.35	12
10.36	11
10.38	6
10.40	11
10.41	9
10.43	14
10.44	14
10.46	18
10.47	10
10.49	12
10.51	9
10.52	18
10.54	12
10.55	14
10.57	14
10.59	13
10.60	16
10.62	13
10.63	12
10.65	22
10.66	8
10.68	5
10.70	13
10.71	12
10.73	10
10.74	8
10.76	5
10.78	11
10.79	8
10.81	5
10.82	7
10.84	5
10.85	3
10.87	3
10.89	6
10.90	12
10.92	3
10.93	2
10.95	5
10.97	7
10.98	4
11.00	3
11.01	4
11.03	4
11.04	4
11.06	4
11.08	4
11.09	3
11.11	2
11.12	1
11.14	1
11.16	6
11.17	4
11.19	4
11.20	3
11.22	6
11.23	6
11.25	3
11.27	5
11.28	3
11.30	1
11.31	4
11.33	2
11.34	3
11.36	1
11.38	6
11.39	1
11.41	5
11.42	4
11.44	3
11.46	1
11.47	6
11.49	3
11.50	2
11.52	4
11.53	6
11.55	1
11.57	2
11.58	2
11.60	7
11.61	4
11.63	2
11.65	7
11.66	2
11.68	0
11.69	4
11.71	2
11.72	4
11.74	2
11.76	3
11.77	0
11.79	4
11.80	4
11.82	4
11.84	5
11.85	10
11.87	2
11.88	3
11.90	2
11.91	4
11.93	5
11.95	3
11.96	4
11.98	2
11.99	3
12.01	6
12.03	5
12.04	5
12.06	3
12.07	7
12.09	3
12.10	2
12.12	8
12.14	2
12.15	7
12.17	7
12.18	4
12.20	9
12.22	1
12.23	5
12.25	3
12.26	6
12.28	7
12.29	3
12.31	5
12.33	6
12.34	9
12.36	6
12.37	11
12.39	13
12.40	5
12.42	7
12.44	11
12.45	17
12.47	15
12.48	11
12.50	9
12.52	11
12.53	16
12.55	9
12.56	9
12.58	15
12.59	7
12.61	12
12.63	16
12.64	5
12.66	14
12.67	7
12.69	12
12.71	9
12.72	3
12.74	11
12.75	7
12.77	11
12.78	10
12.80	9
12.82	5
12.83	9
12.85	4
12.86	12
12.88	11
12.90	9
12.91	6
12.93	7
12.94	6
12.96	7
12.97	6
12.99	4
13.01	6
13.02	6
13.04	4
13.05	6
13.07	10
13.09	2
13.10	3
13.12	6
13.13	3
13.15	2
13.16	3
13.18	4
13.20	2
13.21	2
13.23	4
13.24	5
13.26	2
13.28	5
13.29	7
13.31	1
13.32	2
13.34	3
13.35	7
13.37	7
13.39	8
13.40	2
13.42	3
13.43	3
13.45	4
13.46	3
13.48	2
13.50	6
13.51	2
13.53	2
13.54	4
13.56	1
13.58	4
13.59	2
13.61	3
13.62	2
13.64	1
13.65	1
13.67	4
13.69	4
13.70	3
13.72	6
13.73	3
13.75	1
13.77	1
13.78	4
13.80	3
13.81	3
13.83	1
13.84	2
13.86	3
13.88	2
13.89	1
13.91	3
13.92	1
13.94	4
13.96	2
13.97	3
13.99	5
14.00	4
14.02	2
14.03	2
14.05	8
14.07	8
14.08	2
14.10	4
14.11	6
14.13	3
14.15	3
14.16	2
14.18	3
14.19	4
14.21	3
14.22	5
14.24	5
14.26	3
14.27	3
14.29	2
14.30	5
14.32	7
14.34	5
14.35	7
14.37	0
14.38	4
14.40	4
14.41	3
14.43	7
14.45	3
14.46	5
14.48	4
14.49	7
14.51	5
14.53	6
14.54	3
14.56	5
14.57	5
14.59	5
14.60	3
14.62	4
14.64	2
14.65	5
14.67	4
14.68	3
14.70	4
14.71	4
14.73	7
14.75	4
14.76	4
14.78	2
14.79	5
14.81	4
14.83	7
14.84	3
14.86	4
14.87	3
14.89	4
14.90	1
14.92	4
14.94	2
14.95	3
14.97	0
14.98	2
15.00	1
15.02	2
15.03	4
15.05	3
15.06	2
15.08	7
15.09	4
15.11	4
15.13	2
15.14	3
15.16	3
15.17	3
15.19	1
15.21	4
15.22	6
15.24	2
15.25	7
15.27	1
15.28	2
15.30	2
15.32	9
15.33	2
15.35	8
15.36	2
15.38	2
15.40	3
15.41	4
15.43	5
15.44	3
15.46	1
15.47	4
15.49	3
15.51	1
15.52	1
15.54	3
15.55	4
15.57	2
15.59	0
15.60	3
15.62	3
15.63	0
15.65	2
15.66	1
15.68	0
15.70	0
15.71	2
15.73	2
15.74	3
15.76	0
15.77	1
15.79	1
15.81	2
15.82	1
15.84	3
15.85	3
15.87	2
15.89	5
15.90	1
15.92	2
15.93	2
15.95	5
15.96	1
15.98	1
16.00	5
16.01	2
16.03	4
16.04	3
16.06	9
16.08	3
16.09	3
16.11	2
16.12	4
16.14	2
16.15	3
16.17	4
16.19	3
16.20	2
16.22	2
16.23	1
16.25	0
16.27	4
16.28	0
16.30	5
16.31	2
16.33	4
16.34	4
16.36	2
16.38	2
16.39	7
16.41	4
16.42	3
16.44	4
16.46	5
16.47	6
16.49	2
16.50	0
16.52	3
16.53	1
16.55	4
16.57	1
16.58	4
16.60	2
16.61	1
16.63	3
16.65	5
16.66	3
16.68	1
16.69	6
16.71	3
16.72	2
16.74	5
16.76	3
16.77	2
16.79	4
16.80	3
16.82	1
16.83	5
16.85	4
16.87	2
16.88	2
16.90	5
16.91	4
16.93	4
16.95	4
16.96	3
16.98	0
16.99	2
17.01	1
17.02	2
17.04	3
17.06	5
17.07	5
17.09	4
17.10	7
17.12	7
17.14	3
17.15	2
17.17	2
17.18	4
17.20	2
17.21	1
17.23	2
17.25	4
17.26	5
17.28	2
17.29	4
17.31	2
17.33	4
17.34	5
17.36	2
17.37	2
17.39	5
17.40	3
17.42	5
17.44	3
17.45	4
17.47	2
17.48	2
17.50	2
17.52	3
17.53	1
17.55	2
17.56	3
17.58	4
17.59	1
17.61	0
17.63	0
17.64	3
17.66	2
17.67	7
17.69	1
17.71	3
17.72	0
17.74	2
17.75	4
17.77	2
17.78	2
17.80	2
17.82	2
17.83	2
17.85	1
17.86	0
17.88	2
17.89	2
17.91	3
17.93	1
17.94	2
17.96	3
17.97	1
17.99	1
18.01	0
18.02	1
18.04	0
18.05	4
18.07	2
18.08	1
18.10	3
18.12	1
18.13	0
18.15	3
18.16	1
18.18	2
18.20	1
18.21	2
18.23	0
18.24	5
18.26	1
18.27	3
18.29	1
18.31	4
18.32	0
18.34	0
18.35	1
18.37	1
18.39	4
18.40	2
18.42	2
18.43	3
18.45	0
18.46	1
18.48	4
18.50	0
18.51	0
18.53	2
18.54	1
18.56	2
18.58	1
18.59	1
18.61	1
18.62	0
18.64	1
18.65	2
18.67	0
18.69	2
18.70	1
18.72	1
18.73	2
18.75	1
18.77	2
18.78	1
18.80	0
18.81	1
18.83	2
18.84	2
18.86	1
18.88	0
18.89	1
18.91	0
18.92	0
18.94	3
18.95	1
18.97	2
18.99	2
19.00	1
19.02	0
19.03	0
19.05	0
19.07	2
19.08	2
19.10	0
19.11	0
19.13	1
19.14	1
19.16	1
19.18	0
19.19	2
19.21	0
19.22	0
19.24	1
19.26	0
19.27	1
19.29	1
19.30	2
19.32	1
19.33	2
19.35	1
19.37	0
19.38	0
19.40	1
19.41	0
19.43	2
19.45	0
19.46	2
19.48	0
19.49	1
19.51	4
19.52	0
19.54	1
19.56	1
19.57	0
19.59	2
19.60	1
19.62	2
19.64	0
19.65	0
19.67	2
19.68	0
19.70	1
19.71	3
19.73	2
19.75	1
19.76	1
19.78	2
19.79	1
19.81	2
19.83	1
19.84	0
19.86	1
19.87	2
19.89	2
19.90	0
19.92	4
19.94	1
19.95	2
19.97	1
19.98	4
20.00	0
20.02	0
20.03	2
20.05	0
20.06	4
20.08	3
20.09	0
20.11	1
20.13	2
20.14	0
20.16	3
20.17	2
20.19	1
20.20	1
20.22	1
20.24	1
20.25	3
20.27	2
20.28	3
20.30	0
20.32	0
20.33	2
20.35	4
20.36	3
20.38	1
20.39	0
20.41	0
20.43	0
20.44	2
20.46	1
20.47	2
20.49	3
20.51	2
20.52	1
20.54	1
20.55	1
20.57	1
20.58	2
20.60	2
20.62	1
20.63	2
20.65	1
20.66	1
20.68	1
20.70	1
20.71	1
20.73	3
20.74	0
20.76	0
20.77	1
20.79	0
20.81	1
20.82	3
20.84	0
20.85	1
20.87	0
20.89	1
20.90	1
20.92	0
20.93	0
20.95	0
20.96	0
20.98	1
21.00	1
21.01	2
21.03	1
21.04	1
21.06	0
21.08	0
21.09	2
21.11	0
21.12	1
21.14	0
21.15	2
21.17	1
21.19	1
21.20	1
21.22	0
21.23	3
21.25	1
21.26	1
21.28	2
21.30	0
21.31	0
21.33	0
21.34	0
21.36	1
21.38	1
21.39	0
21.41	2
21.42	3
21.44	2
21.45	0
21.47	0
21.49	2
21.50	2
21.52	0
21.53	2
21.55	4
21.57	0
21.58	2
21.60	1
21.61	0
21.63	1
21.64	0
21.66	0
21.68	1
21.69	2
21.71	2
21.72	1
21.74	3
21.76	0
21.77	1
21.79	2
21.80	0
21.82	6
21.83	2
21.85	1
21.87	0
21.88	0
21.90	2
21.91	0
21.93	0
21.95	0
21.96	1
21.98	0
21.99	1
22.01	2
22.02	1
22.04	0
22.06	0
22.07	1
22.09	2
22.10	3
22.12	0
22.14	0
22.15	0
22.17	0
22.18	4
22.20	2
22.21	1
22.23	0
22.25	1
22.26	0
22.28	0
22.29	2
22.31	1
22.32	3
22.34	1
22.36	1
22.37	0
22.39	0
22.40	1
22.42	1
22.44	1
22.45	1
22.47	0
22.48	0
22.50	1
22.51	0
22.53	0
22.55	0
22.56	0
22.58	2
22.59	3
22.61	0
22.63	1
22.64	0
22.66	1
22.67	0
22.69	0
22.70	0
22.72	1
22.74	0
22.75	3
22.77	3
22.78	0
22.80	1
22.82	0
22.83	0
22.85	0
22.86	0
22.88	2
22.89	0
22.91	2
22.93	1
22.94	1
22.96	0
22.97	0
22.99	0
23.01	0
23.02	1
23.04	0
23.05	0
23.07	1
23.08	2
23.10	0
23.12	1
23.13	1
23.15	0
23.16	1
23.18	0
23.20	0
23.21	1
23.23	1
23.24	1
23.26	2
23.27	0
23.29	0
23.31	0
23.32	0
23.34	1
23.35	0
23.37	2
23.38	0
23.40	1
23.42	0
23.43	1
23.45	1
23.46	0
23.48	0
23.50	1
23.51	1
23.53	0
23.54	1
23.56	0
23.57	0
23.59	1
23.61	0
23.62	0
23.64	1
23.65	0
23.67	0
23.69	0
23.70	0
23.72	0
23.73	1
23.75	0
23.76	0
23.78	0
23.80	1
23.81	0
23.83	0
23.84	1
23.86	1
23.88	0
23.89	2
23.91	3
23.92	0
23.94	0
23.95	1
23.97	0
23.99	0
24.00	1
24.02	0
24.03	0
24.05	1
24.07	1
24.08	2
24.10	1
24.11	1
24.13	0
24.14	0
24.16	1
24.18	0
24.19	0
24.21	0
24.22	0
24.24	1
24.26	0
24.27	0
24.29	2
24.30	0
24.32	0
24.33	1
24.35	1
24.37	0
24.38	1
24.40	0
24.41	2
24.43	0
24.45	4
24.46	0
24.48	1
24.49	2
24.51	1
24.52	0
24.54	1
24.56	0
24.57	1
24.59	0
24.60	1
24.62	0
24.63	0
24.65	1
24.67	1
24.68	1
24.70	0
24.71	0
24.73	0
24.75	0
24.76	0
24.78	0
24.79	2
24.81	1
24.82	1
24.84	1
24.86	0
24.87	2
24.89	0
24.90	0
24.92	0
24.94	1
24.95	0
24.97	1
24.98	0
25.00	0
25.01	1
25.03	2
25.05	0
25.06	1
25.08	1
25.09	0
25.11	0
25.13	1
25.14	1
25.16	1
25.17	0
25.19	1
25.20	0
25.22	0
25.24	3
25.25	0
25.27	1
25.28	1
25.30	2
25.32	1
25.33	2
25.35	0
25.36	0
25.38	0
25.39	1
25.41	0
25.43	0
25.44	0
25.46	1
25.47	0
25.49	0
25.51	0
25.52	0
25.54	1
25.55	0
25.57	1
25.58	0
25.60	1
25.62	1
25.63	0
25.65	0
25.66	1
25.68	1
25.69	0
25.71	1
25.73	0
25.74	0
25.76	1
25.77	0
25.79	1
25.81	2
25.82	1
25.84	0
25.85	0
25.87	2
25.88	0
25.90	0
25.92	1
25.93	0
25.95	0
25.96	0
25.98	1
26.00	1
26.01	2
26.03	0
26.04	0
26.06	1
26.07	0
26.09	1
26.11	0
26.12	0
26.14	0
26.15	0
26.17	1
26.19	0
26.20	0
26.22	0
26.23	1
26.25	1
26.26	0
26.28	0
26.30	0
26.31	1
26.33	1
26.34	2
26.36	1
26.38	0
26.39	0
26.41	2
26.42	0
26.44	1
26.45	0
26.47	0
26.49	2
26.50	0
26.52	0
26.53	0
26.55	0
26.57	0
26.58	0
26.60	0
26.61	0
26.63	1
26.64	1
26.66	0
26.68	0
26.69	0
26.71	0
26.72	0
26.74	0
26.75	0
26.77	0
26.79	0
26.80	0
26.82	0
26.83	0
26.85	0
26.87	0
26.88	0
26.90	0
26.91	0
26.93	0
26.94	0
26.96	0
26.98	0
26.99	0
27.01	1
27.02	0
27.04	0
27.06	0
27.07	0
27.09	1
27.10	0
27.12	0
27.13	1
27.15	2
27.17	1
27.18	1
27.20	1
27.21	0
27.23	0
27.25	1
27.26	0
27.28	0
27.29	0
27.31	0
27.32	0
27.34	0
27.36	1
27.37	0
27.39	0
27.40	0
27.42	0
27.44	0
27.45	1
27.47	1
27.48	0
27.50	0
27.51	1
27.53	0
27.55	1
27.56	0
27.58	0
27.59	2
27.61	0
27.63	0
27.64	0
27.66	0
27.67	0
27.69	0
27.70	0
27.72	0
27.74	0
27.75	0
27.77	0
27.78	0
27.80	0
27.81	0
27.83	1
27.85	0
27.86	0
27.88	0
27.89	1
27.91	0
27.93	0
27.94	0
27.96	0
27.97	0
27.99	0
28.00	0
28.02	0
28.04	0
28.05	0
28.07	0
28.08	0
28.10	1
28.12	1
28.13	1
28.15	0
28.16	0
28.18	1
28.19	1
28.21	0
28.23	0
28.24	0
28.26	0
28.27	0
28.29	0
28.31	0
28.32	0
28.34	0
28.35	0
28.37	0
28.38	0
28.40	1
28.42	0
28.43	0
28.45	0
28.46	0
28.48	0
28.50	0
28.51	0
28.53	0
28.54	0
28.56	0
28.57	0
28.59	1
28.61	0
28.62	1
28.64	0
28.65	0
28.67	2
28.69	0
28.70	0
28.72	1
28.73	0
28.75	0
28.76	0
28.78	0
28.80	0
28.81	0
28.83	0
28.84	1
28.86	0
28.88	0
28.89	0
28.91	0
28.92	0
28.94	0
28.95	0
28.97	1
28.99	0
29.00	1
29.02	0
29.03	0
29.05	0
29.06	1
29.08	0
29.10	0
29.11	0
29.13	0
29.14	0
29.16	0
29.18	0
29.19	0
29.21	0
29.22	0
29.24	0
29.25	1
29.27	0
29.29	0
29.30	0
29.32	0
29.33	0
29.35	0
29.37	0
29.38	0
29.40	0
29.41	0
29.43	0
29.44	0
29.46	0
29.48	0
29.49	0
29.51	0
29.52	0
29.54	0
29.56	0
29.57	0
29.59	0
29.60	0
29.62	0
29.63	0
29.65	0
29.67	0
29.68	0
29.70	0
29.71	0
29.73	0
29.75	0
29.76	0
29.78	0
29.79	0
29.81	0
29.82	0
29.84	0
29.86	0
29.87	0
29.89	0
29.90	0
29.92	0
29.94	0
29.95	0
29.97	0
29.98	0
30.00	0
30.01	0
30.03	0
30.05	0
30.06	0
30.08	0
30.09	0
30.11	0
30.12	0
30.14	0
30.16	0
30.17	0
30.19	0
30.20	0
30.22	0
30.24	0
30.25	0
30.27	0
30.28	1
30.30	0
30.31	1
30.33	0
30.35	0
30.36	0
30.38	0
30.39	0
30.41	0
30.43	0
30.44	0
30.46	0
30.47	0
30.49	0
30.50	0
30.52	0
30.54	0
30.55	0
30.57	0
30.58	1
30.60	0
30.62	0
30.63	0
30.65	0
30.66	0
30.68	0
30.69	0
30.71	0
30.73	0
30.74	0
30.76	0
30.77	0
30.79	0
30.81	0
30.82	0
30.84	0
30.85	0
30.87	0
30.88	0
30.90	0
30.92	0
30.93	0
30.95	0
30.96	0
30.98	0
31.00	0
31.01	0
31.03	0
31.04	0
31.06	0
31.07	0
31.09	0
31.11	0
31.12	0
31.14	0
31.15	0
31.17	0
31.18	0
31.20	0
31.22	0
31.23	0
31.25	0
31.26	0
31.28	0
31.30	1
31.31	0
31.33	0
31.34	0
31.36	0
31.37	0
31.39	0
31.41	0
31.42	0
31.44	0
31.45	0
31.47	0
31.49	0
31.50	0
31.52	0
31.53	0
31.55	0
31.56	0
31.58	0
31.60	0
31.61	0
31.63	0
31.64	0
31.66	0
31.68	0
31.69	0
31.71	0
31.72	0
31.74	0
31.75	0
31.77	0
31.79	0
31.80	0
31.82	0
31.83	0
31.85	0
31.87	0
31.88	0
31.90	0
31.91	0
31.93	0
31.94	0
31.96	0
31.98	0
31.99	0
32.01	0
32.02	0
32.04	0
32.06	0
32.07	0
32.09	0
32.10	1
32.12	0
32.13	0
32.15	0
32.17	0
32.18	0
32.20	0
32.21	0
32.23	0
32.24	0
32.26	0
32.28	0
32.29	0
32.31	0
32.32	0
32.34	0
32.36	0
32.37	0
32.39	0
32.40	0
32.42	0
32.43	-1
