# exported by fityk 0.8.7
#1-Zn:x	1-Zn:y	1-Zn:s	1-Zn:F(x)	1-Zn:%_1(x)	1-Zn:%_2(x)	1-Zn:%_3(x)	1-Zn:a
0.79	0	1	2.59636e-085	9.32412e-240	0	2.59636e-085	1
0.81	0	1	1.09091e-084	1.63334e-238	0	1.09091e-084	1
0.82	0	1	2.23185e-084	6.81732e-238	0	2.23185e-084	1
0.84	0	1	9.30544e-084	1.18112e-236	0	9.30544e-084	1
0.86	0	1	3.85989e-083	2.03132e-235	0	3.85989e-083	1
0.87	0	1	7.84615e-083	8.40085e-235	0	7.84615e-083	1
0.89	0	1	3.22956e-082	1.42896e-233	0	3.22956e-082	1
0.9	0	1	6.53957e-082	5.87719e-233	0	6.53957e-082	1
0.92	0	1	2.67107e-081	9.88725e-232	0	2.67107e-081	1
0.93	0	1	5.38784e-081	4.04418e-231	0	5.38784e-081	1
0.95	0	1	2.18373e-080	6.72894e-230	0	2.18373e-080	1
0.97	0	1	8.80537e-080	1.1114e-228	0	8.80537e-080	1
0.98	0	1	1.76475e-079	4.50436e-228	0	1.76475e-079	1
1	0	1	7.06126e-079	7.3581e-227	3.56617e-320	7.06126e-079	1
1.01	0	1	1.40975e-078	2.96575e-226	2.10017e-319	1.40975e-078	1
1.03	0	1	5.59744e-078	4.79157e-225	6.76014e-318	5.59744e-078	1
1.05	0	1	2.21107e-077	7.6847e-224	2.15789e-316	2.21107e-077	1
1.06	0	1	4.38601e-077	3.06905e-223	1.21528e-315	4.38601e-077	1
1.08	0	1	1.71922e-076	4.86815e-222	3.8309e-314	1.71922e-076	1
1.09	0	1	3.39721e-076	1.93351e-221	2.1443e-313	3.39721e-076	1
1.11	0	1	1.32139e-075	3.0333e-220	6.67724e-312	1.32139e-075	1
1.12	0	1	2.60105e-075	1.19813e-219	3.71471e-311	2.60105e-075	1
1.14	0	1	1.00393e-074	1.85901e-218	1.14268e-309	1.00393e-074	1
1.16	0	1	3.85504e-074	2.86332e-217	3.48643e-308	3.85504e-074	1
1.17	0	1	7.53967e-074	1.12064e-216	1.91992e-307	7.53967e-074	1
1.19	0	1	2.87292e-073	1.70711e-215	5.78665e-306	2.87292e-073	1
1.2	7	2.64575	5.59721e-073	6.6445e-215	3.16718e-305	5.59721e-073	1
1.22	14	3.74166	2.11637e-072	1.00108e-213	9.42985e-304	2.11637e-072	1
1.24	25	5	7.96117e-072	1.49721e-212	2.78481e-302	7.96117e-072	1
1.25	41	6.40312	1.5411e-071	5.7742e-212	1.50874e-301	1.5411e-071	1
1.27	48	6.9282	5.75262e-071	8.54112e-211	4.40142e-300	5.75262e-071	1
1.28	45	6.7082	1.10929e-070	3.27589e-210	2.37003e-299	1.10929e-070	1
1.3	46	6.78233	4.10892e-070	4.79251e-209	6.83e-298	4.10892e-070	1
1.31	44	6.63325	7.8928e-070	1.82802e-208	3.65532e-297	7.8928e-070	1
1.33	46	6.78233	2.90109e-069	2.645e-207	1.04059e-295	2.90109e-069	1
1.35	52	7.2111	1.06086e-068	3.79906e-206	2.93827e-294	1.06086e-068	1
1.36	57	7.54983	2.02474e-068	1.43583e-205	1.55658e-293	2.02474e-068	1
1.38	34	5.83095	7.34707e-068	2.03969e-204	4.3418e-292	7.34707e-068	1
1.39	39	6.245	1.39685e-067	7.66649e-204	2.28608e-291	1.39685e-067	1
1.41	47	6.85565	5.0297e-067	1.07713e-202	6.29912e-290	5.0297e-067	1
1.42	39	6.245	9.52579e-067	4.02629e-202	3.29644e-289	9.52579e-067	1
1.44	45	6.7082	3.40364e-066	5.59481e-201	8.97265e-288	3.40364e-066	1
1.46	46	6.78233	1.2099e-065	7.71743e-200	2.42245e-286	1.2099e-065	1
1.47	45	6.7082	2.27676e-065	2.85837e-199	1.25485e-285	2.27676e-065	1
1.49	34	5.83095	8.03106e-065	3.89957e-198	3.34668e-284	8.03106e-065	1
1.5	54	7.34847	1.50544e-064	1.43637e-197	1.72304e-283	1.50544e-064	1
1.52	47	6.85565	5.26948e-064	1.93809e-196	4.53947e-282	5.26948e-064	1
1.54	52	7.2111	1.83501e-063	2.59591e-195	1.18624e-280	1.83501e-063	1
1.55	35	5.91608	3.41771e-063	9.47434e-195	6.04544e-280	3.41771e-063	1
1.57	30	5.47723	1.18101e-062	1.25508e-193	1.56057e-278	1.18101e-062	1
1.58	37	6.08276	2.19116e-062	4.55552e-193	7.90463e-278	2.19116e-062	1
1.6	40	6.32456	7.5135e-062	5.96859e-192	2.01569e-276	7.5135e-062	1
1.61	35	5.91608	1.38863e-061	2.15448e-191	1.01477e-275	1.38863e-061	1
1.63	41	6.40312	4.72502e-061	2.79181e-190	2.55621e-274	4.72502e-061	1
1.65	35	5.91608	1.5995e-060	3.59118e-189	6.38683e-273	1.5995e-060	1
1.66	48	6.9282	2.93723e-060	1.28444e-188	3.18274e-272	2.93723e-060	1
1.68	36	6	9.86659e-060	1.63409e-187	7.85556e-271	9.86659e-060	1
1.69	39	6.245	1.80486e-059	5.81246e-187	3.89078e-270	1.80486e-059	1
1.71	38	6.16441	6.0162e-059	7.3136e-186	9.48638e-269	6.0162e-059	1
1.73	33	5.74456	1.99511e-058	9.13501e-185	2.29415e-267	1.99511e-058	1
1.74	40	6.32456	3.62618e-058	3.21959e-184	1.12475e-266	3.62618e-058	1
1.76	36	6	1.19328e-057	3.9773e-183	2.68698e-265	1.19328e-057	1
1.77	41	6.40312	2.16048e-057	1.39407e-182	1.30931e-264	2.16048e-057	1
1.79	40	6.32456	7.0549e-057	1.70327e-181	3.08986e-263	7.0549e-057	1
1.8	31	5.56776	1.2724e-056	5.93724e-181	1.49644e-262	1.2724e-056	1
1.82	23	4.79583	4.12299e-056	7.17453e-180	3.48854e-261	4.12299e-056	1
1.84	36	6	1.32913e-055	8.60614e-179	8.06652e-260	1.32913e-055	1
1.85	40	6.32456	2.38181e-055	2.97247e-178	3.86705e-259	2.38181e-055	1
1.87	40	6.32456	7.61922e-055	3.52649e-177	8.83304e-258	7.61922e-055	1
1.88	26	5.09902	1.36011e-054	1.21132e-176	4.2087e-257	1.36011e-054	1
1.9	28	5.2915	4.31743e-054	1.42133e-175	9.49655e-256	4.31743e-054	1
1.92	38	6.16441	1.36346e-053	1.65552e-174	2.12541e-254	1.36346e-053	1
1.93	37	6.08276	2.41832e-053	5.63454e-174	1.00243e-253	2.41832e-053	1
1.95	30	5.47723	7.57844e-053	6.49099e-173	2.21624e-252	7.57844e-053	1
1.96	40	6.32456	1.33898e-052	2.19705e-172	1.03889e-251	1.33898e-052	1
1.98	48	6.9282	4.16379e-052	2.50323e-171	2.26894e-250	4.16379e-052	1
1.99	33	5.74456	7.32839e-052	8.42626e-171	1.05711e-249	7.32839e-052	1
2.01	34	5.83095	2.26137e-051	9.49526e-170	2.28065e-248	2.26137e-051	1
2.03	26	5.09902	6.94224e-051	1.06215e-168	4.88042e-247	6.94224e-051	1
2.04	34	5.83095	1.21402e-050	3.54265e-168	2.25075e-246	1.21402e-050	1
2.06	28	5.2915	3.69831e-050	3.91937e-167	4.75788e-245	3.69831e-050	1
2.07	38	6.16441	6.44248e-050	1.30006e-166	2.18086e-244	6.44248e-050	1
2.09	36	6	1.94751e-049	1.42253e-165	4.55408e-243	1.94751e-049	1
2.11	46	6.78233	5.85692e-049	1.54514e-164	9.43261e-242	5.85692e-049	1
2.12	38	6.16441	1.01374e-048	5.07836e-164	4.27976e-241	1.01374e-048	1
2.14	21	4.58258	3.02529e-048	5.45556e-163	8.75666e-240	3.02529e-048	1
2.15	31	5.56776	5.21613e-048	1.7832e-162	3.94884e-239	5.21613e-048	1
2.17	32	5.65685	1.54467e-047	1.89464e-161	7.98134e-238	1.54467e-047	1
2.18	32	5.65685	2.65303e-047	6.15873e-161	3.57727e-237	2.65303e-047	1
2.2	45	6.7082	7.79612e-047	6.47183e-160	7.14242e-236	7.79612e-047	1
2.22	39	6.245	2.27919e-046	6.75103e-159	1.41448e-234	2.27919e-046	1
2.23	29	5.38516	3.8895e-046	2.17442e-158	6.27546e-234	3.8895e-046	1
2.25	29	5.38516	1.12835e-045	2.24335e-157	1.22768e-232	1.12835e-045	1
2.26	30	5.47723	1.91815e-045	7.1858e-157	5.41349e-232	1.91815e-045	1
2.28	36	6	5.5218e-045	7.33227e-156	1.04618e-230	5.5218e-045	1
2.3	32	5.65685	1.58141e-044	7.4269e-155	2.00535e-229	1.58141e-044	1
2.31	11	3.31662	2.6711e-044	2.35719e-154	8.75298e-229	2.6711e-044	1
2.33	33	5.74456	7.59106e-044	2.36143e-153	1.65741e-227	7.59106e-044	1
2.34	25	5	1.27724e-043	7.45362e-153	7.19016e-227	1.27724e-043	1
2.36	39	6.245	3.60191e-043	7.38511e-152	1.34493e-225	3.60191e-043	1
2.37	29	5.38516	6.03706e-043	2.31822e-151	5.79899e-225	6.03706e-043	1
2.39	32	5.65685	1.68941e-042	2.27172e-150	1.07152e-223	1.68941e-042	1
2.41	27	5.19615	4.70339e-042	2.20984e-149	1.96385e-222	4.70339e-042	1
2.42	34	5.83095	7.83269e-042	6.87332e-149	8.38173e-222	7.83269e-042	1
2.44	34	5.83095	2.16389e-041	6.61276e-148	1.5175e-220	2.16389e-041	1
2.45	31	5.56776	3.58971e-041	2.04547e-147	6.43721e-220	3.58971e-041	1
2.47	29	5.38516	9.84083e-041	1.94635e-146	1.15128e-218	9.84083e-041	1
2.48	23	4.79583	1.62622e-040	5.98737e-146	4.85392e-218	1.62622e-040	1
2.5	27	5.19615	4.42386e-040	5.63473e-145	8.57556e-217	4.42386e-040	1
2.52	21	4.58258	1.19726e-039	5.26401e-144	1.50276e-215	1.19726e-039	1
2.53	28	5.2915	1.96582e-039	1.6045e-143	6.27158e-215	1.96582e-039	1
2.55	36	6	5.27932e-039	1.4825e-142	1.08566e-213	5.27932e-039	1
2.56	22	4.69042	8.63491e-039	4.4939e-142	4.50322e-213	8.63491e-039	1
2.58	32	5.65685	2.30113e-038	4.10665e-141	7.70063e-212	2.30113e-038	1
2.6	28	5.2915	6.10085e-038	3.72527e-140	1.30613e-210	6.10085e-038	1
2.61	32	5.65685	9.91464e-038	1.11891e-139	5.36279e-210	9.91464e-038	1
2.63	27	5.19615	2.6084e-037	1.00387e-138	8.98546e-209	2.6084e-037	1
2.64	32	5.65685	4.22266e-037	2.9986e-138	3.6668e-208	4.22266e-037	1
2.66	30	5.47723	1.10238e-036	2.66078e-137	6.0691e-207	1.10238e-036	1
2.67	26	5.09902	1.77773e-036	7.90418e-137	2.46158e-206	1.77773e-036	1
2.69	34	5.83095	4.60534e-036	6.93678e-136	4.02475e-205	4.60534e-036	1
2.71	27	5.19615	1.18692e-035	6.04317e-135	6.52713e-204	1.18692e-035	1
2.72	32	5.65685	1.9018e-035	1.77878e-134	2.62051e-203	1.9018e-035	1
2.74	34	5.83095	4.86376e-035	1.53263e-133	4.19813e-202	4.86376e-035	1
2.75	35	5.91608	7.76317e-035	4.48642e-133	1.67519e-201	7.76317e-035	1
2.77	37	6.08276	1.97014e-034	3.8232e-132	2.65107e-200	1.97014e-034	1
2.79	35	5.91608	4.97415e-034	3.23416e-131	4.16138e-199	4.97415e-034	1
2.8	29	5.38516	7.88846e-034	9.38061e-131	1.64368e-198	7.88846e-034	1
2.82	19	4.3589	1.97635e-033	7.8483e-130	2.54872e-197	1.97635e-033	1
2.83	31	5.56776	3.1222e-033	2.26386e-129	1.00057e-196	3.1222e-033	1
2.85	30	5.47723	7.76213e-033	1.87329e-128	1.53263e-195	7.76213e-033	1
2.86	36	6	1.22153e-032	5.37384e-128	5.98006e-195	1.22153e-032	1
2.88	29	5.38516	3.0135e-032	4.39794e-127	9.04868e-194	3.0135e-032	1
2.9	27	5.19615	7.39614e-032	3.57289e-126	1.35807e-192	7.39614e-032	1
2.91	35	5.91608	1.15647e-031	1.01557e-125	5.24522e-192	1.15647e-031	1
2.93	29	5.38516	2.81654e-031	8.15999e-125	7.77658e-191	2.81654e-031	1
2.94	28	5.2915	4.38702e-031	2.30666e-124	2.9852e-190	4.38702e-031	1
2.96	28	5.2915	1.06023e-030	1.83305e-123	4.37206e-189	1.06023e-030	1
2.98	25	5	2.54916e-030	1.44601e-122	6.35123e-188	2.54916e-030	1
2.99	27	5.19615	3.94509e-030	4.05017e-122	2.41332e-187	3.94509e-030	1
3.01	21	4.58258	9.41243e-030	3.15996e-121	3.46317e-186	9.41243e-030	1
3.02	25	5	1.45106e-029	8.80214e-121	1.3079e-185	1.45106e-029	1
3.04	28	5.2915	3.43542e-029	6.79214e-120	1.85405e-184	3.43542e-029	1
3.05	29	5.38516	5.2758e-029	1.88156e-119	6.95932e-184	5.2758e-029	1
3.07	30	5.47723	1.23945e-028	1.43597e-118	9.74543e-183	1.23945e-028	1
3.09	23	4.79583	2.89692e-028	1.08788e-117	1.35361e-181	2.89692e-028	1
3.1	24	4.89898	4.42031e-028	2.98608e-117	5.02934e-181	4.42031e-028	1
3.12	35	5.91608	1.0252e-027	2.23742e-116	6.90067e-180	1.0252e-027	1
3.13	24	4.89898	1.55829e-027	6.10762e-116	2.54832e-179	1.55829e-027	1
3.15	23	4.79583	3.58635e-027	4.52613e-115	3.45399e-178	3.58635e-027	1
3.17	24	4.89898	8.21151e-027	3.32958e-114	4.64352e-177	8.21151e-027	1
3.18	26	5.09902	1.24014e-026	9.00581e-114	1.69739e-176	1.24014e-026	1
3.2	26	5.09902	2.81766e-026	6.55231e-113	2.25422e-175	2.81766e-026	1
3.21	28	5.2915	4.23897e-026	1.76252e-112	8.18981e-175	4.23897e-026	1
3.23	22	4.69042	9.55711e-026	1.26828e-111	1.07442e-173	9.55711e-026	1
3.24	30	5.47723	1.43226e-025	3.3928e-111	3.8797e-173	1.43226e-025	1
3.26	24	4.89898	3.20433e-025	2.41463e-110	5.0279e-172	3.20433e-025	1
3.28	31	5.56776	7.13212e-025	1.70589e-109	6.46299e-171	7.13212e-025	1
3.29	32	5.65685	1.06199e-024	4.5217e-109	2.31009e-170	1.06199e-024	1
3.31	40	6.32456	2.34558e-024	3.15945e-108	2.93335e-169	2.34558e-024	1
3.32	28	5.2915	3.47918e-024	8.32852e-108	1.04208e-168	3.47918e-024	1
3.34	42	6.48074	7.62527e-024	5.75555e-107	1.30715e-167	7.62527e-024	1
3.36	27	5.19615	1.66264e-023	3.94832e-106	1.62632e-166	1.66264e-023	1
3.37	45	6.7082	2.45038e-023	1.03128e-105	5.71898e-166	2.45038e-023	1
3.39	34	5.83095	5.30182e-023	6.99703e-105	7.02889e-165	5.30182e-023	1
3.4	17	4.12311	7.78364e-023	1.81754e-104	2.45665e-164	7.78364e-023	1
3.42	37	6.08276	1.67118e-022	1.21964e-103	2.98262e-163	1.67118e-022	1
3.43	37	6.08276	2.44403e-022	3.15069e-103	1.03609e-162	2.44403e-022	1
3.45	27	5.19615	5.20708e-022	2.09104e-102	1.24263e-161	5.20708e-022	1
3.47	33	5.74456	1.1037e-021	1.3776e-101	1.47824e-160	1.1037e-021	1
3.48	31	5.56776	1.60376e-021	3.52621e-101	5.08296e-160	1.60376e-021	1
3.5	30	5.47723	3.3732e-021	2.29764e-100	5.97318e-159	3.3732e-021	1
3.51	30	5.47723	4.88265e-021	5.84885e-100	2.04137e-158	4.88265e-021	1
3.53	45	6.7082	1.01908e-020	3.76923e-099	2.36973e-157	1.01908e-020	1
3.54	25	5	1.46942e-020	9.54217e-099	8.04934e-157	1.46942e-020	1
3.56	40	6.32456	3.0433e-020	6.08191e-098	9.23049e-156	3.0433e-020	1
3.58	38	6.16441	6.27061e-020	3.84804e-097	1.0499e-154	6.27061e-020	1
3.59	29	5.38516	8.98369e-020	9.65255e-097	3.53005e-154	8.98369e-020	1
3.61	29	5.38516	1.83683e-019	6.04021e-096	3.96636e-153	1.83683e-019	1
3.62	34	5.83095	2.62143e-019	1.50681e-095	1.32547e-152	2.62143e-019	1
3.64	30	5.47723	5.31864e-019	9.32566e-095	1.47118e-151	5.31864e-019	1
3.66	22	4.69042	1.07357e-018	5.72936e-094	1.61966e-150	1.07357e-018	1
3.67	24	4.89898	1.52232e-018	1.41619e-093	5.35764e-150	1.52232e-018	1
3.69	39	6.245	3.04917e-018	8.60515e-093	5.82664e-149	3.04917e-018	1
3.7	19	4.3589	4.30707e-018	2.11534e-092	1.91563e-148	4.30707e-018	1
3.72	36	6	8.56066e-018	1.27124e-091	2.05799e-147	8.56066e-018	1
3.73	37	6.08276	1.20457e-017	3.10779e-091	6.72483e-147	1.20457e-017	1
3.75	32	5.65685	2.37577e-017	1.84718e-090	7.13675e-146	2.37577e-017	1
3.77	24	4.89898	4.6617e-017	1.08986e-089	7.51239e-145	4.6617e-017	1
3.78	25	5	6.51743e-017	2.64002e-089	2.4299e-144	6.51743e-017	1
3.8	24	4.89898	1.26901e-016	1.54057e-088	2.5267e-143	1.26901e-016	1
3.81	34	5.83095	1.76734e-016	3.71125e-088	8.12286e-143	1.76734e-016	1
3.83	20	4.47214	3.41473e-016	2.14192e-087	8.34376e-142	3.41473e-016	1
3.85	24	4.89898	6.56383e-016	1.22714e-086	8.50106e-141	6.56383e-016	1
3.86	38	6.16441	9.08282e-016	2.92915e-086	2.70521e-140	9.08282e-016	1
3.88	35	5.91608	1.73249e-015	1.65975e-085	2.7227e-139	1.73249e-015	1
3.89	29	5.38516	2.38813e-015	3.93999e-085	8.61134e-139	2.38813e-015	1
3.91	29	5.38516	4.52019e-015	2.20803e-084	8.56165e-138	4.52019e-015	1
3.92	27	5.19615	6.2068e-015	5.21271e-084	2.69136e-137	6.2068e-015	1
3.94	34	5.83095	1.16578e-014	2.88924e-083	2.6433e-136	1.16578e-014	1
3.96	29	5.38516	2.17835e-014	1.58969e-082	2.57501e-135	2.17835e-014	1
3.97	28	5.2915	2.97198e-014	3.71858e-082	8.01248e-135	2.97198e-014	1
3.99	26	5.09902	5.51071e-014	2.02356e-081	7.71058e-134	5.51071e-014	1
4	25	5	7.48946e-014	4.70746e-081	2.38462e-133	7.48946e-014	1
4.02	29	5.38516	1.37803e-013	2.53358e-080	2.26687e-132	1.37803e-013	1
4.04	28	5.2915	2.52252e-013	1.35359e-079	2.13743e-131	2.52252e-013	1
4.05	27	5.19615	3.40632e-013	3.1201e-079	6.54331e-131	3.40632e-013	1
4.07	31	5.56776	6.18741e-013	1.64866e-078	6.09468e-130	6.18741e-013	1
4.08	30	5.47723	8.32306e-013	3.77935e-078	1.85438e-129	8.32306e-013	1
4.1	29	5.38516	1.50022e-012	1.97511e-077	1.70624e-128	1.50022e-012	1
4.11	33	5.74456	2.01027e-012	4.50279e-077	5.15981e-128	2.01027e-012	1
4.13	32	5.65685	3.59562e-012	2.32737e-076	4.68988e-127	3.59562e-012	1
4.15	38	6.16441	6.39824e-012	1.19415e-075	4.22814e-126	6.39824e-012	1
4.16	32	5.65685	8.51855e-012	2.69746e-075	1.26565e-125	8.51855e-012	1
4.18	40	6.32456	1.50418e-011	1.36885e-074	1.12717e-124	1.50418e-011	1
4.19	24	4.89898	1.99494e-011	3.0751e-074	3.3535e-124	1.99494e-011	1
4.21	30	5.47723	3.49553e-011	1.54337e-073	2.95027e-123	3.49553e-011	1
4.23	23	4.79583	6.09344e-011	7.68935e-073	2.57443e-122	6.09344e-011	1
4.24	36	6	8.02969e-011	1.71159e-072	7.58165e-122	8.02969e-011	1
4.26	43	6.55744	1.38898e-010	8.43392e-072	6.5354e-121	1.38898e-010	1
4.27	35	5.91608	1.8233e-010	1.86701e-071	1.91293e-120	1.8233e-010	1
4.29	37	6.08276	3.1297e-010	9.0988e-071	1.6289e-119	3.1297e-010	1
4.3	46	6.78233	4.09249e-010	2.00311e-070	4.73875e-119	4.09249e-010	1
4.32	45	6.7082	6.97079e-010	9.65504e-070	3.98609e-118	6.97079e-010	1
4.34	31	5.56776	1.18125e-009	4.61965e-069	3.32575e-117	1.18125e-009	1
4.35	40	6.32456	1.53474e-009	1.00772e-068	9.57706e-117	1.53474e-009	1
4.37	44	6.63325	2.58073e-009	4.76875e-068	7.89336e-116	2.58073e-009	1
4.38	47	6.85565	3.3401e-009	1.03452e-067	2.25917e-115	3.3401e-009	1
4.4	48	6.9282	5.57334e-009	4.84189e-067	1.83935e-114	5.57334e-009	1
4.42	62	7.87401	9.25206e-009	2.24956e-066	1.48539e-113	9.25206e-009	1
4.43	52	7.2111	1.18977e-008	4.83549e-066	4.20824e-113	1.18977e-008	1
4.45	50	7.07107	1.95989e-008	2.22194e-065	3.35709e-112	1.95989e-008	1
4.46	51	7.14143	2.51062e-008	4.74986e-065	9.45294e-112	2.51062e-008	1
4.48	52	7.2111	4.10393e-008	2.15866e-064	7.44933e-111	4.10393e-008	1
4.49	40	6.32456	5.23687e-008	4.5892e-064	2.0848e-110	5.23687e-008	1
4.51	37	6.08276	8.49453e-008	2.06276e-063	1.62294e-109	8.49453e-008	1
4.53	50	7.07107	1.3708e-007	9.20382e-063	1.25314e-108	1.3708e-007	1
4.54	31	5.56776	1.73801e-007	1.93879e-062	3.47152e-108	1.73801e-007	1
4.56	55	7.4162	2.78313e-007	8.55577e-062	2.64791e-107	2.78313e-007	1
4.57	50	7.07107	3.51509e-007	1.79236e-061	7.29067e-107	3.51509e-007	1
4.59	36	6	5.58557e-007	7.82286e-061	5.49338e-106	5.58557e-007	1
4.6	40	6.32456	7.0274e-007	1.62981e-060	1.5033e-105	7.0274e-007	1
4.62	52	7.2111	1.10809e-006	7.03537e-060	1.11894e-104	1.10809e-006	1
4.64	51	7.14143	1.73827e-006	3.01469e-059	8.26084e-104	1.73827e-006	1
4.65	57	7.54983	2.17296e-006	6.22333e-059	2.23772e-103	2.17296e-006	1
4.67	41	6.40312	3.38256e-006	2.63748e-058	1.63196e-102	3.38256e-006	1
4.68	61	7.81025	4.21215e-006	5.4147e-058	4.39374e-102	4.21215e-006	1
4.7	38	6.16441	6.50647e-006	2.26961e-057	3.16539e-101	6.50647e-006	1
4.72	49	7	9.99892e-006	9.44351e-057	2.26193e-100	9.99892e-006	1
4.73	44	6.63325	1.23714e-005	1.921e-056	6.02804e-100	1.23714e-005	1
4.75	51	7.14143	1.88658e-005	7.90534e-056	4.25515e-099	1.88658e-005	1
4.76	45	6.7082	2.32522e-005	1.59926e-055	1.12708e-098	2.32522e-005	1
4.78	56	7.48331	3.51859e-005	6.50912e-055	7.85929e-098	3.51859e-005	1
4.79	48	6.9282	4.31998e-005	1.30956e-054	2.06904e-097	4.31998e-005	1
4.81	35	5.91608	6.48686e-005	5.27156e-054	1.42522e-096	6.48686e-005	1
4.83	39	6.245	9.69065e-005	2.10649e-053	9.73766e-096	9.69065e-005	1
4.84	21	4.58258	0.000118215	4.19925e-053	2.53754e-095	0.000118215	1
4.86	44	6.63325	0.000175243	1.65959e-052	1.71267e-094	0.000175243	1
4.87	34	5.83095	0.000212954	3.29017e-052	4.43583e-094	0.000212954	1
4.89	35	5.91608	0.000313257	1.28605e-051	2.95748e-093	0.000313257	1
4.91	44	6.63325	0.000458439	4.99006e-051	1.95582e-092	0.000458439	1
4.92	39	6.245	0.000553521	9.80238e-051	5.01422e-092	0.000553521	1
4.94	28	5.2915	0.000803829	3.76173e-050	3.27564e-091	0.000803829	1
4.95	33	5.74456	0.000966808	7.34884e-050	8.34671e-091	0.000966808	1
4.97	30	5.47723	0.00139321	2.78924e-049	5.38638e-090	0.00139321	1
4.98	41	6.40312	0.00166924	5.41903e-049	1.36414e-089	0.00166924	1
5	34	5.83095	0.00238696	2.03422e-048	8.69617e-089	0.00238696	1
5.02	43	6.55744	0.00339576	7.58023e-048	5.49864e-088	0.00339576	1
5.03	38	6.16441	0.00404245	1.45924e-047	1.37845e-087	0.00404245	1
5.05	29	5.38516	0.0057067	5.37799e-047	8.61004e-087	0.0057067	1
5.06	34	5.83095	0.00676732	1.0296e-046	2.14528e-086	0.00676732	1
5.08	35	5.91608	0.00947994	3.75296e-046	1.32369e-085	0.00947994	1
5.1	28	5.2915	0.0132117	1.35795e-045	8.10116e-085	0.0132117	1
5.11	32	5.65685	0.0155668	2.57598e-045	1.99802e-084	0.0155668	1
5.13	20	4.47214	0.0215279	9.21855e-045	1.20795e-083	0.0215279	1
5.14	36	6	0.0252677	1.7391e-044	2.96104e-083	0.0252677	1
5.16	45	6.7082	0.034675	6.1554e-044	1.7684e-082	0.034675	1
5.17	38	6.16441	0.0405419	1.15485e-043	4.30844e-082	0.0405419	1
5.19	35	5.91608	0.0552083	4.04264e-043	2.54181e-081	0.0552083	1
5.21	33	5.74456	0.0747945	1.40479e-042	1.48739e-080	0.0747945	1
5.22	31	5.56776	0.0868889	2.61149e-042	3.58705e-080	0.0868889	1
5.24	24	4.89898	0.116809	8.97524e-042	2.07352e-079	0.116809	1
5.25	33	5.74456	0.135175	1.65931e-041	4.97009e-079	0.135175	1
5.27	37	6.08276	0.180326	5.6402e-041	2.83806e-078	0.180326	1
5.29	30	5.47723	0.239325	1.90313e-040	1.60745e-077	0.239325	1
5.3	33	5.74456	0.275178	3.48625e-040	3.81387e-077	0.275178	1
5.32	32	5.65685	0.362401	1.16344e-039	2.13388e-076	0.362401	1
5.33	45	6.7082	0.415088	2.11952e-039	5.03202e-076	0.415088	1
5.35	34	5.83095	0.542456	6.99572e-039	2.78121e-075	0.542456	1
5.36	27	5.19615	0.618927	1.26745e-038	6.51854e-075	0.618927	1
5.38	27	5.19615	0.802625	4.13749e-038	3.559e-074	0.802625	1
5.4	29	5.38516	1.0355	1.34075e-037	1.92737e-073	1.0355	1
5.41	31	5.56776	1.17391	2.40689e-037	4.47152e-073	1.17391	1
5.43	32	5.65685	1.50287	7.71397e-037	2.3921e-072	1.50287	1
5.44	37	6.08276	1.69717	1.37718e-036	5.51586e-072	1.69717	1
5.46	39	6.245	2.15607	4.36539e-036	2.91491e-071	2.15607	1
5.48	30	5.47723	2.72498	1.3736e-035	1.5279e-070	2.72498	1
5.49	23	4.79583	3.05757	2.42987e-035	3.4874e-070	3.05757	1
5.51	29	5.38516	3.83465	7.5619e-035	1.80576e-069	3.83465	1
5.52	38	6.16441	4.28611	1.33032e-034	4.09648e-069	4.28611	1
5.54	29	5.38516	5.33411	4.09464e-034	2.09535e-068	5.33411	1
5.55	35	5.91608	5.93913	7.16387e-034	4.72444e-068	5.93913	1
5.57	28	5.2915	7.33449	2.1808e-033	2.38717e-067	7.33449	1
5.59	28	5.2915	9.0112	6.59009e-033	1.1964e-066	9.0112	1
5.6	26	5.09902	9.96898	1.14243e-032	2.67019e-066	9.96898	1
5.62	31	5.56776	12.1538	3.41442e-032	1.32197e-065	12.1538	1
5.63	36	6	13.3938	5.88656e-032	2.93246e-065	13.3938	1
5.65	31	5.56776	16.2037	1.74003e-031	1.43416e-064	16.2037	1
5.67	33	5.74456	19.5024	5.10575e-031	6.95703e-064	19.5024	1
5.68	37	6.08276	21.3545	8.72193e-031	1.52759e-063	21.3545	1
5.7	51	7.14143	25.5042	2.53119e-030	7.32016e-063	25.5042	1
5.71	34	5.83095	27.8186	4.30015e-030	1.59753e-062	27.8186	1
5.73	39	6.245	32.9692	1.23426e-029	7.56221e-062	32.9692	1
5.74	50	7.07107	35.8225	2.0853e-029	1.64029e-061	35.8225	1
5.76	46	6.78233	42.1285	5.91973e-029	7.67022e-061	42.1285	1
5.78	65	8.06226	49.2904	1.66817e-028	3.55757e-060	49.2904	1
5.79	54	7.34847	53.213	2.79263e-028	7.63834e-060	53.213	1
5.81	59	7.68115	61.7806	7.78326e-028	3.49971e-059	61.7806	1
5.82	52	7.2111	66.4403	1.2958e-027	7.46829e-059	66.4403	1
5.84	83	9.11043	76.5446	3.57189e-027	3.3802e-058	76.5446	1
5.85	61	7.81025	82.0008	5.91398e-027	7.16927e-058	82.0008	1
5.87	62	7.87401	93.7454	1.61231e-026	3.20541e-057	93.7454	1
5.89	84	9.16515	106.622	4.3634e-026	1.42151e-056	106.622	1
5.9	89	9.43398	113.49	7.1584e-026	2.98439e-056	113.49	1
5.92	111	10.5357	128.086	1.91603e-025	1.30741e-055	128.086	1
5.93	114	10.6771	135.812	3.12606e-025	2.7281e-055	135.812	1
5.95	128	11.3137	152.101	8.27549e-025	1.1806e-054	152.101	1
5.97	123	11.0905	169.47	2.17469e-024	5.06761e-054	169.47	1
5.98	164	12.8062	178.539	3.51561e-024	1.04671e-053	178.539	1
6	163	12.7671	197.398	9.13721e-024	4.43827e-053	197.398	1
6.01	161	12.6886	207.161	1.469e-023	9.11129e-053	207.161	1
6.03	191	13.8203	227.282	3.77612e-023	3.81642e-052	227.282	1
6.04	254	15.9374	237.605	6.03754e-023	7.78692e-052	237.605	1
6.06	241	15.5242	258.678	1.53495e-022	3.22203e-051	258.678	1
6.08	220	14.8324	280.176	3.87376e-022	1.32236e-050	280.176	1
6.09	312	17.6635	291.024	6.13699e-022	2.67075e-050	291.024	1
6.11	261	16.1555	312.786	1.53181e-021	1.08279e-049	312.786	1
6.12	336	18.3303	323.645	2.41342e-021	2.17355e-049	323.645	1
6.14	358	18.9209	345.173	5.95789e-021	8.70496e-049	345.173	1
6.16	362	19.0263	366.244	1.46002e-020	3.45798e-048	366.244	1
6.17	438	20.9284	376.529	2.27927e-020	6.87103e-048	376.529	1
6.19	409	20.2237	396.443	5.52423e-020	2.69628e-047	396.443	1
6.2	417	20.4206	406.007	8.57656e-020	5.32486e-047	406.007	1
6.22	445	21.095	424.193	2.05589e-019	2.06414e-046	424.193	1
6.23	420	20.4939	432.754	3.17428e-019	4.05159e-046	432.754	1
6.25	509	22.561	448.662	7.52563e-019	1.55147e-045	448.662	1
6.27	456	21.3542	462.769	1.77111e-018	5.89279e-045	462.769	1
6.28	558	23.622	469.081	2.70957e-018	1.14494e-044	469.081	1
6.3	519	22.7816	480.11	6.30688e-018	4.29581e-044	480.11	1
6.31	551	23.4734	484.785	9.59564e-018	8.29562e-044	484.785	1
6.33	538	23.1948	492.369	2.20901e-017	3.07469e-043	492.369	1
6.35	591	24.3105	497.505	5.04811e-017	1.13034e-042	497.505	1
6.36	537	23.1733	499.129	7.6102e-017	2.16067e-042	499.129	1
6.38	580	24.0832	500.459	1.72003e-016	7.84667e-042	500.459	1
6.39	578	24.0416	500.159	2.57875e-016	1.49076e-041	500.159	1
6.41	562	23.7065	497.636	5.76449e-016	5.348e-041	497.636	1
6.42	523	22.8692	495.423	8.59485e-016	1.00985e-040	495.423	1
6.44	487	22.0681	489.135	1.9002e-015	3.57873e-040	489.135	1
6.46	547	23.388	480.448	4.1703e-015	1.25794e-039	480.448	1
6.47	505	22.4722	475.245	6.16103e-015	2.35125e-039	475.245	1
6.49	475	21.7945	463.216	1.33731e-014	8.16426e-039	463.216	1
6.5	508	22.5389	456.435	1.96482e-014	1.51669e-038	456.435	1
6.52	430	20.7364	441.462	4.21803e-014	5.20241e-038	441.462	1
6.54	478	21.8632	424.79	8.98885e-014	1.76998e-037	424.79	1
6.55	399	19.975	415.888	1.30859e-013	3.2548e-037	415.888	1
6.57	443	21.0476	397.105	2.75809e-013	1.0939e-036	397.105	1
6.58	375	19.3649	387.286	3.99313e-013	1.99928e-036	387.286	1
6.6	387	19.6723	366.952	8.32392e-013	6.63765e-036	366.952	1
6.61	346	18.6011	356.501	1.1985e-012	1.20575e-035	356.501	1
6.63	288	16.9706	335.186	2.47094e-012	3.95443e-035	335.186	1
6.65	327	18.0831	313.529	5.05701e-012	1.28638e-034	313.529	1
6.66	288	16.9706	302.646	7.21459e-012	2.31305e-034	302.646	1
6.68	229	15.1327	280.915	1.46034e-011	7.4329e-034	280.915	1
6.69	233	15.2643	270.12	2.07194e-011	1.32836e-033	270.12	1
6.71	213	14.5945	248.797	4.1479e-011	4.21675e-033	248.797	1
6.73	187	13.6748	227.982	8.24302e-011	1.32769e-032	227.982	1
6.74	162	12.7279	217.816	1.15883e-010	2.34871e-032	217.816	1
6.76	170	13.0384	198.058	2.27765e-010	7.30527e-032	198.058	1
6.77	144	12	188.497	3.18437e-010	1.28443e-031	188.497	1
6.79	157	12.53	170.081	6.19016e-010	3.94645e-031	170.081	1
6.8	128	11.3137	161.248	8.60683e-010	6.89646e-031	161.248	1
6.82	132	11.4891	144.375	1.65475e-009	2.09319e-030	144.375	1
6.84	99	9.94987	128.605	3.15811e-009	6.30157e-030	128.605	1
6.85	91	9.53939	121.144	4.35088e-009	1.09004e-029	121.144	1
6.87	82	9.05539	107.082	8.21264e-009	3.24168e-029	107.082	1
6.88	90	9.48683	100.481	1.12522e-008	5.57321e-029	100.481	1
6.9	60	7.74597	88.1347	2.10065e-008	1.63727e-028	88.1347	1
6.91	80	8.94427	82.3835	2.86229e-008	2.7977e-028	82.3835	1
6.93	82	9.05539	71.7052	5.28493e-008	8.11904e-028	71.7052	1
6.95	55	7.4162	62.0907	9.6866e-008	2.33704e-027	62.0907	1
6.96	78	8.83176	57.6669	1.3078e-007	3.95293e-027	57.6669	1
6.98	49	7	49.5509	2.37073e-007	1.12401e-026	49.5509	1
6.99	63	7.93725	45.8433	3.18314e-007	1.88958e-026	45.8433	1
7.01	64	8	39.0885	5.707e-007	5.30765e-026	39.0885	1
7.03	67	8.18535	33.1579	1.0157e-006	1.47876e-025	33.1579	1
7.04	51	7.14143	30.4803	1.35129e-006	2.46075e-025	30.4803	1
7.06	53	7.28011	25.657	2.37858e-006	6.77252e-025	25.657	1
7.07	55	7.4162	23.4943	3.14706e-006	1.12012e-024	23.4943	1
7.09	57	7.54983	19.6244	5.47879e-006	3.04533e-024	19.6244	1
7.1	61	7.81025	17.901	7.20903e-006	5.00601e-024	17.901	1
7.12	47	6.85565	14.8375	1.24127e-005	1.34447e-023	14.8375	1
7.14	40	6.32456	12.2352	2.1216e-005	3.58151e-023	12.2352	1
7.15	39	6.245	11.0892	2.76607e-005	5.82769e-023	11.0891	1
7.17	49	7	9.07399	4.67594e-005	1.53356e-022	9.07394	1
7.18	52	7.2111	8.19239	6.06282e-005	2.48013e-022	8.19232	1
7.2	50	7.07107	6.65212	0.000101366	6.44713e-022	6.65202	1
7.22	33	5.74456	5.37378	0.000168234	1.66233e-021	5.37361	1
7.23	54	7.34847	4.82063	0.000216136	2.66111e-021	4.82041	1
7.25	38	6.16441	3.86442	0.000354782	6.778e-021	3.86407	1
7.26	44	6.63325	3.45338	0.000453294	1.07843e-020	3.45293	1
7.28	62	7.87401	2.74734	0.000735907	2.71342e-020	2.74661	1
7.29	56	7.48331	2.44585	0.000935077	4.29094e-020	2.44491	1
7.31	44	6.63325	1.93134	0.00150141	1.06651e-019	1.92984	1
7.33	44	6.63325	1.51785	0.0023931	2.62928e-019	1.51546	1
7.34	59	7.68115	1.34336	0.00301296	4.1157e-019	1.34035	1
7.36	63	7.93725	1.0492	0.00474966	1.00231e-018	1.04445	1
7.37	40	6.32456	0.926159	0.00594703	1.55939e-018	0.920212	1
7.39	36	6	0.720826	0.00927215	3.75146e-018	0.711554	1
7.41	46	6.78233	0.561737	0.0143505	8.95169e-018	0.547386	1
7.42	63	7.93725	0.496984	0.0178038	1.37857e-017	0.47918	1
7.44	54	7.34847	0.393044	0.0272527	3.24954e-017	0.365791	1
7.45	44	6.63325	0.352604	0.0336249	4.97382e-017	0.318979	1
7.47	55	7.4162	0.292533	0.0509059	1.15816e-016	0.241627	1
7.48	45	6.7082	0.272356	0.0624632	1.7619e-016	0.209893	1
7.5	34	5.83095	0.2513	0.0935279	4.05275e-016	0.157772	1
7.52	44	6.63325	0.257001	0.139016	9.24646e-016	0.117985	1
7.53	55	7.4162	0.270849	0.169017	1.39239e-015	0.101833	1
7.55	52	7.2111	0.324031	0.248464	3.13815e-015	0.0755671	1
7.56	42	6.48074	0.365393	0.300422	4.69681e-015	0.0649707	1
7.58	49	7	0.484636	0.436794	1.04569e-014	0.0478422	1
7.6	31	5.56776	0.665464	0.630416	2.30921e-014	0.0350486	1
7.61	58	7.61577	0.785215	0.755275	3.42109e-014	0.0299407	1
7.63	63	7.93725	1.09988	1.07812	7.46298e-014	0.0217656	1
7.64	66	8.12404	1.30306	1.28454	1.0989e-013	0.0185219	1
7.66	64	8	1.82687	1.81351	2.36806e-013	0.0133611	1
7.67	69	8.30662	2.16018	2.14886	3.46563e-013	0.0113262	1
7.69	57	7.54983	3.00857	3.00046	7.37741e-013	0.00810751	1
7.71	51	7.14143	4.16465	4.15887	1.5577e-012	0.00577375	1
7.72	88	9.38083	4.8877	4.88284	2.25656e-012	0.00486301	1
7.74	51	7.14143	6.69719	6.69375	4.70669e-012	0.00343656	1
7.75	59	7.68115	7.81864	7.81576	6.77675e-012	0.00288334	1
7.77	76	8.7178	10.5989	10.5969	1.3963e-011	0.00202192	1
7.79	54	7.34847	14.2638	14.2624	2.85359e-011	0.00141058	1
7.8	87	9.32738	16.5019	16.5007	4.06697e-011	0.00117591	1
7.82	81	9	21.9656	21.9648	8.21055e-011	0.00081406	1
7.83	103	10.1489	25.2728	25.2722	1.16304e-010	0.00067602	1
7.85	101	10.0499	33.2723	33.2719	2.31945e-010	0.000464397	1
7.86	114	10.6771	38.0716	38.0712	3.26551e-010	0.000384164	1
7.88	111	10.5357	49.5729	49.5726	6.43322e-010	0.000261875	1
7.9	119	10.9087	64.0759	64.0757	1.25708e-009	0.000177598	1
7.91	106	10.2956	72.6478	72.6476	1.75188e-009	0.000145973	1
7.93	147	12.1244	92.8717	92.8716	3.38163e-009	9.82348e-005	1
7.94	191	13.8203	104.717	104.717	4.68392e-009	8.04311e-005	1
7.96	171	13.0767	132.4	132.4	8.93142e-009	5.37112e-005	1
7.97	203	14.2478	148.466	148.466	1.22955e-008	4.38074e-005	1
7.99	211	14.5258	185.656	185.656	2.31604e-008	2.90293e-005	1
8.01	242	15.5563	230.461	230.46	4.32715e-008	1.91378e-005	1
8.02	317	17.8045	256.061	256.061	5.89661e-008	1.55089e-005	1
8.04	312	17.6635	314.37	314.37	1.08829e-007	1.01458e-005	1
8.05	381	19.5192	347.371	347.371	1.47398e-007	8.19028e-006	1
8.07	467	21.6102	421.796	421.796	2.68734e-007	5.31681e-006	1
8.09	544	23.3238	508.414	508.414	4.85973e-007	3.43375e-006	1
8.1	511	22.6053	556.644	556.644	6.51522e-007	2.75416e-006	1
8.12	772	27.7849	663.595	663.595	1.16388e-006	1.76504e-006	1
8.13	672	25.923	722.551	722.551	1.55084e-006	1.41027e-006	1
8.15	787	28.0535	851.93	851.93	2.73674e-006	8.96841e-007	1
8.16	902	30.0333	922.516	922.516	3.62441e-006	7.13813e-007	1
8.18	1088	32.9848	1075.77	1075.77	6.31816e-006	4.50451e-007	1
8.2	1149	33.8969	1245.29	1245.29	1.09245e-005	2.82798e-007	1
8.21	1246	35.2987	1336.14	1336.14	1.43212e-005	2.23642e-007	1
8.23	1519	38.9744	1529.72	1529.72	2.44612e-005	1.39325e-007	1
8.24	1619	40.2368	1632.29	1632.29	3.18713e-005	1.09757e-007	1
8.26	1710	41.3521	1848.29	1848.29	5.37757e-005	6.7851e-008	1
8.28	1976	44.4522	2077.53	2077.53	8.99976e-005	4.17299e-008	1
8.29	2069	45.4863	2196.55	2196.55	0.000116071	3.26629e-008	1
8.31	2425	49.2443	2441.91	2441.91	0.000191892	1.9934e-008	1
8.32	2436	49.3559	2567.6	2567.6	0.000245978	1.55427e-008	1
8.34	2664	51.614	2823.1	2823.1	0.000401713	9.41272e-009	1
8.35	2920	54.037	2952.08	2952.08	0.000511797	7.31091e-009	1
8.37	3337	57.7668	3210.24	3210.24	0.000825668	4.39347e-009	1
8.39	3058	55.2992	3465.4	3465.4	0.00132121	2.6267e-009	1
8.4	3427	58.5406	3590.58	3590.58	0.0016662	2.02709e-009	1
8.42	3684	60.696	3833.46	3833.46	0.00263378	1.20261e-009	1
8.43	3949	62.8411	3950.09	3950.08	0.00330125	9.2451e-010	1
8.45	4262	65.284	4171.03	4171.02	0.00515489	5.44265e-010	1
8.47	4108	64.0937	4372.06	4372.05	0.00798398	3.18769e-010	1
8.48	4571	67.6092	4463.86	4463.85	0.00990583	2.43484e-010	1
8.5	4788	69.1954	4627.69	4627.67	0.0151558	1.41509e-010	1
8.51	4449	66.7008	4698.87	4698.85	0.0186893	1.07672e-010	1
8.53	4963	70.4486	4817.9	4817.87	0.0282467	6.2096e-011	1
8.54	4739	68.8404	4865.1	4865.07	0.03462	4.70659e-011	1
8.56	4831	69.5054	4933.63	4933.58	0.051688	2.6935e-011	1
8.58	5148	71.7496	4966.48	4966.41	0.0765439	1.53353e-011	1
8.59	5089	71.3372	4969.27	4969.18	0.092863	1.1549e-011	1
8.61	4997	70.6895	4947.51	4947.37	0.135847	6.5248e-012	1
8.62	5575	74.6659	4923.08	4922.91	0.163805	4.89487e-012	1
8.64	4577	67.6535	4847.79	4847.55	0.236713	2.74419e-012	1
8.66	4864	69.7424	4738.71	4738.37	0.339295	1.53057e-012	1
8.67	4908	70.0571	4672.22	4671.81	0.404973	1.14086e-012	1
8.69	4818	69.4118	4517.08	4516.5	0.573414	6.31423e-013	1
8.7	4607	67.8749	4429.25	4428.57	0.680238	4.68842e-013	1
8.72	4141	64.3506	4235.34	4234.38	0.95146	2.57491e-013	1
8.73	4424	66.5132	4130.23	4129.11	1.12183	1.90455e-013	1
8.75	4087	63.9296	3906.3	3904.75	1.55004	1.03795e-013	1
8.77	3638	60.3158	3667.66	3665.53	2.12432	5.62762e-014	1
8.78	3870	62.2093	3544.18	3541.7	2.4793	4.13582e-014	1
8.8	3240	56.921	3291.61	3288.26	3.35654	2.22515e-014	1
8.81	3256	57.0614	3163.59	3159.69	3.89355	1.629e-014	1
8.83	2990	54.6809	2906.62	2901.41	5.2071	8.69694e-015	1
8.85	2811	53.0189	2651.63	2644.72	6.90725	4.61933e-015	1
8.86	2632	51.303	2526	2518.07	7.93106	3.36006e-015	1
8.88	2783	52.7541	2280.51	2270.12	10.3927	1.77095e-015	1
8.89	1624	40.2989	2161.38	2149.52	11.8604	1.28322e-015	1
8.91	2018	44.9222	1931.96	1916.6	15.3526	6.71133e-016	1
8.92	1747	41.7971	1822.22	1804.8	17.4139	4.84423e-016	1
8.94	1622	40.2741	1613.86	1591.59	22.2673	2.5141e-016	1
8.96	1366	36.9594	1421.52	1393.28	28.2422	1.29809e-016	1
8.97	1251	35.3695	1331.71	1300.01	31.7092	9.30956e-017	1
8.99	1211	34.7994	1165.27	1125.55	39.7286	4.7698e-017	1
9	1017	31.8904	1088.75	1044.42	44.3337	3.4076e-017	1
9.02	802	28.3196	949.21	894.339	54.8705	1.73248e-017	1
9.03	861	29.3428	886.17	825.313	60.8574	1.23294e-017	1
9.05	676	26	773.373	698.967	74.4057	6.22026e-018	1
9.07	662	25.7294	677.858	587.626	90.2314	3.12207e-018	1
9.08	521	22.8254	636.373	537.311	99.0616	2.20761e-018	1
9.1	555	23.5584	565.438	446.767	118.671	1.09952e-018	1
9.11	466	21.587	535.756	406.266	129.49	7.74476e-019	1
9.13	495	22.2486	487.336	334.099	153.236	3.82771e-019	1
9.15	405	20.1246	452.604	272.739	179.865	1.88207e-019	1
9.16	422	20.5426	440.018	245.745	194.272	1.31718e-019	1
9.18	428	20.6882	423.671	198.412	225.26	6.42674e-020	1
9.19	460	21.4476	419.611	177.791	241.82	4.48049e-020	1
9.21	386	19.6469	418.954	141.972	276.982	2.1693e-020	1
9.22	410	20.2485	422.049	126.517	295.531	1.50653e-020	1
9.24	498	22.3159	434.308	99.9199	334.388	7.23802e-021	1
9.26	473	21.7486	453.617	78.3359	375.282	3.45961e-021	1
9.27	497	22.2935	465.523	69.1699	396.353	2.38723e-021	1
9.29	534	23.1084	493.049	53.6335	439.416	1.13227e-021	1
9.3	473	21.7486	508.356	47.0975	461.258	7.78287e-022	1
9.32	595	24.3926	541.274	36.1182	505.156	3.66306e-022	1
9.34	587	24.2281	576.234	27.4955	548.738	1.7152e-022	1
9.35	637	25.2389	594.097	23.9239	570.173	1.17142e-022	1
9.37	615	24.7992	629.847	18.0126	611.834	5.4429e-023	1
9.38	757	27.5136	647.444	15.5866	631.858	3.70298e-023	1
9.4	564	23.7487	681.39	11.6067	669.783	1.70734e-023	1
9.41	725	26.9258	697.473	9.98823	687.485	1.15708e-023	1
9.43	749	27.3679	727.245	7.35621	719.889	5.29395e-024	1
9.45	815	28.5482	753.076	5.37807	747.698	2.40969e-024	1
9.46	815	28.5482	764.262	4.5858	759.676	1.62261e-024	1
9.48	689	26.2488	782.746	3.31587	779.43	7.32899e-025	1
9.49	814	28.5307	789.899	2.81185	787.087	4.9161e-025	1
9.51	882	29.6985	799.746	2.01087	797.735	2.20343e-025	1
9.53	747	27.3313	803.388	1.42752	801.961	9.82523e-026	1
9.54	841	29	802.826	1.19946	801.627	6.54827e-026	1
9.56	793	28.1603	796.917	0.84216	796.075	2.89747e-026	1
9.57	773	27.8029	791.595	0.703723	790.891	1.92366e-026	1
9.59	807	28.4077	776.354	0.488676	775.865	8.44633e-027	1
9.6	706	26.5707	766.519	0.4061	766.113	5.58599e-027	1
9.62	715	26.7395	742.699	0.278909	742.42	2.43383e-027	1
9.64	805	28.3725	713.807	0.190151	713.617	1.05498e-027	1
9.65	650	25.4951	697.658	0.156574	697.501	6.93241e-028	1
9.67	619	24.8797	662.395	0.105576	662.29	2.98186e-028	1
9.68	622	24.9399	643.472	0.0864553	643.386	1.95187e-028	1
9.7	640	25.2982	603.536	0.0576565	603.479	8.33111e-029	1
9.72	545	23.3452	561.488	0.038169	561.45	3.53769e-029	1
9.73	513	22.6495	539.924	0.0309703	539.893	2.30086e-029	1
9.75	557	23.6008	496.206	0.0202777	496.185	9.6952e-030	1
9.76	445	21.095	474.241	0.0163628	474.225	6.28133e-030	1
9.78	382	19.5448	430.545	0.010596	430.535	2.62643e-030	1
9.79	438	20.9284	408.979	0.00850325	408.971	1.69506e-030	1
9.81	339	18.412	366.784	0.00544601	366.779	7.03312e-031	1
9.83	360	18.9737	326.271	0.00346241	326.268	2.9032e-031	1
9.84	293	17.1172	306.786	0.00275316	306.783	1.86167e-031	1
9.86	276	16.6132	269.582	0.00173117	269.581	7.6257e-032	1
9.87	237	15.3948	251.937	0.00136898	251.936	4.87114e-032	1
9.89	269	16.4012	218.694	0.000851371	218.693	1.97996e-032	1
9.91	179	13.3791	188.295	0.000525588	188.295	8.00657e-033	1
9.92	170	13.0384	174.186	0.000411824	174.186	5.08164e-033	1
9.94	156	12.49	148.151	0.000251448	148.151	2.03912e-033	1
9.95	117	10.8167	136.214	0.000195938	136.214	1.28921e-033	1
9.97	132	11.4891	114.446	0.000118322	114.446	5.1335e-034	1
9.98	109	10.4403	104.583	9.16944e-005	104.583	3.2331e-034	1
10	79	8.88819	86.8017	5.47646e-005	86.8016	1.27748e-034	1
10.02	83	9.11043	71.4583	3.24686e-005	71.4583	5.02178e-035	1
10.03	61	7.81025	64.6379	2.49315e-005	64.6379	3.14247e-035	1
10.05	58	7.61577	52.5653	1.46192e-005	52.5653	1.2258e-035	1
10.06	31	5.56776	47.2582	1.11638e-005	47.2582	7.64115e-036	1
10.08	36	6	37.9645	6.47435e-006	37.9645	2.95772e-036	1
10.1	42	6.48074	30.2507	3.72723e-006	30.2507	1.139e-036	1
10.11	28	5.2915	26.9207	2.82023e-006	26.9207	7.0545e-037	1
10.13	27	5.19615	21.1901	1.60578e-006	21.1901	2.69575e-037	1
10.14	23	4.79583	18.7425	1.20834e-006	18.7425	1.66321e-037	1
10.16	12	3.4641	14.5734	6.80455e-007	14.5734	6.30681e-038	1
10.17	9	3	12.8115	5.09222e-007	12.8115	3.87617e-038	1
10.19	17	4.12311	9.8406	2.83614e-007	9.84059	1.45852e-038	1
10.21	16	4	7.49723	1.56804e-007	7.49723	5.45994e-039	1
10.22	13	3.60555	6.52398	1.16271e-007	6.52398	3.33417e-039	1
10.24	16	4	4.90998	6.35785e-008	4.90998	1.23855e-039	1
10.25	11	3.31662	4.24654	4.68848e-008	4.24654	7.53418e-040	1
10.27	7	2.64575	3.15711	2.53559e-008	3.15711	2.77721e-040	1
10.28	4	2	2.71387	1.85954e-008	2.71387	1.68289e-040	1
10.3	6	2.44949	1.99311	9.94636e-009	1.99311	6.15571e-041	1
10.32	15	3.87298	1.45189	5.28115e-009	1.45189	2.24008e-041	1
10.33	12	3.4641	1.23539	3.83764e-009	1.23539	1.34871e-041	1
10.35	12	3.4641	0.888982	2.01529e-009	0.888982	4.87029e-042	1
10.36	11	3.31662	0.751811	1.45639e-009	0.751811	2.92102e-042	1
10.38	6	2.44949	0.534422	7.56421e-010	0.534422	1.04669e-042	1
10.4	11	3.31662	0.376807	3.89991e-010	0.376807	3.73136e-043	1
10.41	9	3	0.315434	2.79256e-010	0.315434	2.22359e-043	1
10.43	14	3.74166	0.2197	1.42398e-010	0.2197	7.86596e-044	1
10.44	14	3.74166	0.182794	1.01405e-010	0.182794	4.66942e-044	1
10.46	18	4.24264	0.125769	5.11411e-011	0.125769	1.63911e-044	1
10.47	10	3.16228	0.104004	3.62183e-011	0.104004	9.69268e-045	1
10.49	12	3.4641	0.070688	1.80655e-011	0.070688	3.37628e-045	1
10.51	9	3	0.0476542	8.94497e-012	0.0476542	1.17003e-045	1
10.52	18	4.24264	0.0390077	6.27691e-012	0.0390077	6.87449e-046	1
10.54	12	3.4641	0.0259773	3.07386e-012	0.0259773	2.36401e-046	1
10.55	14	3.74166	0.0211343	2.14514e-012	0.0211343	1.38362e-046	1
10.57	14	3.74166	0.0139033	1.03897e-012	0.0139033	4.72142e-047	1
10.59	13	3.60555	0.00907208	4.99529e-013	0.00907208	1.60286e-047	1
10.6	16	4	0.00730589	3.45415e-013	0.00730589	9.32114e-048	1
10.62	13	3.60555	0.00470923	1.6425e-013	0.00470923	3.14008e-048	1
10.63	12	3.4641	0.00376929	1.12951e-013	0.00376929	1.81902e-048	1
10.65	22	4.69042	0.00240007	5.31211e-014	0.00240007	6.08076e-049	1
10.66	8	2.82843	0.00190932	3.63293e-014	0.00190932	3.50897e-049	1
10.68	5	2.23607	0.00120096	1.68983e-014	0.00120096	1.16399e-049	1
10.7	13	3.60555	0.000749273	7.80253e-015	0.000749273	3.84133e-050	1
10.71	12	3.4641	0.00059002	5.2873e-015	0.00059002	2.20247e-050	1
10.73	10	3.16228	0.000363634	2.41455e-015	0.000363634	7.21262e-051	1
10.74	8	2.82843	0.0002846	1.6272e-015	0.0002846	4.11952e-051	1
10.76	5	2.23607	0.000173269	7.34942e-016	0.000173269	1.33868e-051	1
10.78	11	3.31662	0.000104632	3.29513e-016	0.000104632	4.32786e-052	1
10.79	8	2.82843	8.10603e-005	2.20031e-016	8.10603e-005	2.45603e-052	1
10.81	5	2.23607	4.83548e-005	9.75695e-017	4.83548e-005	7.87913e-053	1
10.82	7	2.64575	3.72329e-005	6.47935e-017	3.72329e-005	4.45413e-053	1
10.84	5	2.23607	2.19405e-005	2.84165e-017	2.19405e-005	1.41793e-053	1
10.85	3	1.73205	1.6791e-005	1.87669e-017	1.6791e-005	7.98482e-054	1
10.87	3	1.73205	9.77425e-006	8.14034e-018	9.77425e-006	2.52236e-054	1
10.89	6	2.44949	5.6435e-006	3.50509e-018	5.6435e-006	7.92709e-055	1
10.9	12	3.4641	4.27516e-006	2.29366e-018	4.27516e-006	4.43537e-055	1
10.92	3	1.73205	2.4384e-006	9.76777e-019	2.4384e-006	1.3832e-055	1
10.93	2	1.41421	1.83592e-006	6.35669e-019	1.83592e-006	7.70949e-056	1
10.95	5	2.23607	1.03441e-006	2.67737e-019	1.03441e-006	2.38578e-056	1
10.97	7	2.64575	5.78085e-007	1.11941e-019	5.78085e-007	7.34514e-057	1
10.98	4	2	4.30837e-007	7.2183e-020	4.30837e-007	4.06768e-057	1
11	3	1.73205	2.37848e-007	2.98489e-020	2.37848e-007	1.2427e-057	1
11.01	4	2	1.76183e-007	1.91416e-020	1.76183e-007	6.85546e-058	1
11.03	4	2	9.6081e-008	7.82854e-021	9.6081e-008	2.07828e-058	1
11.04	4	2	7.07369e-008	4.99269e-021	7.07369e-008	1.14209e-058	1
11.06	4	2	3.81072e-008	2.01952e-021	3.81072e-008	3.43569e-059	1
11.08	4	2	2.03623e-008	8.10902e-022	2.03623e-008	1.02824e-059	1
11.09	3	1.73205	1.48391e-008	5.12426e-022	1.48391e-008	5.61433e-060	1
11.11	2	1.41421	7.83277e-009	2.03498e-022	7.83277e-009	1.66735e-060	1
11.12	1	1	5.67337e-009	1.27888e-022	5.67337e-009	9.06889e-061	1
11.14	1	1	2.95826e-009	5.02307e-023	2.95826e-009	2.67259e-061	1
11.16	6	2.44949	1.52999e-009	1.95847e-023	1.52999e-009	7.83566e-062	1
11.17	4	2	1.09695e-009	1.21953e-023	1.09695e-009	4.23457e-062	1
11.19	4	2	5.60439e-010	4.70272e-024	5.60439e-010	1.23197e-062	1
11.2	3	1.73205	3.99365e-010	2.91226e-024	3.99365e-010	6.63223e-063	1
11.22	6	2.44949	2.01557e-010	1.1107e-024	2.01557e-010	1.9147e-063	1
11.23	6	2.44949	1.42753e-010	6.84043e-025	1.42753e-010	1.02679e-063	1
11.25	3	1.73205	7.11706e-011	2.58024e-025	7.11706e-011	2.94152e-064	1
11.27	5	2.23607	3.51945e-011	9.6615e-026	3.51945e-011	8.38351e-065	1
11.28	3	1.73205	2.46737e-011	5.89575e-026	2.46737e-011	4.46699e-065	1
11.3	1	1	1.2053e-011	2.1834e-026	1.2053e-011	1.26333e-065	1
11.31	4	2	8.39844e-012	1.32505e-026	8.39844e-012	6.70551e-066	1
11.33	2	1.41421	4.05273e-012	4.8533e-027	4.05273e-012	1.88184e-066	1
11.34	3	1.73205	2.80669e-012	2.92915e-027	2.80669e-012	9.94996e-067	1
11.36	1	1	1.33792e-012	1.0611e-027	1.33792e-012	2.7709e-067	1
11.38	6	2.44949	6.32597e-013	3.81572e-028	6.32597e-013	7.67692e-068	1
11.39	1	1	4.33657e-013	2.28186e-028	4.33657e-013	4.03303e-068	1
11.41	5	2.23607	2.02549e-013	8.1156e-029	2.02549e-013	1.10878e-068	1
11.42	4	2	1.38004e-013	4.82657e-029	1.38004e-013	5.8025e-069	1
11.44	3	1.73205	6.36742e-014	1.69777e-029	6.36742e-014	1.58299e-069	1
11.46	1	1	2.91402e-014	5.92826e-030	2.91402e-014	4.29641e-070	1
11.47	6	2.44949	1.9653e-014	3.49345e-030	1.9653e-014	2.23399e-070	1
11.49	3	1.73205	8.88476e-015	1.20646e-030	8.88476e-015	6.0167e-071	1
11.5	2	1.41421	5.9556e-015	7.07039e-031	5.9556e-015	3.11644e-071	1
11.52	4	2	2.65968e-015	2.41497e-031	2.65968e-015	8.32883e-072	1
11.53	6	2.44949	1.77196e-015	1.4075e-031	1.77196e-015	4.29743e-072	1
11.55	1	1	7.8171e-016	4.75473e-032	7.8171e-016	1.13968e-072	1
11.57	2	1.41421	3.42055e-016	1.59445e-032	3.42055e-016	3.00692e-073	1
11.58	2	1.41421	2.25576e-016	9.20779e-033	2.25576e-016	1.54153e-073	1
11.6	7	2.64575	9.75058e-017	3.05387e-033	9.75058e-017	4.0359e-074	1
11.61	4	2	6.39104e-017	1.75388e-033	6.39104e-017	2.06109e-074	1
11.63	2	1.41421	2.72896e-017	5.75315e-034	2.72896e-017	5.35467e-075	1
11.65	7	2.64575	1.15579e-017	1.87334e-034	1.15579e-017	1.38399e-075	1
11.66	2	1.41421	7.49884e-018	1.06604e-034	7.49884e-018	7.02259e-076	1
11.68	0	1	3.13737e-018	3.43318e-035	3.13737e-018	1.80114e-076	1
11.69	4	2	2.02313e-018	1.94295e-035	2.02313e-018	9.10405e-077	1
11.71	2	1.41421	8.36145e-019	6.1886e-036	8.36145e-019	2.31704e-077	1
11.72	4	2	5.35899e-019	3.48306e-036	5.35899e-019	1.16666e-077	1
11.74	2	1.41421	2.18791e-019	1.09724e-036	2.18791e-019	2.9464e-078	1
11.76	3	1.73205	8.86001e-020	3.43124e-037	8.86001e-020	7.40295e-079	1
11.77	0	1	5.62094e-020	1.9135e-037	5.62094e-020	3.70359e-079	1
11.79	4	2	2.24854e-020	5.91816e-038	2.24854e-020	9.23388e-080	1
11.8	4	2	1.41781e-020	3.28223e-038	1.41781e-020	4.60179e-080	1
11.82	4	2	5.60272e-021	1.00401e-038	5.60272e-021	1.13851e-080	1
11.84	5	2.23607	2.19603e-021	3.04869e-039	2.19603e-021	2.80228e-081	1
11.85	10	3.16228	1.37066e-021	1.67534e-039	1.37066e-021	1.38759e-081	1
11.87	2	1.41421	5.30707e-022	5.0314e-040	5.30707e-022	3.38911e-082	1
11.88	3	1.73205	3.29223e-022	2.74969e-040	3.29223e-022	1.67171e-082	1
11.9	2	1.41421	1.25922e-022	8.16733e-041	1.25922e-022	4.05165e-083	1
11.91	4	2	7.76394e-023	4.43895e-041	7.76394e-023	1.99081e-083	1
11.93	5	2.23607	2.93348e-023	1.30403e-041	2.93348e-023	4.78796e-084	1
11.95	3	1.73205	1.09937e-023	3.80276e-042	1.09937e-023	1.14561e-084	1
11.96	4	2	6.70957e-024	2.04789e-042	6.70957e-024	5.59297e-085	1
11.98	2	1.41421	2.48394e-024	5.9065e-043	2.48394e-024	1.32794e-085	1
11.99	3	1.73205	1.50674e-024	3.16332e-043	1.50674e-024	6.45813e-086	1
12.01	6	2.44949	5.51026e-025	9.02353e-044	5.51026e-025	1.52156e-086	1
12.03	5	2.23607	1.99878e-025	2.55515e-044	1.99878e-025	3.56647e-087	1
12.04	5	2.23607	1.20014e-025	1.35593e-044	1.20014e-025	1.72336e-087	1
12.06	3	1.73205	4.30045e-026	3.79741e-045	4.30045e-026	4.00842e-088	1
12.07	7	2.64575	2.56641e-026	2.00408e-045	2.56641e-026	1.92945e-088	1
12.09	3	1.73205	9.08436e-027	5.55104e-046	9.08436e-027	4.45328e-089	1
12.1	2	1.41421	5.38829e-027	2.91344e-046	5.38829e-027	2.13533e-089	1
12.12	8	2.82843	1.88411e-027	7.98134e-047	1.88411e-027	4.89056e-090	1
12.14	2	1.41421	6.53463e-028	2.17046e-047	6.53463e-028	1.11434e-090	1
12.15	7	2.64575	3.83663e-028	1.12874e-047	3.83663e-028	5.30898e-091	1
12.17	7	2.64575	1.31447e-028	3.03584e-048	1.31447e-028	1.20038e-091	1
12.18	4	2	7.67051e-029	1.57009e-048	7.67051e-029	5.69686e-092	1
12.2	9	3	2.59606e-029	4.17659e-049	2.59606e-029	1.27818e-092	1
12.22	1	1	8.71489e-030	1.10287e-049	8.71489e-030	2.85309e-093	1
12.23	5	2.23607	5.03393e-030	5.6517e-050	5.03393e-030	1.34536e-093	1
12.25	3	1.73205	1.66933e-030	1.47602e-050	1.66933e-030	2.97995e-094	1
12.26	6	2.44949	9.58369e-031	7.52231e-051	9.58369e-031	1.39977e-094	1
12.28	7	2.64575	3.13946e-031	1.94301e-051	3.13946e-031	3.07664e-095	1
12.29	3	1.73205	1.79139e-031	9.8478e-052	1.79139e-031	1.43962e-095	1
12.31	5	2.23607	5.79695e-032	2.51578e-052	5.79695e-032	3.1399e-096	1
12.33	6	2.44949	1.86067e-032	6.37988e-053	1.86067e-032	6.81318e-097	1
12.34	9	3	1.05093e-032	3.20395e-053	1.05093e-032	3.16759e-097	1
12.36	6	2.44949	3.3322e-033	8.03592e-054	3.3322e-033	6.82041e-098	1
12.37	11	3.31662	1.8706e-033	4.01341e-054	1.8706e-033	3.15874e-098	1
12.39	13	3.60555	5.85903e-034	9.95574e-055	5.85903e-034	6.74907e-099	1
12.4	5	2.23607	3.26904e-034	4.94489e-055	3.26904e-034	3.11366e-099	1
12.42	7	2.64575	1.01147e-034	1.21318e-055	1.01147e-034	6.60162e-100	1
12.44	11	3.31662	3.10414e-035	2.95464e-056	3.10414e-035	1.3925e-100	1
12.45	17	4.12311	1.71439e-035	1.4541e-056	1.71439e-035	6.38307e-101	1
12.47	15	3.87298	5.1974e-036	3.50253e-057	5.1974e-036	1.33605e-101	1
12.48	11	3.31662	2.85297e-036	1.71427e-057	2.85297e-036	6.10072e-102	1
12.5	9	3	8.54403e-037	4.08391e-058	8.54403e-037	1.26713e-102	1
12.52	11	3.31662	2.53797e-037	9.65783e-059	2.53797e-037	2.61836e-103	1
12.53	16	4	1.37902e-037	4.68365e-059	1.37902e-037	1.18794e-103	1
12.55	9	3	4.04652e-038	1.09546e-059	4.04652e-038	2.43585e-104	1
12.56	9	3	2.18529e-038	5.28333e-060	2.18529e-038	1.10088e-104	1
12.58	15	3.87298	6.33443e-039	1.22217e-060	6.33443e-039	2.23998e-105	1
12.59	7	2.64575	3.4e-039	5.86201e-061	3.4e-039	1.00846e-105	1
12.61	12	3.4641	9.73566e-040	1.34116e-061	9.73566e-040	2.03616e-106	1
12.63	16	4	2.7651e-040	3.04594e-062	2.7651e-040	4.09006e-107	1
12.64	5	2.23607	1.46911e-040	1.44759e-062	1.46911e-040	1.82958e-107	1
12.66	14	3.74166	4.1218e-041	3.25159e-063	4.1218e-041	3.64685e-108	1
12.67	7	2.64575	2.17658e-041	1.53682e-063	2.17658e-041	1.62504e-108	1
12.69	12	3.4641	6.03247e-042	3.41417e-064	6.03247e-042	3.21424e-109	1
12.71	9	3	1.65834e-042	7.52928e-065	1.65834e-042	6.32497e-110	1
12.72	3	1.73205	8.66832e-043	3.52606e-065	8.66832e-043	2.80034e-110	1
12.74	11	3.31662	2.35397e-043	7.69073e-066	2.35397e-043	5.46815e-111	1
12.75	7	2.64575	1.22294e-043	3.58186e-066	1.22294e-043	2.41166e-111	1
12.77	11	3.31662	3.28064e-044	7.72676e-067	3.28064e-044	4.67299e-112	1
12.78	10	3.16228	1.69398e-044	3.57885e-067	1.69398e-044	2.05303e-112	1
12.8	9	3	4.48899e-045	7.63558e-068	4.48899e-045	3.94749e-113	1
12.82	5	2.23607	1.17991e-045	1.61714e-068	1.17991e-045	7.55115e-114	1
12.83	9	3	6.03074e-046	7.42167e-069	6.03074e-046	3.29626e-114	1
12.85	4	2	1.56588e-046	1.55459e-069	1.56588e-046	6.25693e-115	1
12.86	12	3.4641	7.95468e-047	7.0954e-070	7.95468e-047	2.72078e-115	1
12.88	11	3.31662	2.04032e-047	1.46995e-070	2.04032e-047	5.12486e-116	1
12.9	9	3	5.19076e-048	3.02297e-071	5.19076e-048	9.60366e-117	1
12.91	6	2.44949	2.61017e-048	1.3671e-071	2.61017e-048	4.14931e-117	1
12.93	7	2.64575	6.55979e-049	2.78063e-072	6.55979e-049	7.71576e-118	1
12.94	6	2.44949	3.27848e-049	1.2506e-072	3.27848e-049	3.3208e-118	1
12.96	7	2.64575	8.13918e-050	2.51576e-073	8.13918e-050	6.12764e-119	1
12.97	6	2.44949	4.04303e-050	1.12525e-073	4.04303e-050	2.62713e-119	1
12.99	4	2	9.91522e-051	2.23877e-074	9.91522e-051	4.8104e-120	1
13.01	6	2.44949	2.41189e-051	4.42159e-075	2.41189e-051	8.76286e-121	1
13.02	6	2.44949	1.18592e-051	1.95959e-075	1.18592e-051	3.73285e-121	1
13.04	4	2	2.84969e-052	3.82775e-076	2.84969e-052	6.74768e-122	1
13.05	6	2.44949	1.39265e-052	1.68708e-076	1.39265e-052	2.86334e-122	1
13.07	10	3.16228	3.30575e-053	3.2593e-077	3.30575e-053	5.13613e-123	1
13.09	2	1.41421	7.78319e-054	6.25058e-078	7.78319e-054	9.16566e-124	1
13.1	3	1.73205	3.76507e-054	2.72973e-078	3.76507e-054	3.86447e-124	1
13.12	6	2.44949	8.75687e-055	5.17757e-079	8.75687e-055	6.84331e-125	1
13.13	3	1.73205	4.21026e-055	2.2487e-079	4.21026e-055	2.8742e-125	1
13.15	2	1.41421	9.67323e-056	4.21839e-080	9.67323e-056	5.05058e-126	1
13.16	3	1.73205	4.62248e-056	1.82204e-080	4.62248e-056	2.11308e-126	1
13.18	4	2	1.04912e-056	3.38052e-081	1.04912e-056	3.68459e-127	1
13.2	2	1.41421	2.36175e-057	6.2261e-082	2.36175e-057	6.39187e-128	1
13.21	2	1.41421	1.11715e-057	2.66462e-082	1.11715e-057	2.65711e-128	1
13.23	4	2	2.48432e-058	4.85375e-083	2.48432e-058	4.57401e-129	1
13.24	5	2.23607	1.16796e-058	2.06586e-083	1.16796e-058	1.8941e-129	1
13.26	2	1.41421	2.56574e-059	3.72181e-084	2.56574e-059	3.23548e-130	1
13.28	5	2.23607	5.59055e-060	6.656e-085	5.59055e-060	5.49845e-131	1
13.29	7	2.64575	2.60164e-060	2.80702e-085	2.60164e-060	2.26231e-131	1
13.31	1	1	5.59987e-061	4.96495e-086	5.59987e-061	3.81507e-132	1
13.32	2	1.41421	2.59009e-061	2.08234e-086	2.59009e-061	1.56365e-132	1
13.34	3	1.73205	5.50722e-062	3.64277e-087	5.50722e-062	2.61661e-133	1
13.35	7	2.64575	2.53171e-062	1.51941e-087	2.53171e-062	1.06832e-133	1
13.37	7	2.64575	5.31763e-063	2.62884e-088	5.31763e-063	1.77397e-134	1
13.39	8	2.82843	1.10785e-063	4.51503e-089	1.10785e-063	2.93062e-135	1
13.4	2	1.41421	5.04122e-064	1.866e-089	5.04122e-064	1.18885e-135	1
13.42	3	1.73205	1.0375e-064	3.1697e-090	1.0375e-064	1.94889e-136	1
13.43	3	1.73205	4.69229e-065	1.30279e-090	4.69229e-065	7.87555e-137	1
13.45	4	2	9.53946e-066	2.18872e-091	9.53946e-066	1.28112e-137	1
13.46	3	1.73205	4.2881e-066	8.94645e-092	4.2881e-066	5.15712e-138	1
13.48	2	1.41421	8.61175e-067	1.48654e-092	8.61175e-067	8.32463e-139	1
13.5	6	2.44949	1.71544e-067	2.45194e-093	1.71544e-067	1.33687e-139	1
13.51	2	1.41421	7.63292e-068	9.9307e-094	7.63292e-068	5.34703e-140	1
13.53	2	1.41421	1.50198e-068	1.62003e-094	1.50198e-068	8.52088e-141	1
13.54	4	2	6.64234e-069	6.52526e-095	6.64234e-069	3.39494e-141	1
13.56	1	1	1.29116e-069	1.05281e-095	1.29116e-069	5.3685e-142	1
13.58	4	2	2.48943e-070	1.68621e-096	2.48943e-070	8.44577e-143	1
13.59	2	1.41421	1.08976e-070	6.72967e-097	1.08976e-070	3.34345e-143	1
13.61	3	1.73205	2.07557e-071	1.06602e-097	2.07557e-071	5.2195e-144	1
13.62	2	1.41421	9.0305e-072	4.23109e-098	9.0305e-072	2.0583e-144	1
13.64	1	1	1.69905e-072	6.62876e-099	1.69905e-072	3.18854e-145	1
13.65	1	1	7.34723e-073	2.61653e-099	7.34723e-073	1.25255e-145	1
13.67	4	2	1.36554e-073	4.0543e-100	1.36554e-073	1.92542e-146	1
13.69	4	2	2.51736e-074	6.2361e-101	2.51736e-074	2.94458e-147	1
13.7	3	1.73205	1.07755e-074	2.43901e-101	1.07755e-074	1.1493e-147	1
13.72	6	2.44949	1.96229e-075	3.7104e-102	1.96229e-075	1.74413e-148	1
13.73	3	1.73205	8.34832e-076	1.4432e-102	8.34832e-076	6.78133e-149	1
13.75	1	1	1.50181e-076	2.17142e-103	1.50181e-076	1.0212e-149	1
13.77	1	1	2.6797e-077	3.24316e-104	2.6797e-077	1.52992e-150	1
13.78	4	2	1.12848e-077	1.24992e-104	1.12848e-077	5.91031e-151	1
13.8	3	1.73205	1.9891e-078	1.84637e-105	1.9891e-078	8.78655e-152	1
13.81	3	1.73205	8.32546e-079	7.07681e-106	8.32546e-079	3.38131e-152	1
13.83	1	1	1.44963e-079	1.03391e-106	1.44963e-079	4.98817e-153	1
13.84	2	1.41421	6.03049e-080	3.941e-107	6.03049e-080	1.91219e-153	1
13.86	3	1.73205	1.03726e-080	5.69456e-108	1.03726e-080	2.79922e-154	1
13.88	2	1.41421	1.76963e-081	8.16811e-109	1.76963e-081	4.07669e-155	1
13.89	1	1	7.28705e-082	3.085e-109	7.28705e-082	1.55276e-155	1
13.91	3	1.73205	1.2281e-082	4.37649e-110	1.2281e-082	2.24401e-156	1
13.92	1	1	5.02628e-083	1.64386e-110	5.02628e-083	8.51424e-157	1
13.94	4	2	8.36789e-084	2.30646e-111	8.36789e-084	1.22099e-157	1
13.96	2	1.41421	1.3818e-084	3.21243e-112	1.3818e-084	1.74199e-158	1
13.97	3	1.73205	5.59796e-085	1.19558e-112	5.59796e-085	6.56713e-159	1
13.99	5	2.23607	9.13156e-086	1.64694e-113	9.13156e-086	9.29731e-160	1
14	4	2	3.67684e-086	6.09578e-114	3.67684e-086	3.49149e-160	1
14.02	2	1.41421	5.92485e-087	8.30495e-115	5.92485e-087	4.90502e-161	1
14.03	2	1.41421	2.37111e-087	3.05699e-115	2.37111e-087	1.83492e-161	1
14.05	8	2.82843	3.77434e-088	4.11919e-116	3.77434e-088	2.55797e-162	1
14.07	8	2.82843	5.95924e-089	5.50981e-117	5.95924e-089	3.54765e-163	1
14.08	2	1.41421	2.36068e-089	2.00956e-117	2.36068e-089	1.31864e-163	1
14.1	4	2	3.68191e-090	2.6585e-118	3.68191e-090	1.81475e-164	1
14.11	6	2.44949	1.44965e-090	9.64288e-119	1.44965e-090	6.71933e-165	1
14.13	3	1.73205	2.23351e-091	1.26169e-119	2.23351e-091	9.17629e-166	1
14.15	3	1.73205	3.41327e-092	1.63872e-120	3.41327e-092	1.24674e-166	1
14.16	2	1.41421	1.33025e-092	5.88955e-121	1.33025e-092	4.58659e-167	1
14.18	3	1.73205	2.00818e-093	7.56561e-122	2.00818e-093	6.18365e-168	1
14.19	4	2	7.77877e-094	2.70413e-122	7.77877e-094	2.26613e-168	1
14.21	3	1.73205	1.16003e-094	3.43558e-123	1.16003e-094	3.03172e-169	1
14.22	5	2.23607	4.466e-095	1.2212e-123	4.466e-095	1.10676e-169	1
14.24	5	2.23607	6.57907e-096	1.53451e-124	6.57907e-096	1.46928e-170	1
14.26	3	1.73205	9.6132e-097	1.91407e-125	9.6132e-097	1.94054e-171	1
14.27	3	1.73205	3.66346e-097	6.74149e-126	3.66346e-097	7.03872e-172	1
14.29	2	1.41421	5.2879e-098	8.31677e-127	5.2879e-098	9.22487e-173	1
14.3	5	2.23607	2.00286e-098	2.91311e-127	2.00286e-098	3.33315e-173	1
14.32	7	2.64575	2.85581e-099	3.55439e-128	2.85581e-099	4.33481e-174	1
14.34	5	2.23607	4.03893e-100	4.30508e-129	4.03893e-100	5.60855e-175	1
14.35	7	2.64575	1.51428e-100	1.49414e-129	1.51428e-100	2.01351e-175	1
14.37	0	1	2.11559e-101	1.78985e-130	2.11559e-101	2.58513e-176	1
14.38	4	2	7.88345e-102	6.17778e-131	7.88345e-102	9.24503e-177	1
14.4	4	2	1.088e-102	7.31928e-132	1.088e-102	1.17784e-177	1
14.41	3	1.73205	4.02956e-103	2.5124e-132	4.02956e-103	4.19601e-178	1
14.43	7	2.64575	5.4936e-104	2.94398e-133	5.4936e-104	5.30472e-179	1
14.45	3	1.73205	7.42875e-105	3.42442e-134	7.42875e-105	6.67197e-180	1
14.46	5	2.23607	2.72343e-105	1.16471e-134	2.72343e-105	2.36163e-180	1
14.48	4	2	3.638e-106	1.33992e-135	3.638e-106	2.94749e-181	1
14.49	7	2.64575	1.32558e-106	4.53224e-136	1.32558e-106	1.03928e-181	1
14.51	5	2.23607	1.74921e-107	5.15686e-137	1.74921e-107	1.28713e-182	1
14.53	6	2.44949	2.28946e-108	5.82458e-138	2.28946e-108	1.5859e-183	1
14.54	3	1.73205	8.25755e-109	1.95212e-138	8.25755e-109	5.55604e-184	1
14.56	5	2.23607	1.06765e-109	2.1807e-139	1.06765e-109	6.7931e-185	1
14.57	5	2.23607	3.8273e-110	7.26849e-140	3.8273e-110	2.37073e-185	1
14.59	5	2.23607	4.88832e-111	8.03052e-141	4.88832e-111	2.87629e-186	1
14.6	3	1.73205	1.74167e-111	2.66193e-141	1.74167e-111	9.99931e-187	1
14.62	4	2	2.19745e-112	2.90875e-142	2.19745e-112	1.20384e-187	1
14.64	2	1.41421	2.75e-113	3.15517e-143	2.75e-113	1.4419e-188	1
14.65	5	2.23607	9.69865e-114	1.03629e-143	9.69865e-114	4.98057e-189	1
14.67	4	2	1.19898e-114	1.11176e-144	1.19898e-114	5.9196e-190	1
14.68	3	1.73205	4.20276e-115	3.63141e-145	4.20276e-115	2.03686e-190	1
14.7	4	2	5.13242e-116	3.85312e-146	5.13242e-116	2.40228e-191	1
14.71	4	2	1.78809e-116	1.25165e-146	1.78809e-116	8.23411e-192	1
14.73	7	2.64575	2.15707e-117	1.3135e-147	2.15707e-117	9.63667e-193	1
14.75	4	2	2.58106e-118	1.36831e-148	2.58106e-118	1.12203e-193	1
14.76	4	2	8.90098e-119	4.40415e-149	8.90098e-119	3.82123e-194	1
14.78	2	1.41421	1.05211e-119	4.5376e-150	1.05211e-119	4.41497e-195	1
14.79	5	2.23607	3.60614e-120	1.45248e-150	3.60614e-120	1.49779e-195	1
14.81	4	2	4.21068e-121	1.48007e-151	4.21068e-121	1.71722e-196	1
14.83	7	2.64575	4.87663e-122	1.49715e-152	4.87663e-122	1.95868e-197	1
14.84	3	1.73205	1.65453e-122	4.7485e-153	1.65453e-122	6.6023e-198	1
14.86	4	2	1.89291e-123	4.75058e-154	1.89291e-123	7.47278e-199	1
14.87	3	1.73205	6.38308e-124	1.49846e-154	6.38308e-124	2.50922e-199	1
14.89	4	2	7.21396e-125	1.48267e-155	7.21396e-125	2.81821e-200	1
14.9	1	1	2.41778e-125	4.65102e-156	2.41778e-125	9.42657e-201	1
14.92	4	2	2.69928e-126	4.55154e-157	2.69928e-126	1.0506e-201	1
14.94	2	1.41421	2.98907e-127	4.42156e-158	2.98907e-127	1.1649e-202	1
14.95	3	1.73205	9.91637e-128	1.37432e-158	9.91637e-128	3.87146e-203	1
14.97	0	1	1.08475e-128	1.32043e-159	1.08475e-128	4.25964e-204	1
14.98	2	1.41421	3.57676e-129	4.0816e-160	3.57676e-129	1.41021e-204	1
15	1	1	3.86504e-130	3.87854e-161	3.86504e-130	1.53968e-205	1
15.02	2	1.41421	4.14263e-131	3.65858e-162	4.14263e-131	1.67241e-206	1
15.03	4	2	1.3521e-131	1.12056e-162	1.3521e-131	5.50124e-207	1
15.05	3	1.73205	1.43159e-132	1.04542e-163	1.43159e-132	5.92955e-208	1
15.06	2	1.41421	4.64405e-133	3.18435e-164	4.64405e-133	1.94296e-208	1
15.08	7	2.64575	4.85729e-134	2.93823e-165	4.85729e-134	2.07813e-209	1
15.09	4	2	1.56608e-134	8.90061e-166	1.56608e-134	6.78328e-210	1
15.11	4	2	1.61808e-135	8.12258e-167	1.61808e-135	7.19942e-211	1
15.13	2	1.41421	1.65823e-136	7.35826e-168	1.65823e-136	7.60187e-212	1
15.14	3	1.73205	5.29222e-137	2.20861e-168	5.29222e-137	2.46544e-212	1
15.16	3	1.73205	5.35759e-138	1.97884e-169	5.35759e-138	2.58325e-213	1
15.17	3	1.73205	1.69944e-138	5.90687e-170	1.69944e-138	8.34573e-214	1
15.19	1	1	1.69952e-139	5.2343e-171	1.69952e-139	8.67729e-215	1
15.21	4	2	1.68579e-140	4.60434e-172	1.68579e-140	8.97574e-216	1
15.22	6	2.44949	5.29314e-141	1.36183e-172	5.29314e-141	2.88121e-216	1
15.24	2	1.41421	5.18655e-142	1.18479e-173	5.18655e-142	2.9574e-217	1
15.25	7	2.64575	1.61857e-142	3.485e-174	1.61857e-142	9.45668e-218	1
15.27	1	1	1.5667e-143	2.99869e-175	1.5667e-143	9.63211e-219	1
15.28	2	1.41421	4.85941e-144	8.77199e-176	4.85941e-144	3.06814e-219	1
15.3	2	1.41421	4.64647e-145	7.46511e-177	4.64647e-145	3.10103e-220	1
15.32	9	3	4.40678e-146	6.3064e-178	4.40678e-146	3.11819e-221	1
15.33	2	1.41421	1.35298e-146	1.82792e-178	1.35298e-146	9.86878e-222	1
15.35	8	2.82843	1.26759e-147	1.52725e-179	1.26759e-147	9.84711e-223	1
15.36	2	1.41421	3.86806e-148	4.40242e-180	3.86806e-148	3.10451e-223	1
15.38	2	1.41421	3.57987e-149	3.63795e-181	3.57987e-149	3.07388e-224	1
15.4	3	1.73205	3.28624e-150	2.9842e-182	3.28624e-150	3.02794e-225	1
15.41	4	2	9.92629e-151	8.52348e-183	9.92629e-151	9.48503e-226	1
15.43	5	2.23607	9.00133e-152	6.91511e-184	9.00133e-152	9.27143e-227	1
15.44	3	1.73205	2.70233e-152	1.96423e-184	2.70233e-152	2.8931e-227	1
15.46	1	1	2.42072e-153	1.5761e-185	2.42072e-153	2.8062e-228	1
15.47	4	2	7.22305e-154	4.45228e-186	7.22305e-154	8.72287e-229	1
15.49	3	1.73205	6.39169e-155	3.53334e-187	6.39169e-155	8.39584e-230	1
15.51	1	1	5.61008e-156	2.78352e-188	5.61008e-156	8.0396e-231	1
15.52	1	1	1.65698e-156	7.79114e-189	1.65698e-156	2.48303e-231	1
15.54	3	1.73205	1.43667e-157	6.07043e-190	1.43667e-157	2.3594e-232	1
15.55	4	2	4.21745e-158	1.68979e-190	4.21745e-158	7.25893e-233	1
15.57	2	1.41421	3.61226e-159	1.30215e-191	3.61226e-159	6.84447e-234	1
15.59	0	1	3.06878e-160	9.96085e-193	3.06878e-160	6.42056e-235	1
15.6	3	1.73205	8.91724e-161	2.74737e-193	8.91724e-161	1.96269e-235	1
15.62	3	1.73205	7.4835e-162	2.07856e-194	7.4835e-162	1.82698e-236	1
15.63	0	1	2.16129e-162	5.70148e-195	2.16129e-162	5.56334e-237	1
15.65	2	1.41421	1.79174e-163	4.26623e-196	1.79174e-163	5.13885e-238	1
15.66	1	1	5.14314e-164	1.16379e-196	5.14314e-164	1.55881e-238	1
15.68	0	1	4.2119e-165	8.61272e-198	4.2119e-165	1.4288e-239	1
15.7	0	1	3.42126e-166	6.32722e-199	3.42126e-166	1.30291e-240	1
15.71	2	1.41421	9.72101e-167	1.71022e-199	9.72101e-167	3.9269e-241	1
15.73	2	1.41421	7.80022e-168	1.24261e-200	7.80022e-168	3.55338e-242	1
15.74	3	1.73205	2.20281e-168	3.34025e-201	2.20281e-168	1.06684e-242	1
15.76	0	1	1.74606e-169	2.40033e-202	1.74606e-169	9.57946e-244	1
15.77	1	1	4.90087e-170	6.41683e-203	4.90087e-170	2.86499e-244	1
15.79	1	1	3.83746e-171	4.56061e-204	3.83746e-171	2.55278e-245	1
15.81	2	1.41421	2.98039e-172	3.21761e-205	2.98039e-172	2.26292e-246	1
15.82	1	1	8.28054e-173	8.52295e-206	8.28054e-173	6.72447e-247	1
15.84	3	1.73205	6.35295e-174	5.94716e-207	6.35295e-174	5.91509e-248	1
15.85	3	1.73205	1.75431e-174	1.56665e-207	1.75431e-174	1.75096e-248	1
15.87	2	1.41421	1.32957e-175	1.08119e-208	1.32957e-175	1.52837e-249	1
15.89	5	2.23607	9.99476e-177	7.40694e-210	9.99476e-177	1.32723e-250	1
15.9	1	1	2.73197e-177	1.93335e-210	2.73197e-177	3.90361e-251	1
15.92	2	1.41421	2.02874e-178	1.30995e-211	2.02874e-178	3.36381e-252	1
15.93	2	1.41421	5.51154e-179	3.40041e-212	5.51154e-179	9.85547e-253	1
15.95	5	2.23607	4.04306e-180	2.27871e-213	4.04306e-180	8.42736e-254	1
15.96	1	1	1.09169e-180	5.8826e-214	1.09169e-180	2.45958e-254	1
15.98	1	1	7.91091e-182	3.89885e-215	7.91091e-182	2.08701e-255	1
16	5	2.23607	5.68604e-183	2.56513e-216	5.68604e-183	1.76178e-256	1
16.01	2	1.41421	1.51976e-183	6.56144e-217	1.51976e-183	5.10892e-257	1
16.03	4	2	1.07906e-184	4.26955e-218	1.07906e-184	4.27963e-258	1
16.04	3	1.73205	2.86651e-185	1.08612e-218	2.86651e-185	1.23625e-258	1
16.06	9	3	2.01053e-186	6.98989e-220	2.01053e-186	1.02762e-259	1
16.08	3	1.73205	1.39871e-187	4.46551e-221	1.39871e-187	8.49814e-261	1
16.09	3	1.73205	3.67798e-188	1.12557e-221	3.67798e-188	2.43911e-261	1
16.11	2	1.41421	2.52763e-189	7.11187e-223	2.52763e-189	2.00157e-262	1
16.12	4	2	6.606e-190	1.78276e-223	6.606e-190	5.72273e-263	1
16.14	2	1.41421	4.48468e-191	1.11407e-224	4.48468e-191	4.66006e-264	1
16.15	3	1.73205	1.16493e-191	2.77732e-225	1.16493e-191	1.32723e-264	1
16.17	4	2	7.8123e-193	1.71655e-226	7.8123e-193	1.07247e-265	1
16.19	3	1.73205	5.19658e-194	1.05316e-227	5.19658e-194	8.62157e-267	1
16.2	2	1.41421	1.33616e-194	2.60144e-228	1.33616e-194	2.43977e-267	1
16.22	2	1.41421	8.7798e-196	1.57856e-229	8.7798e-196	1.94626e-268	1
16.23	1	1	2.24372e-196	3.87782e-230	2.24372e-196	5.4864e-269	1
16.25	0	1	1.45641e-197	2.32726e-231	1.45641e-197	4.34297e-270	1
16.27	4	2	9.37681e-199	1.38647e-232	9.37681e-199	3.4202e-271	1
16.28	0	1	2.37199e-199	3.37477e-233	2.37199e-199	9.57958e-272	1
16.3	5	2.23607	1.50859e-200	1.98847e-234	1.50859e-200	7.48617e-273	1
16.31	2	1.41421	3.79293e-201	4.81347e-235	3.79293e-201	2.08871e-273	1
16.33	4	2	2.38299e-202	2.80506e-236	2.38299e-202	1.61972e-274	1
16.34	4	2	5.9548e-203	6.75286e-237	5.9548e-203	4.50177e-275	1
16.36	2	1.41421	3.69574e-204	3.89208e-238	3.69574e-204	3.46412e-276	1
16.38	2	1.41421	2.27507e-205	2.22681e-239	2.27507e-205	2.65197e-277	1
16.39	7	2.64575	5.62747e-206	5.31173e-240	5.62747e-206	7.32351e-278	1
16.41	4	2	3.42211e-207	3.00571e-241	3.42211e-207	5.56344e-279	1
16.42	3	1.73205	8.4131e-208	7.13027e-242	8.4131e-208	1.53044e-279	1
16.44	4	2	5.05387e-209	3.9905e-243	5.05387e-209	1.15369e-280	1
16.46	5	2.23607	3.01128e-210	2.21695e-244	3.01128e-210	8.65225e-282	1
16.47	6	2.44949	7.32802e-211	5.21101e-245	7.32802e-211	2.36489e-282	1
16.49	2	1.41421	4.31321e-212	2.86325e-246	4.31321e-212	1.75994e-283	1
16.5	0	1	1.04323e-212	6.69316e-247	1.04323e-212	4.79184e-284	1
16.52	3	1.73205	6.06571e-214	3.63731e-248	6.06571e-214	3.53865e-285	1
16.53	1	1	1.45816e-214	8.45583e-249	1.45816e-214	9.59771e-286	1
16.55	4	2	8.37517e-216	4.5448e-250	8.37517e-216	7.03317e-287	1
16.57	1	1	4.77135e-217	2.42482e-251	4.77135e-217	5.12744e-288	1
16.58	4	2	1.13537e-217	5.58554e-252	1.13537e-217	1.38178e-288	1
16.6	2	1.41421	6.38959e-219	2.94741e-253	6.38959e-219	9.99621e-290	1
16.61	1	1	1.51117e-219	6.75196e-254	1.51117e-219	2.68347e-290	1
16.63	3	1.73205	8.40109e-221	3.52383e-255	8.40109e-221	1.92638e-291	1
16.65	5	2.23607	4.63252e-222	1.82561e-256	4.63252e-222	1.3758e-292	1
16.66	3	1.73205	1.0845e-222	4.14387e-257	1.0845e-222	3.66964e-293	1
16.68	1	1	5.90743e-224	2.12328e-258	5.90743e-224	2.60066e-294	1
16.69	6	2.44949	1.37453e-224	4.79304e-259	1.37453e-224	6.90997e-295	1
16.71	3	1.73205	7.39625e-226	2.42898e-260	7.39625e-226	4.85942e-296	1
16.72	2	1.41421	1.71046e-226	5.45295e-261	1.71046e-226	1.28618e-296	1
16.74	5	2.23607	9.09193e-228	2.73309e-262	9.09193e-228	8.9755e-298	1
16.76	3	1.73205	4.79356e-229	1.35982e-263	4.79356e-229	6.23134e-299	1
16.77	2	1.41421	1.09732e-229	3.02482e-264	1.09732e-229	1.63872e-299	1
16.79	4	2	5.71507e-231	1.48847e-265	5.71507e-231	1.12896e-300	1
16.8	3	1.73205	1.30029e-231	3.29277e-266	1.30029e-231	2.9575e-301	1
16.82	1	1	6.68985e-233	1.60254e-267	6.68985e-233	2.02183e-302	1
16.83	5	2.23607	1.51278e-233	3.52563e-268	1.51278e-233	5.27614e-303	1
16.85	4	2	7.68852e-235	1.69706e-269	7.68852e-235	3.57919e-304	1
16.87	2	1.41421	3.87584e-236	8.1089e-271	3.87584e-236	2.41557e-305	1
16.88	2	1.41421	8.67561e-237	1.76766e-271	8.67561e-237	6.26323e-306	1
16.9	5	2.23607	4.32027e-238	8.3536e-273	4.32027e-238	4.19451e-307	1
16.91	4	2	9.61145e-239	1.81098e-273	9.61145e-239	1.08339e-307	1
16.93	4	2	4.72811e-240	8.46447e-275	4.72811e-240	7.19971e-309	1
16.95	4	2	2.30699e-241	3.92729e-276	2.30699e-241	4.76005e-310	1
16.96	3	1.73205	5.08037e-242	8.4361e-277	5.08037e-242	1.22158e-310	1
16.98	0	1	2.44873e-243	3.87119e-278	2.44873e-243	8.01433e-312	1
16.99	2	1.41421	5.35963e-244	8.26986e-279	5.35963e-244	2.04881e-312	1
17.01	1	1	2.55192e-245	3.75328e-280	2.55192e-245	1.33381e-313	1
17.02	2	1.41421	5.55143e-246	7.97389e-281	5.55143e-246	3.39668e-314	1
17.04	3	1.73205	2.61111e-247	3.57926e-282	2.61111e-247	2.1943e-315	1
17.06	5	2.23607	1.21816e-248	1.59486e-283	1.21816e-248	1.41027e-316	1
17.07	5	2.23607	2.6231e-249	3.3573e-284	2.6231e-249	3.56821e-317	1
17.09	4	2	1.20887e-250	1.47955e-285	1.20887e-250	2.27479e-318	1
17.1	7	2.64575	2.58723e-251	3.09744e-286	2.58723e-251	5.7117e-319	1
17.12	7	2.64575	1.17785e-252	1.35006e-287	1.17785e-252	3.46142e-320	1
17.14	3	1.73205	5.31865e-254	5.84129e-289	5.31865e-254	0	1
17.15	2	1.41421	1.12675e-254	1.21169e-289	1.12675e-254	0	1
17.17	2	1.41421	5.02607e-256	5.18509e-291	5.02607e-256	0	1
17.18	4	2	1.05828e-256	1.06965e-291	1.05828e-256	0	1
17.2	2	1.41421	4.66324e-258	4.52709e-293	4.66324e-258	0	1
17.21	1	1	9.75895e-259	9.28774e-294	9.75895e-259	0	1
17.23	2	1.41421	4.24793e-260	3.88774e-295	4.24793e-260	0	1
17.25	4	2	1.83405e-261	1.61544e-296	1.83405e-261	0	1
17.26	5	2.23607	3.79926e-262	3.2839e-297	3.79926e-262	0	1
17.28	2	1.41421	1.62039e-263	1.34956e-298	1.62039e-263	0	1
17.29	4	2	3.3362e-264	2.72834e-299	3.3362e-264	0	1
17.31	2	1.41421	1.4056e-265	1.10895e-300	1.4056e-265	0	1
17.33	4	2	5.87391e-267	4.47437e-302	5.87391e-267	0	1
17.34	5	2.23607	1.19711e-267	8.96282e-303	1.19711e-267	0	1
17.36	2	1.41421	4.94182e-269	3.57664e-304	4.94182e-269	0	1
17.37	2	1.41421	1.001e-269	7.12513e-305	1.001e-269	0	1
17.39	5	2.23607	4.08204e-271	2.81212e-306	4.08204e-271	0	1
17.4	3	1.73205	8.21808e-272	5.5713e-307	8.21808e-272	0	1
17.42	5	2.23607	3.31055e-273	2.17474e-308	3.31055e-273	0	1
17.44	3	1.73205	1.32278e-274	8.42684e-310	1.32278e-274	0	1
17.45	4	2	2.63605e-275	1.65423e-310	2.63605e-275	0	1
17.47	2	1.41421	1.04047e-276	6.33962e-312	1.04047e-276	0	1
17.48	2	1.41421	2.06081e-277	1.23765e-312	2.06081e-277	0	1
17.5	2	1.41421	8.03529e-279	4.69112e-314	8.03529e-279	0	1
17.52	3	1.73205	3.10759e-280	1.76506e-315	3.10759e-280	0	1
17.53	1	1	6.09264e-281	3.41418e-316	6.09264e-281	0	1
17.55	2	1.41421	2.32763e-282	1.26933e-317	2.32763e-282	0	1
17.56	3	1.73205	4.53567e-283	2.43063e-318	4.53567e-283	0	1
17.58	4	2	1.71174e-284	7.36553e-320	1.71174e-284	0	1
17.59	1	1	3.31519e-285	0	3.31519e-285	0	1
17.61	0	1	1.23592e-286	0	1.23592e-286	0	1
17.63	0	1	4.57019e-288	0	4.57019e-288	0	1
17.64	3	1.73205	8.76148e-289	0	8.76148e-289	0	1
17.66	2	1.41421	3.20043e-290	0	3.20043e-290	0	1
17.67	7	2.64575	6.0981e-291	0	6.0981e-291	0	1
17.69	1	1	2.20046e-292	0	2.20046e-292	0	1
17.71	3	1.73205	7.87569e-294	0	7.87569e-294	0	1
17.72	0	1	1.48542e-294	0	1.48542e-294	0	1
17.74	2	1.41421	5.25185e-296	0	5.25185e-296	0	1
17.75	4	2	9.84501e-297	0	9.84501e-297	0	1
17.77	2	1.41421	3.43849e-298	0	3.43849e-298	0	1
17.78	2	1.41421	6.40641e-299	0	6.40641e-299	0	1
17.8	2	1.41421	2.21031e-300	0	2.21031e-300	0	1
17.82	2	1.41421	7.56399e-302	0	7.56399e-302	0	1
17.83	2	1.41421	1.39499e-302	0	1.39499e-302	0	1
17.85	1	1	4.71581e-304	0	4.71581e-304	0	1
17.86	0	1	8.64412e-305	0	8.64412e-305	0	1
17.88	2	1.41421	2.88664e-306	0	2.88664e-306	0	1
17.89	2	1.41421	5.25898e-307	0	5.25898e-307	0	1
17.91	3	1.73205	1.73485e-308	0	1.73485e-308	0	1
17.93	1	1	5.67649e-310	0	5.67649e-310	0	1
17.94	2	1.41421	1.02367e-310	0	1.02367e-310	0	1
17.96	3	1.73205	3.30877e-312	0	3.30877e-312	0	1
17.97	1	1	5.93051e-313	0	5.93051e-313	0	1
17.99	1	1	1.89359e-314	0	1.89359e-314	0	1
18.01	0	1	5.99703e-316	0	5.99703e-316	0	1
18.02	1	1	1.06395e-316	0	1.06395e-316	0	1
18.04	0	1	3.32855e-318	0	3.32855e-318	0	1
18.05	4	2	5.86461e-319	0	5.86461e-319	0	1
18.07	2	1.41421	1.58496e-320	0	1.58496e-320	0	1
18.08	1	1	0	0	0	0	1
18.1	3	1.73205	0	0	0	0	1
18.12	1	1	0	0	0	0	1
18.13	0	1	0	0	0	0	1
18.15	3	1.73205	0	0	0	0	1
18.16	1	1	0	0	0	0	1
18.18	2	1.41421	0	0	0	0	1
18.2	1	1	0	0	0	0	1
18.21	2	1.41421	0	0	0	0	1
18.23	0	1	0	0	0	0	1
18.24	5	2.23607	0	0	0	0	1
18.26	1	1	0	0	0	0	1
18.27	3	1.73205	0	0	0	0	1
18.29	1	1	0	0	0	0	1
18.31	4	2	0	0	0	0	1
18.32	0	1	0	0	0	0	1
18.34	0	1	0	0	0	0	1
18.35	1	1	0	0	0	0	1
18.37	1	1	0	0	0	0	1
18.39	4	2	0	0	0	0	1
18.4	2	1.41421	0	0	0	0	1
18.42	2	1.41421	0	0	0	0	1
18.43	3	1.73205	0	0	0	0	1
18.45	0	1	0	0	0	0	1
18.46	1	1	0	0	0	0	1
18.48	4	2	0	0	0	0	1
18.5	0	1	0	0	0	0	1
18.51	0	1	0	0	0	0	1
18.53	2	1.41421	0	0	0	0	1
18.54	1	1	0	0	0	0	1
18.56	2	1.41421	0	0	0	0	1
18.58	1	1	0	0	0	0	1
18.59	1	1	0	0	0	0	1
18.61	1	1	0	0	0	0	1
18.62	0	1	0	0	0	0	1
18.64	1	1	0	0	0	0	1
18.65	2	1.41421	0	0	0	0	1
18.67	0	1	0	0	0	0	1
18.69	2	1.41421	0	0	0	0	1
18.7	1	1	0	0	0	0	1
18.72	1	1	0	0	0	0	1
18.73	2	1.41421	0	0	0	0	1
18.75	1	1	0	0	0	0	1
18.77	2	1.41421	0	0	0	0	1
18.78	1	1	0	0	0	0	1
18.8	0	1	0	0	0	0	1
18.81	1	1	0	0	0	0	1
18.83	2	1.41421	0	0	0	0	1
18.84	2	1.41421	0	0	0	0	1
18.86	1	1	0	0	0	0	1
18.88	0	1	0	0	0	0	1
18.89	1	1	0	0	0	0	1
18.91	0	1	0	0	0	0	1
18.92	0	1	0	0	0	0	1
18.94	3	1.73205	0	0	0	0	1
18.95	1	1	0	0	0	0	1
18.97	2	1.41421	0	0	0	0	1
18.99	2	1.41421	0	0	0	0	1
19	1	1	0	0	0	0	1
19.02	0	1	0	0	0	0	1
19.03	0	1	0	0	0	0	1
19.05	0	1	0	0	0	0	1
19.07	2	1.41421	0	0	0	0	1
19.08	2	1.41421	0	0	0	0	1
19.1	0	1	0	0	0	0	1
19.11	0	1	0	0	0	0	1
19.13	1	1	0	0	0	0	1
19.14	1	1	0	0	0	0	1
19.16	1	1	0	0	0	0	1
19.18	0	1	0	0	0	0	1
19.19	2	1.41421	0	0	0	0	1
19.21	0	1	0	0	0	0	1
19.22	0	1	0	0	0	0	1
19.24	1	1	0	0	0	0	1
19.26	0	1	0	0	0	0	1
19.27	1	1	0	0	0	0	1
19.29	1	1	0	0	0	0	1
19.3	2	1.41421	0	0	0	0	1
19.32	1	1	0	0	0	0	1
19.33	2	1.41421	0	0	0	0	1
19.35	1	1	0	0	0	0	1
19.37	0	1	0	0	0	0	1
19.38	0	1	0	0	0	0	1
19.4	1	1	0	0	0	0	1
19.41	0	1	0	0	0	0	1
19.43	2	1.41421	0	0	0	0	1
19.45	0	1	0	0	0	0	1
19.46	2	1.41421	0	0	0	0	1
19.48	0	1	0	0	0	0	1
19.49	1	1	0	0	0	0	1
19.51	4	2	0	0	0	0	1
19.52	0	1	0	0	0	0	1
19.54	1	1	0	0	0	0	1
19.56	1	1	0	0	0	0	1
19.57	0	1	0	0	0	0	1
19.59	2	1.41421	0	0	0	0	1
19.6	1	1	0	0	0	0	1
19.62	2	1.41421	0	0	0	0	1
19.64	0	1	0	0	0	0	1
19.65	0	1	0	0	0	0	1
19.67	2	1.41421	0	0	0	0	1
19.68	0	1	0	0	0	0	1
19.7	1	1	0	0	0	0	1
19.71	3	1.73205	0	0	0	0	1
19.73	2	1.41421	0	0	0	0	1
19.75	1	1	0	0	0	0	1
19.76	1	1	0	0	0	0	1
19.78	2	1.41421	0	0	0	0	1
19.79	1	1	0	0	0	0	1
19.81	2	1.41421	0	0	0	0	1
19.83	1	1	0	0	0	0	1
19.84	0	1	0	0	0	0	1
19.86	1	1	0	0	0	0	1
19.87	2	1.41421	0	0	0	0	1
19.89	2	1.41421	0	0	0	0	1
19.9	0	1	0	0	0	0	1
19.92	4	2	0	0	0	0	1
19.94	1	1	0	0	0	0	1
19.95	2	1.41421	0	0	0	0	1
19.97	1	1	0	0	0	0	1
19.98	4	2	0	0	0	0	1
20	0	1	0	0	0	0	1
20.02	0	1	0	0	0	0	1
20.03	2	1.41421	0	0	0	0	1
20.05	0	1	0	0	0	0	1
20.06	4	2	0	0	0	0	1
20.08	3	1.73205	0	0	0	0	1
20.09	0	1	0	0	0	0	1
20.11	1	1	0	0	0	0	1
20.13	2	1.41421	0	0	0	0	1
20.14	0	1	0	0	0	0	1
20.16	3	1.73205	0	0	0	0	1
20.17	2	1.41421	0	0	0	0	1
20.19	1	1	0	0	0	0	1
20.2	1	1	0	0	0	0	1
20.22	1	1	0	0	0	0	1
20.24	1	1	0	0	0	0	1
20.25	3	1.73205	0	0	0	0	1
20.27	2	1.41421	0	0	0	0	1
20.28	3	1.73205	0	0	0	0	1
20.3	0	1	0	0	0	0	1
20.32	0	1	0	0	0	0	1
20.33	2	1.41421	0	0	0	0	1
20.35	4	2	0	0	0	0	1
20.36	3	1.73205	0	0	0	0	1
20.38	1	1	0	0	0	0	1
20.39	0	1	0	0	0	0	1
20.41	0	1	0	0	0	0	1
20.43	0	1	0	0	0	0	1
20.44	2	1.41421	0	0	0	0	1
20.46	1	1	0	0	0	0	1
20.47	2	1.41421	0	0	0	0	1
20.49	3	1.73205	0	0	0	0	1
20.51	2	1.41421	0	0	0	0	1
20.52	1	1	0	0	0	0	1
20.54	1	1	0	0	0	0	1
20.55	1	1	0	0	0	0	1
20.57	1	1	0	0	0	0	1
20.58	2	1.41421	0	0	0	0	1
20.6	2	1.41421	0	0	0	0	1
20.62	1	1	0	0	0	0	1
20.63	2	1.41421	0	0	0	0	1
20.65	1	1	0	0	0	0	1
20.66	1	1	0	0	0	0	1
20.68	1	1	0	0	0	0	1
20.7	1	1	0	0	0	0	1
20.71	1	1	0	0	0	0	1
20.73	3	1.73205	0	0	0	0	1
20.74	0	1	0	0	0	0	1
20.76	0	1	0	0	0	0	1
20.77	1	1	0	0	0	0	1
20.79	0	1	0	0	0	0	1
20.81	1	1	0	0	0	0	1
20.82	3	1.73205	0	0	0	0	1
20.84	0	1	0	0	0	0	1
20.85	1	1	0	0	0	0	1
20.87	0	1	0	0	0	0	1
20.89	1	1	0	0	0	0	1
20.9	1	1	0	0	0	0	1
20.92	0	1	0	0	0	0	1
20.93	0	1	0	0	0	0	1
20.95	0	1	0	0	0	0	1
20.96	0	1	0	0	0	0	1
20.98	1	1	0	0	0	0	1
21	1	1	0	0	0	0	1
21.01	2	1.41421	0	0	0	0	1
21.03	1	1	0	0	0	0	1
21.04	1	1	0	0	0	0	1
21.06	0	1	0	0	0	0	1
21.08	0	1	0	0	0	0	1
21.09	2	1.41421	0	0	0	0	1
21.11	0	1	0	0	0	0	1
21.12	1	1	0	0	0	0	1
21.14	0	1	0	0	0	0	1
21.15	2	1.41421	0	0	0	0	1
21.17	1	1	0	0	0	0	1
21.19	1	1	0	0	0	0	1
21.2	1	1	0	0	0	0	1
21.22	0	1	0	0	0	0	1
21.23	3	1.73205	0	0	0	0	1
21.25	1	1	0	0	0	0	1
21.26	1	1	0	0	0	0	1
21.28	2	1.41421	0	0	0	0	1
21.3	0	1	0	0	0	0	1
21.31	0	1	0	0	0	0	1
21.33	0	1	0	0	0	0	1
21.34	0	1	0	0	0	0	1
21.36	1	1	0	0	0	0	1
21.38	1	1	0	0	0	0	1
21.39	0	1	0	0	0	0	1
21.41	2	1.41421	0	0	0	0	1
21.42	3	1.73205	0	0	0	0	1
21.44	2	1.41421	0	0	0	0	1
21.45	0	1	0	0	0	0	1
21.47	0	1	0	0	0	0	1
21.49	2	1.41421	0	0	0	0	1
21.5	2	1.41421	0	0	0	0	1
21.52	0	1	0	0	0	0	1
21.53	2	1.41421	0	0	0	0	1
21.55	4	2	0	0	0	0	1
21.57	0	1	0	0	0	0	1
21.58	2	1.41421	0	0	0	0	1
21.6	1	1	0	0	0	0	1
21.61	0	1	0	0	0	0	1
21.63	1	1	0	0	0	0	1
21.64	0	1	0	0	0	0	1
21.66	0	1	0	0	0	0	1
21.68	1	1	0	0	0	0	1
21.69	2	1.41421	0	0	0	0	1
21.71	2	1.41421	0	0	0	0	1
21.72	1	1	0	0	0	0	1
21.74	3	1.73205	0	0	0	0	1
21.76	0	1	0	0	0	0	1
21.77	1	1	0	0	0	0	1
21.79	2	1.41421	0	0	0	0	1
21.8	0	1	0	0	0	0	1
21.82	6	2.44949	0	0	0	0	1
21.83	2	1.41421	0	0	0	0	1
21.85	1	1	0	0	0	0	1
21.87	0	1	0	0	0	0	1
21.88	0	1	0	0	0	0	1
21.9	2	1.41421	0	0	0	0	1
21.91	0	1	0	0	0	0	1
21.93	0	1	0	0	0	0	1
21.95	0	1	0	0	0	0	1
21.96	1	1	0	0	0	0	1
21.98	0	1	0	0	0	0	1
21.99	1	1	0	0	0	0	1
22.01	2	1.41421	0	0	0	0	1
22.02	1	1	0	0	0	0	1
22.04	0	1	0	0	0	0	1
22.06	0	1	0	0	0	0	1
22.07	1	1	0	0	0	0	1
22.09	2	1.41421	0	0	0	0	1
22.1	3	1.73205	0	0	0	0	1
22.12	0	1	0	0	0	0	1
22.14	0	1	0	0	0	0	1
22.15	0	1	0	0	0	0	1
22.17	0	1	0	0	0	0	1
22.18	4	2	0	0	0	0	1
22.2	2	1.41421	0	0	0	0	1
22.21	1	1	0	0	0	0	1
22.23	0	1	0	0	0	0	1
22.25	1	1	0	0	0	0	1
22.26	0	1	0	0	0	0	1
22.28	0	1	0	0	0	0	1
22.29	2	1.41421	0	0	0	0	1
22.31	1	1	0	0	0	0	1
22.32	3	1.73205	0	0	0	0	1
22.34	1	1	0	0	0	0	1
22.36	1	1	0	0	0	0	1
22.37	0	1	0	0	0	0	1
22.39	0	1	0	0	0	0	1
22.4	1	1	0	0	0	0	1
22.42	1	1	0	0	0	0	1
22.44	1	1	0	0	0	0	1
22.45	1	1	0	0	0	0	1
22.47	0	1	0	0	0	0	1
22.48	0	1	0	0	0	0	1
22.5	1	1	0	0	0	0	1
22.51	0	1	0	0	0	0	1
22.53	0	1	0	0	0	0	1
22.55	0	1	0	0	0	0	1
22.56	0	1	0	0	0	0	1
22.58	2	1.41421	0	0	0	0	1
22.59	3	1.73205	0	0	0	0	1
22.61	0	1	0	0	0	0	1
22.63	1	1	0	0	0	0	1
22.64	0	1	0	0	0	0	1
22.66	1	1	0	0	0	0	1
22.67	0	1	0	0	0	0	1
22.69	0	1	0	0	0	0	1
22.7	0	1	0	0	0	0	1
22.72	1	1	0	0	0	0	1
22.74	0	1	0	0	0	0	1
22.75	3	1.73205	0	0	0	0	1
22.77	3	1.73205	0	0	0	0	1
22.78	0	1	0	0	0	0	1
22.8	1	1	0	0	0	0	1
22.82	0	1	0	0	0	0	1
22.83	0	1	0	0	0	0	1
22.85	0	1	0	0	0	0	1
22.86	0	1	0	0	0	0	1
22.88	2	1.41421	0	0	0	0	1
22.89	0	1	0	0	0	0	1
22.91	2	1.41421	0	0	0	0	1
22.93	1	1	0	0	0	0	1
22.94	1	1	0	0	0	0	1
22.96	0	1	0	0	0	0	1
22.97	0	1	0	0	0	0	1
22.99	0	1	0	0	0	0	1
23.01	0	1	0	0	0	0	1
23.02	1	1	0	0	0	0	1
23.04	0	1	0	0	0	0	1
23.05	0	1	0	0	0	0	1
23.07	1	1	0	0	0	0	1
23.08	2	1.41421	0	0	0	0	1
23.1	0	1	0	0	0	0	1
23.12	1	1	0	0	0	0	1
23.13	1	1	0	0	0	0	1
23.15	0	1	0	0	0	0	1
23.16	1	1	0	0	0	0	1
23.18	0	1	0	0	0	0	1
23.2	0	1	0	0	0	0	1
23.21	1	1	0	0	0	0	1
23.23	1	1	0	0	0	0	1
23.24	1	1	0	0	0	0	1
23.26	2	1.41421	0	0	0	0	1
23.27	0	1	0	0	0	0	1
23.29	0	1	0	0	0	0	1
23.31	0	1	0	0	0	0	1
23.32	0	1	0	0	0	0	1
23.34	1	1	0	0	0	0	1
23.35	0	1	0	0	0	0	1
23.37	2	1.41421	0	0	0	0	1
23.38	0	1	0	0	0	0	1
23.4	1	1	0	0	0	0	1
23.42	0	1	0	0	0	0	1
23.43	1	1	0	0	0	0	1
23.45	1	1	0	0	0	0	1
23.46	0	1	0	0	0	0	1
23.48	0	1	0	0	0	0	1
23.5	1	1	0	0	0	0	1
23.51	1	1	0	0	0	0	1
23.53	0	1	0	0	0	0	1
23.54	1	1	0	0	0	0	1
23.56	0	1	0	0	0	0	1
23.57	0	1	0	0	0	0	1
23.59	1	1	0	0	0	0	1
23.61	0	1	0	0	0	0	1
23.62	0	1	0	0	0	0	1
23.64	1	1	0	0	0	0	1
23.65	0	1	0	0	0	0	1
23.67	0	1	0	0	0	0	1
23.69	0	1	0	0	0	0	1
23.7	0	1	0	0	0	0	1
23.72	0	1	0	0	0	0	1
23.73	1	1	0	0	0	0	1
23.75	0	1	0	0	0	0	1
23.76	0	1	0	0	0	0	1
23.78	0	1	0	0	0	0	1
23.8	1	1	0	0	0	0	1
23.81	0	1	0	0	0	0	1
23.83	0	1	0	0	0	0	1
23.84	1	1	0	0	0	0	1
23.86	1	1	0	0	0	0	1
23.88	0	1	0	0	0	0	1
23.89	2	1.41421	0	0	0	0	1
23.91	3	1.73205	0	0	0	0	1
23.92	0	1	0	0	0	0	1
23.94	0	1	0	0	0	0	1
23.95	1	1	0	0	0	0	1
23.97	0	1	0	0	0	0	1
23.99	0	1	0	0	0	0	1
24	1	1	0	0	0	0	1
24.02	0	1	0	0	0	0	1
24.03	0	1	0	0	0	0	1
24.05	1	1	0	0	0	0	1
24.07	1	1	0	0	0	0	1
24.08	2	1.41421	0	0	0	0	1
24.1	1	1	0	0	0	0	1
24.11	1	1	0	0	0	0	1
24.13	0	1	0	0	0	0	1
24.14	0	1	0	0	0	0	1
24.16	1	1	0	0	0	0	1
24.18	0	1	0	0	0	0	1
24.19	0	1	0	0	0	0	1
24.21	0	1	0	0	0	0	1
24.22	0	1	0	0	0	0	1
24.24	1	1	0	0	0	0	1
24.26	0	1	0	0	0	0	1
24.27	0	1	0	0	0	0	1
24.29	2	1.41421	0	0	0	0	1
24.3	0	1	0	0	0	0	1
24.32	0	1	0	0	0	0	1
24.33	1	1	0	0	0	0	1
24.35	1	1	0	0	0	0	1
24.37	0	1	0	0	0	0	1
24.38	1	1	0	0	0	0	1
24.4	0	1	0	0	0	0	1
24.41	2	1.41421	0	0	0	0	1
24.43	0	1	0	0	0	0	1
24.45	4	2	0	0	0	0	1
24.46	0	1	0	0	0	0	1
24.48	1	1	0	0	0	0	1
24.49	2	1.41421	0	0	0	0	1
24.51	1	1	0	0	0	0	1
24.52	0	1	0	0	0	0	1
24.54	1	1	0	0	0	0	1
24.56	0	1	0	0	0	0	1
24.57	1	1	0	0	0	0	1
24.59	0	1	0	0	0	0	1
24.6	1	1	0	0	0	0	1
24.62	0	1	0	0	0	0	1
24.63	0	1	0	0	0	0	1
24.65	1	1	0	0	0	0	1
24.67	1	1	0	0	0	0	1
24.68	1	1	0	0	0	0	1
24.7	0	1	0	0	0	0	1
24.71	0	1	0	0	0	0	1
24.73	0	1	0	0	0	0	1
24.75	0	1	0	0	0	0	1
24.76	0	1	0	0	0	0	1
24.78	0	1	0	0	0	0	1
24.79	2	1.41421	0	0	0	0	1
24.81	1	1	0	0	0	0	1
24.82	1	1	0	0	0	0	1
24.84	1	1	0	0	0	0	1
24.86	0	1	0	0	0	0	1
24.87	2	1.41421	0	0	0	0	1
24.89	0	1	0	0	0	0	1
24.9	0	1	0	0	0	0	1
24.92	0	1	0	0	0	0	1
24.94	1	1	0	0	0	0	1
24.95	0	1	0	0	0	0	1
24.97	1	1	0	0	0	0	1
24.98	0	1	0	0	0	0	1
25	0	1	0	0	0	0	1
25.01	1	1	0	0	0	0	1
25.03	2	1.41421	0	0	0	0	1
25.05	0	1	0	0	0	0	1
25.06	1	1	0	0	0	0	1
25.08	1	1	0	0	0	0	1
25.09	0	1	0	0	0	0	1
25.11	0	1	0	0	0	0	1
25.13	1	1	0	0	0	0	1
25.14	1	1	0	0	0	0	1
25.16	1	1	0	0	0	0	1
25.17	0	1	0	0	0	0	1
25.19	1	1	0	0	0	0	1
25.2	0	1	0	0	0	0	1
25.22	0	1	0	0	0	0	1
25.24	3	1.73205	0	0	0	0	1
25.25	0	1	0	0	0	0	1
25.27	1	1	0	0	0	0	1
25.28	1	1	0	0	0	0	1
25.3	2	1.41421	0	0	0	0	1
25.32	1	1	0	0	0	0	1
25.33	2	1.41421	0	0	0	0	1
25.35	0	1	0	0	0	0	1
25.36	0	1	0	0	0	0	1
25.38	0	1	0	0	0	0	1
25.39	1	1	0	0	0	0	1
25.41	0	1	0	0	0	0	1
25.43	0	1	0	0	0	0	1
25.44	0	1	0	0	0	0	1
25.46	1	1	0	0	0	0	1
25.47	0	1	0	0	0	0	1
25.49	0	1	0	0	0	0	1
25.51	0	1	0	0	0	0	1
25.52	0	1	0	0	0	0	1
25.54	1	1	0	0	0	0	1
25.55	0	1	0	0	0	0	1
25.57	1	1	0	0	0	0	1
25.58	0	1	0	0	0	0	1
25.6	1	1	0	0	0	0	1
25.62	1	1	0	0	0	0	1
25.63	0	1	0	0	0	0	1
25.65	0	1	0	0	0	0	1
25.66	1	1	0	0	0	0	1
25.68	1	1	0	0	0	0	1
25.69	0	1	0	0	0	0	1
25.71	1	1	0	0	0	0	1
25.73	0	1	0	0	0	0	1
25.74	0	1	0	0	0	0	1
25.76	1	1	0	0	0	0	1
25.77	0	1	0	0	0	0	1
25.79	1	1	0	0	0	0	1
25.81	2	1.41421	0	0	0	0	1
25.82	1	1	0	0	0	0	1
25.84	0	1	0	0	0	0	1
25.85	0	1	0	0	0	0	1
25.87	2	1.41421	0	0	0	0	1
25.88	0	1	0	0	0	0	1
25.9	0	1	0	0	0	0	1
25.92	1	1	0	0	0	0	1
25.93	0	1	0	0	0	0	1
25.95	0	1	0	0	0	0	1
25.96	0	1	0	0	0	0	1
25.98	1	1	0	0	0	0	1
26	1	1	0	0	0	0	1
26.01	2	1.41421	0	0	0	0	1
26.03	0	1	0	0	0	0	1
26.04	0	1	0	0	0	0	1
26.06	1	1	0	0	0	0	1
26.07	0	1	0	0	0	0	1
26.09	1	1	0	0	0	0	1
26.11	0	1	0	0	0	0	1
26.12	0	1	0	0	0	0	1
26.14	0	1	0	0	0	0	1
26.15	0	1	0	0	0	0	1
26.17	1	1	0	0	0	0	1
26.19	0	1	0	0	0	0	1
26.2	0	1	0	0	0	0	1
26.22	0	1	0	0	0	0	1
26.23	1	1	0	0	0	0	1
26.25	1	1	0	0	0	0	1
26.26	0	1	0	0	0	0	1
26.28	0	1	0	0	0	0	1
26.3	0	1	0	0	0	0	1
26.31	1	1	0	0	0	0	1
26.33	1	1	0	0	0	0	1
26.34	2	1.41421	0	0	0	0	1
26.36	1	1	0	0	0	0	1
26.38	0	1	0	0	0	0	1
26.39	0	1	0	0	0	0	1
26.41	2	1.41421	0	0	0	0	1
26.42	0	1	0	0	0	0	1
26.44	1	1	0	0	0	0	1
26.45	0	1	0	0	0	0	1
26.47	0	1	0	0	0	0	1
26.49	2	1.41421	0	0	0	0	1
26.5	0	1	0	0	0	0	1
26.52	0	1	0	0	0	0	1
26.53	0	1	0	0	0	0	1
26.55	0	1	0	0	0	0	1
26.57	0	1	0	0	0	0	1
26.58	0	1	0	0	0	0	1
26.6	0	1	0	0	0	0	1
26.61	0	1	0	0	0	0	1
26.63	1	1	0	0	0	0	1
26.64	1	1	0	0	0	0	1
26.66	0	1	0	0	0	0	1
26.68	0	1	0	0	0	0	1
26.69	0	1	0	0	0	0	1
26.71	0	1	0	0	0	0	1
26.72	0	1	0	0	0	0	1
26.74	0	1	0	0	0	0	1
26.75	0	1	0	0	0	0	1
26.77	0	1	0	0	0	0	1
26.79	0	1	0	0	0	0	1
26.8	0	1	0	0	0	0	1
26.82	0	1	0	0	0	0	1
26.83	0	1	0	0	0	0	1
26.85	0	1	0	0	0	0	1
26.87	0	1	0	0	0	0	1
26.88	0	1	0	0	0	0	1
26.9	0	1	0	0	0	0	1
26.91	0	1	0	0	0	0	1
26.93	0	1	0	0	0	0	1
26.94	0	1	0	0	0	0	1
26.96	0	1	0	0	0	0	1
26.98	0	1	0	0	0	0	1
26.99	0	1	0	0	0	0	1
27.01	1	1	0	0	0	0	1
27.02	0	1	0	0	0	0	1
27.04	0	1	0	0	0	0	1
27.06	0	1	0	0	0	0	1
27.07	0	1	0	0	0	0	1
27.09	1	1	0	0	0	0	1
27.1	0	1	0	0	0	0	1
27.12	0	1	0	0	0	0	1
27.13	1	1	0	0	0	0	1
27.15	2	1.41421	0	0	0	0	1
27.17	1	1	0	0	0	0	1
27.18	1	1	0	0	0	0	1
27.2	1	1	0	0	0	0	1
27.21	0	1	0	0	0	0	1
27.23	0	1	0	0	0	0	1
27.25	1	1	0	0	0	0	1
27.26	0	1	0	0	0	0	1
27.28	0	1	0	0	0	0	1
27.29	0	1	0	0	0	0	1
27.31	0	1	0	0	0	0	1
27.32	0	1	0	0	0	0	1
27.34	0	1	0	0	0	0	1
27.36	1	1	0	0	0	0	1
27.37	0	1	0	0	0	0	1
27.39	0	1	0	0	0	0	1
27.4	0	1	0	0	0	0	1
27.42	0	1	0	0	0	0	1
27.44	0	1	0	0	0	0	1
27.45	1	1	0	0	0	0	1
27.47	1	1	0	0	0	0	1
27.48	0	1	0	0	0	0	1
27.5	0	1	0	0	0	0	1
27.51	1	1	0	0	0	0	1
27.53	0	1	0	0	0	0	1
27.55	1	1	0	0	0	0	1
27.56	0	1	0	0	0	0	1
27.58	0	1	0	0	0	0	1
27.59	2	1.41421	0	0	0	0	1
27.61	0	1	0	0	0	0	1
27.63	0	1	0	0	0	0	1
27.64	0	1	0	0	0	0	1
27.66	0	1	0	0	0	0	1
27.67	0	1	0	0	0	0	1
27.69	0	1	0	0	0	0	1
27.7	0	1	0	0	0	0	1
27.72	0	1	0	0	0	0	1
27.74	0	1	0	0	0	0	1
27.75	0	1	0	0	0	0	1
27.77	0	1	0	0	0	0	1
27.78	0	1	0	0	0	0	1
27.8	0	1	0	0	0	0	1
27.81	0	1	0	0	0	0	1
27.83	1	1	0	0	0	0	1
27.85	0	1	0	0	0	0	1
27.86	0	1	0	0	0	0	1
27.88	0	1	0	0	0	0	1
27.89	1	1	0	0	0	0	1
27.91	0	1	0	0	0	0	1
27.93	0	1	0	0	0	0	1
27.94	0	1	0	0	0	0	1
27.96	0	1	0	0	0	0	1
27.97	0	1	0	0	0	0	1
27.99	0	1	0	0	0	0	1
28	0	1	0	0	0	0	1
28.02	0	1	0	0	0	0	1
28.04	0	1	0	0	0	0	1
28.05	0	1	0	0	0	0	1
28.07	0	1	0	0	0	0	1
28.08	0	1	0	0	0	0	1
28.1	1	1	0	0	0	0	1
28.12	1	1	0	0	0	0	1
28.13	1	1	0	0	0	0	1
28.15	0	1	0	0	0	0	1
28.16	0	1	0	0	0	0	1
28.18	1	1	0	0	0	0	1
28.19	1	1	0	0	0	0	1
28.21	0	1	0	0	0	0	1
28.23	0	1	0	0	0	0	1
28.24	0	1	0	0	0	0	1
28.26	0	1	0	0	0	0	1
28.27	0	1	0	0	0	0	1
28.29	0	1	0	0	0	0	1
28.31	0	1	0	0	0	0	1
28.32	0	1	0	0	0	0	1
28.34	0	1	0	0	0	0	1
28.35	0	1	0	0	0	0	1
28.37	0	1	0	0	0	0	1
28.38	0	1	0	0	0	0	1
28.4	1	1	0	0	0	0	1
28.42	0	1	0	0	0	0	1
28.43	0	1	0	0	0	0	1
28.45	0	1	0	0	0	0	1
28.46	0	1	0	0	0	0	1
28.48	0	1	0	0	0	0	1
28.5	0	1	0	0	0	0	1
28.51	0	1	0	0	0	0	1
28.53	0	1	0	0	0	0	1
28.54	0	1	0	0	0	0	1
28.56	0	1	0	0	0	0	1
28.57	0	1	0	0	0	0	1
28.59	1	1	0	0	0	0	1
28.61	0	1	0	0	0	0	1
28.62	1	1	0	0	0	0	1
28.64	0	1	0	0	0	0	1
28.65	0	1	0	0	0	0	1
28.67	2	1.41421	0	0	0	0	1
28.69	0	1	0	0	0	0	1
28.7	0	1	0	0	0	0	1
28.72	1	1	0	0	0	0	1
28.73	0	1	0	0	0	0	1
28.75	0	1	0	0	0	0	1
28.76	0	1	0	0	0	0	1
28.78	0	1	0	0	0	0	1
28.8	0	1	0	0	0	0	1
28.81	0	1	0	0	0	0	1
28.83	0	1	0	0	0	0	1
28.84	1	1	0	0	0	0	1
28.86	0	1	0	0	0	0	1
28.88	0	1	0	0	0	0	1
28.89	0	1	0	0	0	0	1
28.91	0	1	0	0	0	0	1
28.92	0	1	0	0	0	0	1
28.94	0	1	0	0	0	0	1
28.95	0	1	0	0	0	0	1
28.97	1	1	0	0	0	0	1
28.99	0	1	0	0	0	0	1
29	1	1	0	0	0	0	1
29.02	0	1	0	0	0	0	1
29.03	0	1	0	0	0	0	1
29.05	0	1	0	0	0	0	1
29.06	1	1	0	0	0	0	1
29.08	0	1	0	0	0	0	1
29.1	0	1	0	0	0	0	1
29.11	0	1	0	0	0	0	1
29.13	0	1	0	0	0	0	1
29.14	0	1	0	0	0	0	1
29.16	0	1	0	0	0	0	1
29.18	0	1	0	0	0	0	1
29.19	0	1	0	0	0	0	1
29.21	0	1	0	0	0	0	1
29.22	0	1	0	0	0	0	1
29.24	0	1	0	0	0	0	1
29.25	1	1	0	0	0	0	1
29.27	0	1	0	0	0	0	1
29.29	0	1	0	0	0	0	1
29.3	0	1	0	0	0	0	1
29.32	0	1	0	0	0	0	1
29.33	0	1	0	0	0	0	1
29.35	0	1	0	0	0	0	1
29.37	0	1	0	0	0	0	1
29.38	0	1	0	0	0	0	1
29.4	0	1	0	0	0	0	1
29.41	0	1	0	0	0	0	1
29.43	0	1	0	0	0	0	1
29.44	0	1	0	0	0	0	1
29.46	0	1	0	0	0	0	1
29.48	0	1	0	0	0	0	1
29.49	0	1	0	0	0	0	1
29.51	0	1	0	0	0	0	1
29.52	0	1	0	0	0	0	1
29.54	0	1	0	0	0	0	1
29.56	0	1	0	0	0	0	1
29.57	0	1	0	0	0	0	1
29.59	0	1	0	0	0	0	1
29.6	0	1	0	0	0	0	1
29.62	0	1	0	0	0	0	1
29.63	0	1	0	0	0	0	1
29.65	0	1	0	0	0	0	1
29.67	0	1	0	0	0	0	1
29.68	0	1	0	0	0	0	1
29.7	0	1	0	0	0	0	1
29.71	0	1	0	0	0	0	1
29.73	0	1	0	0	0	0	1
29.75	0	1	0	0	0	0	1
29.76	0	1	0	0	0	0	1
29.78	0	1	0	0	0	0	1
29.79	0	1	0	0	0	0	1
29.81	0	1	0	0	0	0	1
29.82	0	1	0	0	0	0	1
29.84	0	1	0	0	0	0	1
29.86	0	1	0	0	0	0	1
29.87	0	1	0	0	0	0	1
29.89	0	1	0	0	0	0	1
29.9	0	1	0	0	0	0	1
29.92	0	1	0	0	0	0	1
29.94	0	1	0	0	0	0	1
29.95	0	1	0	0	0	0	1
29.97	0	1	0	0	0	0	1
29.98	0	1	0	0	0	0	1
30	0	1	0	0	0	0	1
30.01	0	1	0	0	0	0	1
30.03	0	1	0	0	0	0	1
30.05	0	1	0	0	0	0	1
30.06	0	1	0	0	0	0	1
30.08	0	1	0	0	0	0	1
30.09	0	1	0	0	0	0	1
30.11	0	1	0	0	0	0	1
30.12	0	1	0	0	0	0	1
30.14	0	1	0	0	0	0	1
30.16	0	1	0	0	0	0	1
30.17	0	1	0	0	0	0	1
30.19	0	1	0	0	0	0	1
30.2	0	1	0	0	0	0	1
30.22	0	1	0	0	0	0	1
30.24	0	1	0	0	0	0	1
30.25	0	1	0	0	0	0	1
30.27	0	1	0	0	0	0	1
30.28	1	1	0	0	0	0	1
30.3	0	1	0	0	0	0	1
30.31	1	1	0	0	0	0	1
30.33	0	1	0	0	0	0	1
30.35	0	1	0	0	0	0	1
30.36	0	1	0	0	0	0	1
30.38	0	1	0	0	0	0	1
30.39	0	1	0	0	0	0	1
30.41	0	1	0	0	0	0	1
30.43	0	1	0	0	0	0	1
30.44	0	1	0	0	0	0	1
30.46	0	1	0	0	0	0	1
30.47	0	1	0	0	0	0	1
30.49	0	1	0	0	0	0	1
30.5	0	1	0	0	0	0	1
30.52	0	1	0	0	0	0	1
30.54	0	1	0	0	0	0	1
30.55	0	1	0	0	0	0	1
30.57	0	1	0	0	0	0	1
30.58	1	1	0	0	0	0	1
30.6	0	1	0	0	0	0	1
30.62	0	1	0	0	0	0	1
30.63	0	1	0	0	0	0	1
30.65	0	1	0	0	0	0	1
30.66	0	1	0	0	0	0	1
30.68	0	1	0	0	0	0	1
30.69	0	1	0	0	0	0	1
30.71	0	1	0	0	0	0	1
30.73	0	1	0	0	0	0	1
30.74	0	1	0	0	0	0	1
30.76	0	1	0	0	0	0	1
30.77	0	1	0	0	0	0	1
30.79	0	1	0	0	0	0	1
30.81	0	1	0	0	0	0	1
30.82	0	1	0	0	0	0	1
30.84	0	1	0	0	0	0	1
30.85	0	1	0	0	0	0	1
30.87	0	1	0	0	0	0	1
30.88	0	1	0	0	0	0	1
30.9	0	1	0	0	0	0	1
30.92	0	1	0	0	0	0	1
30.93	0	1	0	0	0	0	1
30.95	0	1	0	0	0	0	1
30.96	0	1	0	0	0	0	1
30.98	0	1	0	0	0	0	1
31	0	1	0	0	0	0	1
31.01	0	1	0	0	0	0	1
31.03	0	1	0	0	0	0	1
31.04	0	1	0	0	0	0	1
31.06	0	1	0	0	0	0	1
31.07	0	1	0	0	0	0	1
31.09	0	1	0	0	0	0	1
31.11	0	1	0	0	0	0	1
31.12	0	1	0	0	0	0	1
31.14	0	1	0	0	0	0	1
31.15	0	1	0	0	0	0	1
31.17	0	1	0	0	0	0	1
31.18	0	1	0	0	0	0	1
31.2	0	1	0	0	0	0	1
31.22	0	1	0	0	0	0	1
31.23	0	1	0	0	0	0	1
31.25	0	1	0	0	0	0	1
31.26	0	1	0	0	0	0	1
31.28	0	1	0	0	0	0	1
31.3	1	1	0	0	0	0	1
31.31	0	1	0	0	0	0	1
31.33	0	1	0	0	0	0	1
31.34	0	1	0	0	0	0	1
31.36	0	1	0	0	0	0	1
31.37	0	1	0	0	0	0	1
31.39	0	1	0	0	0	0	1
31.41	0	1	0	0	0	0	1
31.42	0	1	0	0	0	0	1
31.44	0	1	0	0	0	0	1
31.45	0	1	0	0	0	0	1
31.47	0	1	0	0	0	0	1
31.49	0	1	0	0	0	0	1
31.5	0	1	0	0	0	0	1
31.52	0	1	0	0	0	0	1
31.53	0	1	0	0	0	0	1
31.55	0	1	0	0	0	0	1
31.56	0	1	0	0	0	0	1
31.58	0	1	0	0	0	0	1
31.6	0	1	0	0	0	0	1
31.61	0	1	0	0	0	0	1
31.63	0	1	0	0	0	0	1
31.64	0	1	0	0	0	0	1
31.66	0	1	0	0	0	0	1
31.68	0	1	0	0	0	0	1
31.69	0	1	0	0	0	0	1
31.71	0	1	0	0	0	0	1
31.72	0	1	0	0	0	0	1
31.74	0	1	0	0	0	0	1
31.75	0	1	0	0	0	0	1
31.77	0	1	0	0	0	0	1
31.79	0	1	0	0	0	0	1
31.8	0	1	0	0	0	0	1
31.82	0	1	0	0	0	0	1
31.83	0	1	0	0	0	0	1
31.85	0	1	0	0	0	0	1
31.87	0	1	0	0	0	0	1
31.88	0	1	0	0	0	0	1
31.9	0	1	0	0	0	0	1
31.91	0	1	0	0	0	0	1
31.93	0	1	0	0	0	0	1
31.94	0	1	0	0	0	0	1
31.96	0	1	0	0	0	0	1
31.98	0	1	0	0	0	0	1
31.99	0	1	0	0	0	0	1
32.01	0	1	0	0	0	0	1
32.02	0	1	0	0	0	0	1
32.04	0	1	0	0	0	0	1
32.06	0	1	0	0	0	0	1
32.07	0	1	0	0	0	0	1
32.09	0	1	0	0	0	0	1
32.1	1	1	0	0	0	0	1
32.12	0	1	0	0	0	0	1
32.13	0	1	0	0	0	0	1
32.15	0	1	0	0	0	0	1
32.17	0	1	0	0	0	0	1
32.18	0	1	0	0	0	0	1
32.2	0	1	0	0	0	0	1
32.21	0	1	0	0	0	0	1
32.23	0	1	0	0	0	0	1
32.24	0	1	0	0	0	0	1
32.26	0	1	0	0	0	0	1
32.28	0	1	0	0	0	0	1
32.29	0	1	0	0	0	0	1
32.31	0	1	0	0	0	0	1
32.32	0	1	0	0	0	0	1
32.34	0	1	0	0	0	0	1
32.36	0	1	0	0	0	0	1
32.37	0	1	0	0	0	0	1
32.39	0	1	0	0	0	0	1
32.4	0	1	0	0	0	0	1
32.42	0	1	0	0	0	0	1
32.43	-1	1	0	0	0	0	1
