# exported by fityk 0.8.7
#10-X:x	10-X:y	10-X:s	10-X:F(x)	10-X:%_1(x)	10-X:%_5(x)	10-X:a
0.79	0	1	4.91592e-159	4.91592e-159	4.77129e-264	1
0.81	0	1	4.63554e-158	4.63554e-158	1.27667e-262	1
0.82	0	1	1.41986e-157	1.41986e-157	6.58202e-262	1
0.84	0	1	1.32534e-156	1.32534e-156	1.73798e-260	1
0.86	0	1	1.22877e-155	1.22877e-155	4.54872e-259	1
0.87	0	1	3.73195e-155	3.73195e-155	2.31938e-258	1
0.89	0	1	3.42503e-154	3.42503e-154	5.99045e-257	1
0.9	0	1	1.03497e-153	1.03497e-153	3.03434e-256	1
0.92	0	1	9.40246e-153	9.40246e-153	7.73381e-255	1
0.93	0	1	2.82681e-152	2.82681e-152	3.89152e-254	1
0.95	0	1	2.54214e-151	2.54214e-151	9.78792e-253	1
0.97	0	1	2.2707e-150	2.2707e-150	2.44019e-251	1
0.98	0	1	6.7692e-150	6.7692e-150	1.21437e-250	1
1	0	1	5.9853e-149	5.9853e-149	2.98762e-249	1
1.01	0	1	1.77524e-148	1.77524e-148	1.47697e-248	1
1.03	0	1	1.55379e-147	1.55379e-147	3.58583e-247	1
1.05	0	1	1.35078e-146	1.35078e-146	8.62914e-246	1
1.06	0	1	3.97265e-146	3.97265e-146	4.21908e-245	1
1.08	0	1	3.4187e-145	3.4187e-145	1.00193e-243	1
1.09	0	1	1.00034e-144	1.00034e-144	4.8664e-243	1
1.11	0	1	8.52151e-144	8.52151e-144	1.14043e-241	1
1.12	0	1	2.48083e-143	2.48083e-143	5.50252e-241	1
1.14	2	1.41421	2.09196e-142	2.09196e-142	1.27252e-239	1
1.16	0	1	1.75213e-141	1.75213e-141	2.91697e-238	1
1.17	1	1	5.0579e-141	5.0579e-141	1.39195e-237	1
1.19	2	1.41421	4.19345e-140	4.19345e-140	3.14871e-236	1
1.2	3	1.73205	1.20439e-139	1.20439e-139	1.49261e-235	1
1.22	5	2.23607	9.88455e-139	9.88455e-139	3.33193e-234	1
1.24	11	3.31662	8.05756e-138	8.05756e-138	7.37236e-233	1
1.25	24	4.89898	2.29469e-137	2.29469e-137	3.45639e-232	1
1.27	25	5	1.85164e-136	1.85164e-136	7.54702e-231	1
1.28	31	5.56776	5.24651e-136	5.24651e-136	3.51489e-230	1
1.3	15	3.87298	4.19075e-135	4.19075e-135	7.57368e-229	1
1.31	22	4.69042	1.18141e-134	1.18141e-134	3.50401e-228	1
1.33	20	4.47214	9.34129e-134	9.34129e-134	7.45078e-227	1
1.35	32	5.65685	7.33624e-133	7.33624e-133	1.57036e-225	1
1.36	25	5	2.05071e-132	2.05071e-132	7.18554e-225	1
1.38	24	4.89898	1.59425e-131	1.59425e-131	1.49451e-223	1
1.39	17	4.12311	4.43385e-131	4.43385e-131	6.79329e-223	1
1.41	19	4.3589	3.4121e-130	3.4121e-130	1.39432e-221	1
1.42	19	4.3589	9.44145e-130	9.44145e-130	6.29598e-221	1
1.44	28	5.2915	7.19228e-129	7.19228e-129	1.27523e-219	1
1.46	25	5	5.44193e-128	5.44193e-128	2.5602e-218	1
1.47	24	4.89898	1.49311e-127	1.49311e-127	1.14334e-217	1
1.49	18	4.24264	1.11832e-126	1.11832e-126	2.26519e-216	1
1.5	18	4.24264	3.05281e-126	3.05281e-126	1.00491e-215	1
1.52	23	4.79583	2.2634e-125	2.2634e-125	1.96471e-214	1
1.54	18	4.24264	1.66679e-124	1.66679e-124	3.8074e-213	1
1.55	29	5.38516	4.51166e-124	4.51166e-124	1.67053e-212	1
1.57	17	4.12311	3.28884e-123	3.28884e-123	3.19468e-211	1
1.58	31	5.56776	8.85711e-123	8.85711e-123	1.39243e-210	1
1.6	14	3.74166	6.39125e-122	6.39125e-122	2.62778e-209	1
1.61	28	5.2915	1.71249e-121	1.71249e-121	1.13777e-208	1
1.63	17	4.12311	1.22324e-120	1.22324e-120	2.11891e-207	1
1.65	26	5.09902	8.67859e-120	8.67859e-120	3.91139e-206	1
1.66	30	5.47723	2.30577e-119	2.30577e-119	1.67495e-205	1
1.68	24	4.89898	1.61935e-118	1.61935e-118	3.05113e-204	1
1.69	24	4.89898	4.28057e-118	4.28057e-118	1.29793e-203	1
1.71	29	5.38516	2.97587e-117	2.97587e-117	2.33321e-202	1
1.73	25	5	2.05488e-116	2.05488e-116	4.15735e-201	1
1.74	20	4.47214	5.38603e-116	5.38603e-116	1.74908e-200	1
1.76	25	5	3.68152e-115	3.68152e-115	3.07549e-199	1
1.77	20	4.47214	9.60072e-115	9.60072e-115	1.28537e-198	1
1.79	24	4.89898	6.49606e-114	6.49606e-114	2.23036e-197	1
1.8	9	3	1.68547e-113	1.68547e-113	9.25996e-197	1
1.82	14	3.74166	1.12889e-112	1.12889e-112	1.58562e-195	1
1.84	22	4.69042	7.51008e-112	7.51008e-112	2.69122e-194	1
1.85	23	4.79583	1.93213e-111	1.93213e-111	1.10506e-193	1
1.87	27	5.19615	1.27238e-110	1.27238e-110	1.85088e-192	1
1.88	25	5	3.25688e-110	3.25688e-110	7.54979e-192	1
1.9	15	3.87298	2.12309e-109	2.12309e-109	1.24787e-190	1
1.92	16	4	1.37465e-108	1.37465e-108	2.0444e-189	1
1.93	15	3.87298	3.489e-108	3.489e-108	8.24753e-189	1
1.95	21	4.58258	2.23621e-107	2.23621e-107	1.3334e-187	1
1.96	17	4.12311	5.64697e-107	5.64697e-107	5.34369e-187	1
1.98	23	4.79583	3.58273e-106	3.58273e-106	8.52553e-186	1
1.99	15	3.87298	9.00141e-106	9.00141e-106	3.39408e-185	1
2.01	18	4.24264	5.65323e-105	5.65323e-105	5.34372e-184	1
2.03	15	3.87298	3.52647e-104	3.52647e-104	8.33926e-183	1
2.04	27	5.19615	8.78536e-104	8.78536e-104	3.28344e-182	1
2.06	16	4	5.42489e-103	5.42489e-103	5.05656e-181	1
2.07	14	3.74166	1.34463e-102	1.34463e-102	1.97778e-180	1
2.09	19	4.3589	8.21906e-102	8.21906e-102	3.0057e-179	1
2.11	21	4.58258	4.98998e-101	4.98998e-101	4.52766e-178	1
2.12	15	3.87298	1.22641e-100	1.22641e-100	1.75145e-177	1
2.14	14	3.74166	7.37052e-100	7.37052e-100	2.60357e-176	1
2.15	26	5.09902	1.8023e-099	1.8023e-099	1.0005e-175	1
2.17	13	3.60555	1.07221e-098	1.07221e-098	1.46767e-174	1
2.18	16	4	2.60856e-098	2.60856e-098	5.60267e-174	1
2.2	17	4.12311	1.53617e-097	1.53617e-097	8.11054e-173	1
2.22	18	4.24264	8.98538e-097	8.98538e-097	1.16377e-171	1
2.23	19	4.3589	2.16761e-096	2.16761e-096	4.39374e-171	1
2.25	18	4.24264	1.25506e-095	1.25506e-095	6.22146e-170	1
2.26	15	3.87298	3.01234e-095	3.01234e-095	2.33336e-169	1
2.28	19	4.3589	1.72654e-094	1.72654e-094	3.26048e-168	1
2.3	25	5	9.8289e-094	9.8289e-094	4.51589e-167	1
2.31	14	3.74166	2.3392e-093	2.3392e-093	1.67507e-166	1
2.33	17	4.12311	1.31821e-092	1.31821e-092	2.28948e-165	1
2.34	27	5.19615	3.12132e-092	3.12132e-092	8.43625e-165	1
2.36	25	5	1.74118e-091	1.74118e-091	1.13788e-163	1
2.37	20	4.47214	4.10196e-091	4.10196e-091	4.16513e-163	1
2.39	14	3.74166	2.26507e-090	2.26507e-090	5.5439e-162	1
2.41	15	3.87298	1.24232e-089	1.24232e-089	7.31415e-161	1
2.42	14	3.74166	2.90204e-089	2.90204e-089	2.64788e-160	1
2.44	13	3.60555	1.57558e-088	1.57558e-088	3.44738e-159	1
2.45	23	4.79583	3.66189e-088	3.66189e-088	1.23978e-158	1
2.47	21	4.58258	1.96802e-087	1.96802e-087	1.59286e-157	1
2.48	7	2.64575	4.5508e-087	4.5508e-087	5.69056e-157	1
2.5	19	4.3589	2.42102e-086	2.42102e-086	7.21489e-156	1
2.52	26	5.09902	1.27929e-085	1.27929e-085	9.06704e-155	1
2.53	16	4	2.93326e-085	2.93326e-085	3.20364e-154	1
2.55	22	4.69042	1.53429e-084	1.53429e-084	3.97303e-153	1
2.56	15	3.87298	3.50011e-084	3.50011e-084	1.39451e-152	1
2.58	12	3.4641	1.81228e-083	1.81228e-083	1.70664e-151	1
2.6	16	4	9.32025e-083	9.32025e-083	2.07025e-150	1
2.61	24	4.89898	2.10827e-082	2.10827e-082	7.1866e-150	1
2.63	15	3.87298	1.07328e-081	1.07328e-081	8.60294e-149	1
2.64	17	4.12311	2.41549e-081	2.41549e-081	2.96667e-148	1
2.66	21	4.58258	1.21726e-080	1.21726e-080	3.50457e-147	1
2.67	17	4.12311	2.72563e-080	2.72563e-080	1.20054e-146	1
2.69	13	3.60555	1.35966e-079	1.35966e-079	1.39954e-145	1
2.71	21	4.58258	6.73679e-079	6.73679e-079	1.61716e-144	1
2.72	17	4.12311	1.49576e-078	1.49576e-078	5.47896e-144	1
2.74	16	4	7.33619e-078	7.33619e-078	6.24754e-143	1
2.75	27	5.19615	1.62058e-077	1.62058e-077	2.10269e-142	1
2.77	25	5	7.86807e-077	7.86807e-077	2.36607e-141	1
2.79	14	3.74166	3.79422e-076	3.79422e-076	2.63901e-140	1
2.8	29	5.38516	8.31088e-076	8.31088e-076	8.78433e-140	1
2.82	13	3.60555	3.96724e-075	3.96724e-075	9.66862e-139	1
2.83	19	4.3589	8.64583e-075	8.64583e-075	3.19708e-138	1
2.85	27	5.19615	4.08541e-074	4.08541e-074	3.47257e-137	1
2.86	19	4.3589	8.85824e-074	8.85824e-074	1.14067e-136	1
2.88	32	5.65685	4.14346e-073	4.14346e-073	1.22264e-135	1
2.9	12	3.4641	1.92503e-072	1.92503e-072	1.29898e-134	1
2.91	16	4	4.13878e-072	4.13878e-072	4.22e-134	1
2.93	20	4.47214	1.90342e-071	1.90342e-071	4.42442e-133	1
2.94	14	3.74166	4.07157e-071	4.07157e-071	1.42787e-132	1
2.96	24	4.89898	1.85358e-070	1.85358e-070	1.47732e-131	1
2.98	14	3.74166	8.38143e-070	8.38143e-070	1.51503e-130	1
2.99	28	5.2915	1.77774e-069	1.77774e-069	4.83564e-130	1
3.01	16	4	7.95725e-069	7.95725e-069	4.89375e-129	1
3.02	10	3.16228	1.67922e-068	1.67922e-068	1.55166e-128	1
3.04	18	4.24264	7.44028e-068	7.44028e-068	1.54963e-127	1
3.05	26	5.09902	1.56216e-067	1.56216e-067	4.88094e-127	1
3.07	10	3.16228	6.85166e-067	6.85166e-067	4.81034e-126	1
3.09	14	3.74166	2.98485e-066	2.98485e-066	4.69905e-125	1
3.1	21	4.58258	6.21417e-066	6.21417e-066	1.46382e-124	1
3.12	32	5.65685	2.67977e-065	2.67977e-065	1.41112e-123	1
3.13	13	3.60555	5.55075e-065	5.55075e-065	4.36678e-123	1
3.15	22	4.69042	2.36948e-064	2.36948e-064	4.15412e-122	1
3.17	21	4.58258	1.00465e-063	1.00465e-063	3.91705e-121	1
3.18	13	3.60555	2.06343e-063	2.06343e-063	1.19883e-120	1
3.2	15	3.87298	8.66039e-063	8.66039e-063	1.11553e-119	1
3.21	23	4.79583	1.76973e-062	1.76973e-062	3.39157e-119	1
3.23	13	3.60555	7.35262e-062	7.35262e-062	3.11433e-118	1
3.24	21	4.58258	1.49488e-061	1.49488e-061	9.40603e-118	1
3.26	12	3.4641	6.14792e-061	6.14792e-061	8.52338e-117	1
3.28	13	3.60555	2.51135e-060	2.51135e-060	7.65558e-116	1
3.29	17	4.12311	5.06284e-060	5.06284e-060	2.28677e-115	1
3.31	20	4.47214	2.04721e-059	2.04721e-059	2.02689e-114	1
3.32	15	3.87298	4.10622e-059	4.10622e-059	6.01444e-114	1
3.34	18	4.24264	1.6436e-058	1.6436e-058	5.26073e-113	1
3.36	27	5.19615	6.53445e-058	6.53445e-058	4.56097e-112	1
3.37	16	4	1.29961e-057	1.29961e-057	1.33852e-111	1
3.39	22	4.69042	5.1146e-057	5.1146e-057	1.14519e-110	1
3.4	27	5.19615	1.01206e-056	1.01206e-056	3.33861e-110	1
3.42	30	5.47723	3.94271e-056	3.94271e-056	2.81878e-109	1
3.43	18	4.24264	7.76221e-056	7.76221e-056	8.16337e-109	1
3.45	13	3.60555	2.99337e-055	2.99337e-055	6.80154e-108	1
3.47	27	5.19615	1.14655e-054	1.14655e-054	5.61703e-107	1
3.48	20	4.47214	2.23823e-054	2.23823e-054	1.60885e-106	1
3.5	21	4.58258	8.48643e-054	8.48643e-054	1.31117e-105	1
3.51	26	5.09902	1.64828e-053	1.64828e-053	3.73069e-105	1
3.53	23	4.79583	6.18641e-053	6.18641e-053	3.00035e-104	1
3.54	27	5.19615	1.19547e-052	1.19547e-052	8.48055e-104	1
3.56	30	5.47723	4.44154e-052	4.44154e-052	6.73053e-103	1
3.58	17	4.12311	1.63903e-051	1.63903e-051	5.29463e-102	1
3.59	25	5	3.14057e-051	3.14057e-051	1.48009e-101	1
3.61	35	5.91608	1.14722e-050	1.14722e-050	1.14899e-100	1
3.62	31	5.56776	2.18708e-050	2.18708e-050	3.19075e-100	1
3.64	30	5.47723	7.90846e-050	7.90846e-050	2.44435e-099	1
3.66	30	5.47723	2.84038e-049	2.84038e-049	1.85607e-098	1
3.67	30	5.47723	5.36928e-049	5.36928e-049	5.09767e-098	1
3.69	36	6	1.90892e-048	1.90892e-048	3.81984e-097	1
3.7	44	6.63325	3.59022e-048	3.59022e-048	1.04218e-096	1
3.72	46	6.78233	1.26352e-047	1.26352e-047	7.70652e-096	1
3.73	40	6.32456	2.36433e-047	2.36433e-047	2.0887e-095	1
3.75	36	6	8.23673e-047	8.23673e-047	1.52417e-094	1
3.77	31	5.56776	2.8501e-046	2.8501e-046	1.10244e-093	1
3.78	35	5.91608	5.28821e-046	5.28821e-046	2.95511e-093	1
3.8	42	6.48074	1.81135e-045	1.81135e-045	2.10928e-092	1
3.81	46	6.78233	3.34383e-045	3.34383e-045	5.61663e-092	1
3.83	28	5.2915	1.13377e-044	1.13377e-044	3.95621e-091	1
3.85	45	6.7082	3.81822e-044	3.81822e-044	2.76213e-090	1
3.86	36	6	6.98919e-044	6.98919e-044	7.27422e-090	1
3.88	35	5.91608	2.32998e-043	2.32998e-043	5.01179e-089	1
3.89	33	5.74456	4.24337e-043	4.24337e-043	1.31116e-088	1
3.91	43	6.55744	1.40031e-042	1.40031e-042	8.91467e-088	1
3.92	54	7.34847	2.53733e-042	2.53733e-042	2.31681e-087	1
3.94	30	5.47723	8.2885e-042	8.2885e-042	1.55446e-086	1
3.96	31	5.56776	2.68926e-041	2.68926e-041	1.03379e-085	1
3.97	41	6.40312	4.8318e-041	4.8318e-041	2.65716e-085	1
3.99	27	5.19615	1.55187e-040	1.55187e-040	1.74386e-084	1
4	35	5.91608	2.77411e-040	2.77411e-040	4.45266e-084	1
4.02	30	5.47723	8.81973e-040	8.81973e-040	2.88374e-083	1
4.04	34	5.83095	2.78513e-039	2.78513e-039	1.8512e-082	1
4.05	31	5.56776	4.93671e-039	4.93671e-039	4.67478e-082	1
4.07	42	6.48074	1.54318e-038	1.54318e-038	2.96142e-081	1
4.08	29	5.38516	2.72145e-038	2.72145e-038	7.42901e-081	1
4.1	40	6.32456	8.42104e-038	8.42104e-038	4.64421e-080	1
4.11	34	5.83095	1.47756e-037	1.47756e-037	1.15735e-079	1
4.13	37	6.08276	4.52582e-037	4.52582e-037	7.1398e-079	1
4.15	39	6.245	1.37692e-036	1.37692e-036	4.36587e-078	1
4.16	20	4.47214	2.39557e-036	2.39557e-036	1.07603e-077	1
4.18	31	5.56776	7.21451e-036	7.21451e-036	6.49306e-077	1
4.19	24	4.89898	1.24883e-035	1.24883e-035	1.58973e-076	1
4.21	30	5.47723	3.72295e-035	3.72295e-035	9.46655e-076	1
4.23	22	4.69042	1.10238e-034	1.10238e-034	5.58755e-075	1
4.24	33	5.74456	1.89212e-034	1.89212e-034	1.353e-074	1
4.26	29	5.38516	5.54598e-034	5.54598e-034	7.88077e-074	1
4.27	24	4.89898	9.47089e-034	9.47089e-034	1.89568e-073	1
4.29	25	5	2.74794e-033	2.74794e-033	1.08963e-072	1
4.3	29	5.38516	4.66889e-033	4.66889e-033	2.60373e-072	1
4.32	31	5.56776	1.34097e-032	1.34097e-032	1.4769e-071	1
4.34	25	5	3.82544e-032	3.82544e-032	8.30365e-071	1
4.35	28	5.2915	6.4448e-032	6.4448e-032	1.9624e-070	1
4.37	32	5.65685	1.81995e-031	1.81995e-031	1.0888e-069	1
4.38	24	4.89898	3.05057e-031	3.05057e-031	2.55615e-069	1
4.4	26	5.09902	8.52744e-031	8.52744e-031	1.39955e-068	1
4.42	24	4.89898	2.36763e-030	2.36763e-030	7.59539e-068	1
4.43	28	5.2915	3.93513e-030	3.93513e-030	1.76357e-067	1
4.45	24	4.89898	1.08154e-029	1.08154e-029	9.44488e-067	1
4.46	30	5.47723	1.78846e-029	1.78846e-029	2.17851e-066	1
4.48	29	5.38516	4.86575e-029	4.86575e-029	1.15135e-065	1
4.49	22	4.69042	8.00538e-029	8.00538e-029	2.63809e-065	1
4.51	24	4.89898	2.15595e-028	2.15595e-028	1.37587e-064	1
4.53	25	5	5.76706e-028	5.76706e-028	7.11258e-064	1
4.54	21	4.58258	9.40826e-028	9.40826e-028	1.61181e-063	1
4.56	26	5.09902	2.49122e-027	2.49122e-027	8.22251e-063	1
4.57	32	5.65685	4.04353e-027	4.04353e-027	1.85102e-062	1
4.59	20	4.47214	1.05986e-026	1.05986e-026	9.31847e-062	1
4.6	23	4.79583	1.71156e-026	1.71156e-026	2.08388e-061	1
4.62	24	4.89898	4.44088e-026	4.44088e-026	1.03526e-060	1
4.64	22	4.69042	1.14447e-025	1.14447e-025	5.09782e-060	1
4.65	26	5.09902	1.83261e-025	1.83261e-025	1.12749e-059	1
4.67	17	4.12311	4.67511e-025	4.67511e-025	5.47889e-059	1
4.68	22	4.69042	7.44818e-025	7.44818e-025	1.20377e-058	1
4.7	24	4.89898	1.88088e-024	1.88088e-024	5.77249e-058	1
4.72	19	4.3589	4.71768e-024	4.71768e-024	2.74376e-057	1
4.73	22	4.69042	7.45263e-024	7.45263e-024	5.96208e-057	1
4.75	27	5.19615	1.8504e-023	1.8504e-023	2.79655e-056	1
4.76	24	4.89898	2.9083e-023	2.9083e-023	6.03663e-056	1
4.78	21	4.58258	7.14796e-023	7.14796e-023	2.79422e-055	1
4.79	23	4.79583	1.11776e-022	1.11776e-022	5.99176e-055	1
4.81	18	4.24264	2.71944e-022	2.71944e-022	2.73693e-054	1
4.83	26	5.09902	6.57155e-022	6.57155e-022	1.23917e-053	1
4.84	15	3.87298	1.01896e-021	1.01896e-021	2.62802e-053	1
4.86	26	5.09902	2.43744e-021	2.43744e-021	1.17419e-052	1
4.87	19	4.3589	3.76027e-021	3.76027e-021	2.47375e-052	1
4.89	26	5.09902	8.90392e-021	8.90392e-021	1.09071e-051	1
4.91	21	4.58258	2.09412e-020	2.09412e-020	4.76677e-051	1
4.92	22	4.69042	3.20339e-020	3.20339e-020	9.93213e-051	1
4.94	31	5.56776	7.45791e-020	7.45791e-020	4.28351e-050	1
4.95	20	4.47214	1.13506e-019	1.13506e-019	8.86622e-050	1
4.97	23	4.79583	2.61585e-019	2.61585e-019	3.77344e-049	1
4.98	31	5.56776	3.96103e-019	3.96103e-019	7.75885e-049	1
5	18	4.24264	9.03629e-019	9.03629e-019	3.25866e-048	1
5.02	20	4.47214	2.04753e-018	2.04753e-018	1.35657e-047	1
5.03	20	4.47214	3.07431e-018	3.07431e-018	2.75869e-047	1
5.05	35	5.91608	6.89566e-018	6.89566e-018	1.1333e-046	1
5.06	21	4.58258	1.03012e-017	1.03012e-017	2.28944e-046	1
5.08	18	4.24264	2.28719e-017	2.28719e-017	9.28145e-046	1
5.1	21	4.58258	5.044e-017	5.044e-017	3.72961e-045	1
5.11	20	4.47214	7.47152e-017	7.47152e-017	7.45157e-045	1
5.13	16	4	1.63106e-016	1.63106e-016	2.95486e-044	1
5.14	22	4.69042	2.40379e-016	2.40379e-016	5.86466e-044	1
5.16	18	4.24264	5.19451e-016	5.19451e-016	2.29496e-043	1
5.17	26	5.09902	7.61667e-016	7.61667e-016	4.52481e-043	1
5.19	21	4.58258	1.6293e-015	1.6293e-015	1.74733e-042	1
5.21	24	4.89898	3.46173e-015	3.46173e-015	6.6882e-042	1
5.22	18	4.24264	5.03312e-015	5.03312e-015	1.30418e-041	1
5.24	31	5.56776	1.05857e-014	1.05857e-014	4.92622e-041	1
5.25	23	4.79583	1.53128e-014	1.53128e-014	9.54252e-041	1
5.27	28	5.2915	3.18803e-014	3.18803e-014	3.55698e-040	1
5.29	21	4.58258	6.59248e-014	6.59248e-014	1.3142e-039	1
5.3	29	5.38516	9.45602e-014	9.45602e-014	2.51775e-039	1
5.32	24	4.89898	1.93563e-013	1.93563e-013	9.17984e-039	1
5.33	36	6	2.76233e-013	2.76233e-013	1.74706e-038	1
5.35	28	5.2915	5.59726e-013	5.59726e-013	6.28595e-038	1
5.36	29	5.38516	7.94736e-013	7.94736e-013	1.1884e-037	1
5.38	31	5.56776	1.59408e-012	1.59408e-012	4.21959e-037	1
5.4	24	4.89898	3.17583e-012	3.17583e-012	1.48504e-036	1
5.41	32	5.65685	4.47122e-012	4.47122e-012	2.77672e-036	1
5.43	47	6.85565	8.81779e-012	8.81779e-012	9.64365e-036	1
5.44	30	5.47723	1.23516e-011	1.23516e-011	1.79125e-035	1
5.46	38	6.16441	2.41126e-011	2.41126e-011	6.13915e-035	1
5.48	32	5.65685	4.67544e-011	4.67544e-011	2.08555e-034	1
5.49	29	5.38516	6.49394e-011	6.49394e-011	3.83123e-034	1
5.51	32	5.65685	1.24645e-010	1.24645e-010	1.28438e-033	1
5.52	32	5.65685	1.72248e-010	1.72248e-010	2.34386e-033	1
5.54	37	6.08276	3.27271e-010	3.27271e-010	7.75404e-033	1
5.55	39	6.245	4.49967e-010	4.49967e-010	1.40568e-032	1
5.57	40	6.32456	8.46293e-010	8.46293e-010	4.58908e-032	1
5.59	42	6.48074	1.58095e-009	1.58095e-009	1.485e-031	1
5.6	30	5.47723	2.15534e-009	2.15534e-009	2.66248e-031	1
5.62	39	6.245	3.98567e-009	3.98567e-009	8.50215e-031	1
5.63	32	5.65685	5.40619e-009	5.40619e-009	1.5143e-030	1
5.65	48	6.9282	9.8961e-009	9.8961e-009	4.77194e-030	1
5.67	29	5.38516	1.79927e-008	1.79927e-008	1.49053e-029	1
5.68	43	6.55744	2.41996e-008	2.41996e-008	2.62557e-029	1
5.7	44	6.63325	4.35538e-008	4.35538e-008	8.09303e-029	1
5.71	48	6.9282	5.82817e-008	5.82817e-008	1.41617e-028	1
5.73	42	6.48074	1.03834e-007	1.03834e-007	4.3077e-028	1
5.74	50	7.07107	1.38241e-007	1.38241e-007	7.48808e-028	1
5.76	48	6.9282	2.43798e-007	2.43798e-007	2.24772e-027	1
5.78	48	6.9282	4.27053e-007	4.27053e-007	6.68767e-027	1
5.79	33	5.74456	5.63773e-007	5.63773e-007	1.14975e-026	1
5.81	36	6	9.77558e-007	9.77558e-007	3.3758e-026	1
5.82	34	5.83095	1.28398e-006	1.28398e-006	5.76534e-026	1
5.84	49	7	2.20386e-006	2.20386e-006	1.67048e-025	1
5.85	30	5.47723	2.88001e-006	2.88001e-006	2.83407e-025	1
5.87	52	7.2111	4.89336e-006	4.89336e-006	8.10344e-025	1
5.89	45	6.7082	8.25806e-006	8.25806e-006	2.29662e-024	1
5.9	51	7.14143	1.07007e-005	1.07007e-005	3.85354e-024	1
5.92	40	6.32456	1.78759e-005	1.78759e-005	1.07776e-023	1
5.93	40	6.32456	2.3046e-005	2.3046e-005	1.79644e-023	1
5.95	42	6.48074	3.81101e-005	3.81101e-005	4.95813e-023	1
5.97	45	6.7082	6.25957e-005	6.25957e-005	1.35639e-022	1
5.98	50	7.07107	8.0019e-005	8.0019e-005	2.23603e-022	1
6	52	7.2111	0.000130102	0.000130102	6.03649e-022	1
6.01	33	5.74456	0.000165473	0.000165473	9.8855e-022	1
6.03	36	6	0.000266321	0.000266321	2.63359e-021	1
6.04	29	5.38516	0.000337009	0.000337009	4.28433e-021	1
6.06	41	6.40312	0.000536916	0.000536916	1.12635e-020	1
6.08	33	5.74456	0.000849631	0.000849631	2.93513e-020	1
6.09	48	6.9282	0.00106608	0.00106608	4.72242e-020	1
6.11	50	7.07107	0.00166994	0.00166994	1.21439e-019	1
6.12	43	6.55744	0.00208474	0.00208474	1.94096e-019	1
6.14	41	6.40312	0.00323259	0.00323259	4.92554e-019	1
6.16	46	6.78233	0.0049786	0.0049786	1.23895e-018	1
6.17	42	6.48074	0.00616286	0.00616286	1.95845e-018	1
6.19	39	6.245	0.00939562	0.00939562	4.8613e-018	1
6.2	36	6	0.0115716	0.0115716	7.63366e-018	1
6.22	47	6.85565	0.0174633	0.0174633	1.86988e-017	1
6.23	37	6.08276	0.0213987	0.0213987	2.91687e-017	1
6.25	46	6.78233	0.0319673	0.0319673	7.05084e-017	1
6.27	39	6.245	0.0474332	0.0474332	1.68938e-016	1
6.28	47	6.85565	0.0576325	0.0576325	2.60633e-016	1
6.3	37	6.08276	0.0846507	0.0846507	6.1625e-016	1
6.31	37	6.08276	0.102332	0.102332	9.44455e-016	1
6.33	48	6.9282	0.148785	0.148785	2.20369e-015	1
6.35	34	5.83095	0.214867	0.214867	5.09661e-015	1
6.36	32	5.65685	0.257555	0.257555	7.72516e-015	1
6.38	43	6.55744	0.368186	0.368186	1.76311e-014	1
6.39	42	6.48074	0.439098	0.439098	2.65477e-014	1
6.41	44	6.63325	0.621363	0.621363	5.97918e-014	1
6.42	49	7	0.737283	0.737283	8.94354e-014	1
6.44	45	6.7082	1.03277	1.03277	1.98777e-013	1
6.46	53	7.28011	1.43692	1.43692	4.3791e-013	1
6.47	45	6.7082	1.69062	1.69062	6.4782e-013	1
6.49	42	6.48074	2.32842	2.32842	1.40836e-012	1
6.5	50	7.07107	2.72563	2.72563	2.06969e-012	1
6.52	41	6.40312	3.71595	3.71595	4.44025e-012	1
6.54	54	7.34847	5.0319	5.0319	9.44214e-012	1
6.55	42	6.48074	5.84062	5.84062	1.37234e-011	1
6.57	50	7.07107	7.82903	7.82903	2.87984e-011	1
6.58	57	7.54983	9.04127	9.04127	4.15797e-011	1
6.6	56	7.48331	11.9968	11.9968	8.61051e-011	1
6.61	55	7.4162	13.7842	13.7842	1.23499e-010	1
6.63	48	6.9282	18.1052	18.1052	2.52379e-010	1
6.65	67	8.18535	23.6203	23.6203	5.11215e-010	1
6.66	83	9.11043	26.9106	26.9106	7.25169e-010	1
6.68	70	8.3666	34.753	34.753	1.44955e-009	1
6.69	91	9.53939	39.3934	39.3934	2.04263e-009	1
6.71	96	9.79796	50.3593	50.3593	4.02924e-009	1
6.73	92	9.59166	63.9431	63.9431	7.87807e-009	1
6.74	98	9.89949	71.87	71.87	1.09794e-008	1
6.76	103	10.1489	90.3336	90.3336	2.11844e-008	1
6.77	129	11.3578	101.018	101.018	2.93289e-008	1
6.79	168	12.9615	125.686	125.686	5.58439e-008	1
6.8	171	13.0767	139.839	139.839	7.68027e-008	1
6.82	158	12.5698	172.228	172.228	1.44311e-007	1
6.84	227	15.0665	210.687	210.687	2.68771e-007	1
6.85	297	17.2337	232.435	232.435	3.65581e-007	1
6.87	240	15.4919	281.464	281.464	6.71908e-007	1
6.88	316	17.7764	308.944	308.944	9.07889e-007	1
6.9	363	19.0526	370.33	370.33	1.64665e-006	1
6.91	452	21.2603	404.427	404.427	2.21026e-006	1
6.93	450	21.2132	479.884	479.884	3.95598e-006	1
6.95	516	22.7156	565.575	565.575	7.01818e-006	1
6.96	621	24.9199	612.441	612.441	9.31688e-006	1
6.98	689	26.2488	714.506	714.506	1.63111e-005	1
6.99	701	26.4764	769.792	769.792	2.15105e-005	1
7.01	877	29.6142	889.001	889.001	3.71625e-005	1
7.03	890	29.8329	1019.74	1019.74	6.36386e-005	1
7.04	1017	31.8904	1089.38	1089.38	8.30021e-005	1
7.06	1165	34.1321	1236.95	1236.95	0.000140264	1
7.07	1339	36.5923	1314.73	1314.73	0.000181734	1
7.09	1451	38.092	1477.74	1477.74	0.000303066	1
7.1	1787	42.2729	1562.7	1562.7	0.000390074	1
7.12	1663	40.7799	1738.7	1738.7	0.000641933	1
7.14	1746	41.7852	1921.46	1921.46	0.00104711	1
7.15	1934	43.9773	2014.8	2014.8	0.00133292	1
7.17	2173	46.6154	2204.07	2204.07	0.00214561	1
7.18	2251	47.4447	2299.43	2299.43	0.00271321	1
7.2	2386	48.8467	2490.01	2490.01	0.00430994	1
7.22	2702	51.9808	2678.19	2678.18	0.00678609	1
7.23	2691	51.8748	2770.5	2770.49	0.008487	1
7.25	2785	52.7731	2949.75	2949.74	0.013187	1
7.26	3155	56.1694	3035.96	3035.95	0.0163833	1
7.28	3039	55.1271	3199.72	3199.69	0.0251208	1
7.29	3488	59.0593	3276.54	3276.51	0.0310035	1
7.31	3262	57.1139	3418.37	3418.32	0.0469121	1
7.33	3601	60.0083	3542.26	3542.19	0.0703593	1
7.34	3601	60.0083	3596.74	3596.66	0.0858815	1
7.36	3992	63.1823	3689.44	3689.31	0.127109	1
7.37	3385	58.1808	3727.21	3727.05	0.154126	1
7.39	3800	61.6441	3784.65	3784.42	0.225111	1
7.41	3808	61.709	3817.06	3816.73	0.325896	1
7.42	3854	62.0806	3823.66	3823.27	0.390823	1
7.44	4034	63.5138	3817.49	3816.93	0.558346	1
7.45	3751	61.2454	3804.75	3804.09	0.665159	1
7.47	3959	62.9206	3760.33	3759.39	0.937758	1
7.48	4046	63.6082	3728.86	3727.75	1.10977	1
7.5	3525	59.3717	3648.25	3646.71	1.54398	1
7.52	3761	61.327	3545.47	3543.34	2.12917	1
7.53	3475	58.9491	3486.4	3483.9	2.49204	1
7.55	3449	58.7282	3354.32	3350.93	3.39129	1
7.56	3407	58.3695	3281.97	3278.02	3.94304	1
7.58	3249	57	3126.33	3121.03	5.29522	1
7.6	3136	56	2958.55	2951.5	7.04852	1
7.61	3081	55.5068	2871.05	2862.94	8.10523	1
7.63	2604	51.0294	2690.71	2680.06	10.6469	1
7.64	2557	50.5668	2598.63	2586.47	12.1621	1
7.66	2437	49.366	2412.54	2396.77	15.7655	1
7.67	2375	48.734	2319.24	2301.35	17.8903	1
7.69	2190	46.7974	2133.89	2111.01	22.8853	1
7.71	1856	43.0813	1952.35	1923.33	29.0174	1
7.72	1887	43.4396	1863.76	1831.19	32.5664	1
7.74	1701	41.2432	1692.27	1651.52	40.7486	1
7.75	1459	38.1969	1609.87	1564.44	45.4302	1
7.77	1469	38.3275	1452.78	1396.68	56.0958	1
7.79	1217	34.8855	1307.15	1238.5	68.6558	1
7.8	1244	35.2704	1239	1163.3	75.7026	1
7.82	1074	32.7719	1112.55	1021.11	91.4322	1
7.83	960	30.9839	1054.4	954.253	100.151	1
7.85	874	29.5635	948.522	829.155	119.367	1
7.86	983	31.3528	900.821	770.936	129.885	1
7.88	661	25.7099	815.866	663.098	152.768	1
7.9	710	26.6458	744.595	566.493	178.101	1
7.91	682	26.1151	713.942	522.276	191.666	1
7.93	665	25.7876	662.183	441.677	220.506	1
7.94	625	25	640.871	405.139	235.732	1
7.96	557	23.6008	606.784	339.153	267.631	1
7.97	628	25.0599	593.741	309.52	284.221	1
7.99	581	24.1039	574.92	256.488	318.432	1
8.01	551	23.4734	564.729	211.108	353.621	1
8.02	591	24.3105	562.453	191.038	371.414	1
8.04	542	23.2809	562.674	155.648	407.026	1
8.05	625	25	564.82	140.137	424.682	1
8.07	660	25.6905	572.294	113.023	459.271	1
8.09	574	23.9583	582.846	90.5389	492.307	1
8.1	606	24.6171	588.848	80.829	508.019	1
8.12	707	26.5895	601.484	64.095	537.389	1
8.13	568	23.8328	607.806	56.9311	550.875	1
8.15	655	25.593	619.736	44.6883	575.048	1
8.16	637	25.2389	625.077	39.4924	585.584	1
8.18	663	25.7488	633.915	30.6863	603.229	1
8.2	676	26	639.62	23.6829	615.937	1
8.21	606	24.6171	641.084	20.7528	620.331	1
8.23	646	25.4165	640.911	15.8545	625.057	1
8.24	627	25.04	639.179	13.8226	625.357	1
8.26	622	24.9399	632.275	10.4533	621.821	1
8.28	614	24.779	620.717	7.85192	612.865	1
8.29	591	24.3105	613.21	6.78788	606.422	1
8.31	631	25.1197	594.863	5.04712	589.816	1
8.32	563	23.7276	584.1	4.34106	579.759	1
8.34	516	22.7156	559.651	3.19516	556.456	1
8.35	536	23.1517	546.088	2.73425	543.354	1
8.37	522	22.8473	516.637	1.99215	514.645	1
8.39	434	20.8327	484.606	1.44167	483.164	1
8.4	470	21.6795	467.827	1.2233	466.604	1
8.42	479	21.8861	433.168	0.876319	432.292	1
8.43	364	19.0788	415.457	0.739817	414.717	1
8.45	392	19.799	379.684	0.524616	379.16	1
8.47	333	18.2483	343.97	0.369502	343.601	1
8.48	357	18.8944	326.319	0.309315	326.01	1
8.5	295	17.1756	291.76	0.215657	291.544	1
8.51	245	15.6525	274.97	0.179614	274.791	1
8.53	249	15.7797	242.627	0.123963	242.503	1
8.54	231	15.1987	227.16	0.102722	227.058	1
8.56	191	13.8203	197.81	0.0701778	197.74	1
8.58	178	13.3417	170.74	0.0476206	170.692	1
8.59	135	11.619	158.103	0.0391281	158.064	1
8.61	153	12.3693	134.673	0.0262828	134.646	1
8.62	155	12.4499	123.883	0.0214862	123.861	1
8.64	105	10.247	104.135	0.0142866	104.121	1
8.66	87	9.32738	86.7662	0.00943532	86.7567	1
8.67	68	8.24621	78.9383	0.00764834	78.9307	1
8.69	65	8.06226	64.9062	0.00500014	64.9012	1
8.7	56	7.48331	58.6605	0.00403262	58.6565	1
8.72	55	7.4162	47.598	0.00260969	47.5954	1
8.73	39	6.245	42.7337	0.00209405	42.7316	1
8.75	36	6	34.2182	0.00134146	34.2168	1
8.77	27	5.19615	27.1585	0.000853541	27.1576	1
8.78	27	5.19615	24.1152	0.000679118	24.1145	1
8.8	17	4.12311	18.8878	0.00042774	18.8874	1
8.81	25	5	16.6605	0.000338606	16.6602	1
8.83	14	3.74166	12.8772	0.000211114	12.877	1
8.85	16	4	9.86548	0.000130737	9.86535	1
8.86	11	3.31662	8.6065	0.00010262	8.6064	1
8.88	8	2.82843	6.50676	6.29074e-005	6.5067	1
8.89	5	2.23607	5.6389	4.91284e-005	5.63885	1
8.91	6	2.44949	4.20702	2.98117e-005	4.20699	1
8.92	9	3	3.62181	2.31639e-005	3.62179	1
8.94	6	2.44949	2.66654	1.39141e-005	2.66653	1
8.96	2	1.41421	1.94595	8.30145e-006	1.94595	1
8.97	3	1.73205	1.65686	6.39589e-006	1.65685	1
8.99	2	1.41421	1.19319	3.77736e-006	1.19319	1
9	1	1	1.00922	2.89554e-006	1.00921	1
9.02	1	1	0.717221	1.69279e-006	0.717219	1
9.03	1	1	0.602626	1.29104e-006	0.602624	1
9.05	2	1.41421	0.422628	7.47138e-007	0.422627	1
9.07	1	1	0.293785	4.29458e-007	0.293785	1
9.08	1	1	0.244133	3.24771e-007	0.244132	1
9.1	0	1	0.167471	1.84793e-007	0.167471	1
9.11	2	1.41421	0.138247	1.39039e-007	0.138247	1
9.13	2	1.41421	0.0935864	7.83124e-008	0.0935863	1
9.15	0	1	0.0627957	4.38111e-008	0.0627956	1
9.16	2	1.41421	0.0512683	3.26856e-008	0.0512683	1
9.18	0	1	0.0339475	1.81008e-008	0.0339475	1
9.19	2	1.41421	0.0275326	1.34358e-008	0.0275326	1
9.21	1	1	0.0179907	7.36532e-009	0.0179907	1
9.22	0	1	0.0144947	5.43942e-009	0.0144947	1
9.24	0	1	0.00934659	2.95166e-009	0.00934659	1
9.26	1	1	0.00597389	1.59089e-009	0.00597389	1
9.27	1	1	0.00476015	1.16499e-009	0.00476014	1
9.29	1	1	0.00300239	6.2156e-010	0.00300239	1
9.3	1	1	0.00237657	4.52856e-010	0.00237657	1
9.32	2	1.41421	0.00147924	2.39171e-010	0.00147924	1
9.34	0	1	0.000912617	1.25462e-010	0.000912617	1
9.35	1	1	0.000714453	9.06385e-011	0.000714453	1
9.37	2	1.41421	0.000434976	4.70658e-011	0.000434976	1
9.38	2	1.41421	0.000338277	3.38298e-011	0.000338277	1
9.4	1	1	0.000203238	1.73892e-011	0.000203238	1
9.41	3	1.73205	0.000157012	1.24356e-011	0.000157012	1
9.43	2	1.41421	9.30913e-005	6.32752e-012	9.30913e-005	1
9.45	0	1	5.47074e-005	3.19786e-012	5.47074e-005	1
9.46	1	1	4.17999e-005	2.26761e-012	4.17999e-005	1
9.48	3	1.73205	2.42412e-005	1.13444e-012	2.42412e-005	1
9.49	4	2	1.83994e-005	8.00358e-013	1.83994e-005	1
9.51	4	2	1.05299e-005	3.96355e-013	1.05299e-005	1
9.53	1	1	5.97321e-006	1.94959e-013	5.97321e-006	1
9.54	1	1	4.48394e-006	1.36386e-013	4.48394e-006	1
9.56	0	1	2.51006e-006	6.6407e-014	2.51006e-006	1
9.57	0	1	1.87179e-006	4.62204e-014	1.87179e-006	1
9.59	0	1	1.03401e-006	2.22775e-014	1.03401e-006	1
9.6	2	1.41421	7.65978e-007	1.54269e-014	7.65978e-007	1
9.62	1	1	4.17566e-007	7.36037e-015	4.17566e-007	1
9.64	2	1.41421	2.25629e-007	3.48801e-015	2.25629e-007	1
9.65	3	1.73205	1.65307e-007	2.39505e-015	1.65307e-007	1
9.67	2	1.41421	8.81458e-008	1.12352e-015	8.81458e-008	1
9.68	1	1	6.41532e-008	7.67553e-016	6.41532e-008	1
9.7	0	1	3.37576e-008	3.56419e-016	3.37576e-008	1
9.72	1	1	1.76071e-008	1.64389e-016	1.76071e-008	1
9.73	2	1.41421	1.26737e-008	1.11359e-016	1.26737e-008	1
9.75	3	1.73205	6.52322e-009	5.0842e-017	6.52322e-009	1
9.76	3	1.73205	4.66446e-009	3.42664e-017	4.66446e-009	1
9.78	1	1	2.36919e-009	1.54865e-017	2.36919e-009	1
9.79	1	1	1.68291e-009	1.03847e-017	1.68291e-009	1
9.81	0	1	8.43531e-010	4.64586e-018	8.43531e-010	1
9.83	3	1.73205	4.19086e-010	2.06441e-018	4.19086e-010	1
9.84	0	1	2.94418e-010	1.37265e-018	2.94418e-010	1
9.86	3	1.73205	1.44348e-010	6.03777e-019	1.44348e-010	1
9.87	1	1	1.00738e-010	3.99423e-019	1.00738e-010	1
9.89	4	2	4.87392e-011	1.73915e-019	4.87392e-011	1
9.91	1	1	2.33736e-011	7.52145e-020	2.33736e-011	1
9.92	0	1	1.61328e-011	4.93378e-020	1.61328e-011	1
9.94	1	1	7.63484e-012	2.11218e-020	7.63484e-012	1
9.95	3	1.73205	5.23487e-012	1.37849e-020	5.23487e-012	1
9.97	3	1.73205	2.44477e-012	5.84172e-021	2.44477e-012	1
9.98	1	1	1.66519e-012	3.79321e-021	1.66519e-012	1
10	2	1.41421	7.67427e-013	1.59123e-021	7.67427e-013	1
10.02	1	1	3.50568e-013	6.63003e-022	3.50568e-013	1
10.03	2	1.41421	2.36157e-013	4.26878e-022	2.36157e-013	1
10.05	1	1	1.06458e-013	1.76066e-022	1.06458e-013	1
10.06	3	1.73205	7.12404e-014	1.12786e-022	7.12404e-014	1
10.08	2	1.41421	3.16917e-014	4.60484e-023	3.16917e-014	1
10.1	5	2.23607	1.39742e-014	1.86737e-023	1.39742e-014	1
10.11	3	1.73205	9.2486e-015	1.18614e-023	9.2486e-015	1
10.13	2	1.41421	4.02438e-015	4.76145e-024	4.02438e-015	1
10.14	2	1.41421	2.64588e-015	3.00911e-024	2.64588e-015	1
10.16	0	1	1.13615e-015	1.19572e-024	1.13615e-015	1
10.17	2	1.41421	7.4204e-016	7.51831e-025	7.4204e-016	1
10.19	3	1.73205	3.14437e-016	2.95732e-025	3.14437e-016	1
10.21	2	1.41421	1.32069e-016	1.1554e-025	1.32069e-016	1
10.22	1	1	8.53091e-017	7.20359e-026	8.53091e-017	1
10.24	1	1	3.53594e-017	2.78594e-026	3.53594e-017	1
10.25	3	1.73205	2.26893e-017	1.72815e-026	2.26893e-017	1
10.27	4	2	9.28052e-018	6.61593e-027	9.28052e-018	1
10.28	4	2	5.91573e-018	4.08313e-027	5.91573e-018	1
10.3	6	2.44949	2.38782e-018	1.54736e-027	2.38782e-018	1
10.32	3	1.73205	9.55338e-019	5.82434e-028	9.55338e-019	1
10.33	3	1.73205	6.02275e-019	3.56428e-028	6.02275e-019	1
10.35	3	1.73205	2.37789e-019	1.32805e-028	2.37789e-019	1
10.36	2	1.41421	1.48919e-019	8.086e-029	1.48919e-019	1
10.38	5	2.23607	5.80216e-020	2.98239e-029	5.80216e-020	1
10.4	7	2.64575	2.24073e-020	1.09258e-029	2.24073e-020	1
10.41	4	2	1.38788e-020	6.5962e-030	1.38788e-020	1
10.43	2	1.41421	5.28924e-021	2.39205e-030	5.28924e-021	1
10.44	4	2	3.25443e-021	1.43683e-030	3.25443e-021	1
10.46	5	2.23607	1.22394e-021	5.15784e-031	1.22394e-021	1
10.47	6	2.44949	7.48104e-022	3.08245e-031	7.48104e-022	1
10.49	5	2.23607	2.77644e-022	1.09533e-031	2.77644e-022	1
10.51	6	2.44949	1.02135e-022	3.86594e-032	1.02135e-022	1
10.52	4	2	6.17419e-023	2.2909e-032	6.17419e-023	1
10.54	2	1.41421	2.24135e-023	8.00391e-033	2.24135e-023	1
10.55	8	2.82843	1.34597e-023	4.71897e-033	1.34597e-023	1
10.57	4	2	4.82177e-024	1.63204e-033	4.82177e-024	1
10.59	6	2.44949	1.71214e-024	5.60623e-034	1.71214e-024	1
10.6	2	1.41421	1.01687e-024	3.27747e-034	1.01687e-024	1
10.62	5	2.23607	3.56321e-025	1.11447e-034	3.56321e-025	1
10.63	7	2.64575	2.10227e-025	6.48229e-035	2.10227e-025	1
10.65	12	3.4641	7.26953e-026	2.18195e-035	7.26953e-026	1
10.66	4	2	4.26064e-026	1.2627e-035	4.26064e-026	1
10.68	3	1.73205	1.4539e-026	4.20728e-036	1.4539e-026	1
10.7	7	2.64575	4.91761e-027	1.3924e-036	4.91761e-027	1
10.71	3	1.73205	2.85053e-027	7.98988e-037	2.85053e-027	1
10.73	5	2.23607	9.51453e-028	2.61751e-037	9.51453e-028	1
10.74	5	2.23607	5.47872e-028	1.49438e-037	5.47872e-028	1
10.76	10	3.16228	1.80461e-028	4.84614e-038	1.80461e-028	1
10.78	12	3.4641	5.89181e-029	1.56095e-038	5.89181e-029	1
10.79	3	1.73205	3.35538e-029	8.83656e-039	3.35538e-029	1
10.81	7	2.64575	1.08106e-029	2.8175e-039	1.08106e-029	1
10.82	6	2.44949	6.11595e-030	1.58691e-039	6.11595e-030	1
10.84	4	2	1.94452e-030	5.00865e-040	1.94452e-030	1
10.85	7	2.64575	1.09282e-030	2.80673e-040	1.09282e-030	1
10.87	5	2.23607	3.42878e-031	8.76914e-041	3.42878e-031	1
10.89	1	1	1.06633e-031	2.72127e-041	1.06633e-031	1
10.9	7	2.64575	5.92693e-032	1.51208e-041	5.92693e-032	1
10.92	5	2.23607	1.81897e-032	4.64489e-042	1.81897e-032	1
10.93	5	2.23607	1.00434e-032	2.56787e-042	1.00434e-032	1
10.95	6	2.44949	3.04172e-033	7.80839e-043	3.04172e-033	1
10.97	3	1.73205	9.13099e-034	2.35835e-043	9.13099e-034	1
10.98	4	2	4.98629e-034	1.29279e-043	4.98629e-034	1
11	5	2.23607	1.47713e-034	3.86511e-044	1.47713e-034	1
11.01	8	2.82843	8.01306e-035	2.10802e-044	8.01306e-035	1
11.03	3	1.73205	2.34251e-035	6.23874e-045	2.34251e-035	1
11.04	4	2	1.26236e-035	3.38535e-045	1.26236e-035	1
11.06	2	1.41421	3.64172e-036	9.91773e-046	3.64172e-036	1
11.08	3	1.73205	1.04134e-036	2.88588e-046	1.04134e-036	1
11.09	2	1.41421	5.55003e-037	1.55278e-046	5.55003e-037	1
11.11	2	1.41421	1.56611e-037	4.47262e-047	1.56611e-037	1
11.12	3	1.73205	8.29177e-038	2.39434e-047	8.29177e-038	1
11.14	4	2	2.30896e-038	6.82696e-048	2.30896e-038	1
11.16	2	1.41421	6.37305e-039	1.93342e-048	6.37305e-039	1
11.17	4	2	3.33713e-039	1.0263e-048	3.33713e-039	1
11.19	3	1.73205	9.08963e-040	2.87713e-049	9.08963e-040	1
11.2	0	1	4.72817e-040	1.51949e-049	4.72817e-040	1
11.22	1	1	1.27089e-040	4.2167e-050	1.27089e-040	1
11.23	4	2	6.56714e-041	2.21568e-050	6.56714e-041	1
11.25	1	1	1.74194e-041	6.0865e-051	1.74194e-041	1
11.27	1	1	4.57985e-042	1.66068e-051	4.57985e-042	1
11.28	6	2.44949	2.34056e-042	8.65252e-052	2.34056e-042	1
11.3	1	1	6.07269e-043	2.33695e-052	6.07269e-043	1
11.31	0	1	3.08298e-043	1.21143e-052	3.08298e-043	1
11.33	2	1.41421	7.89357e-044	3.23886e-053	7.89357e-044	1
11.34	2	1.41421	3.98094e-044	1.67046e-053	3.98094e-044	1
11.36	3	1.73205	1.00584e-044	4.42097e-054	1.00584e-044	1
11.38	1	1	2.51904e-045	1.16213e-054	2.51904e-045	1
11.39	1	1	1.25646e-045	5.94323e-055	1.25646e-045	1
11.41	2	1.41421	3.10524e-046	1.5465e-055	3.10524e-046	1
11.42	0	1	1.53861e-046	7.8688e-056	1.53861e-046	1
11.44	2	1.41421	3.75249e-047	2.02685e-056	3.75249e-047	1
11.46	1	1	9.07131e-048	5.18554e-057	9.07131e-048	1
11.47	2	1.41421	4.44535e-048	2.61623e-057	4.44535e-048	1
11.49	3	1.73205	1.06047e-048	6.62576e-058	1.06047e-048	1
11.5	2	1.41421	5.16245e-049	3.32592e-058	5.16245e-049	1
11.52	5	2.23607	1.21532e-049	8.33793e-059	1.21532e-049	1
11.53	1	1	5.87717e-050	4.16417e-059	5.87717e-050	1
11.55	3	1.73205	1.36535e-050	1.03338e-059	1.36535e-050	1
11.57	2	1.41421	3.14401e-051	2.54714e-060	3.14401e-051	1
11.58	2	1.41421	1.50371e-051	1.26138e-060	1.50371e-051	1
11.6	3	1.73205	3.41699e-052	3.07769e-061	3.41699e-052	1
11.61	1	1	1.62347e-052	1.51639e-061	1.62347e-052	1
11.63	2	1.41421	3.64054e-053	3.6625e-062	3.64054e-053	1
11.65	6	2.44949	8.09188e-054	8.78621e-063	8.09188e-054	1
11.66	4	2	3.80235e-054	4.2925e-063	3.80235e-054	1
11.68	5	2.23607	8.34021e-055	1.01935e-063	8.34021e-055	1
11.69	4	2	3.89314e-055	4.95478e-064	3.89314e-055	1
11.71	4	2	8.4269e-056	1.16473e-064	8.4269e-056	1
11.72	2	1.41421	3.90762e-056	5.63274e-065	3.90762e-056	1
11.74	2	1.41421	8.34683e-057	1.31071e-065	8.34683e-057	1
11.76	4	2	1.76723e-057	3.02936e-066	1.76723e-057	1
11.77	2	1.41421	8.10472e-058	1.45268e-066	8.10472e-058	1
11.79	10	3.16228	1.69337e-058	3.32354e-067	1.69337e-058	1
11.8	4	2	7.71468e-059	1.58567e-067	7.71468e-059	1
11.82	3	1.73205	1.59064e-059	3.59114e-068	1.59064e-059	1
11.84	2	1.41421	3.25079e-060	8.0781e-069	3.25079e-060	1
11.85	5	2.23607	1.46473e-060	3.82159e-069	1.46473e-060	1
11.87	4	2	2.95403e-061	8.50959e-070	2.95403e-061	1
11.88	3	1.73205	1.32222e-061	4.00532e-070	1.32222e-061	1
11.9	7	2.64575	2.63151e-062	8.82854e-071	2.63151e-062	1
11.91	4	2	1.17008e-062	4.13439e-071	1.17008e-062	1
11.93	3	1.73205	2.29804e-063	9.02091e-072	2.29804e-063	1
11.95	2	1.41421	4.47364e-064	1.955e-072	4.47364e-064	1
11.96	5	2.23607	1.96731e-064	9.07805e-073	1.96731e-064	1
11.98	4	2	3.77936e-065	1.9475e-073	3.77936e-065	1
11.99	7	2.64575	1.65102e-065	8.99737e-074	1.65102e-065	1
12.01	2	1.41421	3.12996e-066	1.91068e-074	3.12996e-066	1
12.03	8	2.82843	5.8815e-067	4.03011e-075	5.8815e-067	1
12.04	1	1	2.54111e-067	1.8462e-075	2.54111e-067	1
12.06	4	2	4.71209e-068	3.85474e-076	4.71209e-068	1
12.07	6	2.44949	2.02241e-068	1.75691e-076	2.02241e-068	1
12.09	2	1.41421	3.70086e-069	3.63123e-077	3.70086e-069	1
12.1	5	2.23607	1.5779e-069	1.64666e-077	1.5779e-069	1
12.12	5	2.23607	2.8494e-070	3.36895e-078	2.8494e-070	1
12.14	3	1.73205	5.10023e-071	6.84611e-079	5.10023e-071	1
12.15	0	1	2.15064e-071	3.07833e-079	2.15064e-071	1
12.17	3	1.73205	3.7988e-072	6.1923e-080	3.7988e-072	1
12.18	4	2	1.59128e-072	2.77024e-080	1.59128e-072	1
12.2	5	2.23607	2.77374e-073	5.51622e-081	2.77374e-073	1
12.22	2	1.41421	4.79234e-074	1.091e-081	4.79234e-074	1
12.23	1	1	1.9854e-074	4.83962e-082	1.9854e-074	1
12.25	3	1.73205	3.38511e-075	9.47504e-083	3.38511e-075	1
12.26	1	1	1.39314e-075	4.18179e-083	1.39314e-075	1
12.28	5	2.23607	2.34401e-076	8.10437e-084	2.34401e-076	1
12.29	0	1	9.58303e-077	3.55873e-084	9.58303e-077	1
12.31	3	1.73205	1.59115e-077	6.82714e-085	1.59115e-077	1
12.33	8	2.82843	2.61866e-078	1.30089e-085	2.61866e-078	1
12.34	3	1.73205	1.05882e-078	5.6642e-086	1.05882e-078	1
12.36	6	2.44949	1.71963e-079	1.06839e-086	1.71963e-079	1
12.37	3	1.73205	6.90718e-080	4.62828e-087	6.90717e-080	1
12.39	0	1	1.10701e-080	8.64164e-088	1.10701e-080	1
12.4	3	1.73205	4.41713e-081	3.72461e-088	4.41713e-081	1
12.42	4	2	6.9861e-082	6.88407e-089	6.9861e-082	1
12.44	3	1.73205	1.09519e-082	1.26377e-089	1.09519e-082	1
12.45	5	2.23607	4.32195e-083	5.40101e-090	4.32195e-083	1
12.47	2	1.41421	6.68617e-084	9.81487e-091	6.68617e-084	1
12.48	3	1.73205	2.62112e-084	4.17336e-091	2.62112e-084	1
12.5	7	2.64575	4.00154e-085	7.50728e-092	4.00154e-085	1
12.52	2	1.41421	6.0552e-086	1.34134e-092	6.0552e-086	1
12.53	3	1.73205	2.34768e-086	5.65538e-093	2.34768e-086	1
12.55	5	2.23607	3.50577e-087	1.00024e-093	3.50576e-087	1
12.56	1	1	1.35025e-087	4.19586e-094	1.35025e-087	1
12.58	3	1.73205	1.98976e-088	7.346e-095	1.98976e-088	1
12.59	2	1.41421	7.61296e-089	3.06593e-095	7.61296e-089	1
12.61	4	2	1.10708e-089	5.31347e-096	1.10708e-089	1
12.63	4	2	1.59577e-090	9.14647e-097	1.59577e-090	1
12.64	2	1.41421	6.03844e-091	3.78519e-097	6.03843e-091	1
12.66	1	1	8.58925e-092	6.44985e-098	8.58924e-092	1
12.67	5	2.23607	3.22873e-092	2.65569e-098	3.22872e-092	1
12.69	0	1	4.53215e-093	4.47947e-099	4.53214e-093	1
12.71	4	2	6.30577e-094	7.50471e-100	6.30576e-094	1
12.72	2	1.41421	2.34431e-094	3.06397e-100	2.34431e-094	1
12.74	0	1	3.21878e-095	5.08135e-101	3.21878e-095	1
12.75	8	2.82843	1.18875e-095	2.06406e-101	1.18875e-095	1
12.77	1	1	1.61068e-096	3.38848e-102	1.61067e-096	1
12.78	4	2	5.90919e-097	1.36944e-102	5.90918e-097	1
12.8	2	1.41421	7.90111e-098	2.22542e-103	7.90109e-098	1
12.82	2	1.41421	1.04715e-098	3.59202e-104	1.04715e-098	1
12.83	3	1.73205	3.79954e-099	1.43946e-104	3.79953e-099	1
12.85	2	1.41421	4.96929e-100	2.29993e-105	4.96927e-100	1
12.86	0	1	1.79117e-100	9.16998e-106	1.79116e-100	1
12.88	1	1	2.31176e-101	1.45034e-106	2.31175e-101	1
12.9	5	2.23607	2.9574e-102	2.2784e-107	2.95738e-102	1
12.91	1	1	1.05428e-102	9.00756e-108	1.05427e-102	1
12.93	3	1.73205	1.33096e-103	1.40073e-108	1.33094e-103	1
12.94	3	1.73205	4.71334e-104	5.50966e-109	4.71329e-104	1
12.96	0	1	5.87193e-105	8.48124e-110	5.87185e-105	1
12.97	4	2	2.0657e-105	3.31912e-110	2.06567e-105	1
12.99	8	2.82843	2.53958e-106	5.05761e-111	2.53953e-106	1
13.01	4	2	3.09469e-107	7.65465e-112	3.09462e-107	1
13.02	3	1.73205	1.07673e-107	2.97038e-112	1.0767e-107	1
13.04	7	2.64575	1.29481e-108	4.4502e-113	1.29476e-108	1
13.05	1	1	4.47523e-109	1.71814e-113	4.47506e-109	1
13.07	3	1.73205	5.31077e-110	2.54809e-114	5.31052e-110	1
13.09	0	1	6.24687e-111	3.75342e-115	6.24649e-111	1
13.1	1	1	2.13538e-111	1.43691e-115	2.13524e-111	1
13.12	3	1.73205	2.4787e-112	2.09522e-116	2.47849e-112	1
13.13	6	2.44949	8.41705e-113	7.98044e-117	8.41625e-113	1
13.15	3	1.73205	9.64171e-114	1.1519e-117	9.64056e-114	1
13.16	3	1.73205	3.25246e-114	4.3652e-118	3.25203e-114	1
13.18	1	1	3.67666e-115	6.23704e-119	3.67603e-115	1
13.2	5	2.23607	4.11964e-116	8.85138e-120	4.11876e-116	1
13.21	3	1.73205	1.37444e-116	3.32602e-120	1.3741e-116	1
13.23	0	1	1.51978e-117	4.67244e-121	1.51932e-117	1
13.24	1	1	5.03702e-118	1.74683e-121	5.03528e-118	1
13.26	2	1.41421	5.4965e-119	2.42917e-122	5.49407e-119	1
13.28	1	1	5.94526e-120	3.35524e-123	5.94191e-120	1
13.29	2	1.41421	1.94886e-120	1.24381e-123	1.94761e-120	1
13.31	3	1.73205	2.08033e-121	1.70061e-124	2.07863e-121	1
13.32	2	1.41421	6.77448e-122	6.27232e-125	6.76821e-122	1
13.34	4	2	7.13685e-123	8.48922e-126	7.12836e-123	1
13.35	3	1.73205	2.30884e-123	3.11519e-126	2.30573e-123	1
13.37	0	1	2.40061e-124	4.17361e-127	2.39644e-124	1
13.39	2	1.41421	2.47435e-125	5.55389e-128	2.4688e-125	1
13.4	0	1	7.91799e-126	2.02086e-128	7.89779e-126	1
13.42	1	1	8.05571e-127	2.662e-129	8.02909e-127	1
13.43	2	1.41421	2.56121e-127	9.637e-130	2.55157e-127	1
13.45	0	1	2.57239e-128	1.25661e-130	2.55983e-128	1
13.46	4	2	8.12641e-129	4.52614e-131	8.08115e-129	1
13.48	1	1	8.05894e-130	5.84218e-132	8.00052e-130	1
13.5	2	1.41421	7.9259e-131	7.48997e-133	7.851e-131	1
13.51	4	2	2.47801e-131	2.67504e-133	2.45126e-131	1
13.53	6	2.44949	2.40771e-132	3.39486e-134	2.37376e-132	1
13.54	0	1	7.48308e-133	1.20633e-134	7.36244e-133	1
13.56	0	1	7.18733e-134	1.51546e-135	7.03578e-134	1
13.58	1	1	6.85355e-135	1.89096e-136	6.66445e-135	1
13.59	2	1.41421	2.11096e-135	6.66267e-137	2.04433e-135	1
13.61	2	1.41421	1.99322e-136	8.2295e-138	1.91093e-136	1
13.62	0	1	6.11156e-137	2.88491e-138	5.82307e-137	1
13.64	4	2	5.72414e-138	3.52732e-139	5.37141e-138	1
13.65	2	1.41421	1.74901e-138	1.23026e-139	1.62598e-138	1
13.67	3	1.73205	1.62901e-139	1.48901e-140	1.48011e-139	1
13.69	3	1.73205	1.51447e-140	1.79001e-141	1.33547e-140	1
13.7	2	1.41421	4.61725e-141	6.19058e-142	3.99819e-141	1
13.72	1	1	4.29663e-142	7.36675e-143	3.55996e-142	1
13.73	2	1.41421	1.31224e-142	2.53481e-143	1.05876e-142	1
13.75	2	1.41421	1.22888e-143	2.98592e-144	9.30292e-144	1
13.77	0	1	1.15958e-144	3.49356e-145	8.10221e-145	1
13.78	3	1.73205	3.57513e-145	1.19196e-145	2.38318e-145	1
13.8	1	1	3.42876e-146	1.3805e-146	2.04825e-146	1
13.81	2	1.41421	1.06711e-146	4.68623e-147	5.9849e-147	1
13.83	1	1	1.04487e-147	5.37265e-148	5.07604e-148	1
13.84	7	2.64575	3.28794e-148	1.81455e-148	1.4734e-148	1
13.86	5	2.23607	3.29249e-149	2.0593e-149	1.23319e-149	1
13.88	2	1.41421	3.34436e-150	2.3213e-150	1.02306e-150	1
13.89	8	2.82843	1.07107e-150	7.77378e-151	2.93697e-151	1
13.91	3	1.73205	1.10786e-151	8.67421e-152	2.40443e-152	1
13.92	3	1.73205	3.57588e-152	2.89019e-152	6.85694e-153	1
13.94	3	1.73205	3.74632e-153	3.19235e-153	5.5397e-154	1
13.96	2	1.41421	3.94591e-154	3.5023e-154	4.43612e-155	1
13.97	3	1.73205	1.28222e-154	1.1571e-154	1.25119e-155	1
13.99	5	2.23607	1.35549e-155	1.25662e-155	9.88738e-157	1
14	3	1.73205	4.40764e-156	4.13061e-156	2.77027e-157	1
14.02	4	2	4.65654e-157	4.4405e-157	2.16034e-158	1
14.03	3	1.73205	1.51237e-157	1.45224e-157	6.0129e-159	1
14.05	2	1.41421	1.59168e-158	1.54541e-158	4.62729e-160	1
14.07	2	1.41421	1.66874e-159	1.63345e-159	3.52965e-161	1
14.08	4	2	5.39421e-160	5.29705e-160	9.71615e-162	1
14.1	0	1	5.61536e-161	5.54222e-161	7.31376e-163	1
14.11	4	2	1.80816e-161	1.78816e-161	1.99997e-163	1
14.13	3	1.73205	1.86687e-162	1.85201e-162	1.48564e-164	1
14.15	5	2.23607	1.91613e-163	1.90519e-163	1.09386e-165	1
14.16	2	1.41421	6.12473e-164	6.09514e-164	2.95834e-166	1
14.18	2	1.41421	6.22828e-165	6.20679e-165	2.14951e-167	1
14.19	7	2.64575	1.9814e-165	1.97563e-165	5.77492e-168	1
14.21	6	2.44949	1.99562e-166	1.99148e-166	4.14076e-169	1
14.22	5	2.23607	6.31782e-167	6.30677e-167	1.10511e-169	1
14.24	6	2.44949	6.30092e-168	6.2931e-168	7.81958e-171	1
14.26	7	2.64575	6.24255e-169	6.23707e-169	5.48429e-172	1
14.27	5	2.23607	1.96e-169	1.95855e-169	1.4476e-172	1
14.29	4	2	1.92249e-170	1.92149e-170	1.00191e-173	1
14.3	3	1.73205	6.00587e-171	6.00325e-171	2.62711e-174	1
14.32	2	1.41421	5.8319e-172	5.8301e-172	1.79432e-175	1
14.34	7	2.64575	5.62495e-173	5.62373e-173	1.21474e-176	1
14.35	5	2.23607	1.7425e-173	1.74219e-173	3.15017e-177	1
14.37	9	3	1.66374e-174	1.66353e-174	2.10455e-178	1
14.38	3	1.73205	5.12792e-175	5.12738e-175	5.42165e-179	1
14.4	14	3.74166	4.84675e-176	4.84639e-176	3.57435e-180	1
14.41	7	2.64575	1.48629e-176	1.4862e-176	9.14727e-181	1
14.43	4	2	1.39061e-177	1.39055e-177	5.95113e-182	1
14.45	2	1.41421	1.29231e-178	1.29228e-178	3.83769e-183	1
14.46	5	2.23607	3.92959e-179	3.92949e-179	9.71326e-184	1
14.48	8	2.82843	3.61492e-180	3.61486e-180	6.18126e-185	1
14.49	2	1.41421	1.09363e-180	1.09362e-180	1.55415e-185	1
14.51	1	1	9.95894e-182	9.95884e-182	9.75993e-187	1
14.53	1	1	9.00768e-183	9.00762e-183	6.07522e-188	1
14.54	0	1	2.70215e-183	2.70214e-183	1.51071e-188	1
14.56	4	2	2.41934e-184	2.41933e-184	9.27977e-190	1
14.57	5	2.23607	7.22084e-185	7.22082e-185	2.29232e-190	1
14.59	5	2.23607	6.39974e-186	6.39973e-186	1.38955e-191	1
14.6	6	2.44949	1.90041e-186	1.90041e-186	3.40985e-192	1
14.62	5	2.23607	1.66728e-187	1.66728e-187	2.03975e-193	1
14.64	4	2	1.45288e-188	1.45288e-188	1.20942e-194	1
14.65	4	2	4.27797e-189	4.27796e-189	2.93522e-195	1
14.67	7	2.64575	3.69016e-190	3.69016e-190	1.71745e-196	1
14.68	9	3	1.08105e-190	1.08105e-190	4.14064e-197	1
14.7	5	2.23607	9.23085e-192	9.23085e-192	2.39086e-198	1
14.71	2	1.41421	2.69052e-192	2.69052e-192	5.72608e-199	1
14.73	6	2.44949	2.27415e-193	2.27415e-193	3.26277e-200	1
14.75	4	2	1.90924e-194	1.90924e-194	1.84279e-201	1
14.76	8	2.82843	5.51794e-195	5.51794e-195	4.36497e-202	1
14.78	2	1.41421	4.58569e-196	4.58569e-196	2.43284e-203	1
14.79	5	2.23607	1.31861e-196	1.31861e-196	5.72452e-204	1
14.81	3	1.73205	1.08475e-197	1.08475e-197	3.14857e-205	1
14.83	3	1.73205	8.86348e-199	8.86348e-199	1.71652e-206	1
14.84	3	1.73205	2.52719e-199	2.52719e-199	3.99463e-207	1
14.86	2	1.41421	2.04408e-200	2.04408e-200	2.14908e-208	1
14.87	1	1	5.79864e-201	5.79864e-201	4.96824e-209	1
14.89	1	1	4.64274e-202	4.64274e-202	2.63768e-210	1
14.9	3	1.73205	1.31037e-202	1.31037e-202	6.05747e-211	1
14.92	6	2.44949	1.03856e-203	1.03856e-203	3.1736e-212	1
14.94	2	1.41421	8.17567e-205	8.17567e-205	1.64807e-213	1
14.95	7	2.64575	2.28806e-205	2.28806e-205	3.74323e-214	1
14.97	1	1	1.78299e-206	1.78299e-206	1.91828e-215	1
14.98	0	1	4.96461e-207	4.96461e-207	4.32816e-216	1
15	3	1.73205	3.8296e-208	3.8296e-208	2.18882e-217	1
15.02	2	1.41421	2.93413e-209	2.93413e-209	1.09718e-218	1
15.03	4	2	8.101e-210	8.101e-210	2.44834e-219	1
15.05	1	1	6.14402e-211	6.14402e-211	1.2111e-220	1
15.06	1	1	1.68774e-211	1.68774e-211	2.68471e-221	1
15.08	5	2.23607	1.26709e-212	1.26709e-212	1.31054e-222	1
15.09	0	1	3.46301e-213	3.46301e-213	2.88593e-223	1
15.11	2	1.41421	2.5736e-214	2.5736e-214	1.3902e-224	1
15.13	1	1	1.89971e-215	1.89971e-215	6.63795e-226	1
15.14	5	2.23607	5.14822e-216	5.14822e-216	1.44568e-226	1
15.16	1	1	3.76176e-217	3.76176e-217	6.81191e-228	1
15.17	1	1	1.01427e-217	1.01427e-217	1.47376e-228	1
15.19	0	1	7.33626e-219	7.33626e-219	6.85278e-230	1
15.21	2	1.41421	5.27052e-220	5.27052e-220	3.1584e-231	1
15.22	4	2	1.40909e-220	1.40909e-220	6.75815e-232	1
15.24	2	1.41421	1.00209e-221	1.00209e-221	3.07376e-233	1
15.25	4	2	2.66554e-222	2.66554e-222	6.53359e-234	1
15.27	2	1.41421	1.87646e-223	1.87646e-223	2.93249e-235	1
15.28	0	1	4.96606e-224	4.96606e-224	6.19211e-236	1
15.3	0	1	3.46061e-225	3.46061e-225	2.74262e-237	1
15.32	5	2.23607	2.39525e-226	2.39525e-226	1.20407e-238	1
15.33	1	1	6.28561e-227	6.28561e-227	2.51453e-239	1
15.35	2	1.41421	4.30659e-228	4.30659e-228	1.0894e-240	1
15.36	5	2.23607	1.12441e-228	1.12441e-228	2.26002e-241	1
15.38	0	1	7.626e-230	7.626e-230	9.66237e-243	1
15.4	2	1.41421	5.13722e-231	5.13722e-231	4.09465e-244	1
15.41	0	1	1.32997e-231	1.32997e-231	8.40125e-245	1
15.43	1	1	8.86868e-233	8.86868e-233	3.51333e-246	1
15.44	4	2	2.28436e-233	2.28436e-233	7.16089e-247	1
15.46	3	1.73205	1.50789e-234	1.50789e-234	2.95518e-248	1
15.47	0	1	3.8643e-235	3.8643e-235	5.98347e-249	1
15.49	2	1.41421	2.52501e-236	2.52501e-236	2.43675e-250	1
15.51	3	1.73205	1.63876e-237	1.63876e-237	9.83631e-252	1
15.52	0	1	4.16426e-238	4.16426e-238	1.96971e-252	1
15.54	3	1.73205	2.67532e-239	2.67532e-239	7.8463e-254	1
15.55	2	1.41421	6.76383e-240	6.76383e-240	1.56083e-254	1
15.57	2	1.41421	4.30148e-241	4.30148e-241	6.13566e-256	1
15.59	1	1	2.71708e-242	2.71708e-242	2.39071e-257	1
15.6	3	1.73205	6.81147e-243	6.81147e-243	4.70349e-258	1
15.62	1	1	4.25905e-244	4.25905e-244	1.80854e-259	1
15.63	2	1.41421	1.06229e-244	1.06229e-244	3.53461e-260	1
15.65	0	1	6.57511e-246	6.57511e-246	1.34119e-261	1
15.66	2	1.41421	1.63166e-246	1.63166e-246	2.60392e-262	1
15.68	0	1	9.99712e-248	9.99712e-248	9.75031e-264	1
15.7	3	1.73205	6.08386e-249	6.08386e-249	3.61886e-265	1
15.71	1	1	1.49702e-249	1.49702e-249	6.94878e-266	1
15.73	2	1.41421	9.01818e-251	9.01818e-251	2.54509e-267	1
15.74	1	1	2.20781e-251	2.20781e-251	4.85469e-268	1
15.76	6	2.44949	1.31656e-252	1.31656e-252	1.75468e-269	1
15.77	3	1.73205	3.20683e-253	3.20683e-253	3.32489e-270	1
15.79	3	1.73205	1.89296e-254	1.89296e-254	1.18592e-271	1
15.81	0	1	1.10985e-255	1.10985e-255	4.19273e-273	1
15.82	1	1	2.68055e-256	2.68055e-256	7.85737e-274	1
15.84	3	1.73205	1.55573e-257	1.55573e-257	2.74132e-275	1
15.85	3	1.73205	3.73842e-258	3.73842e-258	5.10342e-276	1
15.87	1	1	2.14776e-259	2.14776e-259	1.75705e-277	1
15.89	2	1.41421	1.22558e-260	1.22558e-260	5.99613e-279	1
15.9	2	1.41421	2.92023e-261	2.92023e-261	1.10401e-279	1
15.92	4	2	1.64954e-262	1.64954e-262	3.71793e-281	1
15.93	1	1	3.91048e-263	3.91048e-263	6.80027e-282	1
15.95	3	1.73205	2.18656e-264	2.18656e-264	2.25993e-283	1
15.96	3	1.73205	5.15732e-265	5.15732e-265	4.10621e-284	1
15.98	4	2	2.85458e-266	2.85458e-266	1.34664e-285	1
16	2	1.41421	1.56935e-267	1.56935e-267	4.37749e-287	1
16.01	6	2.44949	3.67032e-268	3.67032e-268	7.86633e-288	1
16.03	7	2.64575	1.99741e-269	1.99741e-269	2.52341e-289	1
16.04	6	2.44949	4.64779e-270	4.64779e-270	4.50459e-290	1
16.06	2	1.41421	2.50379e-271	2.50379e-271	1.42598e-291	1
16.08	2	1.41421	1.3397e-272	1.3397e-272	4.47435e-293	1
16.09	1	1	3.09106e-273	3.09106e-273	7.89951e-294	1
16.11	0	1	1.63721e-274	1.63721e-274	2.44602e-295	1
16.12	1	1	3.75837e-275	3.75837e-275	4.28994e-296	1
16.14	2	1.41421	1.97053e-276	1.97053e-276	1.31085e-297	1
16.15	4	2	4.50061e-277	4.50061e-277	2.28383e-298	1
16.17	4	2	2.33584e-278	2.33584e-278	6.88666e-300	1
16.19	3	1.73205	1.20413e-279	1.20413e-279	2.05833e-301	1
16.2	0	1	2.72699e-280	2.72699e-280	3.54673e-302	1
16.22	1	1	1.39155e-281	1.39155e-281	1.0461e-303	1
16.23	2	1.41421	3.13548e-282	3.13548e-282	1.79065e-304	1
16.25	4	2	1.58383e-283	1.58383e-283	5.21194e-306	1
16.27	0	1	7.94639e-285	7.94639e-285	1.50366e-307	1
16.28	1	1	1.77541e-285	1.77541e-285	2.54557e-308	1
16.3	1	1	8.81752e-287	8.81752e-287	7.24734e-310	1
16.31	4	2	1.96005e-287	1.96005e-287	1.21881e-310	1
16.33	5	2.23607	9.63616e-289	9.63616e-289	3.42429e-312	1
16.34	2	1.41421	2.13118e-289	2.13118e-289	5.72069e-313	1
16.36	0	1	1.03715e-290	1.03715e-290	1.58608e-314	1
16.38	0	1	5.01331e-292	5.01331e-292	4.35874e-316	1
16.39	0	1	1.09942e-292	1.09942e-292	7.20174e-317	1
16.41	3	1.73205	5.26055e-294	5.26055e-294	1.95284e-318	1
16.42	2	1.41421	1.14779e-294	1.14779e-294	3.18262e-319	1
16.44	1	1	5.43649e-296	5.43649e-296	6.18076e-321	1
16.46	2	1.41421	2.5576e-297	2.5576e-297	0	1
16.47	2	1.41421	5.53334e-298	5.53334e-298	0	1
16.49	2	1.41421	2.57685e-299	2.57685e-299	0	1
16.5	3	1.73205	5.54672e-300	5.54672e-300	0	1
16.52	1	1	2.55697e-301	2.55697e-301	0	1
16.53	1	1	5.47604e-302	5.47604e-302	0	1
16.55	2	1.41421	2.49887e-303	2.49887e-303	0	1
16.57	1	1	1.1326e-304	1.1326e-304	0	1
16.58	1	1	2.40515e-305	2.40515e-305	0	1
16.6	1	1	1.0791e-306	1.0791e-306	0	1
16.61	3	1.73205	2.27993e-307	2.27993e-307	0	1
16.63	3	1.73205	1.01258e-308	1.01258e-308	0	1
16.65	2	1.41421	4.4668e-310	4.4668e-310	0	1
16.66	2	1.41421	9.35787e-311	9.35787e-311	0	1
16.68	1	1	4.08631e-312	4.08631e-312	0	1
16.69	0	1	8.51736e-313	8.51736e-313	0	1
16.71	1	1	3.68169e-314	3.68169e-314	0	1
16.72	1	1	7.63508e-315	7.63508e-315	0	1
16.74	1	1	3.26689e-316	3.26689e-316	0	1
16.76	3	1.73205	1.38679e-317	1.38679e-317	0	1
16.77	1	1	2.85294e-318	2.85294e-318	0	1
16.79	0	1	1.13363e-319	1.13363e-319	0	1
16.8	1	1	1.88931e-320	1.88931e-320	0	1
16.82	2	1.41421	0	0	0	1
16.83	1	1	0	0	0	1
16.85	1	1	0	0	0	1
16.87	0	1	0	0	0	1
16.88	2	1.41421	0	0	0	1
16.9	3	1.73205	0	0	0	1
16.91	1	1	0	0	0	1
16.93	3	1.73205	0	0	0	1
16.95	2	1.41421	0	0	0	1
16.96	0	1	0	0	0	1
16.98	0	1	0	0	0	1
16.99	1	1	0	0	0	1
17.01	1	1	0	0	0	1
17.02	1	1	0	0	0	1
17.04	1	1	0	0	0	1
17.06	1	1	0	0	0	1
17.07	6	2.44949	0	0	0	1
17.09	1	1	0	0	0	1
17.1	0	1	0	0	0	1
17.12	1	1	0	0	0	1
17.14	1	1	0	0	0	1
17.15	3	1.73205	0	0	0	1
17.17	0	1	0	0	0	1
17.18	2	1.41421	0	0	0	1
17.2	0	1	0	0	0	1
17.21	3	1.73205	0	0	0	1
17.23	5	2.23607	0	0	0	1
17.25	1	1	0	0	0	1
17.26	3	1.73205	0	0	0	1
17.28	0	1	0	0	0	1
17.29	3	1.73205	0	0	0	1
17.31	4	2	0	0	0	1
17.33	4	2	0	0	0	1
17.34	4	2	0	0	0	1
17.36	0	1	0	0	0	1
17.37	3	1.73205	0	0	0	1
17.39	2	1.41421	0	0	0	1
17.4	1	1	0	0	0	1
17.42	3	1.73205	0	0	0	1
17.44	0	1	0	0	0	1
17.45	0	1	0	0	0	1
17.47	2	1.41421	0	0	0	1
17.48	0	1	0	0	0	1
17.5	2	1.41421	0	0	0	1
17.52	0	1	0	0	0	1
17.53	3	1.73205	0	0	0	1
17.55	2	1.41421	0	0	0	1
17.56	0	1	0	0	0	1
17.58	2	1.41421	0	0	0	1
17.59	1	1	0	0	0	1
17.61	2	1.41421	0	0	0	1
17.63	2	1.41421	0	0	0	1
17.64	1	1	0	0	0	1
17.66	1	1	0	0	0	1
17.67	2	1.41421	0	0	0	1
17.69	4	2	0	0	0	1
17.71	0	1	0	0	0	1
17.72	1	1	0	0	0	1
17.74	0	1	0	0	0	1
17.75	2	1.41421	0	0	0	1
17.77	3	1.73205	0	0	0	1
17.78	1	1	0	0	0	1
17.8	2	1.41421	0	0	0	1
17.82	3	1.73205	0	0	0	1
17.83	0	1	0	0	0	1
17.85	2	1.41421	0	0	0	1
17.86	1	1	0	0	0	1
17.88	2	1.41421	0	0	0	1
17.89	3	1.73205	0	0	0	1
17.91	1	1	0	0	0	1
17.93	0	1	0	0	0	1
17.94	3	1.73205	0	0	0	1
17.96	1	1	0	0	0	1
17.97	2	1.41421	0	0	0	1
17.99	2	1.41421	0	0	0	1
18.01	3	1.73205	0	0	0	1
18.02	0	1	0	0	0	1
18.04	4	2	0	0	0	1
18.05	3	1.73205	0	0	0	1
18.07	0	1	0	0	0	1
18.08	4	2	0	0	0	1
18.1	1	1	0	0	0	1
18.12	1	1	0	0	0	1
18.13	3	1.73205	0	0	0	1
18.15	0	1	0	0	0	1
18.16	1	1	0	0	0	1
18.18	1	1	0	0	0	1
18.2	2	1.41421	0	0	0	1
18.21	3	1.73205	0	0	0	1
18.23	1	1	0	0	0	1
18.24	4	2	0	0	0	1
18.26	1	1	0	0	0	1
18.27	1	1	0	0	0	1
18.29	0	1	0	0	0	1
18.31	0	1	0	0	0	1
18.32	2	1.41421	0	0	0	1
18.34	2	1.41421	0	0	0	1
18.35	5	2.23607	0	0	0	1
18.37	3	1.73205	0	0	0	1
18.39	1	1	0	0	0	1
18.4	3	1.73205	0	0	0	1
18.42	3	1.73205	0	0	0	1
18.43	0	1	0	0	0	1
18.45	5	2.23607	0	0	0	1
18.46	1	1	0	0	0	1
18.48	1	1	0	0	0	1
18.5	2	1.41421	0	0	0	1
18.51	2	1.41421	0	0	0	1
18.53	2	1.41421	0	0	0	1
18.54	4	2	0	0	0	1
18.56	2	1.41421	0	0	0	1
18.58	1	1	0	0	0	1
18.59	2	1.41421	0	0	0	1
18.61	2	1.41421	0	0	0	1
18.62	4	2	0	0	0	1
18.64	1	1	0	0	0	1
18.65	1	1	0	0	0	1
18.67	0	1	0	0	0	1
18.69	2	1.41421	0	0	0	1
18.7	2	1.41421	0	0	0	1
18.72	3	1.73205	0	0	0	1
18.73	2	1.41421	0	0	0	1
18.75	2	1.41421	0	0	0	1
18.77	3	1.73205	0	0	0	1
18.78	2	1.41421	0	0	0	1
18.8	0	1	0	0	0	1
18.81	2	1.41421	0	0	0	1
18.83	1	1	0	0	0	1
18.84	4	2	0	0	0	1
18.86	1	1	0	0	0	1
18.88	1	1	0	0	0	1
18.89	0	1	0	0	0	1
18.91	0	1	0	0	0	1
18.92	1	1	0	0	0	1
18.94	1	1	0	0	0	1
18.95	1	1	0	0	0	1
18.97	1	1	0	0	0	1
18.99	2	1.41421	0	0	0	1
19	1	1	0	0	0	1
19.02	0	1	0	0	0	1
19.03	3	1.73205	0	0	0	1
19.05	0	1	0	0	0	1
19.07	1	1	0	0	0	1
19.08	0	1	0	0	0	1
19.1	3	1.73205	0	0	0	1
19.11	2	1.41421	0	0	0	1
19.13	2	1.41421	0	0	0	1
19.14	1	1	0	0	0	1
19.16	1	1	0	0	0	1
19.18	2	1.41421	0	0	0	1
19.19	1	1	0	0	0	1
19.21	0	1	0	0	0	1
19.22	2	1.41421	0	0	0	1
19.24	0	1	0	0	0	1
19.26	2	1.41421	0	0	0	1
19.27	2	1.41421	0	0	0	1
19.29	2	1.41421	0	0	0	1
19.3	0	1	0	0	0	1
19.32	1	1	0	0	0	1
19.33	1	1	0	0	0	1
19.35	1	1	0	0	0	1
19.37	0	1	0	0	0	1
19.38	1	1	0	0	0	1
19.4	0	1	0	0	0	1
19.41	1	1	0	0	0	1
19.43	2	1.41421	0	0	0	1
19.45	1	1	0	0	0	1
19.46	2	1.41421	0	0	0	1
19.48	1	1	0	0	0	1
19.49	2	1.41421	0	0	0	1
19.51	3	1.73205	0	0	0	1
19.52	1	1	0	0	0	1
19.54	2	1.41421	0	0	0	1
19.56	2	1.41421	0	0	0	1
19.57	0	1	0	0	0	1
19.59	1	1	0	0	0	1
19.6	1	1	0	0	0	1
19.62	2	1.41421	0	0	0	1
19.64	0	1	0	0	0	1
19.65	3	1.73205	0	0	0	1
19.67	0	1	0	0	0	1
19.68	1	1	0	0	0	1
19.7	1	1	0	0	0	1
19.71	0	1	0	0	0	1
19.73	1	1	0	0	0	1
19.75	0	1	0	0	0	1
19.76	2	1.41421	0	0	0	1
19.78	0	1	0	0	0	1
19.79	0	1	0	0	0	1
19.81	0	1	0	0	0	1
19.83	0	1	0	0	0	1
19.84	0	1	0	0	0	1
19.86	2	1.41421	0	0	0	1
19.87	2	1.41421	0	0	0	1
19.89	2	1.41421	0	0	0	1
19.9	0	1	0	0	0	1
19.92	1	1	0	0	0	1
19.94	0	1	0	0	0	1
19.95	1	1	0	0	0	1
19.97	3	1.73205	0	0	0	1
19.98	1	1	0	0	0	1
20	0	1	0	0	0	1
20.02	1	1	0	0	0	1
20.03	0	1	0	0	0	1
20.05	3	1.73205	0	0	0	1
20.06	1	1	0	0	0	1
20.08	0	1	0	0	0	1
20.09	0	1	0	0	0	1
20.11	1	1	0	0	0	1
20.13	5	2.23607	0	0	0	1
20.14	2	1.41421	0	0	0	1
20.16	0	1	0	0	0	1
20.17	1	1	0	0	0	1
20.19	1	1	0	0	0	1
20.2	0	1	0	0	0	1
20.22	1	1	0	0	0	1
20.24	1	1	0	0	0	1
20.25	1	1	0	0	0	1
20.27	1	1	0	0	0	1
20.28	0	1	0	0	0	1
20.3	1	1	0	0	0	1
20.32	2	1.41421	0	0	0	1
20.33	1	1	0	0	0	1
20.35	0	1	0	0	0	1
20.36	2	1.41421	0	0	0	1
20.38	1	1	0	0	0	1
20.39	0	1	0	0	0	1
20.41	1	1	0	0	0	1
20.43	2	1.41421	0	0	0	1
20.44	0	1	0	0	0	1
20.46	1	1	0	0	0	1
20.47	2	1.41421	0	0	0	1
20.49	0	1	0	0	0	1
20.51	2	1.41421	0	0	0	1
20.52	0	1	0	0	0	1
20.54	1	1	0	0	0	1
20.55	1	1	0	0	0	1
20.57	1	1	0	0	0	1
20.58	0	1	0	0	0	1
20.6	3	1.73205	0	0	0	1
20.62	2	1.41421	0	0	0	1
20.63	0	1	0	0	0	1
20.65	1	1	0	0	0	1
20.66	1	1	0	0	0	1
20.68	1	1	0	0	0	1
20.7	2	1.41421	0	0	0	1
20.71	0	1	0	0	0	1
20.73	1	1	0	0	0	1
20.74	0	1	0	0	0	1
20.76	0	1	0	0	0	1
20.77	1	1	0	0	0	1
20.79	0	1	0	0	0	1
20.81	1	1	0	0	0	1
20.82	4	2	0	0	0	1
20.84	1	1	0	0	0	1
20.85	0	1	0	0	0	1
20.87	4	2	0	0	0	1
20.89	2	1.41421	0	0	0	1
20.9	1	1	0	0	0	1
20.92	1	1	0	0	0	1
20.93	0	1	0	0	0	1
20.95	4	2	0	0	0	1
20.96	1	1	0	0	0	1
20.98	3	1.73205	0	0	0	1
21	1	1	0	0	0	1
21.01	1	1	0	0	0	1
21.03	1	1	0	0	0	1
21.04	2	1.41421	0	0	0	1
21.06	1	1	0	0	0	1
21.08	1	1	0	0	0	1
21.09	2	1.41421	0	0	0	1
21.11	2	1.41421	0	0	0	1
21.12	0	1	0	0	0	1
21.14	1	1	0	0	0	1
21.15	0	1	0	0	0	1
21.17	0	1	0	0	0	1
21.19	0	1	0	0	0	1
21.2	2	1.41421	0	0	0	1
21.22	2	1.41421	0	0	0	1
21.23	0	1	0	0	0	1
21.25	0	1	0	0	0	1
21.26	2	1.41421	0	0	0	1
21.28	2	1.41421	0	0	0	1
21.3	1	1	0	0	0	1
21.31	1	1	0	0	0	1
21.33	1	1	0	0	0	1
21.34	0	1	0	0	0	1
21.36	0	1	0	0	0	1
21.38	3	1.73205	0	0	0	1
21.39	1	1	0	0	0	1
21.41	1	1	0	0	0	1
21.42	1	1	0	0	0	1
21.44	3	1.73205	0	0	0	1
21.45	2	1.41421	0	0	0	1
21.47	0	1	0	0	0	1
21.49	1	1	0	0	0	1
21.5	1	1	0	0	0	1
21.52	0	1	0	0	0	1
21.53	0	1	0	0	0	1
21.55	0	1	0	0	0	1
21.57	1	1	0	0	0	1
21.58	1	1	0	0	0	1
21.6	2	1.41421	0	0	0	1
21.61	0	1	0	0	0	1
21.63	2	1.41421	0	0	0	1
21.64	1	1	0	0	0	1
21.66	0	1	0	0	0	1
21.68	2	1.41421	0	0	0	1
21.69	1	1	0	0	0	1
21.71	2	1.41421	0	0	0	1
21.72	0	1	0	0	0	1
21.74	1	1	0	0	0	1
21.76	0	1	0	0	0	1
21.77	2	1.41421	0	0	0	1
21.79	0	1	0	0	0	1
21.8	1	1	0	0	0	1
21.82	0	1	0	0	0	1
21.83	2	1.41421	0	0	0	1
21.85	0	1	0	0	0	1
21.87	2	1.41421	0	0	0	1
21.88	2	1.41421	0	0	0	1
21.9	0	1	0	0	0	1
21.91	0	1	0	0	0	1
21.93	3	1.73205	0	0	0	1
21.95	0	1	0	0	0	1
21.96	2	1.41421	0	0	0	1
21.98	2	1.41421	0	0	0	1
21.99	1	1	0	0	0	1
22.01	1	1	0	0	0	1
22.02	0	1	0	0	0	1
22.04	1	1	0	0	0	1
22.06	1	1	0	0	0	1
22.07	1	1	0	0	0	1
22.09	1	1	0	0	0	1
22.1	2	1.41421	0	0	0	1
22.12	5	2.23607	0	0	0	1
22.14	0	1	0	0	0	1
22.15	1	1	0	0	0	1
22.17	1	1	0	0	0	1
22.18	1	1	0	0	0	1
22.2	1	1	0	0	0	1
22.21	1	1	0	0	0	1
22.23	0	1	0	0	0	1
22.25	1	1	0	0	0	1
22.26	0	1	0	0	0	1
22.28	0	1	0	0	0	1
22.29	4	2	0	0	0	1
22.31	0	1	0	0	0	1
22.32	2	1.41421	0	0	0	1
22.34	0	1	0	0	0	1
22.36	2	1.41421	0	0	0	1
22.37	2	1.41421	0	0	0	1
22.39	0	1	0	0	0	1
22.4	0	1	0	0	0	1
22.42	1	1	0	0	0	1
22.44	3	1.73205	0	0	0	1
22.45	1	1	0	0	0	1
22.47	0	1	0	0	0	1
22.48	1	1	0	0	0	1
22.5	0	1	0	0	0	1
22.51	1	1	0	0	0	1
22.53	0	1	0	0	0	1
22.55	0	1	0	0	0	1
22.56	1	1	0	0	0	1
22.58	1	1	0	0	0	1
22.59	0	1	0	0	0	1
22.61	0	1	0	0	0	1
22.63	0	1	0	0	0	1
22.64	1	1	0	0	0	1
22.66	0	1	0	0	0	1
22.67	1	1	0	0	0	1
22.69	0	1	0	0	0	1
22.7	0	1	0	0	0	1
22.72	0	1	0	0	0	1
22.74	2	1.41421	0	0	0	1
22.75	0	1	0	0	0	1
22.77	0	1	0	0	0	1
22.78	0	1	0	0	0	1
22.8	0	1	0	0	0	1
22.82	0	1	0	0	0	1
22.83	0	1	0	0	0	1
22.85	0	1	0	0	0	1
22.86	0	1	0	0	0	1
22.88	1	1	0	0	0	1
22.89	0	1	0	0	0	1
22.91	0	1	0	0	0	1
22.93	1	1	0	0	0	1
22.94	4	2	0	0	0	1
22.96	3	1.73205	0	0	0	1
22.97	0	1	0	0	0	1
22.99	1	1	0	0	0	1
23.01	0	1	0	0	0	1
23.02	3	1.73205	0	0	0	1
23.04	1	1	0	0	0	1
23.05	0	1	0	0	0	1
23.07	0	1	0	0	0	1
23.08	3	1.73205	0	0	0	1
23.1	1	1	0	0	0	1
23.12	1	1	0	0	0	1
23.13	0	1	0	0	0	1
23.15	1	1	0	0	0	1
23.16	2	1.41421	0	0	0	1
23.18	0	1	0	0	0	1
23.2	2	1.41421	0	0	0	1
23.21	1	1	0	0	0	1
23.23	1	1	0	0	0	1
23.24	0	1	0	0	0	1
23.26	0	1	0	0	0	1
23.27	0	1	0	0	0	1
23.29	0	1	0	0	0	1
23.31	0	1	0	0	0	1
23.32	2	1.41421	0	0	0	1
23.34	2	1.41421	0	0	0	1
23.35	1	1	0	0	0	1
23.37	0	1	0	0	0	1
23.38	1	1	0	0	0	1
23.4	0	1	0	0	0	1
23.42	1	1	0	0	0	1
23.43	2	1.41421	0	0	0	1
23.45	2	1.41421	0	0	0	1
23.46	0	1	0	0	0	1
23.48	0	1	0	0	0	1
23.5	1	1	0	0	0	1
23.51	4	2	0	0	0	1
23.53	0	1	0	0	0	1
23.54	0	1	0	0	0	1
23.56	0	1	0	0	0	1
23.57	1	1	0	0	0	1
23.59	0	1	0	0	0	1
23.61	0	1	0	0	0	1
23.62	1	1	0	0	0	1
23.64	1	1	0	0	0	1
23.65	1	1	0	0	0	1
23.67	0	1	0	0	0	1
23.69	0	1	0	0	0	1
23.7	1	1	0	0	0	1
23.72	1	1	0	0	0	1
23.73	0	1	0	0	0	1
23.75	0	1	0	0	0	1
23.76	0	1	0	0	0	1
23.78	1	1	0	0	0	1
23.8	0	1	0	0	0	1
23.81	0	1	0	0	0	1
23.83	1	1	0	0	0	1
23.84	0	1	0	0	0	1
23.86	1	1	0	0	0	1
23.88	1	1	0	0	0	1
23.89	0	1	0	0	0	1
23.91	1	1	0	0	0	1
23.92	1	1	0	0	0	1
23.94	1	1	0	0	0	1
23.95	0	1	0	0	0	1
23.97	1	1	0	0	0	1
23.99	2	1.41421	0	0	0	1
24	0	1	0	0	0	1
24.02	0	1	0	0	0	1
24.03	2	1.41421	0	0	0	1
24.05	1	1	0	0	0	1
24.07	1	1	0	0	0	1
24.08	0	1	0	0	0	1
24.1	0	1	0	0	0	1
24.11	1	1	0	0	0	1
24.13	2	1.41421	0	0	0	1
24.14	0	1	0	0	0	1
24.16	1	1	0	0	0	1
24.18	1	1	0	0	0	1
24.19	2	1.41421	0	0	0	1
24.21	0	1	0	0	0	1
24.22	1	1	0	0	0	1
24.24	0	1	0	0	0	1
24.26	2	1.41421	0	0	0	1
24.27	1	1	0	0	0	1
24.29	1	1	0	0	0	1
24.3	1	1	0	0	0	1
24.32	0	1	0	0	0	1
24.33	0	1	0	0	0	1
24.35	2	1.41421	0	0	0	1
24.37	1	1	0	0	0	1
24.38	0	1	0	0	0	1
24.4	0	1	0	0	0	1
24.41	0	1	0	0	0	1
24.43	0	1	0	0	0	1
24.45	1	1	0	0	0	1
24.46	1	1	0	0	0	1
24.48	0	1	0	0	0	1
24.49	0	1	0	0	0	1
24.51	2	1.41421	0	0	0	1
24.52	2	1.41421	0	0	0	1
24.54	0	1	0	0	0	1
24.56	1	1	0	0	0	1
24.57	0	1	0	0	0	1
24.59	0	1	0	0	0	1
24.6	2	1.41421	0	0	0	1
24.62	0	1	0	0	0	1
24.63	3	1.73205	0	0	0	1
24.65	0	1	0	0	0	1
24.67	0	1	0	0	0	1
24.68	0	1	0	0	0	1
24.7	0	1	0	0	0	1
24.71	3	1.73205	0	0	0	1
24.73	0	1	0	0	0	1
24.75	0	1	0	0	0	1
24.76	0	1	0	0	0	1
24.78	1	1	0	0	0	1
24.79	0	1	0	0	0	1
24.81	1	1	0	0	0	1
24.82	0	1	0	0	0	1
24.84	0	1	0	0	0	1
24.86	0	1	0	0	0	1
24.87	0	1	0	0	0	1
24.89	0	1	0	0	0	1
24.9	1	1	0	0	0	1
24.92	0	1	0	0	0	1
24.94	1	1	0	0	0	1
24.95	0	1	0	0	0	1
24.97	1	1	0	0	0	1
24.98	0	1	0	0	0	1
25	0	1	0	0	0	1
25.01	1	1	0	0	0	1
25.03	0	1	0	0	0	1
25.05	1	1	0	0	0	1
25.06	0	1	0	0	0	1
25.08	1	1	0	0	0	1
25.09	1	1	0	0	0	1
25.11	0	1	0	0	0	1
25.13	2	1.41421	0	0	0	1
25.14	1	1	0	0	0	1
25.16	2	1.41421	0	0	0	1
25.17	1	1	0	0	0	1
25.19	0	1	0	0	0	1
25.2	0	1	0	0	0	1
25.22	0	1	0	0	0	1
25.24	0	1	0	0	0	1
25.25	0	1	0	0	0	1
25.27	0	1	0	0	0	1
25.28	1	1	0	0	0	1
25.3	0	1	0	0	0	1
25.32	1	1	0	0	0	1
25.33	1	1	0	0	0	1
25.35	0	1	0	0	0	1
25.36	0	1	0	0	0	1
25.38	0	1	0	0	0	1
25.39	0	1	0	0	0	1
25.41	0	1	0	0	0	1
25.43	1	1	0	0	0	1
25.44	0	1	0	0	0	1
25.46	0	1	0	0	0	1
25.47	0	1	0	0	0	1
25.49	1	1	0	0	0	1
25.51	0	1	0	0	0	1
25.52	1	1	0	0	0	1
25.54	1	1	0	0	0	1
25.55	1	1	0	0	0	1
25.57	1	1	0	0	0	1
25.58	0	1	0	0	0	1
25.6	0	1	0	0	0	1
25.62	0	1	0	0	0	1
25.63	1	1	0	0	0	1
25.65	1	1	0	0	0	1
25.66	0	1	0	0	0	1
25.68	1	1	0	0	0	1
25.69	0	1	0	0	0	1
25.71	0	1	0	0	0	1
25.73	0	1	0	0	0	1
25.74	1	1	0	0	0	1
25.76	0	1	0	0	0	1
25.77	0	1	0	0	0	1
25.79	0	1	0	0	0	1
25.81	4	2	0	0	0	1
25.82	0	1	0	0	0	1
25.84	0	1	0	0	0	1
25.85	1	1	0	0	0	1
25.87	1	1	0	0	0	1
25.88	0	1	0	0	0	1
25.9	0	1	0	0	0	1
25.92	1	1	0	0	0	1
25.93	0	1	0	0	0	1
25.95	1	1	0	0	0	1
25.96	0	1	0	0	0	1
25.98	0	1	0	0	0	1
26	0	1	0	0	0	1
26.01	0	1	0	0	0	1
26.03	2	1.41421	0	0	0	1
26.04	1	1	0	0	0	1
26.06	1	1	0	0	0	1
26.07	1	1	0	0	0	1
26.09	0	1	0	0	0	1
26.11	1	1	0	0	0	1
26.12	1	1	0	0	0	1
26.14	1	1	0	0	0	1
26.15	0	1	0	0	0	1
26.17	0	1	0	0	0	1
26.19	1	1	0	0	0	1
26.2	0	1	0	0	0	1
26.22	0	1	0	0	0	1
26.23	2	1.41421	0	0	0	1
26.25	0	1	0	0	0	1
26.26	0	1	0	0	0	1
26.28	1	1	0	0	0	1
26.3	0	1	0	0	0	1
26.31	0	1	0	0	0	1
26.33	0	1	0	0	0	1
26.34	0	1	0	0	0	1
26.36	1	1	0	0	0	1
26.38	2	1.41421	0	0	0	1
26.39	0	1	0	0	0	1
26.41	1	1	0	0	0	1
26.42	2	1.41421	0	0	0	1
26.44	0	1	0	0	0	1
26.45	1	1	0	0	0	1
26.47	0	1	0	0	0	1
26.49	0	1	0	0	0	1
26.5	0	1	0	0	0	1
26.52	0	1	0	0	0	1
26.53	1	1	0	0	0	1
26.55	0	1	0	0	0	1
26.57	1	1	0	0	0	1
26.58	4	2	0	0	0	1
26.6	0	1	0	0	0	1
26.61	1	1	0	0	0	1
26.63	0	1	0	0	0	1
26.64	0	1	0	0	0	1
26.66	0	1	0	0	0	1
26.68	1	1	0	0	0	1
26.69	1	1	0	0	0	1
26.71	0	1	0	0	0	1
26.72	0	1	0	0	0	1
26.74	0	1	0	0	0	1
26.75	0	1	0	0	0	1
26.77	0	1	0	0	0	1
26.79	0	1	0	0	0	1
26.8	0	1	0	0	0	1
26.82	1	1	0	0	0	1
26.83	0	1	0	0	0	1
26.85	0	1	0	0	0	1
26.87	0	1	0	0	0	1
26.88	0	1	0	0	0	1
26.9	1	1	0	0	0	1
26.91	0	1	0	0	0	1
26.93	2	1.41421	0	0	0	1
26.94	1	1	0	0	0	1
26.96	0	1	0	0	0	1
26.98	0	1	0	0	0	1
26.99	1	1	0	0	0	1
27.01	0	1	0	0	0	1
27.02	1	1	0	0	0	1
27.04	0	1	0	0	0	1
27.06	1	1	0	0	0	1
27.07	0	1	0	0	0	1
27.09	0	1	0	0	0	1
27.1	1	1	0	0	0	1
27.12	1	1	0	0	0	1
27.13	0	1	0	0	0	1
27.15	1	1	0	0	0	1
27.17	0	1	0	0	0	1
27.18	0	1	0	0	0	1
27.2	0	1	0	0	0	1
27.21	0	1	0	0	0	1
27.23	0	1	0	0	0	1
27.25	0	1	0	0	0	1
27.26	0	1	0	0	0	1
27.28	0	1	0	0	0	1
27.29	1	1	0	0	0	1
27.31	0	1	0	0	0	1
27.32	0	1	0	0	0	1
27.34	0	1	0	0	0	1
27.36	0	1	0	0	0	1
27.37	0	1	0	0	0	1
27.39	0	1	0	0	0	1
27.4	1	1	0	0	0	1
27.42	0	1	0	0	0	1
27.44	0	1	0	0	0	1
27.45	0	1	0	0	0	1
27.47	1	1	0	0	0	1
27.48	0	1	0	0	0	1
27.5	0	1	0	0	0	1
27.51	0	1	0	0	0	1
27.53	0	1	0	0	0	1
27.55	0	1	0	0	0	1
27.56	0	1	0	0	0	1
27.58	0	1	0	0	0	1
27.59	1	1	0	0	0	1
27.61	1	1	0	0	0	1
27.63	0	1	0	0	0	1
27.64	1	1	0	0	0	1
27.66	0	1	0	0	0	1
27.67	1	1	0	0	0	1
27.69	0	1	0	0	0	1
27.7	0	1	0	0	0	1
27.72	0	1	0	0	0	1
27.74	0	1	0	0	0	1
27.75	0	1	0	0	0	1
27.77	0	1	0	0	0	1
27.78	0	1	0	0	0	1
27.8	0	1	0	0	0	1
27.81	0	1	0	0	0	1
27.83	0	1	0	0	0	1
27.85	0	1	0	0	0	1
27.86	0	1	0	0	0	1
27.88	0	1	0	0	0	1
27.89	1	1	0	0	0	1
27.91	0	1	0	0	0	1
27.93	0	1	0	0	0	1
27.94	0	1	0	0	0	1
27.96	0	1	0	0	0	1
27.97	0	1	0	0	0	1
27.99	0	1	0	0	0	1
28	1	1	0	0	0	1
28.02	0	1	0	0	0	1
28.04	1	1	0	0	0	1
28.05	0	1	0	0	0	1
28.07	0	1	0	0	0	1
28.08	0	1	0	0	0	1
28.1	0	1	0	0	0	1
28.12	0	1	0	0	0	1
28.13	0	1	0	0	0	1
28.15	0	1	0	0	0	1
28.16	1	1	0	0	0	1
28.18	0	1	0	0	0	1
28.19	1	1	0	0	0	1
28.21	0	1	0	0	0	1
28.23	0	1	0	0	0	1
28.24	0	1	0	0	0	1
28.26	0	1	0	0	0	1
28.27	1	1	0	0	0	1
28.29	0	1	0	0	0	1
28.31	0	1	0	0	0	1
28.32	0	1	0	0	0	1
28.34	0	1	0	0	0	1
28.35	0	1	0	0	0	1
28.37	0	1	0	0	0	1
28.38	0	1	0	0	0	1
28.4	0	1	0	0	0	1
28.42	0	1	0	0	0	1
28.43	2	1.41421	0	0	0	1
28.45	0	1	0	0	0	1
28.46	0	1	0	0	0	1
28.48	0	1	0	0	0	1
28.5	0	1	0	0	0	1
28.51	0	1	0	0	0	1
28.53	0	1	0	0	0	1
28.54	0	1	0	0	0	1
28.56	0	1	0	0	0	1
28.57	0	1	0	0	0	1
28.59	0	1	0	0	0	1
28.61	0	1	0	0	0	1
28.62	0	1	0	0	0	1
28.64	1	1	0	0	0	1
28.65	0	1	0	0	0	1
28.67	0	1	0	0	0	1
28.69	0	1	0	0	0	1
28.7	0	1	0	0	0	1
28.72	2	1.41421	0	0	0	1
28.73	0	1	0	0	0	1
28.75	0	1	0	0	0	1
28.76	1	1	0	0	0	1
28.78	0	1	0	0	0	1
28.8	0	1	0	0	0	1
28.81	0	1	0	0	0	1
28.83	0	1	0	0	0	1
28.84	0	1	0	0	0	1
28.86	0	1	0	0	0	1
28.88	1	1	0	0	0	1
28.89	0	1	0	0	0	1
28.91	1	1	0	0	0	1
28.92	0	1	0	0	0	1
28.94	0	1	0	0	0	1
28.95	0	1	0	0	0	1
28.97	0	1	0	0	0	1
28.99	0	1	0	0	0	1
29	0	1	0	0	0	1
29.02	0	1	0	0	0	1
29.03	0	1	0	0	0	1
29.05	0	1	0	0	0	1
29.06	0	1	0	0	0	1
29.08	0	1	0	0	0	1
29.1	0	1	0	0	0	1
29.11	0	1	0	0	0	1
29.13	0	1	0	0	0	1
29.14	1	1	0	0	0	1
29.16	0	1	0	0	0	1
29.18	0	1	0	0	0	1
29.19	0	1	0	0	0	1
29.21	1	1	0	0	0	1
29.22	0	1	0	0	0	1
29.24	0	1	0	0	0	1
29.25	1	1	0	0	0	1
29.27	0	1	0	0	0	1
29.29	0	1	0	0	0	1
29.3	0	1	0	0	0	1
29.32	1	1	0	0	0	1
29.33	2	1.41421	0	0	0	1
29.35	0	1	0	0	0	1
29.37	0	1	0	0	0	1
29.38	0	1	0	0	0	1
29.4	0	1	0	0	0	1
29.41	0	1	0	0	0	1
29.43	0	1	0	0	0	1
29.44	0	1	0	0	0	1
29.46	0	1	0	0	0	1
29.48	0	1	0	0	0	1
29.49	0	1	0	0	0	1
29.51	0	1	0	0	0	1
29.52	0	1	0	0	0	1
29.54	0	1	0	0	0	1
29.56	0	1	0	0	0	1
29.57	0	1	0	0	0	1
29.59	1	1	0	0	0	1
29.6	0	1	0	0	0	1
29.62	0	1	0	0	0	1
29.63	0	1	0	0	0	1
29.65	0	1	0	0	0	1
29.67	1	1	0	0	0	1
29.68	0	1	0	0	0	1
29.7	0	1	0	0	0	1
29.71	0	1	0	0	0	1
29.73	0	1	0	0	0	1
29.75	0	1	0	0	0	1
29.76	1	1	0	0	0	1
29.78	0	1	0	0	0	1
29.79	0	1	0	0	0	1
29.81	0	1	0	0	0	1
29.82	0	1	0	0	0	1
29.84	0	1	0	0	0	1
29.86	0	1	0	0	0	1
29.87	1	1	0	0	0	1
29.89	0	1	0	0	0	1
29.9	0	1	0	0	0	1
29.92	0	1	0	0	0	1
29.94	0	1	0	0	0	1
29.95	0	1	0	0	0	1
29.97	0	1	0	0	0	1
29.98	0	1	0	0	0	1
30	0	1	0	0	0	1
30.01	0	1	0	0	0	1
30.03	0	1	0	0	0	1
30.05	0	1	0	0	0	1
30.06	0	1	0	0	0	1
30.08	0	1	0	0	0	1
30.09	0	1	0	0	0	1
30.11	0	1	0	0	0	1
30.12	0	1	0	0	0	1
30.14	0	1	0	0	0	1
30.16	0	1	0	0	0	1
30.17	0	1	0	0	0	1
30.19	0	1	0	0	0	1
30.2	0	1	0	0	0	1
30.22	0	1	0	0	0	1
30.24	0	1	0	0	0	1
30.25	0	1	0	0	0	1
30.27	1	1	0	0	0	1
30.28	0	1	0	0	0	1
30.3	0	1	0	0	0	1
30.31	0	1	0	0	0	1
30.33	0	1	0	0	0	1
30.35	0	1	0	0	0	1
30.36	0	1	0	0	0	1
30.38	0	1	0	0	0	1
30.39	0	1	0	0	0	1
30.41	0	1	0	0	0	1
30.43	0	1	0	0	0	1
30.44	0	1	0	0	0	1
30.46	0	1	0	0	0	1
30.47	0	1	0	0	0	1
30.49	0	1	0	0	0	1
30.5	0	1	0	0	0	1
30.52	0	1	0	0	0	1
30.54	0	1	0	0	0	1
30.55	0	1	0	0	0	1
30.57	0	1	0	0	0	1
30.58	0	1	0	0	0	1
30.6	0	1	0	0	0	1
30.62	0	1	0	0	0	1
30.63	0	1	0	0	0	1
30.65	0	1	0	0	0	1
30.66	0	1	0	0	0	1
30.68	0	1	0	0	0	1
30.69	0	1	0	0	0	1
30.71	0	1	0	0	0	1
30.73	0	1	0	0	0	1
30.74	0	1	0	0	0	1
30.76	0	1	0	0	0	1
30.77	0	1	0	0	0	1
30.79	0	1	0	0	0	1
30.81	1	1	0	0	0	1
30.82	0	1	0	0	0	1
30.84	0	1	0	0	0	1
30.85	1	1	0	0	0	1
30.87	0	1	0	0	0	1
30.88	1	1	0	0	0	1
30.9	0	1	0	0	0	1
30.92	0	1	0	0	0	1
30.93	0	1	0	0	0	1
30.95	0	1	0	0	0	1
30.96	0	1	0	0	0	1
30.98	0	1	0	0	0	1
31	0	1	0	0	0	1
31.01	0	1	0	0	0	1
31.03	0	1	0	0	0	1
31.04	0	1	0	0	0	1
31.06	0	1	0	0	0	1
31.07	0	1	0	0	0	1
31.09	0	1	0	0	0	1
31.11	0	1	0	0	0	1
31.12	0	1	0	0	0	1
31.14	0	1	0	0	0	1
31.15	0	1	0	0	0	1
31.17	0	1	0	0	0	1
31.18	0	1	0	0	0	1
31.2	0	1	0	0	0	1
31.22	0	1	0	0	0	1
31.23	1	1	0	0	0	1
31.25	0	1	0	0	0	1
31.26	0	1	0	0	0	1
31.28	0	1	0	0	0	1
31.3	0	1	0	0	0	1
31.31	0	1	0	0	0	1
31.33	0	1	0	0	0	1
31.34	0	1	0	0	0	1
31.36	0	1	0	0	0	1
31.37	0	1	0	0	0	1
31.39	0	1	0	0	0	1
31.41	0	1	0	0	0	1
31.42	0	1	0	0	0	1
31.44	0	1	0	0	0	1
31.45	0	1	0	0	0	1
31.47	0	1	0	0	0	1
31.49	0	1	0	0	0	1
31.5	0	1	0	0	0	1
31.52	0	1	0	0	0	1
31.53	0	1	0	0	0	1
31.55	0	1	0	0	0	1
31.56	0	1	0	0	0	1
31.58	0	1	0	0	0	1
31.6	0	1	0	0	0	1
31.61	0	1	0	0	0	1
31.63	0	1	0	0	0	1
31.64	0	1	0	0	0	1
31.66	0	1	0	0	0	1
31.68	0	1	0	0	0	1
31.69	0	1	0	0	0	1
31.71	0	1	0	0	0	1
31.72	0	1	0	0	0	1
31.74	0	1	0	0	0	1
31.75	0	1	0	0	0	1
31.77	0	1	0	0	0	1
31.79	0	1	0	0	0	1
31.8	0	1	0	0	0	1
31.82	0	1	0	0	0	1
31.83	0	1	0	0	0	1
31.85	0	1	0	0	0	1
31.87	0	1	0	0	0	1
31.88	0	1	0	0	0	1
31.9	0	1	0	0	0	1
31.91	0	1	0	0	0	1
31.93	0	1	0	0	0	1
31.94	0	1	0	0	0	1
31.96	1	1	0	0	0	1
31.98	0	1	0	0	0	1
31.99	0	1	0	0	0	1
32.01	0	1	0	0	0	1
32.02	0	1	0	0	0	1
32.04	0	1	0	0	0	1
32.06	0	1	0	0	0	1
32.07	0	1	0	0	0	1
32.09	0	1	0	0	0	1
32.1	0	1	0	0	0	1
32.12	0	1	0	0	0	1
32.13	0	1	0	0	0	1
32.15	0	1	0	0	0	1
32.17	0	1	0	0	0	1
32.18	0	1	0	0	0	1
32.2	0	1	0	0	0	1
32.21	0	1	0	0	0	1
32.23	0	1	0	0	0	1
32.24	0	1	0	0	0	1
32.26	0	1	0	0	0	1
32.28	0	1	0	0	0	1
32.29	0	1	0	0	0	1
32.31	0	1	0	0	0	1
32.32	0	1	0	0	0	1
32.34	0	1	0	0	0	1
32.36	0	1	0	0	0	1
32.37	0	1	0	0	0	1
32.39	0	1	0	0	0	1
32.4	0	1	0	0	0	1
32.42	0	1	0	0	0	1
32.43	-1	1	0	0	0	1
