# exported by fityk 0.8.7
#11-X:x	11-X:y	11-X:s	11-X:F(x)	11-X:%_1(x)	11-X:%_2(x)	11-X:%_4(x)	11-X:a
0.79	0	1	1.8271e-026	2.45417e-062	0	1.8271e-026	1
0.81	0	1	2.99365e-026	5.76321e-062	0	2.99365e-026	1
0.82	0	1	3.8292e-026	8.82361e-062	0	3.8292e-026	1
0.84	0	1	6.25593e-026	2.06451e-061	0	6.25593e-026	1
0.86	0	1	1.0201e-025	4.81866e-061	0	1.0201e-025	1
0.87	0	1	1.30167e-025	7.35502e-061	0	1.30167e-025	1
0.89	0	1	2.11639e-025	1.71042e-060	0	2.11639e-025	1
0.9	0	1	2.69668e-025	2.60595e-060	0	2.69668e-025	1
0.92	0	1	4.37189e-025	6.03806e-060	0	4.37189e-025	1
0.93	0	1	5.56258e-025	9.1826e-060	0	5.56258e-025	1
0.95	0	1	8.99211e-025	2.11986e-059	0	8.99211e-025	1
0.97	0	1	1.45081e-024	4.88189e-059	0	1.45081e-024	1
0.98	0	1	1.84151e-024	7.4017e-059	0	1.84151e-024	1
1	0	1	2.96257e-024	1.69834e-058	0	2.96257e-024	1
1.01	0	1	3.75494e-024	2.57023e-058	0	3.75494e-024	1
1.03	0	1	6.02343e-024	5.8759e-058	0	6.02343e-024	1
1.05	0	1	9.64383e-024	1.34004e-057	0	9.64383e-024	1
1.06	0	1	1.21938e-023	2.02181e-057	0	1.21938e-023	1
1.08	0	1	1.94666e-023	4.59403e-057	0	1.94666e-023	1
1.09	0	1	2.45783e-023	6.91868e-057	0	2.45783e-023	1
1.11	0	1	3.91244e-023	1.56634e-056	0	3.91244e-023	1
1.12	0	1	4.93268e-023	2.35462e-056	0	4.93268e-023	1
1.14	1	1	7.82935e-023	5.31123e-056	0	7.82935e-023	1
1.16	1	1	1.24032e-022	1.19511e-055	0	1.24032e-022	1
1.17	1	1	1.55999e-022	1.7911e-055	0	1.55999e-022	1
1.19	2	1.41421	2.46419e-022	4.01554e-055	0	2.46419e-022	1
1.2	4	2	3.09483e-022	6.00702e-055	0	3.09483e-022	1
1.22	4	2	4.87455e-022	1.34182e-054	0	4.87455e-022	1
1.24	11	3.31662	7.66296e-022	2.98999e-054	0	7.66296e-022	1
1.25	30	5.47723	9.60095e-022	4.45923e-054	0	9.60095e-022	1
1.27	28	5.2915	1.50495e-021	9.90023e-054	0	1.50495e-021	1
1.28	36	6	1.88283e-021	1.47381e-053	0	1.88283e-021	1
1.3	21	4.58258	2.94283e-021	3.26015e-053	0	2.94283e-021	1
1.31	29	5.38516	3.67645e-021	4.84438e-053	0	3.67645e-021	1
1.33	18	4.24264	5.72965e-021	1.06769e-052	0	5.72965e-021	1
1.35	24	4.89898	8.91233e-021	2.34742e-052	0	8.91233e-021	1
1.36	26	5.09902	1.11073e-020	3.4775e-052	0	1.11073e-020	1
1.38	40	6.32456	1.72273e-020	7.61772e-052	0	1.72273e-020	1
1.39	29	5.38516	2.14392e-020	1.12644e-051	0	2.14392e-020	1
1.41	26	5.09902	3.31561e-020	2.45852e-051	0	3.31561e-020	1
1.42	26	5.09902	4.12029e-020	3.62878e-051	0	4.12029e-020	1
1.44	20	4.47214	6.35373e-020	7.89113e-051	0	6.35373e-020	1
1.46	35	5.91608	9.77897e-020	1.71182e-050	0	9.77897e-020	1
1.47	37	6.08276	1.2123e-019	2.51895e-050	0	1.2123e-019	1
1.49	27	5.19615	1.86047e-019	5.44438e-050	0	1.86047e-019	1
1.5	23	4.79583	2.3031e-019	7.99679e-050	0	2.3031e-019	1
1.52	21	4.58258	3.52427e-019	1.72209e-049	0	3.52427e-019	1
1.54	40	6.32456	5.38256e-019	3.69943e-049	0	5.38256e-019	1
1.55	19	4.3589	6.64715e-019	5.41723e-049	0	6.64715e-019	1
1.57	14	3.74166	1.01228e-018	1.15949e-048	0	1.01228e-018	1
1.58	30	5.47723	1.2483e-018	1.69479e-048	0	1.2483e-018	1
1.6	29	5.38516	1.89554e-018	3.61423e-048	0	1.89554e-018	1
1.61	25	5	2.33413e-018	5.27313e-048	0	2.33413e-018	1
1.63	31	5.56776	3.53412e-018	1.12042e-047	0	3.53412e-018	1
1.65	23	4.79583	5.34076e-018	2.37482e-047	0	5.34076e-018	1
1.66	30	5.47723	6.56069e-018	3.45429e-047	0	6.56069e-018	1
1.68	30	5.47723	9.88591e-018	7.29492e-047	0	9.88591e-018	1
1.69	26	5.09902	1.21265e-017	1.05914e-046	0	1.21265e-017	1
1.71	33	5.74456	1.822e-017	2.22857e-046	0	1.822e-017	1
1.73	24	4.89898	2.73228e-017	4.67777e-046	0	2.73228e-017	1
1.74	25	5	3.34349e-017	6.77092e-046	0	3.34349e-017	1
1.76	30	5.47723	4.99946e-017	1.41602e-045	0	4.99946e-017	1
1.77	32	5.65685	6.10901e-017	2.0459e-045	0	6.10901e-017	1
1.79	27	5.19615	9.10833e-017	4.26303e-045	0	9.10833e-017	1
1.8	19	4.3589	1.11137e-016	6.14805e-045	0	1.11137e-016	1
1.82	28	5.2915	1.65224e-016	1.27638e-044	0	1.65224e-016	1
1.84	17	4.12311	2.45161e-016	2.64341e-044	0	2.45161e-016	1
1.85	20	4.47214	2.98419e-016	3.80066e-044	0	2.98419e-016	1
1.87	30	5.47723	4.4152e-016	7.84249e-044	0	4.4152e-016	1
1.88	27	5.19615	5.36659e-016	1.12552e-043	0	5.36659e-016	1
1.9	27	5.19615	7.91713e-016	2.31398e-043	0	7.91713e-016	1
1.92	19	4.3589	1.16574e-015	4.74574e-043	0	1.16574e-015	1
1.93	13	3.60555	1.41353e-015	6.79015e-043	0	1.41353e-015	1
1.95	22	4.69042	2.07531e-015	1.38751e-042	0	2.07531e-015	1
1.96	20	4.47214	2.51281e-015	1.9816e-042	0	2.51281e-015	1
1.98	23	4.79583	3.67861e-015	4.03442e-042	0	3.67861e-015	1
1.99	16	4	4.44768e-015	5.75131e-042	0	4.44768e-015	1
2.01	23	4.79583	6.49238e-015	1.16666e-041	0	6.49238e-015	1
2.03	22	4.69042	9.45885e-015	2.3608e-041	0	9.45885e-015	1
2.04	29	5.38516	1.14089e-014	3.35522e-041	0	1.14089e-014	1
2.06	24	4.89898	1.65738e-014	6.7647e-041	0	1.65738e-014	1
2.07	23	4.79583	1.99618e-014	9.59654e-041	0	1.99618e-014	1
2.09	19	4.3589	2.89151e-014	1.92776e-040	0	2.89151e-014	1
2.11	10	3.16228	4.18038e-014	3.86305e-040	0	4.18038e-014	1
2.12	17	4.12311	5.02281e-014	5.46351e-040	0	5.02281e-014	1
2.14	14	3.74166	7.24073e-014	1.09084e-039	0	7.24073e-014	1
2.15	23	4.79583	8.68734e-014	1.53995e-039	0	8.68734e-014	1
2.17	17	4.12311	1.24873e-013	3.06341e-039	0	1.24873e-013	1
2.18	24	4.89898	1.49605e-013	4.31676e-039	0	1.49605e-013	1
2.2	27	5.19615	2.14424e-013	8.55592e-039	0	2.14424e-013	1
2.22	18	4.24264	3.06736e-013	1.69167e-038	0	3.06736e-013	1
2.23	21	4.58258	3.66603e-013	2.37653e-038	0	3.66603e-013	1
2.25	12	3.4641	5.22918e-013	4.6817e-038	0	5.22918e-013	1
2.26	22	4.69042	6.24077e-013	6.56502e-038	0	6.24077e-013	1
2.28	23	4.79583	8.87608e-013	1.28857e-037	0	8.87608e-013	1
2.3	23	4.79583	1.25999e-012	2.523e-037	0	1.25999e-012	1
2.31	14	3.74166	1.50013e-012	3.52716e-037	0	1.50013e-012	1
2.33	25	5	2.12334e-012	6.88091e-037	0	2.12334e-012	1
2.34	16	4	2.52437e-012	9.60194e-037	0	2.52437e-012	1
2.36	20	4.47214	3.5628e-012	1.86634e-036	0	3.5628e-012	1
2.37	20	4.47214	4.22958e-012	2.59962e-036	0	4.22958e-012	1
2.39	22	4.69042	5.95225e-012	5.03444e-036	0	5.95225e-012	1
2.41	23	4.79583	8.36044e-012	9.72598e-036	0	8.36044e-012	1
2.42	21	4.58258	9.90124e-012	1.3506e-035	0	9.90124e-012	1
2.44	28	5.2915	1.3867e-011	2.59968e-035	0	1.3867e-011	1
2.45	23	4.79583	1.6399e-011	3.60345e-035	0	1.6399e-011	1
2.47	16	4	2.29011e-011	6.91069e-035	0	2.29011e-011	1
2.48	22	4.69042	2.70435e-011	9.56149e-035	0	2.70435e-011	1
2.5	14	3.74166	3.76572e-011	1.827e-034	0	3.76572e-011	1
2.52	16	4	5.23356e-011	3.48252e-034	0	5.23356e-011	1
2.53	26	5.09902	6.16535e-011	4.80366e-034	0	6.16535e-011	1
2.55	25	5	8.54384e-011	9.12298e-034	0	8.54384e-011	1
2.56	16	4	1.00505e-010	1.25609e-033	0	1.00505e-010	1
2.58	20	4.47214	1.38876e-010	2.37682e-033	0	1.38876e-010	1
2.6	33	5.74456	1.91528e-010	4.48654e-033	0	1.91528e-010	1
2.61	27	5.19615	2.24761e-010	6.15845e-033	0	2.24761e-010	1
2.63	23	4.79583	3.09081e-010	1.15824e-032	0	3.09081e-010	1
2.64	15	3.87298	3.62187e-010	1.58695e-032	0	3.62187e-010	1
2.66	15	3.87298	4.96626e-010	2.9737e-032	7.01573e-322	4.96626e-010	1
2.67	19	4.3589	5.81118e-010	4.06695e-032	1.12499e-320	5.81118e-010	1
2.69	16	4	7.94522e-010	7.59302e-032	1.2656e-318	7.94522e-010	1
2.71	23	4.79583	1.08421e-009	1.41417e-031	1.34001e-316	1.08421e-009	1
2.72	30	5.47723	1.26561e-009	1.92818e-031	1.37091e-315	1.26561e-009	1
2.74	23	4.79583	1.72208e-009	3.57803e-031	1.41904e-313	1.72208e-009	1
2.75	18	4.24264	2.00732e-009	4.86962e-031	1.43574e-312	2.00732e-009	1
2.77	19	4.3589	2.72341e-009	9.00332e-031	1.45353e-310	2.72341e-009	1
2.79	16	4	3.68786e-009	1.66054e-030	1.44994e-308	3.68786e-009	1
2.8	23	4.79583	4.28836e-009	2.25308e-030	1.44013e-307	4.28836e-009	1
2.82	13	3.60555	5.79027e-009	4.14033e-030	1.40504e-305	5.79027e-009	1
2.83	16	4	6.7234e-009	5.60746e-030	1.38014e-304	6.7234e-009	1
2.85	14	3.74166	9.05194e-009	1.02668e-029	1.31697e-302	9.05194e-009	1
2.86	17	4.12311	1.04955e-008	1.38794e-029	1.27936e-301	1.04955e-008	1
2.88	22	4.69042	1.40898e-008	2.53193e-029	1.19401e-299	1.40898e-008	1
2.9	18	4.24264	1.88784e-008	4.60755e-029	1.09799e-297	1.88784e-008	1
2.91	15	3.87298	2.18365e-008	6.20987e-029	1.04709e-296	2.18365e-008	1
2.93	18	4.24264	2.91737e-008	1.12593e-028	9.4176e-295	2.91737e-008	1
2.94	13	3.60555	3.36964e-008	1.51471e-028	8.88196e-294	3.36964e-008	1
2.96	18	4.24264	4.48887e-008	2.73634e-028	7.81317e-292	4.48887e-008	1
2.98	22	4.69042	5.96836e-008	4.93117e-028	6.77208e-290	5.96836e-008	1
2.99	25	5	6.87703e-008	6.61368e-028	6.26989e-289	6.87703e-008	1
3.01	15	3.87298	9.11726e-008	1.1875e-027	5.31519e-287	9.11726e-008	1
3.02	26	5.09902	1.04902e-007	1.58976e-027	4.86675e-286	1.04902e-007	1
3.04	19	4.3589	1.38673e-007	2.84402e-027	4.03516e-284	1.38673e-007	1
3.05	21	4.58258	1.59325e-007	3.80046e-027	3.65395e-283	1.59325e-007	1
3.07	14	3.74166	2.1001e-007	6.77405e-027	2.96312e-281	2.1001e-007	1
3.09	13	3.60555	2.76286e-007	1.20448e-026	2.36761e-279	2.76286e-007	1
3.1	19	4.3589	3.16668e-007	1.60464e-026	2.10466e-278	3.16668e-007	1
3.12	24	4.89898	4.15403e-007	2.84277e-026	1.64478e-276	4.15403e-007	1
3.13	27	5.19615	4.75433e-007	3.78029e-026	1.44598e-275	4.75433e-007	1
3.15	16	4	6.2187e-007	6.67264e-026	1.10522e-273	6.2187e-007	1
3.17	17	4.12311	8.11848e-007	1.17493e-025	8.32369e-272	8.11848e-007	1
3.18	27	5.19615	9.26933e-007	1.55765e-025	7.18355e-271	9.26933e-007	1
3.2	20	4.47214	1.20662e-006	2.73271e-025	5.29137e-269	1.20662e-006	1
3.21	19	4.3589	1.37567e-006	3.61625e-025	4.5162e-268	1.37567e-006	1
3.23	14	3.74166	1.78559e-006	6.3211e-025	3.25362e-266	1.78559e-006	1
3.24	13	3.60555	2.03283e-006	8.34953e-025	2.74634e-265	2.03283e-006	1
3.26	19	4.3589	2.63096e-006	1.45414e-024	1.93513e-263	2.63096e-006	1
3.28	15	3.87298	3.39852e-006	2.52634e-024	1.34351e-261	3.39852e-006	1
3.29	21	4.58258	3.8598e-006	3.32687e-024	1.11327e-260	3.8598e-006	1
3.31	19	4.3589	4.97149e-006	5.75879e-024	7.55955e-259	4.97149e-006	1
3.32	19	4.3589	5.63811e-006	7.56975e-024	6.19491e-258	5.63811e-006	1
3.34	13	3.60555	7.24105e-006	1.30553e-023	4.11429e-256	7.24105e-006	1
3.36	17	4.12311	9.28181e-006	2.24612e-023	2.69234e-254	9.28181e-006	1
3.37	21	4.58258	1.05011e-005	2.94346e-023	2.1659e-253	1.05011e-005	1
3.39	16	4	1.34218e-005	5.04562e-023	1.38624e-251	1.34218e-005	1
3.4	26	5.09902	1.51631e-005	6.60003e-023	1.10288e-250	1.51631e-005	1
3.42	22	4.69042	1.93246e-005	1.12723e-022	6.90387e-249	1.93246e-005	1
3.43	20	4.47214	2.18001e-005	1.4718e-022	5.43207e-248	2.18001e-005	1
3.45	14	3.74166	2.7703e-005	2.50453e-022	3.32577e-246	2.7703e-005	1
3.47	21	4.58258	3.51366e-005	4.25151e-022	2.0063e-244	3.51366e-005	1
3.48	25	5	3.95424e-005	5.5342e-022	1.54967e-243	3.95424e-005	1
3.5	27	5.19615	5.00082e-005	9.36014e-022	9.14334e-242	5.00082e-005	1
3.51	14	3.74166	5.61975e-005	1.21618e-021	6.9844e-241	5.61975e-005	1
3.53	20	4.47214	7.08666e-005	2.04945e-021	4.03051e-239	7.08666e-005	1
3.54	31	5.56776	7.95225e-005	2.65803e-021	3.04485e-238	7.95225e-005	1
3.56	25	5	9.99908e-005	4.4628e-021	1.71854e-236	9.99908e-005	1
3.58	21	4.58258	0.000125486	7.47475e-021	9.55719e-235	0.000125486	1
3.59	24	4.89898	0.000140475	9.66483e-021	7.08771e-234	0.000140475	1
3.61	18	4.24264	0.000175783	1.61285e-020	3.85514e-232	0.000175783	1
3.62	29	5.38516	0.000196496	2.08159e-020	2.82747e-231	0.000196496	1
3.64	28	5.2915	0.000245177	3.46103e-020	1.50417e-229	0.000245177	1
3.66	16	4	0.00030533	5.74058e-020	7.88441e-228	0.00030533	1
3.67	15	3.87298	0.000340487	7.38642e-020	5.67672e-227	0.000340487	1
3.69	21	4.58258	0.0004228	1.22066e-019	2.91028e-225	0.0004228	1
3.7	24	4.89898	0.000470803	1.56775e-019	2.07226e-224	0.000470803	1
3.72	19	4.3589	0.000582935	2.58136e-019	1.03907e-222	0.000582935	1
3.73	22	4.69042	0.000648183	3.3093e-019	7.31706e-222	0.000648183	1
3.75	31	5.56776	0.000800247	5.42898e-019	3.58841e-220	0.000800247	1
3.77	27	5.19615	0.000986086	8.88464e-019	1.73397e-218	0.000986086	1
3.78	35	5.91608	0.00109382	1.13554e-018	1.19868e-217	0.00109382	1
3.8	30	5.47723	0.00134395	1.85155e-018	5.66511e-216	0.00134395	1
3.81	33	5.74456	0.00148863	2.36213e-018	3.87304e-215	0.00148863	1
3.83	25	5	0.00182377	3.83749e-018	1.79028e-213	0.00182377	1
3.85	35	5.91608	0.00223006	6.21913e-018	8.15388e-212	0.00223006	1
3.86	31	5.56776	0.0024642	7.90996e-018	5.47239e-211	0.0024642	1
3.88	20	4.47214	0.00300447	1.27723e-017	2.43773e-209	0.00300447	1
3.89	26	5.09902	0.00331513	1.6215e-017	1.61801e-208	0.00331513	1
3.91	28	5.2915	0.00403031	2.60868e-017	7.0494e-207	0.00403031	1
3.92	33	5.74456	0.00444062	3.30579e-017	4.62731e-206	0.00444062	1
3.94	27	5.19615	0.00538303	5.29894e-017	1.97181e-204	0.00538303	1
3.96	23	4.79583	0.0065129	8.47313e-017	8.27896e-203	0.0065129	1
3.97	29	5.38516	0.0071587	1.07047e-016	5.33485e-202	0.0071587	1
3.99	26	5.09902	0.0086363	1.70545e-016	2.19077e-200	0.0086363	1
4	34	5.83095	0.00947896	2.15067e-016	1.39613e-199	0.00947896	1
4.02	31	5.56776	0.0114025	3.41389e-016	5.60745e-198	0.0114025	1
4.04	20	4.47214	0.01369	5.40586e-016	2.21912e-196	0.01369	1
4.05	28	5.2915	0.0149896	6.79634e-016	1.38828e-195	0.0149896	1
4.07	34	5.83095	0.0179448	1.07226e-015	5.3735e-194	0.0179448	1
4.08	25	5	0.01962	1.3456e-015	3.32458e-193	0.01962	1
4.1	36	6	0.0234204	2.11521e-015	1.25858e-191	0.0234204	1
4.11	35	5.91608	0.0255698	2.64956e-015	7.70091e-191	0.0255698	1
4.13	27	5.19615	0.0304346	4.14975e-015	2.85133e-189	0.0304346	1
4.15	35	5.91608	0.0361553	6.48349e-015	1.04023e-187	0.0361553	1
4.16	31	5.56776	0.0393786	8.09664e-015	6.2483e-187	0.0393786	1
4.18	26	5.09902	0.0466456	1.26038e-014	2.2295e-185	0.0466456	1
4.19	25	5	0.0507308	1.5711e-014	1.32441e-184	0.0507308	1
4.21	30	5.47723	0.0599195	2.43676e-014	4.62202e-183	0.0599195	1
4.23	26	5.09902	0.0706362	3.77017e-014	1.58934e-181	0.0706362	1
4.24	30	5.47723	0.0766379	4.6853e-014	9.26831e-181	0.0766379	1
4.26	27	5.19615	0.0900843	7.22265e-014	3.11709e-179	0.0900843	1
4.27	29	5.38516	0.0975974	8.95939e-014	1.79769e-178	0.0975974	1
4.29	26	5.09902	0.11439	1.37609e-013	5.91328e-177	0.11439	1
4.3	21	4.58258	0.123752	1.70386e-013	3.37269e-176	0.123752	1
4.32	30	5.47723	0.144627	2.60744e-013	1.08506e-174	0.144627	1
4.34	35	5.91608	0.168698	3.98047e-013	3.43958e-173	0.168698	1
4.35	22	4.69042	0.182065	4.91357e-013	1.92585e-172	0.182065	1
4.37	35	5.91608	0.211754	7.47356e-013	5.97089e-171	0.211754	1
4.38	27	5.19615	0.228204	9.20864e-013	3.30627e-170	0.228204	1
4.4	32	5.65685	0.264652	1.39552e-012	1.00258e-168	0.264652	1
4.42	27	5.19615	0.306331	2.10968e-012	2.99554e-167	0.306331	1
4.43	33	5.74456	0.329333	2.59156e-012	1.62833e-166	0.329333	1
4.45	27	5.19615	0.3801	3.90348e-012	4.75843e-165	0.3801	1
4.46	18	4.24264	0.408052	4.78631e-012	2.55808e-164	0.408052	1
4.48	24	4.89898	0.469594	7.18295e-012	7.31135e-163	0.469594	1
4.49	20	4.47214	0.5034	8.79136e-012	3.88714e-162	0.5034	1
4.51	32	5.65685	0.577653	1.31452e-011	1.08662e-160	0.577653	1
4.53	24	4.89898	0.661583	1.96075e-011	2.99296e-159	0.661583	1
4.54	26	5.09902	0.707505	2.39249e-011	1.56208e-158	0.707505	1
4.56	28	5.2915	0.807966	3.55561e-011	4.20815e-157	0.807966	1
4.57	23	4.79583	0.862802	4.3306e-011	2.17208e-156	0.862802	1
4.59	27	5.19615	0.982472	6.41241e-011	5.72303e-155	0.982472	1
4.6	25	5	1.04764	7.7958e-011	2.92141e-154	1.04764	1
4.62	28	5.2915	1.1895	1.15012e-010	7.52848e-153	1.1895	1
4.64	24	4.89898	1.34798	1.69266e-010	1.9116e-151	1.34798	1
4.65	20	4.47214	1.43394	2.05156e-010	9.5793e-151	1.43394	1
4.67	12	3.4641	1.6203	3.00828e-010	2.37897e-149	1.6203	1
4.68	21	4.58258	1.72113	3.63947e-010	1.17898e-148	1.72113	1
4.7	21	4.58258	1.93921	5.31721e-010	2.86368e-147	1.93921	1
4.72	19	4.3589	2.18071	7.74942e-010	6.85359e-146	2.18071	1
4.73	23	4.79583	2.31085	9.34684e-010	3.33431e-145	2.31085	1
4.75	22	4.69042	2.59115	1.35725e-009	7.80484e-144	2.59115	1
4.76	17	4.12311	2.74182	1.63403e-009	3.75521e-143	2.74182	1
4.78	22	4.69042	3.06552	2.36411e-009	8.59716e-142	3.06552	1
4.79	28	5.2915	3.2391	2.84101e-009	4.09079e-141	3.2391	1
4.81	25	5	3.61107	4.09534e-009	9.15993e-140	3.61107	1
4.83	23	4.79583	4.01801	5.88907e-009	2.02094e-138	4.01801	1
4.84	25	5	4.23531	7.05551e-009	9.44006e-138	4.23531	1
4.86	31	5.56776	4.69901	1.01087e-008	2.03704e-136	4.69901	1
4.87	17	4.12311	4.94599	1.20888e-008	9.41029e-136	4.94599	1
4.89	19	4.3589	5.47168	1.72568e-008	1.98606e-134	5.47168	1
4.91	17	4.12311	6.0416	2.45741e-008	4.13006e-133	6.0416	1
4.92	20	4.47214	6.34386	2.92981e-008	1.87296e-132	6.34386	1
4.94	25	5	6.98442	4.15689e-008	3.80941e-131	6.98442	1
4.95	16	4	7.32327	4.94693e-008	1.70849e-130	7.32327	1
4.97	21	4.58258	8.03947	6.99318e-008	3.39864e-129	8.03947	1
4.98	17	4.12311	8.41735	8.30704e-008	1.50745e-128	8.41735	1
5	21	4.58258	9.2139	1.17003e-007	2.9329e-127	9.2139	1
5.02	26	5.09902	10.0664	1.64394e-007	5.6225e-126	10.0664	1
5.03	15	3.87298	10.5143	1.94685e-007	2.44814e-125	10.5143	1
5.05	23	4.79583	11.454	2.72542e-007	4.5902e-124	11.454	1
5.06	28	5.2915	11.9463	3.22171e-007	1.97661e-123	11.9463	1
5.08	30	5.47723	12.9764	4.49363e-007	3.62476e-122	12.9764	1
5.1	21	4.58258	14.0684	6.25242e-007	6.5496e-121	14.0684	1
5.11	25	5	14.6377	7.36845e-007	2.76868e-120	14.6377	1
5.13	33	5.74456	15.8237	1.0215e-006	4.89297e-119	15.8237	1
5.14	27	5.19615	16.4403	1.20163e-006	2.04556e-118	16.4403	1
5.16	24	4.89898	17.721	1.65975e-006	3.5357e-117	17.721	1
5.17	27	5.19615	18.3851	1.94886e-006	1.46183e-116	18.3851	1
5.19	29	5.38516	19.7602	2.68203e-006	2.47129e-115	19.7602	1
5.21	28	5.2915	21.1972	3.68202e-006	4.11649e-114	21.1972	1
5.22	22	4.69042	21.9387	4.31022e-006	1.67078e-113	21.9387	1
5.24	27	5.19615	23.4663	5.89566e-006	2.72198e-112	23.4663	1
5.25	22	4.69042	24.2521	6.88893e-006	1.09259e-111	24.2521	1
5.27	24	4.89898	25.866	9.38847e-006	1.74096e-110	25.866	1
5.29	30	5.47723	27.5343	1.27638e-005	2.73335e-109	27.5343	1
5.3	22	4.69042	28.3878	1.48687e-005	1.07706e-108	28.3878	1
5.32	21	4.58258	30.1316	2.01404e-005	1.6539e-107	30.1316	1
5.33	40	6.32456	31.0209	2.34189e-005	6.44516e-107	31.0209	1
5.35	27	5.19615	32.8315	3.16061e-005	9.67982e-106	32.8314	1
5.36	21	4.58258	33.7516	3.6684e-005	3.73057e-105	33.7516	1
5.38	27	5.19615	35.6186	4.93277e-005	5.47989e-104	35.6185	1
5.4	41	6.40312	37.5165	6.61678e-005	7.93131e-103	37.5164	1
5.41	25	5	38.4753	7.65644e-005	3.0007e-102	38.4752	1
5.43	29	5.38516	40.4086	0.000102327	4.24775e-101	40.4084	1
5.44	40	6.32456	41.3814	0.000118189	1.58935e-100	41.3813	1
5.46	38	6.16441	43.3354	0.000157382	2.20049e-099	43.3353	1
5.48	31	5.56776	45.2944	0.00020906	3.00189e-098	45.2942	1
5.49	46	6.78233	46.2734	0.000240731	1.10262e-097	46.2732	1
5.51	50	7.07107	48.2258	0.000318609	1.47118e-096	48.2255	1
5.52	39	6.245	49.1971	0.000366205	5.34411e-096	49.1967	1
5.54	38	6.16441	51.125	0.000482904	6.97396e-095	51.1245	1
5.55	51	7.14143	52.0794	0.000554029	2.50537e-094	52.0789	1
5.57	37	6.08276	53.9642	0.000727914	3.19772e-093	53.9635	1
5.59	39	6.245	55.8097	0.000954043	4.02146e-092	55.8088	1
5.6	50	7.07107	56.7151	0.00109123	1.41823e-091	56.714	1
5.62	54	7.34847	58.4856	0.00142499	1.74443e-090	58.4841	1
5.63	46	6.78233	59.3486	0.00162692	6.08413e-090	59.347	1
5.65	64	8	61.025	0.00211677	7.31931e-089	61.0229	1
5.67	53	7.28011	62.6281	0.00274741	8.67595e-088	62.6254	1
5.68	45	6.7082	63.3997	0.00312716	2.97051e-087	63.3965	1
5.7	52	7.2111	64.8778	0.00404399	3.44383e-086	64.8738	1
5.71	73	8.544	65.5825	0.00459454	1.16611e-085	65.5779	1
5.73	67	8.18535	66.9183	0.00591987	1.32225e-084	66.9124	1
5.74	77	8.77496	67.5478	0.00671351	4.42783e-084	67.5411	1
5.76	73	8.544	68.7254	0.00861847	4.91054e-083	68.7168	1
5.78	48	6.9282	69.7896	0.011037	5.36592e-082	69.7786	1
5.79	73	8.544	70.2773	0.0124785	1.76397e-081	70.2648	1
5.81	58	7.61577	71.1607	0.0159219	1.88525e-080	71.1447	1
5.82	81	9	71.5551	0.0179686	6.12915e-080	71.5372	1
5.84	85	9.21954	72.247	0.0228431	6.40681e-079	72.2241	1
5.85	61	7.81025	72.5434	0.0257323	2.05994e-078	72.5177	1
5.87	84	9.16515	73.0355	0.0325934	2.106e-077	73.0029	1
5.89	71	8.42615	73.3913	0.0411834	2.12149e-076	73.3501	1
5.9	75	8.66025	73.5175	0.046251	6.6961e-076	73.4712	1
5.92	82	9.05539	73.6659	0.0582269	6.59732e-075	73.6077	1
5.93	60	7.74597	73.6881	0.0652722	2.05935e-074	73.6229	1
5.95	77	8.77496	73.6288	0.0818731	1.98445e-073	73.5469	1
5.97	86	9.27362	73.4322	0.102446	1.88419e-072	73.3298	1
5.98	75	8.66025	73.2831	0.114492	5.77375e-072	73.1686	1
6	69	8.30662	72.8849	0.142737	5.36175e-071	72.7422	1
6.01	63	7.93725	72.6368	0.159229	1.62488e-070	72.4775	1
6.03	91	9.53939	72.0451	0.197787	1.47582e-069	71.8473	1
6.04	82	9.05539	71.7029	0.220235	4.42315e-069	71.4827	1
6.06	54	7.34847	70.9294	0.272566	3.92923e-068	70.6568	1
6.08	68	8.24621	70.0426	0.336509	3.43922e-067	69.7061	1
6.09	95	9.74679	69.5592	0.373561	1.01187e-066	69.1856	1
6.11	53	7.28011	68.5174	0.459512	8.66249e-066	68.0579	1
6.12	56	7.48331	67.9614	0.509175	2.52053e-065	67.4522	1
6.14	52	7.2111	66.7855	0.624041	2.11043e-064	66.1614	1
6.16	66	8.12404	65.5335	0.762956	1.74111e-063	64.7705	1
6.17	71	8.42615	64.8826	0.84284	4.97331e-063	64.0398	1
6.19	62	7.87401	63.5394	1.0267	4.01296e-062	62.5127	1
6.2	97	9.84886	62.8504	1.13212	1.13361e-061	61.7183	1
6.22	58	7.61577	61.4468	1.37404	8.9464e-061	60.0728	1
6.23	68	8.24621	60.7362	1.51236	2.49937e-060	59.2238	1
6.25	69	8.30662	59.3074	1.82883	1.9292e-059	57.4786	1
6.27	72	8.48528	57.8836	2.20613	1.46724e-058	55.6775	1
6.28	75	8.66025	57.1795	2.42082	4.02395e-058	54.7587	1
6.3	70	8.3666	55.7995	2.90958	2.99322e-057	52.8899	1
6.31	62	7.87401	55.1289	3.18689	8.11845e-057	51.942	1
6.33	59	7.68115	53.841	3.81633	5.90641e-056	50.0246	1
6.35	67	8.18535	52.6443	4.55895	4.23398e-055	48.0854	1
6.36	79	8.88819	52.0884	4.97825	1.12734e-054	47.1101	1
6.38	65	8.06226	51.0785	5.92525	7.90393e-054	45.1533	1
6.39	87	9.32738	50.632	6.45838	2.08127e-053	44.1736	1
6.41	54	7.34847	49.8755	7.65885	1.42719e-052	42.2166	1
6.42	59	7.68115	49.5738	8.3327	3.71664e-052	41.2411	1
6.44	62	7.87401	49.1459	9.84546	2.49269e-051	39.3004	1
6.46	73	8.544	48.9835	11.6045	1.64726e-050	37.379	1
6.47	74	8.60233	49.0145	12.5871	4.21113e-050	36.4275	1
6.49	66	8.12404	49.3283	14.7817	2.7218e-049	34.5466	1
6.5	65	8.06226	49.6226	16.004	6.88138e-049	33.6186	1
6.52	60	7.74597	50.5166	18.7258	4.35007e-048	31.7908	1
6.54	67	8.18535	51.8616	21.857	2.70952e-047	30.0046	1
6.55	60	7.74597	52.7207	23.5923	6.72484e-047	29.1284	1
6.57	70	8.3666	54.8492	27.4367	4.09678e-046	27.4125	1
6.58	66	8.12404	56.1344	29.5608	1.00557e-045	26.5736	1
6.6	68	8.24621	59.1883	34.2522	5.99154e-045	24.9361	1
6.61	58	7.61577	60.9745	36.8364	1.45442e-044	24.1381	1
6.63	60	7.74597	65.1119	42.5265	8.47577e-044	22.5853	1
6.65	62	7.87401	70.0678	48.976	4.8668e-043	21.0918	1
6.66	61	7.81025	72.8784	52.5107	1.15975e-042	20.3678	1
6.68	71	8.42615	79.2194	60.2533	6.51319e-042	18.966	1
6.69	63	7.93725	82.7724	64.4838	1.53497e-041	18.2886	1
6.71	77	8.77496	90.7024	73.7216	8.43122e-041	16.9808	1
6.73	86	9.27362	99.8136	84.0774	4.56307e-040	15.7362	1
6.74	91	9.53939	104.844	89.7065	1.05568e-039	15.1376	1
6.76	83	9.11043	115.922	101.934	5.58809e-039	13.9877	1
6.77	93	9.64365	121.996	108.56	1.27856e-038	13.4362	1
6.79	109	10.4403	135.286	122.906	6.61934e-038	12.3797	1
6.8	118	10.8628	142.53	130.656	1.4978e-037	11.8745	1
6.82	137	11.7047	158.291	147.382	7.58423e-037	10.9093	1
6.84	109	10.4403	175.848	165.844	3.78396e-036	10.0032	1
6.85	167	12.9228	185.337	175.765	8.40532e-036	9.57188	1
6.87	140	11.8322	205.811	197.06	4.1016e-035	8.75158	1
6.88	182	13.4907	216.827	208.465	9.01038e-035	8.36215	1
6.9	196	14	240.492	232.868	4.30036e-034	7.62348	1
6.91	204	14.2829	253.17	245.896	9.3428e-034	7.27373	1
6.93	217	14.7309	280.289	273.677	4.36117e-033	6.61209	1
6.95	261	16.1555	309.854	303.855	2.00588e-032	5.99907	1
6.96	317	17.8045	325.587	319.877	4.27806e-032	5.71009	1
6.98	382	19.5448	359.017	353.851	1.92447e-031	5.16575	1
6.99	365	19.105	376.738	371.828	4.05916e-031	4.90982	1
7.01	416	20.3961	414.247	409.818	1.78593e-030	4.42896	1
7.03	475	21.7945	454.575	450.588	7.7423e-030	3.98752	1
7.04	531	23.0434	475.818	472.037	1.60311e-029	3.78085	1
7.06	564	23.7487	520.495	517.101	6.79724e-029	3.39418	1
7.07	590	24.2899	543.94	540.727	1.3919e-028	3.21362	1
7.09	612	24.7386	593.061	590.184	5.77219e-028	2.87665	1
7.1	851	29.1719	618.74	616.02	1.16896e-027	2.71969	1
7.12	715	26.7395	672.335	669.907	4.74127e-027	2.42749	1
7.14	809	28.4429	728.896	726.733	1.89482e-026	2.16252	1
7.15	920	30.3315	758.276	756.237	3.76699e-026	2.03961	1
7.17	1037	32.2025	819.2	817.388	1.47242e-025	1.81173	1
7.18	991	31.4802	850.723	849.017	2.89494e-025	1.7063	1
7.2	1110	33.3167	915.83	914.319	1.10672e-024	1.51129	1
7.22	1254	35.4119	983.579	982.243	4.16884e-024	1.336	1
7.23	1255	35.426	1018.4	1017.14	8.04626e-024	1.25522	1
7.25	1273	35.6791	1089.82	1088.72	2.96438e-023	1.10643	1
7.26	1486	38.5487	1126.38	1125.34	5.65841e-023	1.03803	1
7.28	1456	38.1576	1201.03	1200.12	2.03891e-022	0.912346	1
7.29	1645	40.5586	1239.08	1238.22	3.84893e-022	0.854713	1
7.31	1586	39.8246	1316.43	1315.68	1.35646e-021	0.749057	1
7.33	1676	40.939	1395.24	1394.58	4.71032e-021	0.6552	1
7.34	1761	41.9643	1435.09	1434.48	8.72896e-021	0.612335	1
7.36	1939	44.0341	1515.48	1514.95	2.96462e-020	0.534064	1
7.37	1640	40.4969	1555.93	1555.43	5.4333e-020	0.498405	1
7.39	1907	43.6692	1637.12	1636.69	1.80482e-019	0.433443	1
7.41	1902	43.6119	1718.36	1717.99	5.90719e-019	0.376224	1
7.42	1907	43.6692	1758.88	1758.53	1.06278e-018	0.350259	1
7.44	2019	44.9333	1839.44	1839.14	3.40216e-018	0.303144	1
7.45	1973	44.4185	1879.38	1879.1	6.05342e-018	0.281816	1
7.47	2194	46.8402	1958.29	1958.05	1.89529e-017	0.243204	1
7.48	1998	44.699	1997.16	1996.94	3.33505e-017	0.225767	1
7.5	1939	44.0341	2073.43	2073.24	1.02127e-016	0.194273	1
7.52	2166	46.5403	2147.38	2147.21	3.08144e-016	0.16685	1
7.53	2012	44.8553	2183.34	2183.19	5.32295e-016	0.154515	1
7.55	2060	45.3872	2252.95	2252.82	1.57083e-015	0.132322	1
7.56	2080	45.607	2286.5	2286.38	2.68355e-015	0.122363	1
7.58	2082	45.6289	2350.79	2350.68	7.74552e-015	0.104485	1
7.6	2096	45.7821	2411	2410.91	2.20276e-014	0.0890484	1
7.61	2308	48.0416	2439.45	2439.37	3.69417e-014	0.0821481	1
7.63	1996	44.6766	2492.8	2492.73	1.02754e-013	0.0698094	1
7.64	2124	46.0869	2517.6	2517.54	1.70423e-013	0.0643071	1
7.66	2094	45.7602	2563.26	2563.21	4.63632e-013	0.0544905	1
7.67	2216	47.0744	2584.04	2583.99	7.60478e-013	0.0501232	1
7.69	2122	46.0652	2621.29	2621.25	2.02346e-012	0.0423493	1
7.71	2004	44.7661	2652.61	2652.57	5.30493e-012	0.0357123	1
7.72	2290	47.8539	2665.96	2665.93	8.54206e-012	0.0327711	1
7.74	2234	47.2652	2687.95	2687.93	2.19033e-011	0.0275555	1
7.75	2074	45.5412	2696.55	2696.53	3.48799e-011	0.0252496	1
7.77	2331	48.2804	2708.86	2708.84	8.74757e-011	0.0211698	1
7.79	2151	46.3789	2714.6	2714.59	2.1616e-010	0.0177151	1
7.8	2398	48.9694	2714.99	2714.98	3.37917e-010	0.0161936	1
7.82	2328	48.2494	2710.8	2710.79	8.16697e-010	0.0135119	1
7.83	2382	48.8057	2706.24	2706.22	1.26263e-009	0.0123336	1
7.85	2482	49.8197	2692.19	2692.18	2.98465e-009	0.0102615	1
7.86	2854	53.4228	2682.74	2682.73	4.56343e-009	0.0093531	1
7.88	2298	47.9375	2659.07	2659.06	1.05504e-008	0.00775926	1
7.9	2597	50.9608	2629.18	2629.17	2.4034e-008	0.00642464	1
7.91	2666	51.6333	2611.97	2611.97	3.6074e-008	0.00584184	1
7.93	2727	52.2207	2573.18	2573.17	8.03734e-008	0.00482307	1
7.94	2743	52.3737	2551.66	2551.66	1.19306e-007	0.00437923	1
7.96	2684	51.8073	2504.58	2504.58	2.59983e-007	0.0036051	1
7.97	2869	53.563	2479.1	2479.1	3.81661e-007	0.00326862	1
7.99	2723	52.1824	2424.47	2424.46	8.13436e-007	0.00268306	1
8.01	2676	51.7301	2365.26	2365.26	1.70823e-006	0.00219816	1
8.02	2963	54.4334	2334.07	2334.06	2.46177e-006	0.00198821	1
8.04	2606	51.049	2268.75	2268.75	5.05631e-006	0.00162419	1
8.05	2777	52.6972	2234.73	2234.73	7.20638e-006	0.00146694	1
8.07	2833	53.2259	2164.26	2164.26	1.44766e-005	0.0011949	1
8.09	2662	51.5946	2090.9	2090.9	2.86545e-005	0.000971444	1
8.1	2679	51.7591	2053.28	2053.28	4.00909e-005	0.00087528	1
8.12	2877	53.6377	1976.43	1976.43	7.76131e-005	0.000709542	1
8.13	2421	49.2037	1937.32	1937.32	0.000107392	0.000638381	1
8.15	2383	48.816	1858	1858	0.000203341	0.000516009	1
8.16	2265	47.592	1817.91	1817.91	0.000278254	0.000463588	1
8.18	2360	48.5798	1737.11	1737.11	0.000515298	0.000373641	1
8.2	2195	46.8508	1655.86	1655.85	0.000940266	0.000300567	1
8.21	2016	44.8999	1615.19	1615.19	0.0012631	0.000269383	1
8.23	2080	45.607	1534.01	1534.01	0.00225421	0.000216074	1
8.24	1808	42.5206	1493.6	1493.6	0.00299477	0.000193377	1
8.26	1731	41.6053	1413.36	1413.35	0.00522738	0.000154662	1
8.28	1613	40.1622	1334.17	1334.16	0.00899042	0.00012346	1
8.29	1524	39.0384	1295.07	1295.05	0.0117252	0.000110226	1
8.31	1480	38.4708	1218.04	1218.02	0.0197233	8.77346e-005	1
8.32	1224	34.9857	1180.19	1180.16	0.025439	7.8217e-005	1
8.34	1176	34.2929	1105.95	1105.91	0.0418527	6.20776e-005	1
8.35	1076	32.8024	1069.63	1069.57	0.0533859	5.52635e-005	1
8.37	1076	32.8024	998.702	998.616	0.0859041	4.37338e-005	1
8.39	779	27.9106	930.23	930.094	0.1362	3.45431e-005	1
8.4	824	28.7054	896.966	896.796	0.170549	3.06774e-005	1
8.42	755	27.4773	832.473	832.209	0.26447	2.41606e-005	1
8.43	699	26.4386	801.275	800.948	0.327515	2.14259e-005	1
8.45	680	26.0768	741.045	740.548	0.496732	1.68257e-005	1
8.47	504	22.4499	683.777	683.035	0.742316	1.31878e-005	1
8.48	535	23.1301	656.278	655.375	0.902429	1.1667e-005	1
8.5	451	21.2368	603.587	602.268	1.319	9.11806e-006	1
8.51	401	20.025	578.409	576.823	1.58581	8.05492e-006	1
8.53	364	19.0788	530.411	528.144	2.26696	6.27699e-006	1
8.54	348	18.6548	507.601	504.906	2.69546	5.53711e-006	1
8.56	328	18.1108	464.376	460.608	3.76869	4.30248e-006	1
8.58	312	17.6635	424.364	419.172	5.19188	3.33672e-006	1
8.59	291	17.0587	405.568	399.508	6.06013	2.93634e-006	1
8.61	271	16.4621	370.406	362.24	8.16545	2.27066e-006	1
8.62	295	17.1756	354.042	344.616	9.42583	1.99531e-006	1
8.64	216	14.6969	323.749	311.327	12.4217	1.53852e-006	1
8.66	214	14.6287	296.698	280.569	16.1294	1.18402e-006	1
8.67	212	14.5602	284.383	266.105	18.278	1.03794e-006	1
8.69	228	15.0997	262.151	238.938	23.2129	7.96477e-007	1
8.7	236	15.3623	252.221	226.206	26.0148	6.97204e-007	1
8.72	203	14.2478	234.684	202.371	32.3136	5.33466e-007	1
8.73	231	15.1987	227.051	191.237	35.8145	4.66302e-007	1
8.75	226	15.0333	213.971	170.461	43.5099	3.55762e-007	1
8.77	250	15.8114	203.654	151.572	52.0826	2.70905e-007	1
8.78	200	14.1421	199.464	142.797	56.6677	2.36228e-007	1
8.8	212	14.5602	192.854	126.509	66.3443	1.79363e-007	1
8.81	232	15.2315	190.356	118.967	71.3886	1.56179e-007	1
8.83	221	14.8661	186.758	105.013	81.745	1.18241e-007	1
8.85	199	14.1067	184.698	92.4691	92.2293	8.93473e-008	1
8.86	204	14.2829	184.115	86.6915	97.4236	7.76112e-008	1
8.88	252	15.8745	183.564	76.0575	107.507	5.84766e-008	1
8.89	170	13.0384	183.483	71.1749	112.308	5.07221e-008	1
8.91	204	14.2829	183.429	62.2161	121.213	3.81067e-008	1
8.92	202	14.2127	183.345	58.1157	125.23	3.30057e-008	1
8.94	221	14.8661	182.807	50.615	132.192	2.47252e-008	1
8.96	195	13.9642	181.468	43.975	137.493	1.84864e-008	1
8.97	178	13.3417	180.399	40.9517	139.447	1.59733e-008	1
8.99	158	12.5698	177.306	35.4494	141.856	1.19084e-008	1
9	160	12.6491	175.237	32.9519	142.285	1.02747e-008	1
9.02	139	11.7898	169.987	28.4202	141.567	7.63793e-009	1
9.03	180	13.4164	166.798	26.3696	140.428	6.58058e-009	1
9.05	146	12.083	159.314	22.6601	136.654	4.8777e-009	1
9.07	153	12.3693	150.453	19.4249	131.028	3.60853e-009	1
9.08	128	11.3137	145.561	17.9685	127.593	3.10151e-009	1
9.1	124	11.1355	135.002	15.3469	119.655	2.28788e-009	1
9.11	147	12.1244	129.403	14.1702	115.233	1.96359e-009	1
9.13	125	11.1803	117.751	12.0586	105.693	1.4443e-009	1
9.15	82	9.05539	105.756	10.2366	95.5193	1.0603e-009	1
9.16	93	9.64365	99.7266	9.42295	90.3036	9.07817e-010	1
9.18	93	9.64365	87.7905	7.96996	79.8205	6.64529e-010	1
9.19	90	9.48683	81.9526	7.32308	74.6295	5.68144e-010	1
9.21	65	8.06226	70.6897	6.17126	64.5184	4.14687e-010	1
9.22	60	7.74597	65.317	5.66	59.657	3.54028e-010	1
9.24	35	5.91608	55.1951	4.75233	50.4427	2.57659e-010	1
9.26	55	7.4162	46.0059	3.9805	42.0254	1.87161e-010	1
9.27	44	6.63325	41.7865	3.63962	38.1469	1.594e-010	1
9.29	37	6.08276	34.1213	3.03737	31.0839	1.15453e-010	1
9.3	39	6.245	30.6761	2.77217	27.9039	9.81862e-011	1
9.32	25	5	24.5435	2.30501	22.2385	7.0911e-011	1
9.34	25	5	19.375	1.91189	17.4631	5.1114e-011	1
9.35	18	4.24264	17.129	1.73965	15.3894	4.33651e-011	1
9.37	24	4.89898	13.2573	1.43769	11.8196	3.11683e-011	1
9.38	22	4.69042	11.6068	1.30578	10.3011	2.64049e-011	1
9.4	8	2.82843	8.81314	1.07518	7.73796	1.89236e-011	1
9.41	15	3.87298	7.64418	0.974744	6.66944	1.60084e-011	1
9.43	8	2.82843	5.69969	0.799675	4.90001	1.14397e-011	1
9.45	6	2.44949	4.20161	0.654451	3.54716	8.15908e-012	1
9.46	9	3	3.59284	0.591509	3.00133	6.8856e-012	1
9.48	3	1.73205	2.60733	0.48232	2.12501	4.89684e-012	1
9.49	7	2.64575	2.21332	0.435136	1.77818	4.12657e-012	1
9.51	2	1.41421	1.58488	0.353516	1.23136	2.92623e-012	1
9.53	1	1	1.12669	0.286506	0.840183	2.07106e-012	1
9.54	2	1.41421	0.947864	0.257691	0.690174	1.74109e-012	1
9.56	3	1.73205	0.668666	0.208082	0.460584	1.22871e-012	1
9.57	4	2	0.560987	0.186812	0.374176	1.03146e-012	1
9.59	1	1	0.394522	0.150297	0.244225	7.25815e-013	1
9.6	4	2	0.330905	0.134687	0.196218	6.08415e-013	1
9.62	2	1.41421	0.233226	0.107965	0.125261	4.26895e-013	1
9.64	2	1.41421	0.165123	0.0863331	0.07879	2.98955e-013	1
9.65	1	1	0.139273	0.0771309	0.0621425	2.49997e-013	1
9.67	1	1	0.0996821	0.0614519	0.0382302	1.74568e-013	1
9.68	1	1	0.0846213	0.0548013	0.02982	1.45769e-013	1
9.7	1	1	0.0614446	0.0435019	0.0179427	1.01495e-013	1
9.72	1	1	0.0450858	0.0344481	0.0106377	7.05315e-014	1
9.73	3	1.73205	0.0387719	0.0306265	0.00814547	5.87543e-014	1
9.75	3	1.73205	0.028887	0.0241638	0.00472321	4.07123e-014	1
9.76	1	1	0.0250205	0.0214438	0.00357676	3.38653e-014	1
9.78	1	1	0.0188855	0.016857	0.0020285	2.33984e-014	1
9.79	1	1	0.0164513	0.0149321	0.00151918	1.94352e-014	1
9.81	2	1.41421	0.0125379	0.0116953	0.000842669	1.33896e-014	1
9.83	1	1	0.0095983	0.00913774	0.000460556	9.20678e-015	1
9.84	0	1	0.00840827	0.00806967	0.000338599	7.62895e-015	1
9.86	2	1.41421	0.00646296	0.00628196	0.000180998	5.23061e-015	1
9.87	2	1.41421	0.00566915	0.00553755	0.000131601	4.32795e-015	1
9.89	3	1.73205	0.00436385	0.00429504	6.88037e-005	2.9588e-015	1
9.91	2	1.41421	0.00335865	0.00332321	3.54438e-005	2.01889e-015	1
9.92	0	1	0.00294579	0.00292049	2.52985e-005	1.66647e-015	1
9.94	3	1.73205	0.00226416	0.00225142	1.27464e-005	1.13381e-015	1
9.95	7	2.64575	0.00198396	0.00197496	8.99755e-006	9.34539e-016	1
9.97	1	1	0.00152138	0.00151695	4.43384e-006	6.33995e-016	1
9.98	1	1	0.00133134	0.00132824	3.09527e-006	5.21815e-016	1
10	1	1	0.00101797	0.00101648	1.49183e-006	3.52981e-016	1
10.02	3	1.73205	0.000776708	0.000775999	7.08458e-007	2.38314e-016	1
10.03	1	1	0.000677885	0.000677399	4.85515e-007	1.95675e-016	1
10.05	4	2	0.000515474	0.000515249	2.25508e-007	1.31728e-016	1
10.06	0	1	0.000449111	0.000448958	1.52838e-007	1.08003e-016	1
10.08	4	2	0.000340312	0.000340242	6.94314e-008	7.24981e-017	1
10.1	1	1	0.000257255	0.000257224	3.10781e-008	4.85714e-017	1
10.11	1	1	0.000223468	0.000223447	2.06774e-008	3.97277e-017	1
10.13	1	1	0.000168318	0.000168309	9.05227e-009	2.65395e-017	1
10.14	4	2	0.000145947	0.000145941	5.95635e-009	2.1676e-017	1
10.16	1	1	0.00010953	0.000109527	2.55039e-009	1.44386e-017	1
10.17	0	1	9.47989e-005	9.47973e-005	1.65963e-009	1.17756e-017	1
10.19	3	1.73205	7.0885e-005	7.08843e-005	6.95026e-010	7.82122e-018	1
10.21	2	1.41421	5.28746e-005	5.28743e-005	2.86792e-010	5.18477e-018	1
10.22	0	1	4.56243e-005	4.56241e-005	1.83207e-010	4.21835e-018	1
10.24	5	2.23607	3.39078e-005	3.39078e-005	7.39385e-011	2.78833e-018	1
10.25	1	1	2.92049e-005	2.92048e-005	4.67118e-011	2.26532e-018	1
10.27	3	1.73205	2.16257e-005	2.16257e-005	1.84383e-011	1.49306e-018	1
10.28	2	1.41421	1.85922e-005	1.85922e-005	1.15202e-011	1.21126e-018	1
10.3	3	1.73205	1.37169e-005	1.37169e-005	4.4475e-012	7.96029e-019	1
10.32	1	1	1.00954e-005	1.00954e-005	1.6918e-012	5.22137e-019	1
10.33	5	2.23607	8.65281e-006	8.65281e-006	1.03766e-012	4.22571e-019	1
10.35	4	2	6.34503e-006	6.34503e-006	3.86059e-013	2.76377e-019	1
10.36	1	1	5.42844e-006	5.42844e-006	2.34176e-013	2.23351e-019	1
10.38	4	2	3.96608e-006	3.96608e-006	8.52126e-014	1.45659e-019	1
10.4	3	1.73205	2.89061e-006	2.89061e-006	3.05521e-014	9.48086e-020	1
10.41	5	2.23607	2.4655e-006	2.4655e-006	1.81928e-014	7.64346e-020	1
10.43	6	2.44949	1.79037e-006	1.79037e-006	6.37971e-015	4.96075e-020	1
10.44	3	1.73205	1.52428e-006	1.52428e-006	3.75701e-015	3.99358e-020	1
10.46	6	2.44949	1.10284e-006	1.10284e-006	1.28856e-015	2.58444e-020	1
10.47	4	2	9.37214e-007	9.37214e-007	7.50463e-016	2.07756e-020	1
10.49	1	1	6.75612e-007	6.75612e-007	2.51743e-016	1.34061e-020	1
10.51	6	2.44949	4.85843e-007	4.85843e-007	8.32073e-017	8.63407e-021	1
10.52	3	1.73205	4.11621e-007	4.11621e-007	4.75723e-017	6.92402e-021	1
10.54	2	1.41421	2.94922e-007	2.94922e-007	1.53788e-017	4.44649e-021	1
10.55	1	1	2.4941e-007	2.4941e-007	8.69554e-018	3.56068e-021	1
10.57	3	1.73205	1.78047e-007	1.78047e-007	2.74934e-018	2.28001e-021	1
10.59	2	1.41421	1.26793e-007	1.26793e-007	8.56516e-019	1.45715e-021	1
10.6	6	2.44949	1.069e-007	1.069e-007	4.75423e-019	1.16406e-021	1
10.62	2	1.41421	7.58485e-008	7.58485e-008	1.44861e-019	7.41805e-022	1
10.63	5	2.23607	6.38315e-008	6.38315e-008	7.95203e-020	5.91743e-022	1
10.65	2	1.41421	4.51248e-008	4.51248e-008	2.36981e-020	3.76005e-022	1
10.66	5	2.23607	3.79061e-008	3.79061e-008	1.28653e-020	2.99509e-022	1
10.68	5	2.23607	2.66993e-008	2.66993e-008	3.7499e-021	1.89765e-022	1
10.7	0	1	1.87599e-008	1.87599e-008	1.07695e-021	1.20001e-022	1
10.71	3	1.73205	1.57108e-008	1.57108e-008	5.73948e-022	9.53577e-023	1
10.73	2	1.41421	1.09987e-008	1.09987e-008	1.61217e-022	6.01272e-023	1
10.74	4	2	9.19423e-009	9.19423e-009	8.49711e-023	4.77107e-023	1
10.76	7	2.64575	6.41309e-009	6.41309e-009	2.33439e-023	2.99969e-023	1
10.78	2	1.41421	4.46232e-009	4.46232e-009	6.31904e-024	1.88235e-023	1
10.79	3	1.73205	3.71885e-009	3.71885e-009	3.2695e-024	1.49005e-023	1
10.81	7	2.64575	2.57817e-009	2.57817e-009	8.65611e-025	9.32333e-024	1
10.82	1	1	2.1447e-009	2.1447e-009	4.4293e-025	7.36958e-024	1
10.84	4	2	1.48143e-009	1.48143e-009	1.14694e-025	4.5979e-024	1
10.85	3	1.73205	1.2301e-009	1.2301e-009	5.80409e-026	3.62914e-024	1
10.87	1	1	8.46571e-010	8.46571e-010	1.46995e-026	2.2577e-024	1
10.89	3	1.73205	5.81203e-010	5.81203e-010	3.66816e-027	1.40182e-024	1
10.9	2	1.41421	4.8113e-010	4.8113e-010	1.82227e-027	1.1038e-024	1
10.92	1	1	3.29107e-010	3.29107e-010	4.44755e-028	6.83383e-025	1
10.93	2	1.41421	2.71942e-010	2.71942e-010	2.18508e-028	5.37325e-025	1
10.95	2	1.41421	1.85337e-010	1.85337e-010	5.21602e-029	3.31707e-025	1
10.97	3	1.73205	1.26005e-010	1.26005e-010	1.22684e-029	2.04379e-025	1
10.98	5	2.23607	1.03801e-010	1.03801e-010	5.91702e-030	1.60311e-025	1
11	5	2.23607	7.03135e-011	7.03135e-011	1.36118e-030	9.84897e-026	1
11.01	3	1.73205	5.78175e-011	5.78175e-011	6.49251e-031	7.7142e-026	1
11.03	2	1.41421	3.90216e-011	3.90216e-011	1.46079e-031	4.72568e-026	1
11.04	2	1.41421	3.20281e-011	3.20281e-011	6.89077e-032	3.69605e-026	1
11.06	0	1	2.15371e-011	2.15371e-011	1.51638e-032	2.25765e-026	1
11.08	3	1.73205	1.44472e-011	1.44472e-011	3.28794e-033	1.37638e-026	1
11.09	1	1	1.18219e-011	1.18219e-011	1.52255e-033	1.07391e-026	1
11.11	3	1.73205	7.9012e-012	7.9012e-012	3.22888e-034	6.52824e-027	1
11.12	1	1	6.45356e-012	6.45356e-012	1.47871e-034	5.08624e-027	1
11.14	2	1.41421	4.29752e-012	4.29752e-012	3.06709e-035	3.08298e-027	1
11.16	6	2.44949	2.8548e-012	2.8548e-012	6.26823e-036	1.86513e-027	1
11.17	1	1	2.32465e-012	2.32465e-012	2.81803e-036	1.44966e-027	1
11.19	2	1.41421	1.5386e-012	1.5386e-012	5.63286e-037	8.74479e-028	1
11.2	1	1	1.25058e-012	1.25058e-012	2.50444e-037	6.787e-028	1
11.22	0	1	8.24692e-013	8.24692e-013	4.89619e-038	4.08233e-028	1
11.23	1	1	6.69089e-013	6.69089e-013	2.15289e-038	3.1638e-028	1
11.25	4	2	4.39616e-013	4.39616e-013	4.11655e-039	1.89752e-028	1
11.27	2	1.41421	2.8814e-013	2.8814e-013	7.75567e-040	1.13586e-028	1
11.28	0	1	2.33061e-013	2.33061e-013	3.34775e-040	8.78175e-029	1
11.3	2	1.41421	1.52199e-013	1.52199e-013	6.16884e-041	5.24163e-029	1
11.31	2	1.41421	1.22881e-013	1.22881e-013	2.63342e-041	4.04665e-029	1
11.33	0	1	7.99528e-014	7.99528e-014	4.74607e-042	2.40839e-029	1
11.34	4	2	6.44335e-014	6.44335e-014	2.0037e-042	1.85665e-029	1
11.36	1	1	4.17708e-014	4.17708e-014	3.53191e-043	1.10181e-029	1
11.38	3	1.73205	2.70131e-014	2.70131e-014	6.13427e-044	6.526e-030	1
11.39	2	1.41421	2.17034e-014	2.17034e-014	2.54232e-044	5.01884e-030	1
11.41	5	2.23607	1.39842e-014	1.39842e-014	4.31865e-045	2.96408e-030	1
11.42	6	2.44949	1.1215e-014	1.1215e-014	1.7701e-045	2.27625e-030	1
11.44	6	2.44949	7.19979e-015	7.19979e-015	2.94089e-046	1.34046e-030	1
11.46	1	1	4.61086e-015	4.61086e-015	4.81433e-047	7.8786e-031	1
11.47	2	1.41421	3.68651e-015	3.68651e-015	1.93712e-047	6.03578e-031	1
11.49	5	2.23607	2.35228e-015	2.35228e-015	3.10153e-048	3.53733e-031	1
11.5	1	1	1.87728e-015	1.87728e-015	1.23418e-048	2.70603e-031	1
11.52	2	1.41421	1.19347e-015	1.19347e-015	1.93269e-049	1.58133e-031	1
11.53	3	1.73205	9.50726e-016	9.50726e-016	7.60582e-050	1.20796e-031	1
11.55	1	1	6.02212e-016	6.02212e-016	1.16491e-050	7.03858e-032	1
11.57	0	1	3.80525e-016	3.80525e-016	1.758e-051	4.09339e-032	1
11.58	2	1.41421	3.02206e-016	3.02206e-016	6.79159e-052	3.11938e-032	1
11.6	3	1.73205	1.9026e-016	1.9026e-016	1.00244e-052	1.80889e-032	1
11.61	2	1.41421	1.50825e-016	1.50825e-016	3.82996e-053	1.37648e-032	1
11.63	3	1.73205	9.46078e-017	9.46078e-017	5.529e-054	7.95901e-033	1
11.65	1	1	5.92001e-017	5.92001e-017	7.86455e-055	4.59316e-033	1
11.66	5	2.23607	4.67867e-017	4.67867e-017	2.94971e-055	3.48678e-033	1
11.68	5	2.23607	2.91694e-017	2.91694e-017	4.10365e-056	2.00643e-033	1
11.69	3	1.73205	2.30109e-017	2.30109e-017	1.52215e-056	1.52093e-033	1
11.71	7	2.64575	1.42939e-017	1.42939e-017	2.07115e-057	8.72678e-034	1
11.72	3	1.73205	1.12554e-017	1.12554e-017	7.59768e-058	6.60561e-034	1
11.74	2	1.41421	6.96605e-018	6.96605e-018	1.01111e-058	3.77923e-034	1
11.76	4	2	4.30084e-018	4.30084e-018	1.32585e-059	2.15803e-034	1
11.77	3	1.73205	3.37629e-018	3.37629e-018	4.77456e-060	1.62956e-034	1
11.79	3	1.73205	2.07691e-018	2.07691e-018	6.12339e-061	9.27836e-035	1
11.8	6	2.44949	1.62745e-018	1.62745e-018	2.18078e-061	6.99613e-035	1
11.82	4	2	9.9746e-019	9.9746e-019	2.73549e-062	3.97195e-035	1
11.84	5	2.23607	6.09851e-019	6.09851e-019	3.3809e-063	2.25068e-035	1
11.85	4	2	4.7642e-019	4.7642e-019	1.18201e-063	1.69299e-035	1
11.87	6	2.44949	2.90221e-019	2.90221e-019	1.42884e-064	9.56556e-036	1
11.88	5	2.23607	2.26308e-019	2.26308e-019	4.94034e-065	7.18496e-036	1
11.9	5	2.23607	1.37356e-019	1.37356e-019	5.84094e-066	4.04786e-036	1
11.91	3	1.73205	1.06912e-019	1.06912e-019	1.99727e-066	3.03608e-036	1
11.93	1	1	6.46525e-020	6.46525e-020	2.30954e-067	1.70553e-036	1
11.95	2	1.41421	3.90018e-020	3.90018e-020	2.63143e-068	9.56249e-037	1
11.96	3	1.73205	3.02647e-020	3.02647e-020	8.83315e-069	7.15505e-037	1
11.98	2	1.41421	1.81906e-020	1.81906e-020	9.84339e-070	4.00009e-037	1
11.99	2	1.41421	1.40898e-020	1.40898e-020	3.26776e-070	2.98872e-037	1
12.01	3	1.73205	8.43771e-021	8.43771e-021	3.56159e-071	1.66605e-037	1
12.03	1	1	5.04064e-021	5.04064e-021	3.82483e-072	9.26944e-038	1
12.04	6	2.44949	3.89241e-021	3.89241e-021	1.24649e-072	6.90913e-038	1
12.06	2	1.41421	2.31681e-021	2.31681e-021	1.30924e-073	3.83297e-038	1
12.07	2	1.41421	1.78578e-021	1.78578e-021	4.21966e-074	2.85284e-038	1
12.09	1	1	1.05903e-021	1.05903e-021	4.33485e-075	1.57811e-038	1
12.1	2	1.41421	8.14803e-022	8.14803e-022	1.3817e-075	1.17287e-038	1
12.12	5	2.23607	4.81443e-022	4.81443e-022	1.38827e-076	6.46927e-039	1
12.14	3	1.73205	2.83777e-022	2.83777e-022	1.37439e-077	3.56142e-039	1
12.15	3	1.73205	2.17668e-022	2.17668e-022	4.3005e-078	2.64054e-039	1
12.17	1	1	1.27832e-022	1.27832e-022	4.16408e-079	1.44946e-039	1
12.18	0	1	9.78728e-023	9.78728e-023	1.28857e-079	1.07312e-039	1
12.2	3	1.73205	5.72684e-023	5.72684e-023	1.22032e-080	5.87367e-040	1
12.22	1	1	3.34279e-023	3.34279e-023	1.13871e-081	3.20873e-040	1
12.23	2	1.41421	2.55157e-023	2.55157e-023	3.45918e-082	2.3699e-040	1
12.25	2	1.41421	1.48392e-023	1.48392e-023	3.15702e-083	1.29092e-040	1
12.26	3	1.73205	1.13062e-023	1.13062e-023	9.48461e-084	9.52073e-041	1
12.28	5	2.23607	6.55134e-024	6.55134e-024	8.46616e-085	5.17113e-041	1
12.29	2	1.41421	4.98242e-024	4.98242e-024	2.51542e-085	3.80828e-041	1
12.31	2	1.41421	2.8765e-024	2.8765e-024	2.19605e-086	2.06248e-041	1
12.33	1	1	1.65665e-024	1.65665e-024	1.88907e-087	1.11484e-041	1
12.34	2	1.41421	1.25607e-024	1.25607e-024	5.50989e-088	8.19054e-042	1
12.36	1	1	7.20759e-025	7.20759e-025	4.63568e-089	4.41451e-042	1
12.37	3	1.73205	5.45482e-025	5.45482e-025	1.33718e-089	3.23858e-042	1
12.39	0	1	3.11865e-025	3.11865e-025	1.10033e-090	1.74049e-042	1
12.4	5	2.23607	2.35593e-025	2.35593e-025	3.13893e-091	1.27501e-042	1
12.42	0	1	1.34202e-025	1.34202e-025	2.52627e-092	6.83245e-043	1
12.44	2	1.41421	7.62596e-026	7.62596e-026	2.00334e-093	3.65428e-043	1
12.45	0	1	5.74336e-026	5.74336e-026	5.61025e-094	2.67055e-043	1
12.47	1	1	3.25172e-026	3.25172e-026	4.35131e-095	1.42421e-043	1
12.48	3	1.73205	2.44449e-026	2.44449e-026	1.20512e-095	1.03931e-043	1
12.5	4	2	1.37894e-026	1.37894e-026	9.14179e-097	5.52666e-044	1
12.52	1	1	7.75968e-027	7.75968e-027	6.83295e-098	2.93321e-044	1
12.53	2	1.41421	5.81561e-027	5.81561e-027	1.85775e-098	2.13536e-044	1
12.55	2	1.41421	3.26064e-027	3.26064e-027	1.35809e-099	1.13005e-044	1
12.56	2	1.41421	2.43927e-027	2.43927e-027	3.65166e-100	8.21481e-045	1
12.58	2	1.41421	1.36263e-027	1.36263e-027	2.61093e-101	4.33481e-045	1
12.59	1	1	1.01751e-027	1.01751e-027	6.94287e-102	3.14661e-045	1
12.61	2	1.41421	5.6633e-028	5.6633e-028	4.85521e-103	1.65562e-045	1
12.63	2	1.41421	3.14441e-028	3.14441e-028	3.34543e-104	8.69448e-046	1
12.64	4	2	2.34086e-028	2.34086e-028	8.73304e-105	6.2961e-046	1
12.66	1	1	1.29496e-028	1.29496e-028	5.88537e-106	3.29685e-046	1
12.67	2	1.41421	9.62273e-029	9.62273e-029	1.51939e-106	2.38397e-046	1
12.69	0	1	5.30382e-029	5.30382e-029	1.00148e-107	1.24473e-046	1
12.71	4	2	2.91621e-029	2.91621e-029	6.50413e-109	6.48652e-047	1
12.72	2	1.41421	2.16041e-029	2.16041e-029	1.64837e-109	4.67915e-047	1
12.74	1	1	1.18353e-029	1.18353e-029	1.04705e-110	2.43137e-047	1
12.75	2	1.41421	8.75187e-030	8.75187e-030	2.6243e-111	1.75137e-047	1
12.77	3	1.73205	4.77696e-030	4.77696e-030	1.63038e-112	9.0742e-048	1
12.78	1	1	3.52598e-030	3.52598e-030	4.04126e-113	6.52694e-048	1
12.8	0	1	1.91753e-030	1.91753e-030	2.45559e-114	3.37198e-048	1
12.82	2	1.41421	1.04026e-030	1.04026e-030	1.47018e-115	1.7387e-048	1
12.83	2	1.41421	7.65504e-031	7.65504e-031	3.57742e-116	1.24761e-048	1
12.85	1	1	4.13771e-031	4.13771e-031	2.09483e-117	6.41453e-049	1
12.86	0	1	3.03927e-031	3.03927e-031	5.04115e-118	4.59614e-049	1
12.88	0	1	1.63679e-031	1.63679e-031	2.88717e-119	2.35627e-049	1
12.9	2	1.41421	8.79336e-032	8.79336e-032	1.62926e-120	1.20564e-049	1
12.91	1	1	6.43931e-032	6.43931e-032	3.84894e-121	8.61792e-050	1
12.93	7	2.64575	3.44677e-032	3.44677e-032	2.12434e-122	4.39686e-050	1
12.94	0	1	2.51943e-032	2.51943e-032	4.96313e-123	3.13834e-050	1
12.96	3	1.73205	1.34365e-032	1.34365e-032	2.67918e-124	1.59656e-050	1
12.97	0	1	9.80349e-033	9.80349e-033	6.19036e-125	1.13793e-050	1
12.99	2	1.41421	5.20925e-033	5.20925e-033	3.26833e-126	5.77227e-051	1
13.01	2	1.41421	2.76128e-033	2.76128e-033	1.70025e-127	2.92242e-051	1
13.02	3	1.73205	2.00854e-033	2.00854e-033	3.85652e-128	2.07791e-051	1
13.04	0	1	1.06078e-033	1.06078e-033	1.96221e-129	1.04898e-051	1
13.05	2	1.41421	7.70194e-034	7.70194e-034	4.4016e-130	7.44776e-052	1
13.07	4	2	4.05281e-034	4.05281e-034	2.1904e-131	3.74898e-052	1
13.09	3	1.73205	2.12741e-034	2.12741e-034	1.07402e-132	1.88349e-052	1
13.1	1	1	1.53994e-034	1.53994e-034	2.3651e-133	1.33406e-052	1
13.12	2	1.41421	8.05395e-035	8.05395e-035	1.13423e-134	6.68303e-053	1
13.13	2	1.41421	5.81922e-035	5.81922e-035	2.47013e-135	4.7267e-053	1
13.15	5	2.23607	3.03236e-035	3.03236e-035	1.15861e-136	2.36103e-053	1
13.16	5	2.23607	2.18697e-035	2.18697e-035	2.49537e-137	1.66747e-053	1
13.18	0	1	1.13545e-035	1.13545e-035	1.14476e-138	8.30515e-054	1
13.2	3	1.73205	5.88081e-036	5.88081e-036	5.17455e-140	4.12858e-054	1
13.21	2	1.41421	4.22837e-036	4.22837e-036	1.09406e-140	2.90879e-054	1
13.23	1	1	2.18198e-036	2.18198e-036	4.83684e-142	1.44182e-054	1
13.24	3	1.73205	1.566e-036	1.566e-036	1.01138e-142	1.01437e-054	1
13.26	2	1.41421	8.05158e-037	8.05158e-037	4.37318e-144	5.0135e-055	1
13.28	1	1	4.12962e-037	4.12962e-037	1.86319e-145	2.47314e-055	1
13.29	0	1	2.95479e-037	2.95479e-037	3.82453e-146	1.73576e-055	1
13.31	2	1.41421	1.50996e-037	1.50996e-037	1.59368e-147	8.53774e-056	1
13.32	3	1.73205	1.07842e-037	1.07842e-037	3.23522e-148	5.98351e-056	1
13.34	4	2	5.49082e-038	5.49082e-038	1.31854e-149	2.93465e-056	1
13.35	2	1.41421	3.9144e-038	3.9144e-038	2.64714e-150	2.05372e-056	1
13.37	1	1	1.98575e-038	1.98575e-038	1.05518e-151	1.00436e-056	1
13.39	1	1	1.00491e-038	1.00491e-038	4.14433e-153	4.90226e-057	1
13.4	1	1	7.14213e-039	7.14213e-039	8.16788e-154	3.42245e-057	1
13.42	1	1	3.60113e-039	3.60113e-039	3.13762e-155	1.66568e-057	1
13.43	4	2	2.55474e-039	2.55474e-039	6.11556e-156	1.1612e-057	1
13.45	2	1.41421	1.28342e-039	1.28342e-039	2.29769e-157	5.63517e-058	1
13.46	4	2	9.08826e-040	9.08826e-040	4.42904e-158	3.92278e-058	1
13.48	6	2.44949	4.54896e-040	4.54896e-040	1.62752e-159	1.89819e-058	1
13.5	2	1.41421	2.27135e-040	2.27135e-040	5.8928e-161	9.1675e-059	1
13.51	7	2.64575	1.60351e-040	1.60351e-040	1.11509e-161	6.36638e-059	1
13.53	6	2.44949	7.97728e-041	7.97728e-041	3.94883e-163	3.06584e-059	1
13.54	3	1.73205	5.62145e-041	5.62145e-041	7.38989e-164	2.126e-059	1
13.56	8	2.82843	2.78638e-041	2.78638e-041	2.55953e-165	1.02086e-059	1
13.58	4	2	1.37776e-041	1.37776e-041	8.73489e-167	4.89251e-060	1
13.59	6	2.44949	9.67928e-042	9.67928e-042	1.60471e-167	3.38455e-060	1
13.61	5	2.23607	4.76855e-042	4.76855e-042	5.35622e-169	1.61738e-060	1
13.62	8	2.82843	3.34396e-042	3.34396e-042	9.73151e-170	1.11726e-060	1
13.64	3	1.73205	1.6414e-042	1.6414e-042	3.17692e-171	5.32368e-061	1
13.65	8	2.82843	1.14893e-042	1.14893e-042	5.70833e-172	3.67221e-061	1
13.67	4	2	5.61899e-043	5.61899e-043	1.82263e-173	1.74474e-061	1
13.69	4	2	2.74134e-043	2.74134e-043	5.73407e-175	8.27366e-062	1
13.7	4	2	1.91301e-043	1.91301e-043	1.01143e-175	5.69335e-062	1
13.72	5	2.23607	9.29893e-044	9.29893e-044	3.11218e-177	2.69204e-062	1
13.73	3	1.73205	6.47728e-044	6.47728e-044	5.42901e-178	1.8498e-062	1
13.75	6	2.44949	3.13703e-044	3.13703e-044	1.63385e-179	8.72133e-063	1
13.77	3	1.73205	1.5156e-044	1.5156e-044	4.84486e-181	4.10398e-063	1
13.78	3	1.73205	1.05249e-044	1.05249e-044	8.29672e-182	2.81321e-063	1
13.8	5	2.23607	5.06635e-045	5.06635e-045	2.40624e-183	1.31999e-063	1
13.81	5	2.23607	3.51185e-045	3.51185e-045	4.07517e-184	9.03529e-064	1
13.83	1	1	1.68431e-045	1.68431e-045	1.15596e-185	4.22723e-064	1
13.84	6	2.44949	1.16538e-045	1.16538e-045	1.93611e-186	2.88935e-064	1
13.86	5	2.23607	5.56885e-046	5.56885e-046	5.37143e-188	1.34791e-064	1
13.88	6	2.44949	2.65462e-046	2.65462e-046	1.46834e-189	6.27601e-065	1
13.89	3	1.73205	1.83115e-046	1.83115e-046	2.41426e-190	4.27939e-065	1
13.91	0	1	8.69705e-047	8.69705e-047	6.45481e-192	1.98679e-065	1
13.92	5	2.23607	5.98823e-047	5.98823e-047	1.0496e-192	1.35277e-065	1
13.94	4	2	2.83372e-047	2.83372e-047	2.74465e-194	6.26236e-066	1
13.96	5	2.23607	1.33769e-047	1.33769e-047	7.07173e-196	2.89346e-066	1
13.97	5	2.23607	9.18241e-048	9.18241e-048	1.12885e-196	1.96537e-066	1
13.99	3	1.73205	4.31882e-048	4.31882e-048	2.84472e-198	9.05459e-067	1
14	5	2.23607	2.95919e-048	2.95919e-048	4.49088e-199	6.1414e-067	1
14.02	1	1	1.38673e-048	1.38673e-048	1.10687e-200	2.82123e-067	1
14.03	3	1.73205	9.48427e-049	9.48427e-049	1.72811e-201	1.91078e-067	1
14.05	6	2.44949	4.42827e-049	4.42827e-049	4.16584e-203	8.7524e-068	1
14.07	4	2	2.06255e-049	2.06255e-049	9.89483e-205	4.00136e-068	1
14.08	7	2.64575	1.40634e-049	1.40634e-049	1.51654e-205	2.70355e-068	1
14.1	3	1.73205	6.52637e-050	6.52637e-050	3.52308e-207	1.23243e-068	1
14.11	4	2	4.44186e-050	4.44186e-050	5.34009e-208	8.31496e-069	1
14.13	4	2	2.05379e-050	2.05379e-050	1.21334e-209	3.77948e-069	1
14.15	5	2.23607	9.47298e-051	9.47298e-051	2.71639e-211	1.71462e-069	1
14.16	6	2.44949	6.42769e-051	6.42769e-051	4.04192e-212	1.15405e-069	1
14.18	7	2.64575	2.95391e-051	2.95391e-051	8.85035e-214	5.22041e-070	1
14.19	7	2.64575	2.00064e-051	2.00064e-051	1.30238e-214	3.50859e-070	1
14.21	5	2.23607	9.16056e-052	9.16056e-052	2.78917e-216	1.58256e-070	1
14.22	2	1.41421	6.19299e-052	6.19299e-052	4.05915e-217	1.06209e-070	1
14.24	3	1.73205	2.82529e-052	2.82529e-052	8.50229e-219	4.77676e-071	1
14.26	3	1.73205	1.28578e-052	1.28578e-052	1.75474e-220	2.14423e-071	1
14.27	7	2.64575	8.66602e-053	8.66602e-053	2.50693e-221	1.43557e-071	1
14.29	2	1.41421	3.92946e-053	3.92946e-053	5.06037e-223	6.42553e-072	1
14.3	5	2.23607	2.64358e-053	2.64358e-053	7.14979e-224	4.29573e-072	1
14.32	2	1.41421	1.19431e-053	1.19431e-053	1.41156e-225	1.91719e-072	1
14.34	2	1.41421	5.38245e-054	5.38245e-054	2.74586e-227	8.54001e-073	1
14.35	4	2	3.61006e-054	3.61006e-054	3.80855e-228	5.69562e-073	1
14.37	3	1.73205	1.62102e-054	1.62102e-054	7.24608e-230	2.52976e-073	1
14.38	4	2	1.08525e-054	1.08525e-054	9.93953e-231	1.68475e-073	1
14.4	3	1.73205	4.85527e-055	4.85527e-055	1.84958e-232	7.46139e-074	1
14.41	0	1	3.24458e-055	3.24458e-055	2.5091e-233	4.9619e-074	1
14.43	4	2	1.44628e-055	1.44628e-055	4.56657e-235	2.19118e-074	1
14.45	6	2.44949	6.43115e-056	6.43115e-056	8.18912e-237	9.65767e-075	1
14.46	3	1.73205	4.28459e-056	4.28459e-056	1.09057e-237	6.40702e-075	1
14.48	1	1	1.89826e-056	1.89826e-056	1.91277e-239	2.81576e-075	1
14.49	0	1	1.26235e-056	1.26235e-056	2.51918e-240	1.86531e-075	1
14.51	5	2.23607	5.57233e-057	5.57233e-057	4.3215e-242	8.17405e-076	1
14.53	3	1.73205	2.45377e-057	2.45377e-057	7.30442e-244	3.57509e-076	1
14.54	4	2	1.6268e-057	1.6268e-057	9.44391e-245	2.36264e-076	1
14.56	6	2.44949	7.13742e-058	7.13742e-058	1.56123e-246	1.03037e-076	1
14.57	1	1	4.72332e-058	4.72332e-058	1.99625e-247	6.7995e-077	1
14.59	1	1	2.06474e-058	2.06474e-058	3.2277e-249	2.95678e-077	1
14.6	3	1.73205	1.36388e-058	1.36388e-058	4.08153e-250	1.94839e-077	1
14.62	2	1.41421	5.94024e-059	5.94024e-059	6.45454e-252	8.44816e-078	1
14.64	1	1	2.58091e-059	2.58091e-059	1.00573e-253	3.65606e-078	1
14.65	5	2.23607	1.69965e-059	1.69965e-059	1.24848e-254	2.40339e-078	1
14.67	1	1	7.35763e-060	7.35763e-060	1.90268e-256	1.0371e-078	1
14.68	2	1.41421	4.83648e-060	4.83648e-060	2.33586e-257	6.80778e-079	1
14.7	4	2	2.08602e-060	2.08602e-060	3.48171e-259	2.92919e-079	1
14.71	1	1	1.36872e-060	1.36872e-060	4.22723e-260	1.92002e-079	1
14.73	4	2	5.88187e-061	5.88187e-061	6.16262e-262	8.23746e-080	1
14.75	4	2	2.52148e-061	2.52148e-061	8.85219e-264	3.52733e-080	1
14.76	1	1	1.64941e-061	1.64941e-061	1.05508e-264	2.30652e-080	1
14.78	3	1.73205	7.04495e-062	7.04495e-062	1.48229e-266	9.84817e-081	1
14.79	1	1	4.59998e-062	4.59998e-062	1.74722e-267	6.43044e-081	1
14.81	2	1.41421	1.95757e-062	1.95757e-062	2.40083e-269	2.73769e-081	1
14.83	1	1	8.31031e-063	8.31031e-063	3.2505e-271	1.1633e-081	1
14.84	2	1.41421	5.40967e-063	5.40967e-063	3.76128e-272	7.5776e-082	1
14.86	0	1	2.28814e-063	2.28814e-063	4.98067e-274	3.21059e-082	1
14.87	6	2.44949	1.48676e-063	1.48676e-063	5.69974e-275	2.08833e-082	1
14.89	2	1.41421	6.26559e-064	6.26559e-064	7.38195e-277	8.82261e-083	1
14.9	0	1	4.06374e-064	4.06374e-064	8.35449e-278	5.73038e-083	1
14.92	1	1	1.70631e-064	1.70631e-064	1.05828e-279	2.41395e-083	1
14.94	2	1.41421	7.14711e-065	7.14711e-065	1.32086e-281	1.01493e-083	1
14.95	6	2.44949	4.62135e-065	4.62135e-065	1.46749e-282	6.57623e-084	1
14.97	2	1.41421	1.92864e-065	1.92864e-065	1.79141e-284	2.75697e-084	1
14.98	2	1.41421	1.24479e-065	1.24479e-065	1.96832e-285	1.7838e-084	1
15	2	1.41421	5.17594e-066	5.17594e-066	2.35006e-287	7.45668e-085	1
15.02	5	2.23607	2.14696e-066	2.14696e-066	2.76463e-289	3.11107e-085	1
15.03	4	2	1.38147e-066	1.38147e-066	2.982e-290	2.00807e-085	1
15.05	3	1.73205	5.70935e-067	5.70935e-067	3.43108e-292	8.35388e-086	1
15.06	1	1	3.667e-067	3.667e-067	3.66002e-293	5.3843e-086	1
15.08	0	1	1.50996e-067	1.50996e-067	4.1188e-295	2.2335e-086	1
15.09	1	1	9.68046e-068	9.68046e-068	4.34515e-296	1.43747e-086	1
15.11	1	1	3.97156e-068	3.97156e-068	4.78251e-298	5.94567e-087	1
15.13	7	2.64575	1.62542e-068	1.62542e-068	5.18659e-300	2.45452e-087	1
15.14	6	2.44949	1.03889e-068	1.03889e-068	5.37138e-301	1.57592e-087	1
15.16	5	2.23607	4.2363e-069	4.2363e-069	5.6974e-303	6.48704e-088	1
15.17	2	1.41421	2.7027e-069	2.7027e-069	5.83529e-304	4.159e-088	1
15.19	5	2.23607	1.09805e-069	1.09805e-069	6.05364e-306	1.70705e-088	1
15.21	2	1.41421	4.45031e-070	4.45031e-070	6.18794e-308	6.99304e-089	1
15.22	1	1	2.83058e-070	2.83058e-070	6.2216e-309	4.47263e-089	1
15.24	3	1.73205	1.14302e-070	1.14302e-070	6.22008e-311	1.82696e-089	1
15.25	2	1.41421	7.25677e-071	7.25677e-071	6.18491e-312	1.16681e-089	1
15.27	1	1	2.91965e-071	2.91965e-071	6.04771e-314	4.75239e-090	1
15.28	2	1.41421	1.85024e-071	1.85024e-071	5.94718e-315	3.03078e-090	1
15.3	0	1	7.41694e-072	7.41694e-072	5.68761e-317	1.23087e-090	1
15.32	1	1	2.96594e-072	2.96594e-072	5.3577e-319	4.98924e-091	1
15.33	3	1.73205	1.87385e-072	1.87385e-072	5.13285e-320	3.17418e-091	1
15.35	5	2.23607	7.46591e-073	7.46591e-073	0	1.28292e-091	1
15.36	3	1.73205	4.70825e-073	4.70825e-073	0	8.15024e-092	1
15.38	4	2	1.86904e-073	1.86904e-073	0	3.28461e-092	1
15.4	5	2.23607	7.40147e-074	7.40147e-074	0	1.32118e-092	1
15.41	4	2	4.65339e-074	4.65339e-074	0	8.3731e-093	1
15.43	3	1.73205	1.83603e-074	1.83603e-074	0	3.35823e-093	1
15.44	1	1	1.15222e-074	1.15222e-074	0	2.12524e-093	1
15.46	0	1	4.52957e-075	4.52957e-075	0	8.49918e-094	1
15.47	3	1.73205	2.83739e-075	2.83739e-075	0	5.37091e-094	1
15.49	4	2	1.11135e-075	1.11135e-075	0	2.14172e-094	1
15.51	2	1.41421	4.34231e-076	4.34231e-076	0	8.52396e-095	1
15.52	2	1.41421	2.71181e-076	2.71181e-076	0	5.37363e-095	1
15.54	2	1.41421	1.0557e-076	1.0557e-076	0	2.13251e-095	1
15.55	1	1	6.58087e-077	6.58087e-077	0	1.34243e-095	1
15.57	2	1.41421	2.55255e-077	2.55255e-077	0	5.31204e-096	1
15.59	4	2	9.87658e-078	9.87658e-078	0	2.09795e-096	1
15.6	3	1.73205	6.13797e-078	6.13797e-078	0	1.31749e-096	1
15.62	1	1	2.36629e-078	2.36629e-078	0	5.18834e-097	1
15.63	2	1.41421	1.46788e-078	1.46788e-078	0	3.25353e-097	1
15.65	1	1	5.63824e-079	5.63824e-079	0	1.27756e-097	1
15.66	3	1.73205	3.49118e-079	3.49118e-079	0	7.99982e-098	1
15.68	4	2	1.33609e-079	1.33609e-079	0	3.13222e-098	1
15.7	1	1	5.10081e-080	5.10081e-080	0	1.22402e-098	1
15.71	1	1	3.14879e-080	3.14879e-080	0	7.64613e-099	1
15.73	10	3.16228	1.19773e-080	1.19773e-080	0	2.97936e-099	1
15.74	2	1.41421	7.38018e-081	7.38018e-081	0	1.85845e-099	1
15.76	3	1.73205	2.79699e-081	2.79699e-081	0	7.22066e-100	1
15.77	3	1.73205	1.72031e-081	1.72031e-081	0	4.49756e-100	1
15.79	0	1	6.49593e-082	6.49593e-082	0	1.74241e-100	1
15.81	3	1.73205	2.4469e-082	2.4469e-082	0	6.73731e-101	1
15.82	2	1.41421	1.5004e-082	1.5004e-082	0	4.18641e-101	1
15.84	2	1.41421	5.63108e-083	5.63108e-083	0	1.61408e-101	1
15.85	1	1	3.44657e-083	3.44657e-083	0	1.0015e-101	1
15.87	3	1.73205	1.28879e-083	1.28879e-083	0	3.85017e-102	1
15.89	2	1.41421	4.8075e-084	4.8075e-084	0	1.47731e-102	1
15.9	5	2.23607	2.93353e-084	2.93353e-084	0	9.14438e-103	1
15.92	1	1	1.09028e-084	1.09028e-084	0	3.49859e-103	1
15.93	1	1	6.64068e-085	6.64068e-085	0	2.16246e-103	1
15.95	5	2.23607	2.45906e-085	2.45906e-085	0	8.24958e-104	1
15.96	1	1	1.49503e-085	1.49503e-085	0	5.09167e-104	1
15.98	2	1.41421	5.51592e-086	5.51592e-086	0	1.93682e-104	1
16	3	1.73205	2.03014e-086	2.03014e-086	0	7.35331e-105	1
16.01	3	1.73205	1.2305e-086	1.2305e-086	0	4.52758e-105	1
16.03	8	2.82843	4.51233e-087	4.51233e-087	0	1.71398e-105	1
16.04	3	1.73205	2.73e-087	2.73e-087	0	1.05381e-105	1
16.06	2	1.41421	9.9745e-088	9.9745e-088	0	3.97783e-106	1
16.08	1	1	3.63546e-088	3.63546e-088	0	1.49863e-106	1
16.09	2	1.41421	2.19279e-088	2.19279e-088	0	9.19192e-107	1
16.11	2	1.41421	7.96299e-089	7.96299e-089	0	3.45303e-107	1
16.12	1	1	4.79423e-089	4.79423e-089	0	2.11487e-107	1
16.14	2	1.41421	1.73464e-089	1.73464e-089	0	7.92182e-108	1
16.15	3	1.73205	1.04245e-089	1.04245e-089	0	4.84486e-108	1
16.17	1	1	3.75799e-090	3.75799e-090	0	1.80954e-108	1
16.19	1	1	1.35144e-090	1.35144e-090	0	6.74556e-109	1
16.2	1	1	8.09691e-091	8.09691e-091	0	4.11557e-109	1
16.22	2	1.41421	2.90115e-091	2.90115e-091	0	1.52977e-109	1
16.23	2	1.41421	1.735e-091	1.735e-091	0	9.31987e-110	1
16.25	0	1	6.19384e-092	6.19384e-092	0	3.45423e-110	1
16.27	2	1.41421	2.20578e-092	2.20578e-092	0	1.27778e-110	1
16.28	3	1.73205	1.31512e-092	1.31512e-092	0	7.76598e-111	1
16.3	1	1	4.66635e-093	4.66635e-093	0	2.86449e-111	1
16.31	2	1.41421	2.77706e-093	2.77706e-093	0	1.73844e-111	1
16.33	4	2	9.81767e-094	9.81767e-094	0	6.39377e-112	1
16.34	1	1	5.83206e-094	5.83206e-094	0	3.87474e-112	1
16.36	3	1.73205	2.05426e-094	2.05426e-094	0	1.42097e-112	1
16.38	1	1	7.21819e-095	7.21819e-095	0	5.20106e-113	1
16.39	1	1	4.27482e-095	4.27482e-095	0	3.14436e-113	1
16.41	1	1	1.49658e-095	1.49658e-095	0	1.14758e-113	1
16.42	5	2.23607	8.84699e-096	8.84699e-096	0	6.92783e-114	1
16.44	0	1	3.08596e-096	3.08596e-096	0	2.52113e-114	1
16.46	0	1	1.0738e-096	1.0738e-096	0	9.1571e-115	1
16.47	2	1.41421	6.3284e-097	6.3284e-097	0	5.51474e-115	1
16.49	1	1	2.19401e-097	2.19401e-097	0	1.99725e-115	1
16.5	0	1	1.29067e-097	1.29067e-097	0	1.20109e-115	1
16.52	2	1.41421	4.4583e-098	4.4583e-098	0	4.33738e-116	1
16.53	3	1.73205	2.61788e-098	2.61788e-098	0	2.6046e-116	1
16.55	0	1	9.0098e-099	9.0098e-099	0	9.37866e-117	1
16.57	1	1	3.09329e-099	3.09329e-099	0	3.37058e-117	1
16.58	0	1	1.81083e-099	1.81083e-099	0	2.01917e-117	1
16.6	1	1	6.19431e-100	6.19431e-100	0	7.23572e-118	1
16.61	1	1	3.61954e-100	3.61954e-100	0	4.32836e-118	1
16.63	1	1	1.23362e-100	1.23362e-100	0	1.5466e-118	1
16.65	3	1.73205	4.19419e-101	4.19419e-101	0	5.51565e-119	1
16.66	1	1	2.44334e-101	2.44334e-101	0	3.29149e-119	1
16.68	3	1.73205	8.27678e-102	8.27678e-102	0	1.17046e-119	1
16.69	3	1.73205	4.81286e-102	4.81286e-102	0	6.97472e-120	1
16.71	0	1	1.62439e-102	1.62439e-102	0	2.47307e-120	1
16.72	1	1	9.42839e-103	9.42839e-103	0	1.47156e-120	1
16.74	1	1	3.17056e-103	3.17056e-103	0	5.20278e-121	1
16.76	3	1.73205	1.06359e-103	1.06359e-103	0	1.83593e-121	1
16.77	2	1.41421	6.15456e-104	6.15456e-104	0	1.08981e-121	1
16.79	2	1.41421	2.05705e-104	2.05705e-104	0	3.83458e-122	1
16.8	3	1.73205	1.18815e-104	1.18815e-104	0	2.27294e-122	1
16.82	2	1.41421	3.9567e-105	3.9567e-105	0	7.97443e-123	1
16.83	4	2	2.28121e-105	2.28121e-105	0	4.72e-123	1
16.85	3	1.73205	7.56894e-106	7.56894e-106	0	1.6512e-123	1
16.87	3	1.73205	2.50522e-106	2.50522e-106	0	5.76529e-124	1
16.88	5	2.23607	1.43997e-106	1.43997e-106	0	3.40422e-124	1
16.9	3	1.73205	4.74869e-107	4.74869e-107	0	1.18518e-124	1
16.91	5	2.23607	2.7245e-107	2.7245e-107	0	6.98804e-125	1
16.93	3	1.73205	8.95196e-108	8.95196e-108	0	2.42588e-125	1
16.95	3	1.73205	2.9342e-108	2.9342e-108	0	8.40515e-126	1
16.96	3	1.73205	1.67833e-108	1.67833e-108	0	4.94391e-126	1
16.98	1	1	5.481e-109	5.481e-109	0	1.70802e-126	1
16.99	0	1	3.12934e-109	3.12934e-109	0	1.00321e-126	1
17.01	1	1	1.01823e-109	1.01823e-109	0	3.45589e-127	1
17.02	5	2.23607	5.80289e-110	5.80289e-110	0	2.02689e-127	1
17.04	2	1.41421	1.88125e-110	1.88125e-110	0	6.96217e-128	1
17.06	1	1	6.08401e-111	6.08401e-111	0	2.38684e-128	1
17.07	4	2	3.45672e-111	3.45672e-111	0	1.39652e-128	1
17.09	3	1.73205	1.11383e-111	1.11383e-111	0	4.77389e-129	1
17.1	4	2	6.3168e-112	6.3168e-112	0	2.78914e-129	1
17.12	2	1.41421	2.02797e-112	2.02797e-112	0	9.50693e-130	1
17.14	5	2.23607	6.49479e-113	6.49479e-113	0	3.23425e-130	1
17.15	2	1.41421	3.67214e-113	3.67214e-113	0	1.88507e-130	1
17.17	1	1	1.17175e-113	1.17175e-113	0	6.3945e-131	1
17.18	5	2.23607	6.61293e-114	6.61293e-114	0	3.72163e-131	1
17.2	2	1.41421	2.10242e-114	2.10242e-114	0	1.2588e-131	1
17.21	1	1	1.18436e-114	1.18436e-114	0	7.31572e-132	1
17.23	2	1.41421	3.75163e-115	3.75163e-115	0	2.46734e-132	1
17.25	7	2.64575	1.18548e-115	1.18548e-115	0	8.30545e-133	1
17.26	3	1.73205	6.65788e-116	6.65788e-116	0	4.81523e-133	1
17.28	2	1.41421	2.09615e-116	2.09615e-116	0	1.61621e-133	1
17.29	4	2	1.17508e-116	1.17508e-116	0	9.35674e-134	1
17.31	2	1.41421	3.68608e-117	3.68608e-117	0	3.13149e-134	1
17.33	2	1.41421	1.15346e-117	1.15346e-117	0	1.04602e-134	1
17.34	0	1	6.44648e-118	6.44648e-118	0	6.0412e-135	1
17.36	2	1.41421	2.00988e-118	2.00988e-118	0	2.01214e-135	1
17.37	4	2	1.12123e-118	1.12123e-118	0	1.16042e-135	1
17.39	5	2.23607	3.483e-119	3.483e-119	0	3.85386e-136	1
17.4	3	1.73205	1.93948e-119	1.93948e-119	0	2.21934e-136	1
17.42	1	1	6.0028e-120	6.0028e-120	0	7.34938e-137	1
17.44	4	2	1.85337e-120	1.85337e-120	0	2.42908e-137	1
17.45	5	2.23607	1.02889e-120	1.02889e-120	0	1.39548e-137	1
17.47	0	1	3.1651e-121	3.1651e-121	0	4.59899e-138	1
17.48	2	1.41421	1.75388e-121	1.75388e-121	0	2.63826e-138	1
17.5	1	1	5.37563e-122	5.37563e-122	0	8.66963e-139	1
17.52	0	1	1.64361e-122	1.64361e-122	0	2.84346e-139	1
17.53	3	1.73205	9.08001e-123	9.08001e-123	0	1.62726e-139	1
17.55	3	1.73205	2.76609e-123	2.76609e-123	0	5.3217e-140	1
17.56	1	1	1.52531e-123	1.52531e-123	0	3.04112e-140	1
17.58	1	1	4.62967e-124	4.62967e-124	0	9.91681e-141	1
17.59	0	1	2.54828e-124	2.54828e-124	0	5.65884e-141	1
17.61	1	1	7.70635e-125	7.70635e-125	0	1.83998e-141	1
17.63	2	1.41421	2.32482e-125	2.32482e-125	0	5.97118e-142	1
17.64	1	1	1.27574e-125	1.27574e-125	0	3.39916e-142	1
17.66	4	2	3.83455e-126	3.83455e-126	0	1.09993e-142	1
17.67	2	1.41421	2.10036e-126	2.10036e-126	0	6.25243e-143	1
17.69	1	1	6.29007e-127	6.29007e-127	0	2.01738e-143	1
17.71	3	1.73205	1.87913e-127	1.87913e-127	0	6.49669e-144	1
17.72	1	1	1.02615e-127	1.02615e-127	0	3.68409e-144	1
17.74	3	1.73205	3.05439e-128	3.05439e-128	0	1.18299e-144	1
17.75	4	2	1.66488e-128	1.66488e-128	0	6.69871e-145	1
17.77	3	1.73205	4.93749e-129	4.93749e-129	0	2.1448e-145	1
17.78	0	1	2.6864e-129	2.6864e-129	0	1.21275e-145	1
17.8	3	1.73205	7.93788e-130	7.93788e-130	0	3.87179e-146	1
17.82	1	1	2.3398e-130	2.3398e-130	0	1.23372e-146	1
17.83	1	1	1.26916e-130	1.26916e-130	0	6.95915e-147	1
17.85	2	1.41421	3.72737e-131	3.72737e-131	0	2.21109e-147	1
17.86	4	2	2.01812e-131	2.01812e-131	0	1.24543e-147	1
17.88	1	1	5.9053e-132	5.9053e-132	0	3.94562e-148	1
17.89	4	2	3.19148e-132	3.19148e-132	0	2.21922e-148	1
17.91	3	1.73205	9.30459e-133	9.30459e-133	0	7.01039e-149	1
17.93	1	1	2.70609e-133	2.70609e-133	0	2.21029e-149	1
17.94	1	1	1.45804e-133	1.45804e-133	0	1.24019e-149	1
17.96	0	1	4.22498e-134	4.22498e-134	0	3.89888e-150	1
17.97	3	1.73205	2.27224e-134	2.27224e-134	0	2.1845e-150	1
17.99	2	1.41421	6.56026e-135	6.56026e-135	0	6.84779e-151	1
18.01	1	1	1.88942e-135	1.88942e-135	0	2.14246e-151	1
18.02	1	1	1.01306e-135	1.01306e-135	0	1.19751e-151	1
18.04	2	1.41421	2.90704e-136	2.90704e-136	0	3.73583e-152	1
18.05	2	1.41421	1.55583e-136	1.55583e-136	0	2.0851e-152	1
18.07	4	2	4.44826e-137	4.44826e-137	0	6.48606e-153	1
18.08	0	1	2.37633e-137	2.37633e-137	0	3.61488e-153	1
18.1	2	1.41421	6.76931e-138	6.76931e-138	0	1.12123e-153	1
18.12	3	1.73205	1.92363e-138	1.92363e-138	0	3.47101e-154	1
18.13	1	1	1.02451e-138	1.02451e-138	0	1.92985e-154	1
18.15	2	1.41421	2.9007e-139	2.9007e-139	0	5.95707e-155	1
18.16	5	2.23607	1.54206e-139	1.54206e-139	0	3.3073e-155	1
18.18	4	2	4.3501e-140	4.3501e-140	0	1.01795e-155	1
18.2	2	1.41421	1.22416e-140	1.22416e-140	0	3.12713e-156	1
18.21	2	1.41421	6.488e-141	6.488e-141	0	1.73198e-156	1
18.23	1	1	1.81912e-141	1.81912e-141	0	5.30526e-157	1
18.24	2	1.41421	9.62361e-142	9.62361e-142	0	2.9341e-157	1
18.26	2	1.41421	2.68843e-142	2.68843e-142	0	8.96159e-158	1
18.27	1	1	1.41965e-142	1.41965e-142	0	4.9491e-158	1
18.29	1	1	3.95141e-143	3.95141e-143	0	1.50724e-158	1
18.31	1	1	1.09714e-143	1.09714e-143	0	4.58144e-159	1
18.32	0	1	5.77592e-144	5.77592e-144	0	2.52405e-159	1
18.34	2	1.41421	1.59787e-144	1.59787e-144	0	7.65004e-160	1
18.35	0	1	8.39665e-145	8.39665e-145	0	4.20855e-160	1
18.37	1	1	2.3144e-145	2.3144e-145	0	1.27187e-160	1
18.39	0	1	6.3637e-146	6.3637e-146	0	3.83636e-161	1
18.4	1	1	3.33387e-146	3.33387e-146	0	2.10544e-161	1
18.42	2	1.41421	9.13337e-147	9.13337e-147	0	6.33234e-162	1
18.43	1	1	4.77612e-147	4.77612e-147	0	3.47025e-162	1
18.45	0	1	1.30367e-147	1.30367e-147	0	1.04071e-162	1
18.46	0	1	6.80483e-148	6.80483e-148	0	5.69505e-163	1
18.48	3	1.73205	1.85063e-148	1.85063e-148	0	1.70298e-163	1
18.5	0	1	5.0207e-149	5.0207e-149	0	5.08261e-164	1
18.51	2	1.41421	2.6127e-149	2.6127e-149	0	2.77467e-164	1
18.53	0	1	7.06225e-150	7.06225e-150	0	8.25721e-165	1
18.54	0	1	3.66837e-150	3.66837e-150	0	4.50123e-165	1
18.56	1	1	9.87956e-151	9.87956e-151	0	1.33567e-165	1
18.58	1	1	2.65425e-151	2.65425e-151	0	3.95577e-166	1
18.59	1	1	1.37451e-151	1.37451e-151	0	2.15121e-166	1
18.61	1	1	3.67928e-152	3.67928e-152	0	6.35273e-167	1
18.62	1	1	1.90184e-152	1.90184e-152	0	3.44974e-167	1
18.64	0	1	5.07223e-153	5.07223e-153	0	1.0158e-167	1
18.65	1	1	2.61706e-153	2.61706e-153	0	5.50817e-168	1
18.67	0	1	6.95425e-154	6.95425e-154	0	1.61725e-168	1
18.69	1	1	1.84343e-154	1.84343e-154	0	4.73925e-169	1
18.7	0	1	9.48239e-155	9.48239e-155	0	2.56367e-169	1
18.72	2	1.41421	2.50441e-155	2.50441e-155	0	7.49103e-170	1
18.73	1	1	1.28588e-155	1.28588e-155	0	4.04639e-170	1
18.75	4	2	3.38375e-156	3.38375e-156	0	1.17894e-170	1
18.77	1	1	8.88251e-157	8.88251e-157	0	3.42832e-171	1
18.78	3	1.73205	4.54681e-157	4.54681e-157	0	1.8474e-171	1
18.8	0	1	1.1892e-157	1.1892e-157	0	5.35668e-172	1
18.81	1	1	6.0762e-158	6.0762e-158	0	2.88237e-172	1
18.83	2	1.41421	1.5834e-158	1.5834e-158	0	8.33354e-173	1
18.84	0	1	8.07555e-159	8.07555e-159	0	4.47771e-173	1
18.86	0	1	2.09672e-159	2.09672e-159	0	1.29087e-173	1
18.88	2	1.41421	5.43063e-160	5.43063e-160	0	3.71426e-174	1
18.89	3	1.73205	2.76126e-160	2.76126e-160	0	1.99092e-174	1
18.91	0	1	7.1257e-161	7.1257e-161	0	5.71201e-175	1
18.92	1	1	3.61651e-161	3.61651e-161	0	3.05734e-175	1
18.94	0	1	9.29865e-162	9.29865e-162	0	8.7463e-176	1
18.95	2	1.41421	4.71072e-162	4.71072e-162	0	4.67468e-176	1
18.97	2	1.41421	1.20678e-162	1.20678e-162	0	1.33346e-176	1
18.99	1	1	3.08396e-163	3.08396e-163	0	3.79638e-177	1
19	2	1.41421	1.55759e-163	1.55759e-163	0	2.02419e-177	1
19.02	2	1.41421	3.96591e-164	3.96591e-164	0	5.74631e-178	1
19.03	1	1	1.99936e-164	1.99936e-164	0	3.05945e-178	1
19.05	0	1	5.07216e-165	5.07216e-165	0	8.66017e-179	1
19.07	0	1	1.28362e-165	1.28362e-165	0	2.44665e-179	1
19.08	1	1	6.45147e-166	6.45147e-166	0	1.29952e-179	1
19.1	2	1.41421	1.62671e-166	1.62671e-166	0	3.66079e-180	1
19.11	0	1	8.16093e-167	8.16093e-167	0	1.94159e-180	1
19.13	2	1.41421	2.05023e-167	2.05023e-167	0	5.45375e-181	1
19.14	1	1	1.02668e-167	1.02668e-167	0	2.88836e-181	1
19.16	1	1	2.56986e-168	2.56986e-168	0	8.08974e-182	1
19.18	3	1.73205	6.41687e-169	6.41687e-169	0	2.26143e-182	1
19.19	2	1.41421	3.20356e-169	3.20356e-169	0	1.19479e-182	1
19.21	0	1	7.96997e-170	7.96997e-170	0	3.33032e-183	1
19.22	4	2	3.97165e-170	3.97165e-170	0	1.75699e-183	1
19.24	1	1	9.84477e-171	9.84477e-171	0	4.88325e-184	1
19.26	1	1	2.43433e-171	2.43433e-171	0	1.3546e-184	1
19.27	1	1	1.2094e-171	1.2094e-171	0	7.12936e-185	1
19.29	2	1.41421	2.97958e-172	2.97958e-172	0	1.97197e-185	1
19.3	0	1	1.47758e-172	1.47758e-172	0	1.03636e-185	1
19.32	3	1.73205	3.62699e-173	3.62699e-173	0	2.85828e-186	1
19.33	0	1	1.79534e-173	1.79534e-173	0	1.49999e-186	1
19.35	1	1	4.39089e-174	4.39089e-174	0	4.12505e-187	1
19.37	0	1	1.07127e-174	1.07127e-174	0	1.13223e-187	1
19.38	2	1.41421	5.28658e-175	5.28658e-175	0	5.92751e-188	1
19.4	1	1	1.28508e-175	1.28508e-175	0	1.62227e-188	1
19.41	1	1	6.33012e-176	6.33012e-176	0	8.48075e-189	1
19.43	1	1	1.53313e-176	1.53313e-176	0	2.31436e-189	1
19.45	0	1	3.70413e-177	3.70413e-177	0	6.30363e-190	1
19.46	2	1.41421	1.81904e-177	1.81904e-177	0	3.28743e-190	1
19.48	1	1	4.37886e-178	4.37886e-178	0	8.92817e-191	1
19.49	1	1	2.14646e-178	2.14646e-178	0	4.64945e-191	1
19.51	2	1.41421	5.14814e-179	5.14814e-179	0	1.25908e-191	1
19.52	0	1	2.51894e-179	2.51894e-179	0	6.54735e-192	1
19.54	1	1	6.01944e-180	6.01944e-180	0	1.76792e-192	1
19.56	3	1.73205	1.43494e-180	1.43494e-180	0	4.76457e-193	1
19.57	0	1	6.99967e-181	6.99967e-181	0	2.47167e-193	1
19.59	0	1	1.66252e-181	1.66252e-181	0	6.64199e-194	1
19.6	0	1	8.09495e-182	8.09495e-182	0	3.44063e-194	1
19.62	1	1	1.91564e-182	1.91564e-182	0	9.21915e-195	1
19.64	1	1	4.52224e-183	4.52224e-183	0	2.46551e-195	1
19.65	0	1	2.19521e-183	2.19521e-183	0	1.2741e-195	1
19.67	0	1	5.1633e-184	5.1633e-184	0	3.39754e-196	1
19.68	1	1	2.50182e-184	2.50182e-184	0	1.7532e-196	1
19.7	1	1	5.86295e-185	5.86295e-185	0	4.66166e-197	1
19.71	3	1.73205	2.83563e-185	2.83563e-185	0	2.40204e-197	1
19.73	0	1	6.62096e-186	6.62096e-186	0	6.36847e-198	1
19.75	0	1	1.54217e-186	1.54217e-186	0	1.68521e-198	1
19.76	2	1.41421	7.43603e-187	7.43603e-187	0	8.6626e-199	1
19.78	0	1	1.72569e-187	1.72569e-187	0	2.28566e-199	1
19.79	1	1	8.30571e-188	8.30571e-188	0	1.17322e-199	1
19.81	1	1	1.92048e-188	1.92048e-188	0	3.08667e-200	1
19.83	1	1	4.42978e-189	4.42978e-189	0	8.10518e-201	1
19.84	1	1	2.12555e-189	2.12555e-189	0	4.15036e-201	1
19.86	0	1	4.88489e-190	4.88489e-190	0	1.08669e-201	1
19.87	0	1	2.33964e-190	2.33964e-190	0	5.5565e-202	1
19.89	3	1.73205	5.35726e-191	5.35726e-191	0	1.45066e-202	1
19.9	1	1	2.56119e-191	2.56119e-191	0	7.40687e-203	1
19.92	2	1.41421	5.84314e-192	5.84314e-192	0	1.92817e-203	1
19.94	2	1.41421	1.32981e-192	1.32981e-192	0	5.0098e-204	1
19.95	0	1	6.3382e-193	6.3382e-193	0	2.55178e-204	1
19.97	0	1	1.43721e-193	1.43721e-193	0	6.61096e-205	1
19.98	1	1	6.83755e-194	6.83755e-194	0	3.36249e-205	1
20	2	1.41421	1.54478e-194	1.54478e-194	0	8.68615e-206	1
20.02	1	1	3.48154e-195	3.48154e-195	0	2.23953e-206	1
20.03	0	1	1.6513e-195	1.6513e-195	0	1.13634e-206	1
20.05	1	1	3.70803e-196	3.70803e-196	0	2.92136e-207	1
20.06	1	1	1.75551e-196	1.75551e-196	0	1.48016e-207	1
20.08	3	1.73205	3.92763e-197	3.92763e-197	0	3.79429e-208	1
20.09	2	1.41421	1.85608e-197	1.85608e-197	0	1.91968e-208	1
20.11	3	1.73205	4.13745e-198	4.13745e-198	0	4.90676e-209	1
20.13	1	1	9.20048e-199	9.20048e-199	0	1.25178e-209	1
20.14	0	1	4.33462e-199	4.33462e-199	0	6.31798e-210	1
20.16	2	1.41421	9.60371e-200	9.60371e-200	0	1.60715e-210	1
20.17	3	1.73205	4.51633e-200	4.51633e-200	0	8.09992e-211	1
20.19	2	1.41421	9.96973e-201	9.96973e-201	0	2.05449e-211	1
20.2	1	1	4.67989e-201	4.67989e-201	0	1.03395e-211	1
20.22	3	1.73205	1.0293e-201	1.0293e-201	0	2.61499e-212	1
20.24	0	1	2.25836e-202	2.25836e-202	0	6.60089e-213	1
20.25	1	1	1.05687e-202	1.05687e-202	0	3.31402e-213	1
20.27	3	1.73205	2.31036e-203	2.31036e-203	0	8.3413e-214	1
20.28	2	1.41421	1.07922e-203	1.07922e-203	0	4.18176e-214	1
20.3	0	1	2.35061e-204	2.35061e-204	0	1.0495e-214	1
20.32	3	1.73205	5.10729e-205	5.10729e-205	0	2.62888e-215	1
20.33	2	1.41421	2.37847e-205	2.37847e-205	0	1.31478e-215	1
20.35	1	1	5.14895e-206	5.14895e-206	0	3.28387e-216	1
20.36	0	1	2.39349e-206	2.39349e-206	0	1.63998e-216	1
20.38	1	1	5.16252e-207	5.16252e-207	0	4.08431e-217	1
20.39	1	1	2.39541e-207	2.39541e-207	0	2.03678e-217	1
20.41	2	1.41421	5.1478e-208	5.1478e-208	0	5.0579e-218	1
20.43	1	1	1.10358e-208	1.10358e-208	0	1.2536e-218	1
20.44	1	1	5.10501e-209	5.10501e-209	0	6.23649e-219	1
20.46	2	1.41421	1.09041e-209	1.09041e-209	0	1.54126e-219	1
20.47	4	2	5.03485e-210	5.03485e-210	0	7.65648e-220	1
20.49	0	1	1.07149e-210	1.07149e-210	0	1.88673e-220	1
20.51	1	1	2.27474e-211	2.27474e-211	0	4.64039e-221	1
20.52	1	1	1.04714e-211	1.04714e-211	0	2.29966e-221	1
20.54	1	1	2.21492e-212	2.21492e-212	0	5.63968e-222	1
20.55	2	1.41421	1.01774e-212	1.01774e-212	0	2.79085e-222	1
20.57	1	1	2.14487e-213	2.14487e-213	0	6.82452e-223	1
20.58	2	1.41421	9.83753e-214	9.83753e-214	0	3.3723e-223	1
20.6	0	1	2.06567e-214	2.06567e-214	0	8.22259e-224	1
20.62	2	1.41421	4.32687e-215	4.32687e-215	0	2.00104e-224	1
20.63	2	1.41421	1.97849e-215	1.97849e-215	0	9.86425e-225	1
20.65	2	1.41421	4.12913e-216	4.12913e-216	0	2.39362e-225	1
20.66	1	1	1.88462e-216	1.88462e-216	0	1.17825e-225	1
20.68	4	2	3.91885e-217	3.91885e-217	0	2.85086e-226	1
20.7	1	1	8.12894e-218	8.12894e-218	0	6.88458e-227	1
20.71	2	1.41421	3.69892e-218	3.69892e-218	0	3.38076e-227	1
20.73	0	1	7.6447e-219	7.6447e-219	0	8.1407e-228	1
20.74	2	1.41421	3.47221e-219	3.47221e-219	0	3.99183e-228	1
20.76	2	1.41421	7.14993e-220	7.14993e-220	0	9.58439e-229	1
20.77	2	1.41421	3.24155e-220	3.24155e-220	0	4.69297e-229	1
20.79	2	1.41421	6.65058e-221	6.65058e-221	0	1.12353e-229	1
20.81	2	1.41421	1.36115e-221	1.36115e-221	0	2.68466e-230	1
20.82	1	1	6.15223e-222	6.15223e-222	0	1.31137e-230	1
20.84	1	1	1.25456e-222	1.25456e-222	0	3.12446e-231	1
20.85	0	1	5.66006e-223	5.66006e-223	0	1.524e-231	1
20.87	1	1	1.14998e-223	1.14998e-223	0	3.6206e-232	1
20.89	3	1.73205	2.33076e-224	2.33076e-224	0	8.58496e-233	1
20.9	1	1	1.04834e-224	1.04834e-224	0	4.17738e-233	1
20.92	1	1	2.11701e-225	2.11701e-225	0	9.87661e-234	1
20.93	2	1.41421	9.50461e-226	9.50461e-226	0	4.79895e-234	1
20.95	1	1	1.91233e-226	1.91233e-226	0	1.13135e-234	1
20.96	3	1.73205	8.57e-227	8.57e-227	0	5.48918e-235	1
20.98	0	1	1.71799e-227	1.71799e-227	0	1.29034e-235	1
21	1	1	3.43558e-228	3.43558e-228	0	3.02735e-236	1
21.01	1	1	1.53494e-228	1.53494e-228	0	1.46531e-236	1
21.03	1	1	3.05832e-229	3.05832e-229	0	3.42794e-237	1
21.04	2	1.41421	1.36389e-229	1.36389e-229	0	1.65681e-237	1
21.06	1	1	2.70758e-230	2.70758e-230	0	3.86477e-238	1
21.08	0	1	5.36194e-231	5.36194e-231	0	8.99783e-239	1
21.09	2	1.41421	2.38394e-231	2.38394e-231	0	4.33842e-239	1
21.11	1	1	4.70377e-232	4.70377e-232	0	1.00715e-239	1
21.12	1	1	2.08749e-232	2.08749e-232	0	4.84908e-240	1
21.14	1	1	4.1038e-233	4.1038e-233	0	1.12245e-240	1
21.15	2	1.41421	1.8179e-233	1.8179e-233	0	5.39641e-241	1
21.17	0	1	3.56075e-234	3.56075e-234	0	1.24554e-241	1
21.19	2	1.41421	6.95751e-235	6.95751e-235	0	2.86928e-242	1
21.2	1	1	3.07265e-235	3.07265e-235	0	1.37616e-242	1
21.22	1	1	5.98185e-236	5.98185e-236	0	3.16104e-243	1
21.23	0	1	2.63694e-236	2.63694e-236	0	1.5139e-243	1
21.25	2	1.41421	5.11485e-237	5.11485e-237	0	3.46741e-244	1
21.26	2	1.41421	2.25062e-237	2.25062e-237	0	1.65823e-244	1
21.28	2	1.41421	4.34957e-238	4.34957e-238	0	3.78703e-245	1
21.3	0	1	8.38552e-239	8.38552e-239	0	8.63209e-246	1
21.31	3	1.73205	3.67853e-239	3.67853e-239	0	4.11823e-246	1
21.33	1	1	7.06593e-240	7.06593e-240	0	9.35996e-247	1
21.34	0	1	3.09399e-240	3.09399e-240	0	4.45905e-247	1
21.36	0	1	5.9214e-241	5.92139e-241	0	1.01053e-247	1
21.38	1	1	1.1305e-241	1.1305e-241	0	2.28572e-248	1
21.39	2	1.41421	4.93508e-242	4.93508e-242	0	1.08629e-248	1
21.41	0	1	9.3875e-243	9.3875e-243	0	2.45e-249	1
21.42	0	1	4.09054e-243	4.09054e-243	0	1.16268e-249	1
21.44	1	1	7.75259e-244	7.75258e-244	0	2.61472e-250	1
21.45	0	1	3.37196e-244	3.37196e-244	0	1.23906e-250	1
21.47	2	1.41421	6.36735e-245	6.36735e-245	0	2.77846e-251	1
21.49	0	1	1.19943e-245	1.19943e-245	0	6.21839e-252	1
21.5	1	1	5.201e-246	5.20099e-246	0	2.93969e-252	1
21.52	0	1	9.76144e-247	9.76143e-247	0	6.56027e-253	1
21.53	1	1	4.22503e-247	4.22503e-247	0	3.09683e-253	1
21.55	1	1	7.90074e-248	7.90073e-248	0	6.89102e-254	1
21.57	0	1	1.47382e-248	1.47382e-248	0	1.53043e-254	1
21.58	0	1	6.35971e-249	6.35971e-249	0	7.20716e-255	1
21.6	1	1	1.18202e-249	1.18202e-249	0	1.59602e-255	1
21.61	0	1	5.09123e-250	5.09122e-250	0	7.50522e-256	1
21.63	3	1.73205	9.42805e-251	9.42803e-251	0	1.65724e-256	1
21.64	2	1.41421	4.05344e-251	4.05343e-251	0	7.78183e-257	1
21.66	1	1	7.47882e-252	7.4788e-252	0	1.71336e-257	1
21.68	1	1	1.37652e-252	1.37652e-252	0	3.76512e-258	1
21.69	0	1	5.90011e-253	5.9001e-253	0	1.76373e-258	1
21.71	0	1	1.08198e-253	1.08198e-253	0	3.86463e-259	1
21.72	0	1	4.62917e-254	4.62915e-254	0	1.80772e-259	1
21.74	2	1.41421	8.45812e-255	8.45808e-255	0	3.94961e-260	1
21.76	1	1	1.54165e-255	1.54164e-255	0	8.61273e-261	1
21.77	1	1	6.57572e-256	6.57568e-256	0	4.01902e-261	1
21.79	2	1.41421	1.19417e-256	1.19416e-256	0	8.73881e-262	1
21.8	2	1.41421	5.08427e-257	5.08422e-257	0	4.07197e-262	1
21.82	0	1	9.19942e-258	9.19933e-258	0	8.82841e-263	1
21.83	0	1	3.90957e-258	3.90953e-258	0	4.10779e-263	1
21.85	1	1	7.0481e-259	7.04801e-259	0	8.88037e-264	1
21.87	0	1	1.26752e-259	1.2675e-259	0	1.9161e-264	1
21.88	0	1	5.37032e-260	5.37023e-260	0	8.89404e-265	1
21.9	2	1.41421	9.62263e-261	9.62244e-261	0	1.91352e-265	1
21.91	1	1	4.06952e-261	4.06944e-261	0	8.86921e-266	1
21.93	0	1	7.26522e-262	7.26503e-262	0	1.90267e-266	1
21.95	1	1	1.29388e-262	1.29384e-262	0	4.07387e-267	1
21.96	1	1	5.45532e-263	5.45513e-263	0	1.88371e-267	1
21.98	2	1.41421	9.68003e-264	9.67963e-264	0	4.02164e-268	1
21.99	1	1	4.07388e-264	4.07369e-264	0	1.85688e-268	1
22.01	0	1	7.20239e-265	7.20199e-265	0	3.95293e-269	1
22.02	0	1	3.02561e-265	3.02543e-265	0	1.82252e-269	1
22.04	0	1	5.32959e-266	5.3292e-266	0	3.86859e-270	1
22.06	0	1	9.36516e-267	9.36434e-267	0	8.19591e-271	1
22.07	0	1	3.92219e-267	3.92181e-267	0	3.76969e-271	1
22.09	0	1	6.86693e-268	6.86614e-268	0	7.96334e-272	1
22.1	1	1	2.87067e-268	2.8703e-268	0	3.65744e-272	1
22.12	3	1.73205	5.00761e-269	5.00684e-269	0	7.70394e-273	1
22.14	1	1	8.71406e-270	8.71244e-270	0	1.61962e-273	1
22.15	0	1	3.63178e-270	3.63104e-270	0	7.42076e-274	1
22.17	0	1	6.29686e-271	6.29531e-271	0	1.55559e-274	1
22.18	0	1	2.61958e-271	2.61886e-271	0	7.1171e-275	1
22.2	3	1.73205	4.52536e-272	4.52387e-272	0	1.48763e-275	1
22.21	0	1	1.87918e-272	1.8785e-272	0	6.79636e-276	1
22.23	2	1.41421	3.23451e-273	3.23309e-273	0	1.41649e-276	1
22.25	0	1	5.55388e-274	5.55094e-274	0	2.94655e-277	1
22.26	2	1.41421	2.2993e-274	2.29796e-274	0	1.34292e-277	1
22.28	1	1	3.93376e-275	3.93098e-275	0	2.78546e-278	1
22.29	2	1.41421	1.62563e-275	1.62436e-275	0	1.26767e-278	1
22.31	1	1	2.77116e-276	2.76854e-276	0	2.6218e-279	1
22.32	2	1.41421	1.14312e-276	1.14193e-276	0	1.19147e-279	1
22.34	0	1	1.94163e-277	1.93917e-277	0	2.45709e-280	1
22.36	2	1.41421	3.29006e-278	3.28501e-278	0	5.05735e-281	1
22.37	0	1	1.35312e-278	1.35082e-278	0	2.29277e-281	1
22.39	1	1	2.28467e-279	2.27997e-279	0	4.70553e-282	1
22.4	0	1	9.37957e-280	9.35827e-280	0	2.13019e-282	1
22.42	0	1	1.57811e-280	1.57375e-280	0	4.35925e-283	1
22.44	0	1	2.64898e-281	2.64007e-281	0	8.90369e-284	1
22.45	0	1	1.08436e-281	1.08034e-281	0	4.02101e-284	1
22.47	2	1.41421	1.81391e-282	1.80572e-282	0	8.18914e-285	1
22.48	3	1.73205	7.41254e-283	7.37561e-283	0	3.69298e-285	1
22.5	1	1	1.23578e-283	1.22829e-283	0	7.49939e-286	1
22.51	0	1	5.04164e-284	5.00786e-284	0	3.37704e-286	1
22.53	0	1	8.37768e-285	8.3093e-285	0	6.83804e-287	1
22.55	0	1	1.38918e-285	1.37536e-285	0	1.38194e-287	1
22.56	2	1.41421	5.65251e-286	5.59043e-286	0	6.20807e-288	1
22.58	1	1	9.3446e-287	9.2195e-287	0	1.25101e-288	1
22.59	1	1	3.79672e-287	3.7406e-287	0	5.61177e-289	1
22.61	0	1	6.25906e-288	6.14631e-288	0	1.12759e-289	1
22.63	0	1	1.03007e-288	1.00746e-288	0	2.26133e-290	1
22.64	2	1.41421	4.17628e-289	4.07508e-289	0	1.01195e-290	1
22.66	1	1	6.85754e-290	6.65519e-290	0	2.02357e-291	1
22.67	0	1	2.77747e-290	2.68704e-290	0	9.04241e-292	1
22.69	1	1	4.55258e-291	4.37229e-291	0	1.80298e-292	1
22.7	0	1	1.84254e-291	1.76209e-291	0	8.04507e-293	1
22.72	0	1	3.0167e-292	2.85675e-292	0	1.59949e-293	1
22.74	2	1.41421	4.93756e-293	4.62016e-293	0	3.17393e-294	1
22.75	0	1	1.9976e-293	1.85632e-293	0	1.41283e-294	1
22.77	2	1.41421	3.27076e-294	2.99122e-294	0	2.79545e-295	1
22.78	2	1.41421	1.32389e-294	1.19963e-294	0	1.24257e-295	1
22.8	0	1	2.17113e-295	1.92599e-295	0	2.45147e-296	1
22.82	0	1	3.56733e-296	3.0846e-296	0	4.82722e-297	1
22.83	0	1	1.44737e-296	1.23332e-296	0	2.14052e-297	1
22.85	0	1	2.38831e-297	1.96803e-297	0	4.20277e-298	1
22.86	0	1	9.71532e-298	7.85438e-298	0	1.86093e-298	1
22.88	0	1	1.61309e-298	1.24876e-298	0	3.64329e-299	1
22.89	1	1	6.58555e-299	4.97468e-299	0	1.61087e-299	1
22.91	3	1.73205	1.10249e-299	7.88029e-300	0	3.14463e-300	1
22.93	2	1.41421	1.85795e-300	1.24526e-300	0	6.12691e-301	1
22.94	0	1	7.64811e-301	4.94562e-301	0	2.70249e-301	1
22.96	2	1.41421	1.30369e-301	7.78662e-302	0	5.25028e-302	1
22.97	1	1	5.39933e-302	3.08685e-302	0	2.31248e-302	1
22.99	2	1.41421	9.32195e-303	4.84232e-303	0	4.47962e-303	1
23.01	0	1	1.62386e-303	7.57761e-304	0	8.66102e-304	1
23.02	0	1	6.80041e-304	2.99485e-304	0	3.80557e-304	1
23.04	1	1	1.2006e-304	4.66943e-305	0	7.33657e-305	1
23.05	0	1	5.06105e-305	1.84209e-305	0	3.21896e-305	1
23.07	4	2	9.0494e-306	2.86161e-306	0	6.18779e-306	1
23.08	1	1	3.83785e-306	1.12684e-306	0	2.71101e-306	1
23.1	0	1	6.94043e-307	1.7441e-307	0	5.19633e-307	1
23.12	0	1	1.26338e-307	2.69291e-308	0	9.9409e-308	1
23.13	1	1	5.40205e-308	1.05718e-308	0	4.34487e-308	1
23.15	0	1	9.91437e-309	1.62634e-309	0	8.28803e-309	1
23.16	0	1	4.25452e-309	6.373e-310	0	3.61722e-309	1
23.18	0	1	7.85693e-310	9.76821e-311	0	6.88011e-310	1
23.2	2	1.41421	1.45547e-310	1.49357e-311	0	1.30611e-310	1
23.21	0	1	6.27017e-311	5.83492e-312	0	5.68668e-311	1
23.23	1	1	1.16533e-311	8.88907e-313	0	1.07644e-311	1
23.24	1	1	5.02657e-312	3.46633e-313	0	4.67994e-312	1
23.26	1	1	9.3593e-313	5.26141e-314	0	8.83316e-313	1
23.27	0	1	4.03958e-313	2.04796e-314	0	3.83478e-313	1
23.29	0	1	7.52681e-314	3.09716e-315	0	7.21709e-314	1
23.31	0	1	1.40238e-314	4.67238e-316	0	1.35565e-314	1
23.32	1	1	6.05252e-315	1.81318e-316	0	5.8712e-315	1
23.34	0	1	1.1269e-315	2.72439e-317	0	1.09966e-315	1
23.35	0	1	4.86109e-316	1.05434e-317	0	4.75566e-316	1
23.37	1	1	9.03845e-317	1.56944e-318	0	8.88151e-317	1
23.38	0	1	3.89577e-317	6.03635e-319	0	3.83541e-317	1
23.4	0	1	7.22263e-318	8.04833e-320	0	7.14215e-318	1
23.42	1	1	1.34072e-318	1.34139e-320	0	1.32731e-318	1
23.43	0	1	5.71807e-319	0	0	5.71807e-319	1
23.45	1	1	1.05849e-319	0	0	1.05849e-319	1
23.46	0	1	4.54689e-320	0	0	4.54689e-320	1
23.48	0	1	8.36453e-321	0	0	8.36453e-321	1
23.5	1	1	1.45255e-321	0	0	1.45255e-321	1
23.51	1	1	3.65609e-322	0	0	3.65609e-322	1
23.53	0	1	0	0	0	0	1
23.54	0	1	0	0	0	0	1
23.56	1	1	0	0	0	0	1
23.57	0	1	0	0	0	0	1
23.59	1	1	0	0	0	0	1
23.61	1	1	0	0	0	0	1
23.62	2	1.41421	0	0	0	0	1
23.64	1	1	0	0	0	0	1
23.65	0	1	0	0	0	0	1
23.67	2	1.41421	0	0	0	0	1
23.69	2	1.41421	0	0	0	0	1
23.7	0	1	0	0	0	0	1
23.72	1	1	0	0	0	0	1
23.73	2	1.41421	0	0	0	0	1
23.75	2	1.41421	0	0	0	0	1
23.76	2	1.41421	0	0	0	0	1
23.78	0	1	0	0	0	0	1
23.8	0	1	0	0	0	0	1
23.81	1	1	0	0	0	0	1
23.83	1	1	0	0	0	0	1
23.84	0	1	0	0	0	0	1
23.86	4	2	0	0	0	0	1
23.88	0	1	0	0	0	0	1
23.89	0	1	0	0	0	0	1
23.91	3	1.73205	0	0	0	0	1
23.92	3	1.73205	0	0	0	0	1
23.94	1	1	0	0	0	0	1
23.95	1	1	0	0	0	0	1
23.97	0	1	0	0	0	0	1
23.99	1	1	0	0	0	0	1
24	1	1	0	0	0	0	1
24.02	1	1	0	0	0	0	1
24.03	0	1	0	0	0	0	1
24.05	2	1.41421	0	0	0	0	1
24.07	1	1	0	0	0	0	1
24.08	1	1	0	0	0	0	1
24.1	1	1	0	0	0	0	1
24.11	1	1	0	0	0	0	1
24.13	0	1	0	0	0	0	1
24.14	1	1	0	0	0	0	1
24.16	0	1	0	0	0	0	1
24.18	2	1.41421	0	0	0	0	1
24.19	0	1	0	0	0	0	1
24.21	1	1	0	0	0	0	1
24.22	0	1	0	0	0	0	1
24.24	0	1	0	0	0	0	1
24.26	0	1	0	0	0	0	1
24.27	1	1	0	0	0	0	1
24.29	1	1	0	0	0	0	1
24.3	0	1	0	0	0	0	1
24.32	0	1	0	0	0	0	1
24.33	2	1.41421	0	0	0	0	1
24.35	1	1	0	0	0	0	1
24.37	0	1	0	0	0	0	1
24.38	0	1	0	0	0	0	1
24.4	1	1	0	0	0	0	1
24.41	0	1	0	0	0	0	1
24.43	2	1.41421	0	0	0	0	1
24.45	0	1	0	0	0	0	1
24.46	0	1	0	0	0	0	1
24.48	2	1.41421	0	0	0	0	1
24.49	1	1	0	0	0	0	1
24.51	1	1	0	0	0	0	1
24.52	0	1	0	0	0	0	1
24.54	0	1	0	0	0	0	1
24.56	0	1	0	0	0	0	1
24.57	2	1.41421	0	0	0	0	1
24.59	1	1	0	0	0	0	1
24.6	1	1	0	0	0	0	1
24.62	2	1.41421	0	0	0	0	1
24.63	0	1	0	0	0	0	1
24.65	1	1	0	0	0	0	1
24.67	0	1	0	0	0	0	1
24.68	3	1.73205	0	0	0	0	1
24.7	0	1	0	0	0	0	1
24.71	1	1	0	0	0	0	1
24.73	1	1	0	0	0	0	1
24.75	2	1.41421	0	0	0	0	1
24.76	0	1	0	0	0	0	1
24.78	0	1	0	0	0	0	1
24.79	1	1	0	0	0	0	1
24.81	0	1	0	0	0	0	1
24.82	0	1	0	0	0	0	1
24.84	0	1	0	0	0	0	1
24.86	0	1	0	0	0	0	1
24.87	0	1	0	0	0	0	1
24.89	0	1	0	0	0	0	1
24.9	0	1	0	0	0	0	1
24.92	0	1	0	0	0	0	1
24.94	1	1	0	0	0	0	1
24.95	1	1	0	0	0	0	1
24.97	0	1	0	0	0	0	1
24.98	1	1	0	0	0	0	1
25	0	1	0	0	0	0	1
25.01	1	1	0	0	0	0	1
25.03	1	1	0	0	0	0	1
25.05	0	1	0	0	0	0	1
25.06	0	1	0	0	0	0	1
25.08	0	1	0	0	0	0	1
25.09	1	1	0	0	0	0	1
25.11	0	1	0	0	0	0	1
25.13	0	1	0	0	0	0	1
25.14	0	1	0	0	0	0	1
25.16	0	1	0	0	0	0	1
25.17	0	1	0	0	0	0	1
25.19	0	1	0	0	0	0	1
25.2	1	1	0	0	0	0	1
25.22	0	1	0	0	0	0	1
25.24	3	1.73205	0	0	0	0	1
25.25	0	1	0	0	0	0	1
25.27	3	1.73205	0	0	0	0	1
25.28	0	1	0	0	0	0	1
25.3	1	1	0	0	0	0	1
25.32	3	1.73205	0	0	0	0	1
25.33	0	1	0	0	0	0	1
25.35	2	1.41421	0	0	0	0	1
25.36	0	1	0	0	0	0	1
25.38	2	1.41421	0	0	0	0	1
25.39	0	1	0	0	0	0	1
25.41	0	1	0	0	0	0	1
25.43	1	1	0	0	0	0	1
25.44	0	1	0	0	0	0	1
25.46	0	1	0	0	0	0	1
25.47	0	1	0	0	0	0	1
25.49	0	1	0	0	0	0	1
25.51	2	1.41421	0	0	0	0	1
25.52	0	1	0	0	0	0	1
25.54	0	1	0	0	0	0	1
25.55	0	1	0	0	0	0	1
25.57	0	1	0	0	0	0	1
25.58	1	1	0	0	0	0	1
25.6	2	1.41421	0	0	0	0	1
25.62	0	1	0	0	0	0	1
25.63	0	1	0	0	0	0	1
25.65	2	1.41421	0	0	0	0	1
25.66	0	1	0	0	0	0	1
25.68	0	1	0	0	0	0	1
25.69	0	1	0	0	0	0	1
25.71	0	1	0	0	0	0	1
25.73	2	1.41421	0	0	0	0	1
25.74	1	1	0	0	0	0	1
25.76	1	1	0	0	0	0	1
25.77	1	1	0	0	0	0	1
25.79	1	1	0	0	0	0	1
25.81	0	1	0	0	0	0	1
25.82	1	1	0	0	0	0	1
25.84	0	1	0	0	0	0	1
25.85	3	1.73205	0	0	0	0	1
25.87	2	1.41421	0	0	0	0	1
25.88	0	1	0	0	0	0	1
25.9	0	1	0	0	0	0	1
25.92	1	1	0	0	0	0	1
25.93	1	1	0	0	0	0	1
25.95	0	1	0	0	0	0	1
25.96	3	1.73205	0	0	0	0	1
25.98	0	1	0	0	0	0	1
26	1	1	0	0	0	0	1
26.01	0	1	0	0	0	0	1
26.03	0	1	0	0	0	0	1
26.04	0	1	0	0	0	0	1
26.06	1	1	0	0	0	0	1
26.07	1	1	0	0	0	0	1
26.09	0	1	0	0	0	0	1
26.11	0	1	0	0	0	0	1
26.12	0	1	0	0	0	0	1
26.14	1	1	0	0	0	0	1
26.15	1	1	0	0	0	0	1
26.17	1	1	0	0	0	0	1
26.19	0	1	0	0	0	0	1
26.2	0	1	0	0	0	0	1
26.22	0	1	0	0	0	0	1
26.23	0	1	0	0	0	0	1
26.25	1	1	0	0	0	0	1
26.26	1	1	0	0	0	0	1
26.28	0	1	0	0	0	0	1
26.3	0	1	0	0	0	0	1
26.31	2	1.41421	0	0	0	0	1
26.33	0	1	0	0	0	0	1
26.34	1	1	0	0	0	0	1
26.36	0	1	0	0	0	0	1
26.38	0	1	0	0	0	0	1
26.39	1	1	0	0	0	0	1
26.41	0	1	0	0	0	0	1
26.42	0	1	0	0	0	0	1
26.44	0	1	0	0	0	0	1
26.45	0	1	0	0	0	0	1
26.47	1	1	0	0	0	0	1
26.49	1	1	0	0	0	0	1
26.5	0	1	0	0	0	0	1
26.52	1	1	0	0	0	0	1
26.53	1	1	0	0	0	0	1
26.55	0	1	0	0	0	0	1
26.57	0	1	0	0	0	0	1
26.58	2	1.41421	0	0	0	0	1
26.6	0	1	0	0	0	0	1
26.61	1	1	0	0	0	0	1
26.63	0	1	0	0	0	0	1
26.64	0	1	0	0	0	0	1
26.66	2	1.41421	0	0	0	0	1
26.68	1	1	0	0	0	0	1
26.69	0	1	0	0	0	0	1
26.71	0	1	0	0	0	0	1
26.72	0	1	0	0	0	0	1
26.74	0	1	0	0	0	0	1
26.75	0	1	0	0	0	0	1
26.77	0	1	0	0	0	0	1
26.79	0	1	0	0	0	0	1
26.8	1	1	0	0	0	0	1
26.82	1	1	0	0	0	0	1
26.83	0	1	0	0	0	0	1
26.85	0	1	0	0	0	0	1
26.87	1	1	0	0	0	0	1
26.88	0	1	0	0	0	0	1
26.9	0	1	0	0	0	0	1
26.91	0	1	0	0	0	0	1
26.93	0	1	0	0	0	0	1
26.94	2	1.41421	0	0	0	0	1
26.96	0	1	0	0	0	0	1
26.98	0	1	0	0	0	0	1
26.99	0	1	0	0	0	0	1
27.01	0	1	0	0	0	0	1
27.02	0	1	0	0	0	0	1
27.04	1	1	0	0	0	0	1
27.06	0	1	0	0	0	0	1
27.07	0	1	0	0	0	0	1
27.09	0	1	0	0	0	0	1
27.1	1	1	0	0	0	0	1
27.12	0	1	0	0	0	0	1
27.13	0	1	0	0	0	0	1
27.15	0	1	0	0	0	0	1
27.17	0	1	0	0	0	0	1
27.18	0	1	0	0	0	0	1
27.2	0	1	0	0	0	0	1
27.21	1	1	0	0	0	0	1
27.23	0	1	0	0	0	0	1
27.25	1	1	0	0	0	0	1
27.26	0	1	0	0	0	0	1
27.28	0	1	0	0	0	0	1
27.29	0	1	0	0	0	0	1
27.31	0	1	0	0	0	0	1
27.32	0	1	0	0	0	0	1
27.34	0	1	0	0	0	0	1
27.36	0	1	0	0	0	0	1
27.37	2	1.41421	0	0	0	0	1
27.39	0	1	0	0	0	0	1
27.4	2	1.41421	0	0	0	0	1
27.42	0	1	0	0	0	0	1
27.44	0	1	0	0	0	0	1
27.45	1	1	0	0	0	0	1
27.47	0	1	0	0	0	0	1
27.48	1	1	0	0	0	0	1
27.5	0	1	0	0	0	0	1
27.51	0	1	0	0	0	0	1
27.53	0	1	0	0	0	0	1
27.55	0	1	0	0	0	0	1
27.56	0	1	0	0	0	0	1
27.58	1	1	0	0	0	0	1
27.59	0	1	0	0	0	0	1
27.61	1	1	0	0	0	0	1
27.63	0	1	0	0	0	0	1
27.64	0	1	0	0	0	0	1
27.66	0	1	0	0	0	0	1
27.67	1	1	0	0	0	0	1
27.69	0	1	0	0	0	0	1
27.7	0	1	0	0	0	0	1
27.72	0	1	0	0	0	0	1
27.74	0	1	0	0	0	0	1
27.75	0	1	0	0	0	0	1
27.77	0	1	0	0	0	0	1
27.78	0	1	0	0	0	0	1
27.8	0	1	0	0	0	0	1
27.81	0	1	0	0	0	0	1
27.83	0	1	0	0	0	0	1
27.85	1	1	0	0	0	0	1
27.86	0	1	0	0	0	0	1
27.88	1	1	0	0	0	0	1
27.89	0	1	0	0	0	0	1
27.91	2	1.41421	0	0	0	0	1
27.93	0	1	0	0	0	0	1
27.94	1	1	0	0	0	0	1
27.96	0	1	0	0	0	0	1
27.97	0	1	0	0	0	0	1
27.99	1	1	0	0	0	0	1
28	0	1	0	0	0	0	1
28.02	0	1	0	0	0	0	1
28.04	1	1	0	0	0	0	1
28.05	0	1	0	0	0	0	1
28.07	0	1	0	0	0	0	1
28.08	0	1	0	0	0	0	1
28.1	0	1	0	0	0	0	1
28.12	1	1	0	0	0	0	1
28.13	0	1	0	0	0	0	1
28.15	0	1	0	0	0	0	1
28.16	0	1	0	0	0	0	1
28.18	0	1	0	0	0	0	1
28.19	0	1	0	0	0	0	1
28.21	0	1	0	0	0	0	1
28.23	1	1	0	0	0	0	1
28.24	1	1	0	0	0	0	1
28.26	1	1	0	0	0	0	1
28.27	0	1	0	0	0	0	1
28.29	0	1	0	0	0	0	1
28.31	0	1	0	0	0	0	1
28.32	0	1	0	0	0	0	1
28.34	0	1	0	0	0	0	1
28.35	0	1	0	0	0	0	1
28.37	0	1	0	0	0	0	1
28.38	2	1.41421	0	0	0	0	1
28.4	0	1	0	0	0	0	1
28.42	0	1	0	0	0	0	1
28.43	1	1	0	0	0	0	1
28.45	0	1	0	0	0	0	1
28.46	0	1	0	0	0	0	1
28.48	0	1	0	0	0	0	1
28.5	0	1	0	0	0	0	1
28.51	0	1	0	0	0	0	1
28.53	0	1	0	0	0	0	1
28.54	1	1	0	0	0	0	1
28.56	0	1	0	0	0	0	1
28.57	0	1	0	0	0	0	1
28.59	0	1	0	0	0	0	1
28.61	1	1	0	0	0	0	1
28.62	0	1	0	0	0	0	1
28.64	0	1	0	0	0	0	1
28.65	0	1	0	0	0	0	1
28.67	0	1	0	0	0	0	1
28.69	0	1	0	0	0	0	1
28.7	0	1	0	0	0	0	1
28.72	0	1	0	0	0	0	1
28.73	0	1	0	0	0	0	1
28.75	1	1	0	0	0	0	1
28.76	0	1	0	0	0	0	1
28.78	0	1	0	0	0	0	1
28.8	0	1	0	0	0	0	1
28.81	0	1	0	0	0	0	1
28.83	1	1	0	0	0	0	1
28.84	0	1	0	0	0	0	1
28.86	0	1	0	0	0	0	1
28.88	0	1	0	0	0	0	1
28.89	1	1	0	0	0	0	1
28.91	0	1	0	0	0	0	1
28.92	0	1	0	0	0	0	1
28.94	0	1	0	0	0	0	1
28.95	0	1	0	0	0	0	1
28.97	0	1	0	0	0	0	1
28.99	0	1	0	0	0	0	1
29	0	1	0	0	0	0	1
29.02	1	1	0	0	0	0	1
29.03	0	1	0	0	0	0	1
29.05	0	1	0	0	0	0	1
29.06	0	1	0	0	0	0	1
29.08	1	1	0	0	0	0	1
29.1	0	1	0	0	0	0	1
29.11	0	1	0	0	0	0	1
29.13	0	1	0	0	0	0	1
29.14	0	1	0	0	0	0	1
29.16	0	1	0	0	0	0	1
29.18	0	1	0	0	0	0	1
29.19	0	1	0	0	0	0	1
29.21	0	1	0	0	0	0	1
29.22	0	1	0	0	0	0	1
29.24	0	1	0	0	0	0	1
29.25	0	1	0	0	0	0	1
29.27	0	1	0	0	0	0	1
29.29	0	1	0	0	0	0	1
29.3	0	1	0	0	0	0	1
29.32	0	1	0	0	0	0	1
29.33	1	1	0	0	0	0	1
29.35	0	1	0	0	0	0	1
29.37	0	1	0	0	0	0	1
29.38	0	1	0	0	0	0	1
29.4	1	1	0	0	0	0	1
29.41	0	1	0	0	0	0	1
29.43	0	1	0	0	0	0	1
29.44	0	1	0	0	0	0	1
29.46	0	1	0	0	0	0	1
29.48	0	1	0	0	0	0	1
29.49	0	1	0	0	0	0	1
29.51	0	1	0	0	0	0	1
29.52	0	1	0	0	0	0	1
29.54	0	1	0	0	0	0	1
29.56	0	1	0	0	0	0	1
29.57	0	1	0	0	0	0	1
29.59	0	1	0	0	0	0	1
29.6	0	1	0	0	0	0	1
29.62	0	1	0	0	0	0	1
29.63	0	1	0	0	0	0	1
29.65	0	1	0	0	0	0	1
29.67	0	1	0	0	0	0	1
29.68	0	1	0	0	0	0	1
29.7	0	1	0	0	0	0	1
29.71	0	1	0	0	0	0	1
29.73	0	1	0	0	0	0	1
29.75	0	1	0	0	0	0	1
29.76	1	1	0	0	0	0	1
29.78	0	1	0	0	0	0	1
29.79	0	1	0	0	0	0	1
29.81	0	1	0	0	0	0	1
29.82	0	1	0	0	0	0	1
29.84	0	1	0	0	0	0	1
29.86	0	1	0	0	0	0	1
29.87	0	1	0	0	0	0	1
29.89	0	1	0	0	0	0	1
29.9	0	1	0	0	0	0	1
29.92	0	1	0	0	0	0	1
29.94	0	1	0	0	0	0	1
29.95	0	1	0	0	0	0	1
29.97	0	1	0	0	0	0	1
29.98	0	1	0	0	0	0	1
30	0	1	0	0	0	0	1
30.01	0	1	0	0	0	0	1
30.03	0	1	0	0	0	0	1
30.05	0	1	0	0	0	0	1
30.06	0	1	0	0	0	0	1
30.08	0	1	0	0	0	0	1
30.09	0	1	0	0	0	0	1
30.11	0	1	0	0	0	0	1
30.12	0	1	0	0	0	0	1
30.14	0	1	0	0	0	0	1
30.16	1	1	0	0	0	0	1
30.17	0	1	0	0	0	0	1
30.19	0	1	0	0	0	0	1
30.2	0	1	0	0	0	0	1
30.22	1	1	0	0	0	0	1
30.24	2	1.41421	0	0	0	0	1
30.25	0	1	0	0	0	0	1
30.27	0	1	0	0	0	0	1
30.28	0	1	0	0	0	0	1
30.3	0	1	0	0	0	0	1
30.31	0	1	0	0	0	0	1
30.33	0	1	0	0	0	0	1
30.35	0	1	0	0	0	0	1
30.36	0	1	0	0	0	0	1
30.38	0	1	0	0	0	0	1
30.39	0	1	0	0	0	0	1
30.41	0	1	0	0	0	0	1
30.43	0	1	0	0	0	0	1
30.44	0	1	0	0	0	0	1
30.46	0	1	0	0	0	0	1
30.47	0	1	0	0	0	0	1
30.49	0	1	0	0	0	0	1
30.5	0	1	0	0	0	0	1
30.52	0	1	0	0	0	0	1
30.54	0	1	0	0	0	0	1
30.55	0	1	0	0	0	0	1
30.57	0	1	0	0	0	0	1
30.58	0	1	0	0	0	0	1
30.6	1	1	0	0	0	0	1
30.62	0	1	0	0	0	0	1
30.63	0	1	0	0	0	0	1
30.65	0	1	0	0	0	0	1
30.66	0	1	0	0	0	0	1
30.68	0	1	0	0	0	0	1
30.69	0	1	0	0	0	0	1
30.71	0	1	0	0	0	0	1
30.73	0	1	0	0	0	0	1
30.74	0	1	0	0	0	0	1
30.76	0	1	0	0	0	0	1
30.77	0	1	0	0	0	0	1
30.79	0	1	0	0	0	0	1
30.81	0	1	0	0	0	0	1
30.82	0	1	0	0	0	0	1
30.84	0	1	0	0	0	0	1
30.85	0	1	0	0	0	0	1
30.87	0	1	0	0	0	0	1
30.88	0	1	0	0	0	0	1
30.9	0	1	0	0	0	0	1
30.92	0	1	0	0	0	0	1
30.93	0	1	0	0	0	0	1
30.95	0	1	0	0	0	0	1
30.96	0	1	0	0	0	0	1
30.98	0	1	0	0	0	0	1
31	0	1	0	0	0	0	1
31.01	0	1	0	0	0	0	1
31.03	1	1	0	0	0	0	1
31.04	0	1	0	0	0	0	1
31.06	0	1	0	0	0	0	1
31.07	0	1	0	0	0	0	1
31.09	0	1	0	0	0	0	1
31.11	0	1	0	0	0	0	1
31.12	0	1	0	0	0	0	1
31.14	0	1	0	0	0	0	1
31.15	0	1	0	0	0	0	1
31.17	0	1	0	0	0	0	1
31.18	0	1	0	0	0	0	1
31.2	0	1	0	0	0	0	1
31.22	0	1	0	0	0	0	1
31.23	0	1	0	0	0	0	1
31.25	0	1	0	0	0	0	1
31.26	0	1	0	0	0	0	1
31.28	0	1	0	0	0	0	1
31.3	1	1	0	0	0	0	1
31.31	0	1	0	0	0	0	1
31.33	0	1	0	0	0	0	1
31.34	0	1	0	0	0	0	1
31.36	0	1	0	0	0	0	1
31.37	0	1	0	0	0	0	1
31.39	0	1	0	0	0	0	1
31.41	0	1	0	0	0	0	1
31.42	0	1	0	0	0	0	1
31.44	0	1	0	0	0	0	1
31.45	0	1	0	0	0	0	1
31.47	0	1	0	0	0	0	1
31.49	0	1	0	0	0	0	1
31.5	0	1	0	0	0	0	1
31.52	1	1	0	0	0	0	1
31.53	0	1	0	0	0	0	1
31.55	0	1	0	0	0	0	1
31.56	0	1	0	0	0	0	1
31.58	0	1	0	0	0	0	1
31.6	0	1	0	0	0	0	1
31.61	0	1	0	0	0	0	1
31.63	0	1	0	0	0	0	1
31.64	0	1	0	0	0	0	1
31.66	0	1	0	0	0	0	1
31.68	0	1	0	0	0	0	1
31.69	0	1	0	0	0	0	1
31.71	0	1	0	0	0	0	1
31.72	0	1	0	0	0	0	1
31.74	0	1	0	0	0	0	1
31.75	0	1	0	0	0	0	1
31.77	0	1	0	0	0	0	1
31.79	0	1	0	0	0	0	1
31.8	0	1	0	0	0	0	1
31.82	0	1	0	0	0	0	1
31.83	0	1	0	0	0	0	1
31.85	0	1	0	0	0	0	1
31.87	0	1	0	0	0	0	1
31.88	0	1	0	0	0	0	1
31.9	0	1	0	0	0	0	1
31.91	0	1	0	0	0	0	1
31.93	0	1	0	0	0	0	1
31.94	0	1	0	0	0	0	1
31.96	0	1	0	0	0	0	1
31.98	0	1	0	0	0	0	1
31.99	0	1	0	0	0	0	1
32.01	0	1	0	0	0	0	1
32.02	0	1	0	0	0	0	1
32.04	0	1	0	0	0	0	1
32.06	0	1	0	0	0	0	1
32.07	0	1	0	0	0	0	1
32.09	0	1	0	0	0	0	1
32.1	0	1	0	0	0	0	1
32.12	0	1	0	0	0	0	1
32.13	0	1	0	0	0	0	1
32.15	0	1	0	0	0	0	1
32.17	0	1	0	0	0	0	1
32.18	0	1	0	0	0	0	1
32.2	0	1	0	0	0	0	1
32.21	0	1	0	0	0	0	1
32.23	0	1	0	0	0	0	1
32.24	0	1	0	0	0	0	1
32.26	0	1	0	0	0	0	1
32.28	0	1	0	0	0	0	1
32.29	0	1	0	0	0	0	1
32.31	0	1	0	0	0	0	1
32.32	0	1	0	0	0	0	1
32.34	0	1	0	0	0	0	1
32.36	0	1	0	0	0	0	1
32.37	0	1	0	0	0	0	1
32.39	0	1	0	0	0	0	1
32.4	0	1	0	0	0	0	1
32.42	0	1	0	0	0	0	1
32.43	-1	1	0	0	0	0	1
