Energy	Impulses
E/keV	Impulses/#

0.79	0
0.81	0
0.82	0
0.84	0
0.86	0
0.87	0
0.89	0
0.90	0
0.92	0
0.93	0
0.95	0
0.97	0
0.98	0
1.00	0
1.01	0
1.03	0
1.05	0
1.06	0
1.08	0
1.09	0
1.11	0
1.12	1
1.14	0
1.16	1
1.17	2
1.19	3
1.20	2
1.22	15
1.24	14
1.25	22
1.27	21
1.28	39
1.30	18
1.31	40
1.33	25
1.35	37
1.36	48
1.38	26
1.39	22
1.41	32
1.42	17
1.44	25
1.46	17
1.47	31
1.49	26
1.50	32
1.52	27
1.54	35
1.55	24
1.57	26
1.58	14
1.60	34
1.61	17
1.63	29
1.65	29
1.66	23
1.68	25
1.69	34
1.71	32
1.73	23
1.74	19
1.76	18
1.77	30
1.79	40
1.80	22
1.82	22
1.84	19
1.85	23
1.87	32
1.88	23
1.90	26
1.92	26
1.93	21
1.95	18
1.96	28
1.98	25
1.99	25
2.01	17
2.03	15
2.04	20
2.06	19
2.07	17
2.09	18
2.11	31
2.12	27
2.14	16
2.15	26
2.17	19
2.18	23
2.20	15
2.22	22
2.23	24
2.25	17
2.26	24
2.28	19
2.30	23
2.31	26
2.33	16
2.34	13
2.36	18
2.37	19
2.39	25
2.41	22
2.42	18
2.44	21
2.45	19
2.47	20
2.48	21
2.50	16
2.52	19
2.53	17
2.55	31
2.56	19
2.58	17
2.60	21
2.61	14
2.63	19
2.64	15
2.66	21
2.67	16
2.69	18
2.71	13
2.72	9
2.74	15
2.75	17
2.77	19
2.79	23
2.80	23
2.82	19
2.83	24
2.85	17
2.86	13
2.88	16
2.90	21
2.91	8
2.93	19
2.94	14
2.96	17
2.98	19
2.99	13
3.01	15
3.02	27
3.04	10
3.05	22
3.07	11
3.09	19
3.10	17
3.12	10
3.13	17
3.15	14
3.17	18
3.18	20
3.20	15
3.21	12
3.23	15
3.24	14
3.26	15
3.28	14
3.29	15
3.31	13
3.32	11
3.34	9
3.36	17
3.37	18
3.39	18
3.40	12
3.42	22
3.43	24
3.45	14
3.47	7
3.48	11
3.50	8
3.51	13
3.53	20
3.54	19
3.56	21
3.58	20
3.59	21
3.61	18
3.62	12
3.64	20
3.66	14
3.67	13
3.69	20
3.70	12
3.72	14
3.73	9
3.75	12
3.77	13
3.78	13
3.80	10
3.81	22
3.83	15
3.85	18
3.86	10
3.88	12
3.89	11
3.91	17
3.92	14
3.94	11
3.96	13
3.97	17
3.99	5
4.00	18
4.02	15
4.04	10
4.05	9
4.07	12
4.08	7
4.10	22
4.11	14
4.13	21
4.15	14
4.16	15
4.18	7
4.19	18
4.21	9
4.23	11
4.24	13
4.26	15
4.27	7
4.29	12
4.30	13
4.32	12
4.34	13
4.35	16
4.37	6
4.38	9
4.40	8
4.42	13
4.43	6
4.45	11
4.46	13
4.48	10
4.49	16
4.51	14
4.53	8
4.54	14
4.56	20
4.57	16
4.59	6
4.60	22
4.62	8
4.64	6
4.65	10
4.67	11
4.68	12
4.70	20
4.72	14
4.73	9
4.75	9
4.76	13
4.78	15
4.79	12
4.81	10
4.83	17
4.84	13
4.86	11
4.87	17
4.89	13
4.91	22
4.92	11
4.94	15
4.95	8
4.97	12
4.98	12
5.00	6
5.02	14
5.03	18
5.05	12
5.06	10
5.08	12
5.10	18
5.11	19
5.13	17
5.14	7
5.16	9
5.17	11
5.19	16
5.21	17
5.22	12
5.24	12
5.25	22
5.27	13
5.29	9
5.30	13
5.32	15
5.33	10
5.35	5
5.36	16
5.38	16
5.40	9
5.41	9
5.43	11
5.44	21
5.46	15
5.48	12
5.49	14
5.51	9
5.52	17
5.54	16
5.55	16
5.57	10
5.59	22
5.60	20
5.62	20
5.63	12
5.65	13
5.67	15
5.68	16
5.70	13
5.71	17
5.73	9
5.74	5
5.76	25
5.78	13
5.79	18
5.81	16
5.82	15
5.84	15
5.85	15
5.87	13
5.89	16
5.90	11
5.92	15
5.93	14
5.95	19
5.97	13
5.98	14
6.00	11
6.01	17
6.03	19
6.04	14
6.06	18
6.08	22
6.09	24
6.11	19
6.12	26
6.14	22
6.16	13
6.17	29
6.19	13
6.20	14
6.22	17
6.23	31
6.25	29
6.27	25
6.28	27
6.30	26
6.31	32
6.33	30
6.35	23
6.36	22
6.38	27
6.39	26
6.41	24
6.42	30
6.44	31
6.46	16
6.47	33
6.49	17
6.50	22
6.52	20
6.54	22
6.55	21
6.57	24
6.58	24
6.60	21
6.61	31
6.63	13
6.65	18
6.66	9
6.68	20
6.69	17
6.71	17
6.73	16
6.74	16
6.76	15
6.77	19
6.79	24
6.80	14
6.82	13
6.84	27
6.85	27
6.87	24
6.88	16
6.90	17
6.91	22
6.93	25
6.95	14
6.96	20
6.98	27
6.99	18
7.01	22
7.03	24
7.04	20
7.06	15
7.07	19
7.09	21
7.10	30
7.12	17
7.14	21
7.15	24
7.17	19
7.18	21
7.20	33
7.22	30
7.23	15
7.25	14
7.26	29
7.28	28
7.29	21
7.31	21
7.33	27
7.34	22
7.36	25
7.37	24
7.39	23
7.41	28
7.42	20
7.44	23
7.45	20
7.47	23
7.48	30
7.50	24
7.52	19
7.53	28
7.55	27
7.56	28
7.58	20
7.60	24
7.61	28
7.63	30
7.64	23
7.66	21
7.67	32
7.69	26
7.71	38
7.72	22
7.74	33
7.75	26
7.77	29
7.79	30
7.80	34
7.82	36
7.83	26
7.85	27
7.86	31
7.88	27
7.90	26
7.91	28
7.93	38
7.94	26
7.96	27
7.97	38
7.99	37
8.01	30
8.02	19
8.04	24
8.05	29
8.07	33
8.09	30
8.10	27
8.12	34
8.13	34
8.15	20
8.16	26
8.18	39
8.20	25
8.21	33
8.23	34
8.24	27
8.26	24
8.28	28
8.29	29
8.31	27
8.32	16
8.34	29
8.35	20
8.37	28
8.39	19
8.40	26
8.42	25
8.43	19
8.45	33
8.47	22
8.48	24
8.50	24
8.51	30
8.53	25
8.54	22
8.56	27
8.58	32
8.59	21
8.61	19
8.62	32
8.64	25
8.66	29
8.67	36
8.69	32
8.70	37
8.72	27
8.73	30
8.75	32
8.77	36
8.78	49
8.80	44
8.81	45
8.83	45
8.85	55
8.86	56
8.88	81
8.89	44
8.91	56
8.92	53
8.94	71
8.96	59
8.97	64
8.99	77
9.00	56
9.02	71
9.03	75
9.05	70
9.07	67
9.08	76
9.10	63
9.11	82
9.13	82
9.15	72
9.16	74
9.18	60
9.19	70
9.21	85
9.22	66
9.24	78
9.26	69
9.27	61
9.29	81
9.30	64
9.32	75
9.34	65
9.35	70
9.37	50
9.38	70
9.40	55
9.41	53
9.43	46
9.45	40
9.46	53
9.48	42
9.49	53
9.51	52
9.53	43
9.54	41
9.56	42
9.57	20
9.59	43
9.60	43
9.62	37
9.64	46
9.65	31
9.67	47
9.68	36
9.70	40
9.72	51
9.73	50
9.75	58
9.76	47
9.78	39
9.79	58
9.81	52
9.83	70
9.84	61
9.86	78
9.87	74
9.89	99
9.91	70
9.92	120
9.94	112
9.95	135
9.97	150
9.98	143
10.00	188
10.02	170
10.03	210
10.05	249
10.06	236
10.08	281
10.10	312
10.11	362
10.13	372
10.14	463
10.16	397
10.17	496
10.19	516
10.21	570
10.22	564
10.24	656
10.25	690
10.27	731
10.28	736
10.30	842
10.32	802
10.33	931
10.35	932
10.36	962
10.38	1001
10.40	1043
10.41	945
10.43	1025
10.44	1061
10.46	1091
10.47	1039
10.49	1126
10.51	1133
10.52	1223
10.54	1024
10.55	1168
10.57	1106
10.59	1073
10.60	1055
10.62	1063
10.63	955
10.65	1147
10.66	867
10.68	878
10.70	835
10.71	838
10.73	753
10.74	657
10.76	718
10.78	672
10.79	533
10.81	511
10.82	466
10.84	466
10.85	378
10.87	376
10.89	358
10.90	356
10.92	226
10.93	235
10.95	223
10.97	206
10.98	206
11.00	143
11.01	144
11.03	122
11.04	122
11.06	99
11.08	76
11.09	70
11.11	79
11.12	72
11.14	56
11.16	69
11.17	56
11.19	55
11.20	38
11.22	41
11.23	35
11.25	46
11.27	50
11.28	47
11.30	41
11.31	51
11.33	44
11.34	49
11.36	35
11.38	35
11.39	36
11.41	50
11.42	40
11.44	35
11.46	59
11.47	32
11.49	37
11.50	42
11.52	36
11.53	35
11.55	34
11.57	44
11.58	32
11.60	42
11.61	35
11.63	45
11.65	37
11.66	53
11.68	41
11.69	36
11.71	46
11.72	57
11.74	56
11.76	45
11.77	60
11.79	54
11.80	40
11.82	55
11.84	65
11.85	78
11.87	64
11.88	78
11.90	52
11.91	87
11.93	74
11.95	77
11.96	105
11.98	112
11.99	129
12.01	129
12.03	136
12.04	151
12.06	128
12.07	211
12.09	200
12.10	209
12.12	241
12.14	253
12.15	257
12.17	306
12.18	250
12.20	307
12.22	329
12.23	437
12.25	402
12.26	408
12.28	502
12.29	464
12.31	480
12.33	549
12.34	537
12.36	638
12.37	581
12.39	624
12.40	658
12.42	688
12.44	679
12.45	765
12.47	751
12.48	823
12.50	834
12.52	725
12.53	883
12.55	815
12.56	813
12.58	832
12.59	827
12.61	844
12.63	881
12.64	827
12.66	770
12.67	884
12.69	738
12.71	793
12.72	733
12.74	712
12.75	664
12.77	630
12.78	644
12.80	593
12.82	533
12.83	525
12.85	488
12.86	508
12.88	455
12.90	380
12.91	362
12.93	402
12.94	303
12.96	291
12.97	270
12.99	258
13.01	238
13.02	166
13.04	188
13.05	176
13.07	133
13.09	149
13.10	114
13.12	93
13.13	95
13.15	80
13.16	78
13.18	79
13.20	69
13.21	58
13.23	42
13.24	50
13.26	38
13.28	29
13.29	43
13.31	25
13.32	22
13.34	24
13.35	22
13.37	25
13.39	18
13.40	11
13.42	21
13.43	17
13.45	13
13.46	11
13.48	15
13.50	14
13.51	13
13.53	10
13.54	14
13.56	10
13.58	11
13.59	9
13.61	12
13.62	8
13.64	8
13.65	7
13.67	11
13.69	14
13.70	8
13.72	7
13.73	3
13.75	9
13.77	8
13.78	6
13.80	3
13.81	11
13.83	5
13.84	4
13.86	5
13.88	9
13.89	4
13.91	12
13.92	8
13.94	10
13.96	11
13.97	7
13.99	7
14.00	6
14.02	10
14.03	2
14.05	10
14.07	15
14.08	18
14.10	19
14.11	12
14.13	9
14.15	13
14.16	15
14.18	14
14.19	26
14.21	21
14.22	16
14.24	24
14.26	26
14.27	30
14.29	31
14.30	34
14.32	26
14.34	25
14.35	29
14.37	32
14.38	42
14.40	39
14.41	37
14.43	35
14.45	43
14.46	50
14.48	46
14.49	64
14.51	43
14.53	67
14.54	60
14.56	75
14.57	78
14.59	60
14.60	82
14.62	63
14.64	83
14.65	89
14.67	73
14.68	89
14.70	88
14.71	78
14.73	82
14.75	74
14.76	84
14.78	86
14.79	77
14.81	85
14.83	92
14.84	94
14.86	83
14.87	71
14.89	79
14.90	70
14.92	71
14.94	67
14.95	67
14.97	54
14.98	65
15.00	51
15.02	59
15.03	61
15.05	48
15.06	59
15.08	42
15.09	45
15.11	51
15.13	36
15.14	49
15.16	44
15.17	30
15.19	35
15.21	36
15.22	37
15.24	36
15.25	28
15.27	20
15.28	31
15.30	24
15.32	19
15.33	24
15.35	19
15.36	28
15.38	14
15.40	18
15.41	16
15.43	20
15.44	12
15.46	15
15.47	9
15.49	5
15.51	13
15.52	12
15.54	12
15.55	10
15.57	11
15.59	9
15.60	6
15.62	6
15.63	3
15.65	5
15.66	4
15.68	7
15.70	7
15.71	8
15.73	3
15.74	9
15.76	5
15.77	3
15.79	6
15.81	5
15.82	10
15.84	2
15.85	5
15.87	7
15.89	4
15.90	5
15.92	7
15.93	4
15.95	8
15.96	4
15.98	8
16.00	3
16.01	6
16.03	2
16.04	4
16.06	6
16.08	6
16.09	1
16.11	3
16.12	1
16.14	3
16.15	1
16.17	5
16.19	5
16.20	4
16.22	2
16.23	1
16.25	1
16.27	2
16.28	6
16.30	2
16.31	1
16.33	3
16.34	4
16.36	3
16.38	1
16.39	3
16.41	2
16.42	4
16.44	0
16.46	0
16.47	5
16.49	1
16.50	1
16.52	1
16.53	6
16.55	3
16.57	4
16.58	5
16.60	0
16.61	8
16.63	2
16.65	5
16.66	3
16.68	1
16.69	3
16.71	2
16.72	2
16.74	6
16.76	2
16.77	3
16.79	5
16.80	2
16.82	1
16.83	3
16.85	2
16.87	2
16.88	2
16.90	1
16.91	1
16.93	2
16.95	1
16.96	1
16.98	1
16.99	3
17.01	2
17.02	5
17.04	2
17.06	0
17.07	2
17.09	2
17.10	3
17.12	1
17.14	4
17.15	3
17.17	4
17.18	4
17.20	1
17.21	2
17.23	5
17.25	1
17.26	3
17.28	4
17.29	3
17.31	2
17.33	1
17.34	1
17.36	3
17.37	0
17.39	2
17.40	1
17.42	4
17.44	4
17.45	4
17.47	4
17.48	1
17.50	2
17.52	0
17.53	2
17.55	2
17.56	1
17.58	2
17.59	3
17.61	2
17.63	1
17.64	3
17.66	1
17.67	3
17.69	4
17.71	2
17.72	3
17.74	7
17.75	4
17.77	2
17.78	3
17.80	4
17.82	3
17.83	1
17.85	3
17.86	3
17.88	2
17.89	0
17.91	0
17.93	0
17.94	1
17.96	0
17.97	2
17.99	1
18.01	6
18.02	1
18.04	2
18.05	2
18.07	0
18.08	5
18.10	4
18.12	1
18.13	1
18.15	3
18.16	4
18.18	1
18.20	3
18.21	3
18.23	1
18.24	1
18.26	0
18.27	2
18.29	4
18.31	2
18.32	1
18.34	2
18.35	1
18.37	4
18.39	2
18.40	3
18.42	0
18.43	1
18.45	2
18.46	2
18.48	2
18.50	4
18.51	1
18.53	3
18.54	0
18.56	2
18.58	1
18.59	3
18.61	2
18.62	0
18.64	0
18.65	3
18.67	3
18.69	2
18.70	2
18.72	0
18.73	1
18.75	1
18.77	4
18.78	1
18.80	0
18.81	4
18.83	2
18.84	4
18.86	2
18.88	1
18.89	2
18.91	4
18.92	1
18.94	1
18.95	1
18.97	1
18.99	3
19.00	2
19.02	1
19.03	2
19.05	1
19.07	2
19.08	1
19.10	3
19.11	0
19.13	1
19.14	3
19.16	3
19.18	1
19.19	1
19.21	4
19.22	3
19.24	4
19.26	2
19.27	1
19.29	2
19.30	4
19.32	1
19.33	1
19.35	1
19.37	1
19.38	3
19.40	3
19.41	1
19.43	1
19.45	1
19.46	1
19.48	3
19.49	1
19.51	0
19.52	2
19.54	2
19.56	1
19.57	1
19.59	3
19.60	1
19.62	0
19.64	1
19.65	0
19.67	1
19.68	1
19.70	2
19.71	3
19.73	0
19.75	0
19.76	4
19.78	1
19.79	1
19.81	0
19.83	1
19.84	1
19.86	1
19.87	0
19.89	1
19.90	2
19.92	0
19.94	5
19.95	3
19.97	2
19.98	1
20.00	2
20.02	2
20.03	3
20.05	4
20.06	1
20.08	2
20.09	3
20.11	3
20.13	1
20.14	1
20.16	4
20.17	5
20.19	1
20.20	2
20.22	1
20.24	3
20.25	2
20.27	1
20.28	1
20.30	4
20.32	0
20.33	4
20.35	2
20.36	0
20.38	3
20.39	1
20.41	4
20.43	2
20.44	1
20.46	3
20.47	1
20.49	0
20.51	2
20.52	1
20.54	1
20.55	2
20.57	2
20.58	3
20.60	2
20.62	2
20.63	3
20.65	2
20.66	1
20.68	0
20.70	2
20.71	1
20.73	2
20.74	2
20.76	0
20.77	1
20.79	2
20.81	1
20.82	1
20.84	0
20.85	3
20.87	1
20.89	2
20.90	2
20.92	0
20.93	0
20.95	4
20.96	2
20.98	1
21.00	1
21.01	0
21.03	1
21.04	1
21.06	0
21.08	0
21.09	0
21.11	1
21.12	1
21.14	2
21.15	1
21.17	1
21.19	3
21.20	1
21.22	3
21.23	2
21.25	1
21.26	2
21.28	2
21.30	0
21.31	1
21.33	1
21.34	1
21.36	2
21.38	0
21.39	1
21.41	1
21.42	0
21.44	1
21.45	0
21.47	0
21.49	0
21.50	0
21.52	3
21.53	1
21.55	0
21.57	1
21.58	2
21.60	1
21.61	0
21.63	3
21.64	2
21.66	0
21.68	1
21.69	2
21.71	2
21.72	0
21.74	2
21.76	1
21.77	1
21.79	2
21.80	2
21.82	1
21.83	1
21.85	0
21.87	1
21.88	1
21.90	3
21.91	1
21.93	0
21.95	2
21.96	1
21.98	1
21.99	1
22.01	0
22.02	1
22.04	0
22.06	1
22.07	2
22.09	2
22.10	0
22.12	0
22.14	0
22.15	0
22.17	1
22.18	1
22.20	0
22.21	0
22.23	1
22.25	0
22.26	1
22.28	1
22.29	1
22.31	0
22.32	3
22.34	1
22.36	4
22.37	1
22.39	0
22.40	4
22.42	1
22.44	1
22.45	0
22.47	3
22.48	2
22.50	3
22.51	3
22.53	2
22.55	0
22.56	1
22.58	1
22.59	1
22.61	1
22.63	0
22.64	2
22.66	1
22.67	0
22.69	0
22.70	0
22.72	0
22.74	1
22.75	0
22.77	0
22.78	2
22.80	1
22.82	1
22.83	2
22.85	0
22.86	0
22.88	2
22.89	1
22.91	1
22.93	0
22.94	2
22.96	1
22.97	3
22.99	0
23.01	2
23.02	0
23.04	1
23.05	2
23.07	1
23.08	2
23.10	0
23.12	1
23.13	2
23.15	1
23.16	0
23.18	1
23.20	2
23.21	1
23.23	0
23.24	2
23.26	1
23.27	0
23.29	1
23.31	0
23.32	1
23.34	3
23.35	1
23.37	1
23.38	0
23.40	2
23.42	1
23.43	0
23.45	0
23.46	3
23.48	1
23.50	0
23.51	0
23.53	1
23.54	0
23.56	0
23.57	1
23.59	1
23.61	1
23.62	0
23.64	1
23.65	0
23.67	1
23.69	1
23.70	0
23.72	0
23.73	0
23.75	1
23.76	0
23.78	1
23.80	0
23.81	0
23.83	0
23.84	0
23.86	1
23.88	2
23.89	2
23.91	3
23.92	1
23.94	0
23.95	1
23.97	0
23.99	4
24.00	0
24.02	0
24.03	0
24.05	3
24.07	0
24.08	1
24.10	1
24.11	1
24.13	1
24.14	1
24.16	2
24.18	1
24.19	0
24.21	1
24.22	0
24.24	0
24.26	2
24.27	1
24.29	1
24.30	0
24.32	0
24.33	0
24.35	0
24.37	2
24.38	1
24.40	0
24.41	0
24.43	1
24.45	1
24.46	1
24.48	1
24.49	0
24.51	1
24.52	2
24.54	1
24.56	0
24.57	0
24.59	0
24.60	0
24.62	1
24.63	0
24.65	0
24.67	0
24.68	0
24.70	0
24.71	1
24.73	1
24.75	1
24.76	1
24.78	1
24.79	0
24.81	2
24.82	1
24.84	0
24.86	0
24.87	2
24.89	0
24.90	1
24.92	0
24.94	1
24.95	0
24.97	1
24.98	0
25.00	0
25.01	1
25.03	1
25.05	0
25.06	1
25.08	2
25.09	1
25.11	0
25.13	3
25.14	1
25.16	0
25.17	0
25.19	0
25.20	0
25.22	2
25.24	1
25.25	1
25.27	2
25.28	0
25.30	2
25.32	1
25.33	0
25.35	3
25.36	1
25.38	1
25.39	0
25.41	0
25.43	0
25.44	0
25.46	1
25.47	2
25.49	0
25.51	3
25.52	2
25.54	0
25.55	0
25.57	0
25.58	0
25.60	0
25.62	0
25.63	0
25.65	2
25.66	0
25.68	0
25.69	0
25.71	0
25.73	1
25.74	0
25.76	3
25.77	0
25.79	0
25.81	2
25.82	1
25.84	0
25.85	0
25.87	0
25.88	0
25.90	0
25.92	1
25.93	0
25.95	0
25.96	0
25.98	0
26.00	0
26.01	0
26.03	0
26.04	0
26.06	1
26.07	0
26.09	0
26.11	1
26.12	0
26.14	0
26.15	0
26.17	2
26.19	1
26.20	0
26.22	1
26.23	0
26.25	0
26.26	1
26.28	0
26.30	0
26.31	1
26.33	0
26.34	0
26.36	2
26.38	0
26.39	1
26.41	0
26.42	1
26.44	0
26.45	0
26.47	0
26.49	1
26.50	0
26.52	0
26.53	1
26.55	0
26.57	0
26.58	1
26.60	0
26.61	0
26.63	0
26.64	0
26.66	0
26.68	1
26.69	1
26.71	0
26.72	2
26.74	0
26.75	1
26.77	1
26.79	0
26.80	1
26.82	0
26.83	0
26.85	0
26.87	0
26.88	0
26.90	0
26.91	0
26.93	1
26.94	1
26.96	0
26.98	0
26.99	0
27.01	1
27.02	0
27.04	0
27.06	2
27.07	0
27.09	0
27.10	1
27.12	1
27.13	1
27.15	0
27.17	0
27.18	0
27.20	0
27.21	1
27.23	0
27.25	0
27.26	1
27.28	0
27.29	0
27.31	0
27.32	1
27.34	1
27.36	0
27.37	0
27.39	1
27.40	0
27.42	0
27.44	1
27.45	0
27.47	0
27.48	0
27.50	3
27.51	0
27.53	1
27.55	0
27.56	0
27.58	0
27.59	0
27.61	1
27.63	0
27.64	0
27.66	0
27.67	0
27.69	0
27.70	0
27.72	1
27.74	0
27.75	0
27.77	0
27.78	1
27.80	0
27.81	0
27.83	1
27.85	3
27.86	0
27.88	0
27.89	1
27.91	0
27.93	0
27.94	0
27.96	0
27.97	0
27.99	0
28.00	0
28.02	0
28.04	1
28.05	1
28.07	0
28.08	0
28.10	0
28.12	0
28.13	0
28.15	0
28.16	0
28.18	0
28.19	0
28.21	0
28.23	1
28.24	0
28.26	0
28.27	0
28.29	0
28.31	0
28.32	0
28.34	0
28.35	0
28.37	1
28.38	0
28.40	0
28.42	0
28.43	0
28.45	0
28.46	0
28.48	1
28.50	0
28.51	0
28.53	0
28.54	0
28.56	0
28.57	0
28.59	0
28.61	0
28.62	1
28.64	0
28.65	0
28.67	0
28.69	3
28.70	2
28.72	0
28.73	1
28.75	1
28.76	0
28.78	1
28.80	0
28.81	1
28.83	0
28.84	0
28.86	0
28.88	0
28.89	0
28.91	0
28.92	0
28.94	0
28.95	1
28.97	1
28.99	0
29.00	0
29.02	0
29.03	0
29.05	0
29.06	0
29.08	0
29.10	0
29.11	0
29.13	0
29.14	0
29.16	1
29.18	0
29.19	0
29.21	1
29.22	0
29.24	0
29.25	1
29.27	0
29.29	0
29.30	0
29.32	0
29.33	0
29.35	0
29.37	0
29.38	0
29.40	0
29.41	0
29.43	0
29.44	0
29.46	0
29.48	0
29.49	0
29.51	0
29.52	0
29.54	0
29.56	0
29.57	0
29.59	0
29.60	0
29.62	1
29.63	0
29.65	0
29.67	0
29.68	0
29.70	0
29.71	0
29.73	0
29.75	0
29.76	0
29.78	1
29.79	0
29.81	0
29.82	0
29.84	0
29.86	0
29.87	0
29.89	0
29.90	1
29.92	0
29.94	0
29.95	0
29.97	0
29.98	0
30.00	0
30.01	0
30.03	0
30.05	1
30.06	0
30.08	0
30.09	0
30.11	0
30.12	1
30.14	0
30.16	0
30.17	1
30.19	0
30.20	0
30.22	0
30.24	0
30.25	0
30.27	0
30.28	1
30.30	1
30.31	0
30.33	0
30.35	0
30.36	0
30.38	0
30.39	0
30.41	0
30.43	0
30.44	0
30.46	0
30.47	0
30.49	0
30.50	0
30.52	0
30.54	0
30.55	0
30.57	1
30.58	0
30.60	0
30.62	0
30.63	0
30.65	0
30.66	1
30.68	0
30.69	0
30.71	0
30.73	0
30.74	0
30.76	0
30.77	1
30.79	1
30.81	0
30.82	0
30.84	0
30.85	0
30.87	0
30.88	0
30.90	0
30.92	0
30.93	0
30.95	1
30.96	0
30.98	0
31.00	0
31.01	0
31.03	0
31.04	0
31.06	0
31.07	0
31.09	0
31.11	0
31.12	0
31.14	0
31.15	0
31.17	0
31.18	0
31.20	0
31.22	0
31.23	0
31.25	0
31.26	0
31.28	0
31.30	0
31.31	0
31.33	0
31.34	0
31.36	0
31.37	1
31.39	0
31.41	0
31.42	0
31.44	0
31.45	0
31.47	0
31.49	0
31.50	0
31.52	0
31.53	0
31.55	0
31.56	0
31.58	0
31.60	0
31.61	0
31.63	0
31.64	0
31.66	0
31.68	0
31.69	0
31.71	0
31.72	0
31.74	0
31.75	0
31.77	0
31.79	0
31.80	2
31.82	0
31.83	0
31.85	1
31.87	0
31.88	0
31.90	0
31.91	0
31.93	0
31.94	0
31.96	0
31.98	0
31.99	0
32.01	0
32.02	1
32.04	0
32.06	0
32.07	0
32.09	0
32.10	0
32.12	0
32.13	0
32.15	0
32.17	0
32.18	0
32.20	0
32.21	0
32.23	0
32.24	0
32.26	0
32.28	0
32.29	0
32.31	0
32.32	0
32.34	0
32.36	0
32.37	0
32.39	0
32.40	0
32.42	0
32.43	-1
