Energy	Impulses
E/keV	Impulses/#

0.79	0
0.81	0
0.82	0
0.84	0
0.86	0
0.87	0
0.89	0
0.90	0
0.92	0
0.93	0
0.95	0
0.97	0
0.98	0
1.00	0
1.01	0
1.03	0
1.05	0
1.06	0
1.08	0
1.09	0
1.11	0
1.12	2
1.14	1
1.16	1
1.17	0
1.19	0
1.20	0
1.22	5
1.24	16
1.25	16
1.27	15
1.28	35
1.30	19
1.31	16
1.33	22
1.35	18
1.36	22
1.38	11
1.39	18
1.41	15
1.42	19
1.44	15
1.46	23
1.47	9
1.49	18
1.50	20
1.52	15
1.54	18
1.55	19
1.57	18
1.58	18
1.60	11
1.61	11
1.63	12
1.65	20
1.66	18
1.68	9
1.69	21
1.71	9
1.73	24
1.74	10
1.76	11
1.77	14
1.79	16
1.80	13
1.82	24
1.84	22
1.85	19
1.87	18
1.88	10
1.90	17
1.92	11
1.93	7
1.95	11
1.96	15
1.98	17
1.99	10
2.01	16
2.03	11
2.04	11
2.06	10
2.07	9
2.09	14
2.11	13
2.12	10
2.14	16
2.15	12
2.17	16
2.18	8
2.20	22
2.22	17
2.23	21
2.25	12
2.26	9
2.28	17
2.30	15
2.31	12
2.33	11
2.34	16
2.36	18
2.37	19
2.39	15
2.41	10
2.42	17
2.44	8
2.45	10
2.47	13
2.48	14
2.50	13
2.52	15
2.53	19
2.55	19
2.56	19
2.58	18
2.60	18
2.61	9
2.63	18
2.64	17
2.66	12
2.67	15
2.69	13
2.71	11
2.72	17
2.74	19
2.75	9
2.77	17
2.79	9
2.80	24
2.82	11
2.83	19
2.85	15
2.86	15
2.88	18
2.90	8
2.91	9
2.93	14
2.94	10
2.96	15
2.98	13
2.99	17
3.01	12
3.02	22
3.04	10
3.05	21
3.07	7
3.09	10
3.10	11
3.12	16
3.13	11
3.15	9
3.17	12
3.18	12
3.20	14
3.21	13
3.23	18
3.24	12
3.26	13
3.28	20
3.29	10
3.31	14
3.32	7
3.34	7
3.36	9
3.37	9
3.39	13
3.40	19
3.42	8
3.43	12
3.45	10
3.47	16
3.48	7
3.50	17
3.51	15
3.53	16
3.54	9
3.56	16
3.58	16
3.59	10
3.61	12
3.62	14
3.64	15
3.66	8
3.67	15
3.69	16
3.70	9
3.72	17
3.73	21
3.75	20
3.77	11
3.78	15
3.80	19
3.81	13
3.83	22
3.85	17
3.86	20
3.88	22
3.89	24
3.91	31
3.92	19
3.94	14
3.96	31
3.97	22
3.99	22
4.00	32
4.02	40
4.04	37
4.05	42
4.07	59
4.08	59
4.10	57
4.11	51
4.13	67
4.15	68
4.16	81
4.18	77
4.19	76
4.21	79
4.23	76
4.24	80
4.26	90
4.27	123
4.29	120
4.30	119
4.32	144
4.34	100
4.35	124
4.37	137
4.38	139
4.40	155
4.42	138
4.43	161
4.45	141
4.46	115
4.48	152
4.49	170
4.51	146
4.53	166
4.54	163
4.56	164
4.57	229
4.59	158
4.60	188
4.62	173
4.64	178
4.65	177
4.67	169
4.68	184
4.70	194
4.72	165
4.73	183
4.75	166
4.76	186
4.78	167
4.79	141
4.81	159
4.83	252
4.84	155
4.86	151
4.87	144
4.89	135
4.91	137
4.92	151
4.94	149
4.95	137
4.97	121
4.98	148
5.00	116
5.02	118
5.03	141
5.05	125
5.06	89
5.08	109
5.10	84
5.11	100
5.13	117
5.14	106
5.16	93
5.17	75
5.19	83
5.21	79
5.22	60
5.24	76
5.25	56
5.27	67
5.29	69
5.30	63
5.32	69
5.33	66
5.35	46
5.36	44
5.38	56
5.40	59
5.41	42
5.43	46
5.44	59
5.46	43
5.48	32
5.49	41
5.51	37
5.52	50
5.54	48
5.55	30
5.57	24
5.59	36
5.60	34
5.62	33
5.63	42
5.65	26
5.67	36
5.68	36
5.70	44
5.71	27
5.73	23
5.74	30
5.76	26
5.78	20
5.79	21
5.81	20
5.82	24
5.84	24
5.85	20
5.87	38
5.89	27
5.90	13
5.92	22
5.93	25
5.95	27
5.97	16
5.98	20
6.00	18
6.01	14
6.03	14
6.04	15
6.06	15
6.08	16
6.09	29
6.11	18
6.12	15
6.14	17
6.16	21
6.17	22
6.19	20
6.20	28
6.22	26
6.23	16
6.25	21
6.27	16
6.28	17
6.30	15
6.31	21
6.33	19
6.35	12
6.36	14
6.38	19
6.39	14
6.41	13
6.42	22
6.44	16
6.46	18
6.47	14
6.49	15
6.50	15
6.52	12
6.54	16
6.55	19
6.57	10
6.58	17
6.60	12
6.61	20
6.63	14
6.65	16
6.66	18
6.68	19
6.69	15
6.71	23
6.73	14
6.74	7
6.76	18
6.77	17
6.79	17
6.80	16
6.82	11
6.84	15
6.85	15
6.87	18
6.88	13
6.90	11
6.91	19
6.93	17
6.95	13
6.96	18
6.98	18
6.99	16
7.01	15
7.03	17
7.04	20
7.06	20
7.07	16
7.09	27
7.10	18
7.12	16
7.14	22
7.15	17
7.17	17
7.18	21
7.20	15
7.22	33
7.23	31
7.25	29
7.26	27
7.28	42
7.29	39
7.31	34
7.33	37
7.34	32
7.36	50
7.37	46
7.39	48
7.41	49
7.42	66
7.44	70
7.45	73
7.47	102
7.48	116
7.50	89
7.52	125
7.53	121
7.55	159
7.56	168
7.58	199
7.60	220
7.61	233
7.63	263
7.64	270
7.66	294
7.67	352
7.69	325
7.71	356
7.72	457
7.74	434
7.75	432
7.77	529
7.79	513
7.80	583
7.82	600
7.83	663
7.85	685
7.86	750
7.88	593
7.90	694
7.91	721
7.93	730
7.94	839
7.96	793
7.97	893
7.99	817
8.01	759
8.02	824
8.04	777
8.05	806
8.07	801
8.09	781
8.10	775
8.12	844
8.13	717
8.15	710
8.16	694
8.18	683
8.20	619
8.21	566
8.23	568
8.24	497
8.26	483
8.28	510
8.29	413
8.31	413
8.32	340
8.34	306
8.35	284
8.37	276
8.39	232
8.40	206
8.42	208
8.43	215
8.45	199
8.47	152
8.48	159
8.50	142
8.51	133
8.53	136
8.54	99
8.56	130
8.58	123
8.59	108
8.61	108
8.62	126
8.64	131
8.66	145
8.67	117
8.69	143
8.70	136
8.72	115
8.73	145
8.75	145
8.77	148
8.78	126
8.80	151
8.81	134
8.83	131
8.85	144
8.86	166
8.88	188
8.89	106
8.91	152
8.92	147
8.94	123
8.96	153
8.97	138
8.99	132
9.00	151
9.02	88
9.03	124
9.05	99
9.07	103
9.08	100
9.10	92
9.11	82
9.13	95
9.15	76
9.16	82
9.18	81
9.19	75
9.21	54
9.22	62
9.24	39
9.26	23
9.27	36
9.29	39
9.30	29
9.32	28
9.34	29
9.35	21
9.37	19
9.38	18
9.40	15
9.41	12
9.43	11
9.45	19
9.46	12
9.48	14
9.49	13
9.51	6
9.53	15
9.54	9
9.56	5
9.57	9
9.59	10
9.60	11
9.62	10
9.64	5
9.65	5
9.67	7
9.68	7
9.70	7
9.72	8
9.73	5
9.75	11
9.76	10
9.78	5
9.79	8
9.81	6
9.83	7
9.84	10
9.86	10
9.87	9
9.89	4
9.91	5
9.92	5
9.94	6
9.95	11
9.97	7
9.98	3
10.00	8
10.02	8
10.03	9
10.05	8
10.06	12
10.08	4
10.10	8
10.11	2
10.13	3
10.14	8
10.16	4
10.17	6
10.19	3
10.21	7
10.22	9
10.24	8
10.25	11
10.27	10
10.28	4
10.30	6
10.32	6
10.33	4
10.35	3
10.36	10
10.38	12
10.40	10
10.41	7
10.43	8
10.44	7
10.46	2
10.47	9
10.49	8
10.51	8
10.52	10
10.54	3
10.55	6
10.57	4
10.59	8
10.60	7
10.62	5
10.63	7
10.65	12
10.66	4
10.68	9
10.70	7
10.71	3
10.73	4
10.74	10
10.76	11
10.78	8
10.79	5
10.81	6
10.82	6
10.84	7
10.85	3
10.87	10
10.89	7
10.90	12
10.92	5
10.93	9
10.95	8
10.97	8
10.98	10
11.00	4
11.01	7
11.03	2
11.04	4
11.06	5
11.08	5
11.09	9
11.11	11
11.12	13
11.14	8
11.16	8
11.17	5
11.19	8
11.20	3
11.22	10
11.23	9
11.25	6
11.27	7
11.28	9
11.30	10
11.31	17
11.33	4
11.34	8
11.36	5
11.38	7
11.39	9
11.41	11
11.42	7
11.44	14
11.46	9
11.47	9
11.49	7
11.50	6
11.52	10
11.53	9
11.55	8
11.57	5
11.58	11
11.60	8
11.61	8
11.63	8
11.65	8
11.66	6
11.68	8
11.69	8
11.71	9
11.72	13
11.74	7
11.76	3
11.77	6
11.79	7
11.80	10
11.82	8
11.84	3
11.85	10
11.87	10
11.88	12
11.90	9
11.91	5
11.93	4
11.95	10
11.96	8
11.98	8
11.99	8
12.01	9
12.03	6
12.04	11
12.06	9
12.07	6
12.09	5
12.10	10
12.12	12
12.14	11
12.15	11
12.17	11
12.18	5
12.20	13
12.22	9
12.23	4
12.25	16
12.26	7
12.28	7
12.29	6
12.31	7
12.33	7
12.34	5
12.36	8
12.37	13
12.39	13
12.40	8
12.42	6
12.44	3
12.45	4
12.47	13
12.48	7
12.50	6
12.52	9
12.53	11
12.55	4
12.56	11
12.58	9
12.59	10
12.61	6
12.63	5
12.64	10
12.66	14
12.67	9
12.69	5
12.71	4
12.72	10
12.74	8
12.75	10
12.77	12
12.78	9
12.80	12
12.82	11
12.83	11
12.85	8
12.86	11
12.88	10
12.90	6
12.91	15
12.93	11
12.94	10
12.96	9
12.97	14
12.99	7
13.01	15
13.02	11
13.04	12
13.05	14
13.07	9
13.09	10
13.10	13
13.12	8
13.13	4
13.15	14
13.16	6
13.18	10
13.20	11
13.21	12
13.23	10
13.24	6
13.26	10
13.28	12
13.29	6
13.31	17
13.32	8
13.34	16
13.35	9
13.37	10
13.39	9
13.40	7
13.42	7
13.43	10
13.45	7
13.46	15
13.48	15
13.50	6
13.51	12
13.53	12
13.54	15
13.56	9
13.58	12
13.59	9
13.61	7
13.62	9
13.64	16
13.65	13
13.67	9
13.69	11
13.70	16
13.72	12
13.73	7
13.75	12
13.77	9
13.78	12
13.80	10
13.81	7
13.83	12
13.84	10
13.86	7
13.88	11
13.89	9
13.91	13
13.92	17
13.94	12
13.96	15
13.97	13
13.99	17
14.00	11
14.02	9
14.03	18
14.05	15
14.07	19
14.08	20
14.10	17
14.11	10
14.13	15
14.15	26
14.16	13
14.18	25
14.19	32
14.21	26
14.22	22
14.24	29
14.26	34
14.27	30
14.29	38
14.30	41
14.32	32
14.34	58
14.35	63
14.37	58
14.38	70
14.40	62
14.41	87
14.43	95
14.45	99
14.46	97
14.48	113
14.49	120
14.51	120
14.53	140
14.54	149
14.56	186
14.57	191
14.59	182
14.60	219
14.62	203
14.64	214
14.65	253
14.67	258
14.68	259
14.70	330
14.71	305
14.73	301
14.75	329
14.76	326
14.78	356
14.79	340
14.81	382
14.83	385
14.84	354
14.86	365
14.87	377
14.89	396
14.90	358
14.92	351
14.94	380
14.95	378
14.97	339
14.98	364
15.00	381
15.02	313
15.03	369
15.05	304
15.06	326
15.08	290
15.09	301
15.11	255
15.13	229
15.14	232
15.16	235
15.17	224
15.19	193
15.21	187
15.22	170
15.24	133
15.25	132
15.27	118
15.28	117
15.30	97
15.32	116
15.33	58
15.35	82
15.36	80
15.38	48
15.40	49
15.41	35
15.43	40
15.44	40
15.46	28
15.47	28
15.49	24
15.51	23
15.52	18
15.54	9
15.55	14
15.57	14
15.59	12
15.60	17
15.62	17
15.63	8
15.65	9
15.66	7
15.68	6
15.70	6
15.71	5
15.73	5
15.74	7
15.76	8
15.77	9
15.79	3
15.81	5
15.82	11
15.84	8
15.85	2
15.87	3
15.89	8
15.90	4
15.92	5
15.93	10
15.95	4
15.96	6
15.98	6
16.00	11
16.01	11
16.03	4
16.04	8
16.06	12
16.08	8
16.09	8
16.11	11
16.12	9
16.14	10
16.15	13
16.17	19
16.19	15
16.20	13
16.22	24
16.23	11
16.25	18
16.27	14
16.28	22
16.30	29
16.31	28
16.33	29
16.34	30
16.36	22
16.38	43
16.39	39
16.41	35
16.42	43
16.44	46
16.46	34
16.47	38
16.49	42
16.50	43
16.52	66
16.53	56
16.55	64
16.57	61
16.58	45
16.60	63
16.61	70
16.63	74
16.65	72
16.66	57
16.68	72
16.69	68
16.71	65
16.72	77
16.74	64
16.76	68
16.77	60
16.79	67
16.80	53
16.82	71
16.83	71
16.85	58
16.87	56
16.88	68
16.90	57
16.91	41
16.93	53
16.95	58
16.96	50
16.98	48
16.99	40
17.01	43
17.02	31
17.04	31
17.06	37
17.07	29
17.09	27
17.10	26
17.12	22
17.14	30
17.15	12
17.17	21
17.18	19
17.20	13
17.21	14
17.23	12
17.25	21
17.26	12
17.28	12
17.29	9
17.31	8
17.33	3
17.34	3
17.36	2
17.37	9
17.39	3
17.40	7
17.42	7
17.44	1
17.45	6
17.47	2
17.48	5
17.50	1
17.52	2
17.53	2
17.55	6
17.56	6
17.58	3
17.59	1
17.61	3
17.63	5
17.64	2
17.66	8
17.67	1
17.69	2
17.71	2
17.72	1
17.74	1
17.75	2
17.77	3
17.78	1
17.80	1
17.82	4
17.83	0
17.85	3
17.86	2
17.88	4
17.89	1
17.91	1
17.93	2
17.94	3
17.96	1
17.97	3
17.99	2
18.01	1
18.02	2
18.04	3
18.05	3
18.07	2
18.08	0
18.10	1
18.12	3
18.13	1
18.15	4
18.16	1
18.18	4
18.20	1
18.21	1
18.23	1
18.24	1
18.26	1
18.27	1
18.29	1
18.31	2
18.32	4
18.34	7
18.35	2
18.37	1
18.39	1
18.40	3
18.42	5
18.43	2
18.45	2
18.46	3
18.48	0
18.50	4
18.51	2
18.53	6
18.54	0
18.56	4
18.58	2
18.59	1
18.61	3
18.62	1
18.64	2
18.65	2
18.67	0
18.69	6
18.70	1
18.72	2
18.73	4
18.75	4
18.77	2
18.78	1
18.80	0
18.81	1
18.83	5
18.84	2
18.86	2
18.88	1
18.89	1
18.91	5
18.92	1
18.94	3
18.95	3
18.97	1
18.99	3
19.00	4
19.02	1
19.03	1
19.05	2
19.07	2
19.08	1
19.10	5
19.11	4
19.13	2
19.14	3
19.16	1
19.18	1
19.19	2
19.21	3
19.22	4
19.24	3
19.26	2
19.27	3
19.29	2
19.30	2
19.32	3
19.33	2
19.35	3
19.37	1
19.38	1
19.40	1
19.41	3
19.43	1
19.45	1
19.46	4
19.48	4
19.49	4
19.51	0
19.52	2
19.54	3
19.56	2
19.57	1
19.59	4
19.60	0
19.62	1
19.64	4
19.65	0
19.67	2
19.68	1
19.70	1
19.71	4
19.73	2
19.75	0
19.76	6
19.78	4
19.79	0
19.81	3
19.83	2
19.84	1
19.86	2
19.87	3
19.89	1
19.90	0
19.92	0
19.94	1
19.95	2
19.97	1
19.98	0
20.00	1
20.02	0
20.03	1
20.05	3
20.06	0
20.08	0
20.09	1
20.11	2
20.13	0
20.14	1
20.16	1
20.17	5
20.19	1
20.20	2
20.22	0
20.24	3
20.25	2
20.27	0
20.28	1
20.30	1
20.32	2
20.33	3
20.35	2
20.36	1
20.38	2
20.39	1
20.41	2
20.43	3
20.44	6
20.46	0
20.47	1
20.49	3
20.51	2
20.52	2
20.54	2
20.55	5
20.57	1
20.58	3
20.60	4
20.62	2
20.63	1
20.65	3
20.66	3
20.68	0
20.70	3
20.71	0
20.73	1
20.74	0
20.76	2
20.77	1
20.79	5
20.81	3
20.82	4
20.84	3
20.85	1
20.87	3
20.89	2
20.90	5
20.92	1
20.93	1
20.95	1
20.96	2
20.98	2
21.00	3
21.01	2
21.03	1
21.04	2
21.06	3
21.08	2
21.09	2
21.11	2
21.12	2
21.14	1
21.15	4
21.17	2
21.19	3
21.20	1
21.22	1
21.23	3
21.25	0
21.26	2
21.28	4
21.30	3
21.31	1
21.33	3
21.34	0
21.36	2
21.38	1
21.39	4
21.41	5
21.42	0
21.44	1
21.45	1
21.47	3
21.49	1
21.50	0
21.52	0
21.53	2
21.55	3
21.57	1
21.58	1
21.60	3
21.61	1
21.63	0
21.64	2
21.66	1
21.68	1
21.69	0
21.71	2
21.72	1
21.74	1
21.76	1
21.77	1
21.79	1
21.80	2
21.82	2
21.83	3
21.85	4
21.87	4
21.88	3
21.90	3
21.91	2
21.93	1
21.95	1
21.96	0
21.98	2
21.99	2
22.01	2
22.02	0
22.04	3
22.06	1
22.07	2
22.09	1
22.10	2
22.12	0
22.14	3
22.15	2
22.17	0
22.18	0
22.20	2
22.21	3
22.23	1
22.25	0
22.26	1
22.28	1
22.29	0
22.31	1
22.32	1
22.34	2
22.36	0
22.37	2
22.39	1
22.40	0
22.42	2
22.44	1
22.45	1
22.47	1
22.48	0
22.50	2
22.51	2
22.53	0
22.55	2
22.56	1
22.58	1
22.59	3
22.61	3
22.63	2
22.64	2
22.66	2
22.67	2
22.69	1
22.70	2
22.72	2
22.74	1
22.75	1
22.77	2
22.78	1
22.80	0
22.82	3
22.83	1
22.85	1
22.86	1
22.88	3
22.89	1
22.91	0
22.93	2
22.94	3
22.96	0
22.97	0
22.99	3
23.01	0
23.02	1
23.04	2
23.05	2
23.07	0
23.08	1
23.10	1
23.12	0
23.13	1
23.15	0
23.16	3
23.18	3
23.20	2
23.21	1
23.23	0
23.24	2
23.26	1
23.27	1
23.29	1
23.31	0
23.32	0
23.34	1
23.35	5
23.37	2
23.38	2
23.40	1
23.42	1
23.43	0
23.45	1
23.46	0
23.48	1
23.50	0
23.51	0
23.53	1
23.54	0
23.56	2
23.57	4
23.59	1
23.61	0
23.62	2
23.64	1
23.65	0
23.67	3
23.69	0
23.70	0
23.72	1
23.73	1
23.75	3
23.76	2
23.78	0
23.80	0
23.81	3
23.83	2
23.84	0
23.86	2
23.88	1
23.89	0
23.91	1
23.92	1
23.94	1
23.95	1
23.97	2
23.99	0
24.00	1
24.02	1
24.03	0
24.05	1
24.07	1
24.08	2
24.10	2
24.11	0
24.13	0
24.14	1
24.16	1
24.18	0
24.19	2
24.21	1
24.22	1
24.24	1
24.26	2
24.27	0
24.29	2
24.30	0
24.32	0
24.33	0
24.35	2
24.37	0
24.38	0
24.40	2
24.41	1
24.43	1
24.45	0
24.46	1
24.48	0
24.49	0
24.51	3
24.52	0
24.54	2
24.56	0
24.57	0
24.59	0
24.60	0
24.62	1
24.63	2
24.65	1
24.67	1
24.68	0
24.70	1
24.71	1
24.73	1
24.75	0
24.76	1
24.78	2
24.79	0
24.81	0
24.82	1
24.84	1
24.86	0
24.87	0
24.89	0
24.90	1
24.92	1
24.94	1
24.95	0
24.97	1
24.98	1
25.00	1
25.01	1
25.03	1
25.05	2
25.06	0
25.08	0
25.09	0
25.11	0
25.13	1
25.14	0
25.16	0
25.17	2
25.19	2
25.20	0
25.22	1
25.24	0
25.25	0
25.27	1
25.28	0
25.30	1
25.32	1
25.33	1
25.35	2
25.36	0
25.38	2
25.39	1
25.41	1
25.43	0
25.44	1
25.46	0
25.47	0
25.49	0
25.51	1
25.52	0
25.54	3
25.55	0
25.57	0
25.58	0
25.60	0
25.62	1
25.63	1
25.65	0
25.66	0
25.68	1
25.69	0
25.71	2
25.73	0
25.74	2
25.76	0
25.77	1
25.79	1
25.81	1
25.82	0
25.84	0
25.85	0
25.87	1
25.88	0
25.90	0
25.92	0
25.93	1
25.95	1
25.96	0
25.98	0
26.00	4
26.01	1
26.03	1
26.04	0
26.06	1
26.07	1
26.09	1
26.11	0
26.12	2
26.14	2
26.15	0
26.17	0
26.19	0
26.20	0
26.22	2
26.23	0
26.25	0
26.26	0
26.28	0
26.30	0
26.31	2
26.33	2
26.34	1
26.36	0
26.38	0
26.39	0
26.41	0
26.42	1
26.44	1
26.45	0
26.47	0
26.49	1
26.50	1
26.52	0
26.53	1
26.55	1
26.57	0
26.58	1
26.60	0
26.61	1
26.63	1
26.64	0
26.66	0
26.68	0
26.69	1
26.71	0
26.72	1
26.74	0
26.75	0
26.77	0
26.79	1
26.80	0
26.82	0
26.83	0
26.85	0
26.87	1
26.88	1
26.90	1
26.91	0
26.93	1
26.94	0
26.96	0
26.98	0
26.99	0
27.01	1
27.02	0
27.04	0
27.06	0
27.07	0
27.09	0
27.10	0
27.12	2
27.13	1
27.15	1
27.17	2
27.18	0
27.20	0
27.21	0
27.23	1
27.25	1
27.26	2
27.28	1
27.29	0
27.31	0
27.32	0
27.34	0
27.36	0
27.37	1
27.39	0
27.40	1
27.42	0
27.44	0
27.45	0
27.47	0
27.48	1
27.50	0
27.51	1
27.53	0
27.55	0
27.56	0
27.58	0
27.59	0
27.61	1
27.63	0
27.64	1
27.66	1
27.67	1
27.69	0
27.70	0
27.72	1
27.74	0
27.75	1
27.77	0
27.78	1
27.80	2
27.81	1
27.83	0
27.85	0
27.86	0
27.88	2
27.89	0
27.91	0
27.93	0
27.94	0
27.96	1
27.97	0
27.99	0
28.00	0
28.02	0
28.04	1
28.05	0
28.07	0
28.08	0
28.10	1
28.12	0
28.13	0
28.15	0
28.16	0
28.18	3
28.19	1
28.21	0
28.23	0
28.24	0
28.26	0
28.27	1
28.29	0
28.31	0
28.32	0
28.34	1
28.35	0
28.37	1
28.38	0
28.40	0
28.42	0
28.43	0
28.45	0
28.46	0
28.48	0
28.50	0
28.51	0
28.53	0
28.54	0
28.56	0
28.57	0
28.59	0
28.61	1
28.62	0
28.64	0
28.65	0
28.67	0
28.69	0
28.70	0
28.72	0
28.73	0
28.75	0
28.76	0
28.78	0
28.80	0
28.81	0
28.83	0
28.84	0
28.86	0
28.88	0
28.89	1
28.91	1
28.92	0
28.94	1
28.95	0
28.97	0
28.99	0
29.00	0
29.02	0
29.03	0
29.05	0
29.06	0
29.08	0
29.10	0
29.11	1
29.13	0
29.14	0
29.16	0
29.18	0
29.19	0
29.21	0
29.22	1
29.24	0
29.25	0
29.27	0
29.29	0
29.30	0
29.32	0
29.33	0
29.35	0
29.37	0
29.38	0
29.40	1
29.41	1
29.43	0
29.44	0
29.46	0
29.48	0
29.49	0
29.51	0
29.52	0
29.54	0
29.56	0
29.57	0
29.59	1
29.60	0
29.62	1
29.63	0
29.65	0
29.67	0
29.68	0
29.70	0
29.71	0
29.73	0
29.75	1
29.76	0
29.78	0
29.79	0
29.81	0
29.82	0
29.84	1
29.86	0
29.87	0
29.89	0
29.90	0
29.92	1
29.94	0
29.95	0
29.97	0
29.98	0
30.00	0
30.01	0
30.03	0
30.05	0
30.06	0
30.08	0
30.09	0
30.11	0
30.12	0
30.14	0
30.16	0
30.17	0
30.19	0
30.20	0
30.22	0
30.24	0
30.25	1
30.27	0
30.28	0
30.30	1
30.31	2
30.33	0
30.35	0
30.36	0
30.38	0
30.39	0
30.41	0
30.43	0
30.44	0
30.46	0
30.47	0
30.49	0
30.50	0
30.52	0
30.54	0
30.55	0
30.57	0
30.58	0
30.60	0
30.62	0
30.63	0
30.65	0
30.66	0
30.68	0
30.69	1
30.71	0
30.73	0
30.74	0
30.76	1
30.77	0
30.79	0
30.81	0
30.82	0
30.84	0
30.85	0
30.87	0
30.88	0
30.90	0
30.92	1
30.93	0
30.95	0
30.96	0
30.98	0
31.00	0
31.01	0
31.03	0
31.04	0
31.06	0
31.07	0
31.09	0
31.11	0
31.12	0
31.14	0
31.15	0
31.17	0
31.18	0
31.20	0
31.22	0
31.23	0
31.25	0
31.26	0
31.28	0
31.30	0
31.31	1
31.33	0
31.34	1
31.36	0
31.37	0
31.39	0
31.41	0
31.42	0
31.44	0
31.45	0
31.47	0
31.49	0
31.50	0
31.52	0
31.53	0
31.55	0
31.56	0
31.58	0
31.60	0
31.61	0
31.63	0
31.64	0
31.66	1
31.68	0
31.69	0
31.71	0
31.72	0
31.74	0
31.75	0
31.77	0
31.79	0
31.80	0
31.82	0
31.83	0
31.85	0
31.87	0
31.88	0
31.90	0
31.91	0
31.93	0
31.94	0
31.96	1
31.98	0
31.99	0
32.01	0
32.02	0
32.04	0
32.06	0
32.07	0
32.09	0
32.10	0
32.12	0
32.13	0
32.15	0
32.17	0
32.18	0
32.20	0
32.21	0
32.23	0
32.24	0
32.26	0
32.28	0
32.29	1
32.31	0
32.32	0
32.34	0
32.36	0
32.37	0
32.39	0
32.40	0
32.42	0
32.43	-1
