Energy	Impulses
E/keV	Impulses/#

0.79	0
0.81	0
0.82	0
0.84	0
0.86	0
0.87	0
0.89	0
0.90	0
0.92	0
0.93	0
0.95	0
0.97	0
0.98	0
1.00	0
1.01	0
1.03	0
1.05	0
1.06	0
1.08	0
1.09	0
1.11	0
1.12	1
1.14	1
1.16	0
1.17	0
1.19	2
1.20	2
1.22	10
1.24	17
1.25	21
1.27	36
1.28	27
1.30	22
1.31	27
1.33	27
1.35	24
1.36	20
1.38	31
1.39	27
1.41	42
1.42	21
1.44	36
1.46	31
1.47	28
1.49	24
1.50	26
1.52	33
1.54	27
1.55	23
1.57	24
1.58	26
1.60	19
1.61	33
1.63	18
1.65	14
1.66	29
1.68	14
1.69	18
1.71	27
1.73	19
1.74	27
1.76	22
1.77	25
1.79	36
1.80	20
1.82	24
1.84	25
1.85	22
1.87	20
1.88	25
1.90	24
1.92	25
1.93	17
1.95	27
1.96	18
1.98	22
1.99	30
2.01	21
2.03	27
2.04	26
2.06	15
2.07	24
2.09	17
2.11	27
2.12	19
2.14	27
2.15	25
2.17	21
2.18	30
2.20	37
2.22	14
2.23	22
2.25	23
2.26	21
2.28	27
2.30	18
2.31	10
2.33	24
2.34	19
2.36	20
2.37	21
2.39	13
2.41	23
2.42	19
2.44	14
2.45	25
2.47	13
2.48	28
2.50	20
2.52	17
2.53	18
2.55	24
2.56	19
2.58	18
2.60	27
2.61	16
2.63	17
2.64	18
2.66	27
2.67	23
2.69	26
2.71	19
2.72	23
2.74	14
2.75	24
2.77	15
2.79	17
2.80	19
2.82	13
2.83	25
2.85	13
2.86	15
2.88	18
2.90	20
2.91	28
2.93	16
2.94	28
2.96	15
2.98	17
2.99	21
3.01	19
3.02	21
3.04	20
3.05	24
3.07	16
3.09	22
3.10	23
3.12	19
3.13	16
3.15	24
3.17	13
3.18	15
3.20	25
3.21	19
3.23	17
3.24	19
3.26	17
3.28	20
3.29	24
3.31	29
3.32	22
3.34	24
3.36	21
3.37	23
3.39	19
3.40	26
3.42	15
3.43	25
3.45	23
3.47	21
3.48	20
3.50	20
3.51	31
3.53	24
3.54	26
3.56	28
3.58	16
3.59	23
3.61	21
3.62	27
3.64	29
3.66	32
3.67	14
3.69	19
3.70	24
3.72	31
3.73	22
3.75	27
3.77	27
3.78	36
3.80	19
3.81	31
3.83	23
3.85	31
3.86	29
3.88	25
3.89	25
3.91	29
3.92	29
3.94	14
3.96	27
3.97	31
3.99	27
4.00	24
4.02	27
4.04	20
4.05	23
4.07	29
4.08	19
4.10	22
4.11	26
4.13	17
4.15	24
4.16	21
4.18	30
4.19	30
4.21	35
4.23	18
4.24	18
4.26	20
4.27	32
4.29	22
4.30	35
4.32	20
4.34	14
4.35	25
4.37	16
4.38	13
4.40	26
4.42	23
4.43	18
4.45	30
4.46	11
4.48	12
4.49	14
4.51	21
4.53	20
4.54	19
4.56	21
4.57	19
4.59	11
4.60	21
4.62	22
4.64	15
4.65	5
4.67	21
4.68	23
4.70	18
4.72	18
4.73	24
4.75	11
4.76	23
4.78	21
4.79	19
4.81	24
4.83	25
4.84	20
4.86	23
4.87	19
4.89	14
4.91	13
4.92	18
4.94	20
4.95	16
4.97	24
4.98	28
5.00	17
5.02	17
5.03	25
5.05	14
5.06	24
5.08	28
5.10	19
5.11	27
5.13	28
5.14	15
5.16	19
5.17	27
5.19	25
5.21	21
5.22	21
5.24	31
5.25	21
5.27	27
5.29	17
5.30	17
5.32	20
5.33	21
5.35	20
5.36	26
5.38	23
5.40	25
5.41	16
5.43	23
5.44	19
5.46	26
5.48	30
5.49	22
5.51	23
5.52	33
5.54	21
5.55	24
5.57	21
5.59	18
5.60	20
5.62	28
5.63	22
5.65	27
5.67	10
5.68	18
5.70	27
5.71	26
5.73	14
5.74	38
5.76	27
5.78	27
5.79	20
5.81	30
5.82	17
5.84	33
5.85	16
5.87	27
5.89	32
5.90	25
5.92	25
5.93	30
5.95	42
5.97	30
5.98	36
6.00	27
6.01	33
6.03	29
6.04	37
6.06	34
6.08	44
6.09	43
6.11	22
6.12	41
6.14	46
6.16	30
6.17	47
6.19	42
6.20	53
6.22	39
6.23	45
6.25	52
6.27	37
6.28	49
6.30	48
6.31	31
6.33	59
6.35	48
6.36	34
6.38	44
6.39	52
6.41	48
6.42	52
6.44	59
6.46	57
6.47	54
6.49	43
6.50	45
6.52	44
6.54	42
6.55	50
6.57	58
6.58	42
6.60	54
6.61	40
6.63	37
6.65	37
6.66	46
6.68	44
6.69	39
6.71	36
6.73	44
6.74	27
6.76	43
6.77	37
6.79	31
6.80	31
6.82	50
6.84	37
6.85	38
6.87	29
6.88	43
6.90	41
6.91	46
6.93	36
6.95	41
6.96	43
6.98	42
6.99	37
7.01	36
7.03	35
7.04	49
7.06	45
7.07	48
7.09	49
7.10	56
7.12	34
7.14	54
7.15	50
7.17	63
7.18	62
7.20	79
7.22	77
7.23	66
7.25	74
7.26	92
7.28	77
7.29	133
7.31	122
7.33	123
7.34	157
7.36	187
7.37	182
7.39	227
7.41	260
7.42	304
7.44	365
7.45	362
7.47	460
7.48	523
7.50	514
7.52	672
7.53	640
7.55	766
7.56	899
7.58	923
7.60	1064
7.61	1267
7.63	1260
7.64	1395
7.66	1479
7.67	1716
7.69	1754
7.71	1796
7.72	2120
7.74	2303
7.75	2132
7.77	2585
7.79	2552
7.80	2837
7.82	2907
7.83	3053
7.85	3220
7.86	3724
7.88	3096
7.90	3547
7.91	3580
7.93	3680
7.94	3863
7.96	3782
7.97	3935
7.99	3820
8.01	3719
8.02	4174
8.04	3698
8.05	3825
8.07	3912
8.09	3727
8.10	3674
8.12	4003
8.13	3120
8.15	3263
8.16	3153
8.18	3087
8.20	2884
8.21	2563
8.23	2693
8.24	2348
8.26	2129
8.28	2111
8.29	1843
8.31	1820
8.32	1593
8.34	1466
8.35	1408
8.37	1333
8.39	1055
8.40	1003
8.42	938
8.43	822
8.45	771
8.47	675
8.48	684
8.50	583
8.51	557
8.53	541
8.54	538
8.56	507
8.58	564
8.59	467
8.61	482
8.62	536
8.64	480
8.66	538
8.67	533
8.69	526
8.70	531
8.72	535
8.73	529
8.75	567
8.77	590
8.78	580
8.80	547
8.81	665
8.83	586
8.85	658
8.86	632
8.88	719
8.89	500
8.91	562
8.92	626
8.94	583
8.96	607
8.97	560
8.99	565
9.00	605
9.02	486
9.03	534
9.05	454
9.07	446
9.08	409
9.10	396
9.11	363
9.13	394
9.15	293
9.16	263
9.18	235
9.19	265
9.21	181
9.22	159
9.24	175
9.26	139
9.27	131
9.29	122
9.30	106
9.32	88
9.34	68
9.35	59
9.37	50
9.38	52
9.40	37
9.41	36
9.43	38
9.45	27
9.46	19
9.48	21
9.49	15
9.51	10
9.53	4
9.54	6
9.56	3
9.57	9
9.59	7
9.60	2
9.62	3
9.64	8
9.65	2
9.67	7
9.68	2
9.70	4
9.72	1
9.73	4
9.75	1
9.76	4
9.78	4
9.79	2
9.81	3
9.83	4
9.84	1
9.86	4
9.87	3
9.89	3
9.91	4
9.92	2
9.94	4
9.95	2
9.97	1
9.98	2
10.00	2
10.02	2
10.03	2
10.05	3
10.06	3
10.08	2
10.10	1
10.11	3
10.13	1
10.14	2
10.16	7
10.17	6
10.19	3
10.21	0
10.22	4
10.24	2
10.25	7
10.27	3
10.28	2
10.30	1
10.32	5
10.33	2
10.35	4
10.36	1
10.38	2
10.40	2
10.41	6
10.43	1
10.44	4
10.46	6
10.47	3
10.49	4
10.51	5
10.52	4
10.54	4
10.55	4
10.57	2
10.59	3
10.60	4
10.62	2
10.63	6
10.65	5
10.66	1
10.68	4
10.70	3
10.71	4
10.73	4
10.74	3
10.76	2
10.78	4
10.79	2
10.81	0
10.82	6
10.84	5
10.85	3
10.87	0
10.89	2
10.90	2
10.92	0
10.93	2
10.95	3
10.97	3
10.98	2
11.00	2
11.01	0
11.03	0
11.04	4
11.06	1
11.08	2
11.09	2
11.11	1
11.12	2
11.14	3
11.16	2
11.17	1
11.19	4
11.20	2
11.22	4
11.23	2
11.25	5
11.27	0
11.28	3
11.30	3
11.31	3
11.33	4
11.34	4
11.36	3
11.38	3
11.39	3
11.41	3
11.42	2
11.44	1
11.46	7
11.47	3
11.49	4
11.50	2
11.52	6
11.53	4
11.55	2
11.57	4
11.58	1
11.60	4
11.61	3
11.63	2
11.65	3
11.66	4
11.68	1
11.69	1
11.71	3
11.72	5
11.74	2
11.76	4
11.77	3
11.79	2
11.80	0
11.82	2
11.84	4
11.85	1
11.87	2
11.88	1
11.90	3
11.91	0
11.93	1
11.95	3
11.96	5
11.98	1
11.99	5
12.01	1
12.03	3
12.04	2
12.06	2
12.07	3
12.09	1
12.10	1
12.12	1
12.14	5
12.15	2
12.17	4
12.18	3
12.20	5
12.22	2
12.23	3
12.25	1
12.26	4
12.28	2
12.29	5
12.31	6
12.33	8
12.34	2
12.36	2
12.37	1
12.39	3
12.40	3
12.42	2
12.44	2
12.45	2
12.47	2
12.48	3
12.50	1
12.52	5
12.53	4
12.55	5
12.56	3
12.58	1
12.59	6
12.61	3
12.63	2
12.64	3
12.66	6
12.67	2
12.69	1
12.71	2
12.72	3
12.74	3
12.75	2
12.77	4
12.78	5
12.80	3
12.82	3
12.83	4
12.85	4
12.86	3
12.88	4
12.90	1
12.91	3
12.93	2
12.94	2
12.96	2
12.97	6
12.99	3
13.01	3
13.02	1
13.04	5
13.05	3
13.07	2
13.09	3
13.10	3
13.12	1
13.13	9
13.15	3
13.16	3
13.18	1
13.20	4
13.21	6
13.23	2
13.24	2
13.26	2
13.28	7
13.29	2
13.31	4
13.32	7
13.34	6
13.35	6
13.37	6
13.39	4
13.40	1
13.42	2
13.43	3
13.45	3
13.46	4
13.48	0
13.50	1
13.51	5
13.53	3
13.54	3
13.56	1
13.58	0
13.59	4
13.61	4
13.62	2
13.64	4
13.65	4
13.67	7
13.69	4
13.70	2
13.72	3
13.73	6
13.75	7
13.77	7
13.78	1
13.80	4
13.81	4
13.83	1
13.84	7
13.86	2
13.88	4
13.89	3
13.91	6
13.92	5
13.94	3
13.96	2
13.97	6
13.99	8
14.00	3
14.02	6
14.03	0
14.05	3
14.07	1
14.08	2
14.10	8
14.11	3
14.13	3
14.15	2
14.16	1
14.18	2
14.19	5
14.21	4
14.22	0
14.24	3
14.26	3
14.27	1
14.29	4
14.30	5
14.32	1
14.34	4
14.35	3
14.37	2
14.38	2
14.40	4
14.41	3
14.43	1
14.45	4
14.46	2
14.48	2
14.49	3
14.51	0
14.53	1
14.54	2
14.56	2
14.57	3
14.59	5
14.60	3
14.62	0
14.64	2
14.65	2
14.67	2
14.68	1
14.70	1
14.71	1
14.73	5
14.75	2
14.76	4
14.78	3
14.79	4
14.81	1
14.83	2
14.84	2
14.86	3
14.87	2
14.89	2
14.90	1
14.92	1
14.94	1
14.95	2
14.97	1
14.98	2
15.00	1
15.02	1
15.03	3
15.05	2
15.06	1
15.08	3
15.09	4
15.11	4
15.13	5
15.14	1
15.16	0
15.17	4
15.19	3
15.21	2
15.22	5
15.24	2
15.25	4
15.27	4
15.28	3
15.30	7
15.32	2
15.33	1
15.35	2
15.36	5
15.38	3
15.40	3
15.41	4
15.43	2
15.44	3
15.46	2
15.47	4
15.49	6
15.51	3
15.52	4
15.54	2
15.55	2
15.57	3
15.59	7
15.60	4
15.62	1
15.63	3
15.65	4
15.66	3
15.68	3
15.70	1
15.71	6
15.73	2
15.74	3
15.76	4
15.77	3
15.79	2
15.81	4
15.82	6
15.84	2
15.85	2
15.87	3
15.89	4
15.90	3
15.92	3
15.93	5
15.95	1
15.96	4
15.98	4
16.00	5
16.01	1
16.03	2
16.04	2
16.06	2
16.08	2
16.09	2
16.11	1
16.12	3
16.14	2
16.15	5
16.17	3
16.19	2
16.20	3
16.22	2
16.23	4
16.25	0
16.27	2
16.28	1
16.30	2
16.31	1
16.33	5
16.34	1
16.36	1
16.38	6
16.39	1
16.41	3
16.42	2
16.44	6
16.46	1
16.47	2
16.49	2
16.50	1
16.52	0
16.53	2
16.55	5
16.57	2
16.58	4
16.60	2
16.61	4
16.63	2
16.65	3
16.66	1
16.68	3
16.69	1
16.71	3
16.72	0
16.74	4
16.76	4
16.77	1
16.79	5
16.80	5
16.82	3
16.83	2
16.85	5
16.87	2
16.88	4
16.90	3
16.91	2
16.93	3
16.95	1
16.96	2
16.98	2
16.99	4
17.01	2
17.02	5
17.04	3
17.06	3
17.07	0
17.09	2
17.10	3
17.12	4
17.14	1
17.15	2
17.17	2
17.18	3
17.20	2
17.21	0
17.23	2
17.25	2
17.26	0
17.28	3
17.29	2
17.31	3
17.33	3
17.34	5
17.36	3
17.37	3
17.39	3
17.40	3
17.42	0
17.44	2
17.45	1
17.47	0
17.48	2
17.50	3
17.52	0
17.53	3
17.55	2
17.56	1
17.58	2
17.59	1
17.61	3
17.63	1
17.64	2
17.66	1
17.67	0
17.69	0
17.71	1
17.72	4
17.74	0
17.75	1
17.77	1
17.78	2
17.80	5
17.82	5
17.83	1
17.85	0
17.86	1
17.88	0
17.89	1
17.91	0
17.93	2
17.94	2
17.96	1
17.97	1
17.99	1
18.01	0
18.02	2
18.04	0
18.05	4
18.07	2
18.08	1
18.10	1
18.12	1
18.13	1
18.15	2
18.16	1
18.18	1
18.20	2
18.21	1
18.23	0
18.24	0
18.26	0
18.27	1
18.29	3
18.31	0
18.32	2
18.34	3
18.35	1
18.37	2
18.39	0
18.40	1
18.42	0
18.43	2
18.45	1
18.46	1
18.48	1
18.50	0
18.51	2
18.53	2
18.54	1
18.56	2
18.58	1
18.59	0
18.61	1
18.62	0
18.64	3
18.65	3
18.67	0
18.69	3
18.70	2
18.72	1
18.73	0
18.75	0
18.77	1
18.78	1
18.80	2
18.81	2
18.83	2
18.84	1
18.86	1
18.88	1
18.89	2
18.91	3
18.92	2
18.94	2
18.95	2
18.97	0
18.99	0
19.00	0
19.02	2
19.03	3
19.05	1
19.07	1
19.08	4
19.10	3
19.11	1
19.13	1
19.14	1
19.16	1
19.18	0
19.19	1
19.21	1
19.22	3
19.24	5
19.26	1
19.27	2
19.29	0
19.30	1
19.32	1
19.33	4
19.35	2
19.37	1
19.38	1
19.40	1
19.41	3
19.43	1
19.45	0
19.46	1
19.48	1
19.49	2
19.51	0
19.52	4
19.54	2
19.56	0
19.57	1
19.59	0
19.60	0
19.62	1
19.64	2
19.65	1
19.67	1
19.68	0
19.70	1
19.71	2
19.73	1
19.75	3
19.76	6
19.78	1
19.79	1
19.81	0
19.83	0
19.84	2
19.86	0
19.87	1
19.89	2
19.90	1
19.92	2
19.94	0
19.95	3
19.97	0
19.98	2
20.00	3
20.02	1
20.03	1
20.05	0
20.06	1
20.08	2
20.09	1
20.11	0
20.13	2
20.14	0
20.16	3
20.17	2
20.19	1
20.20	0
20.22	1
20.24	0
20.25	2
20.27	2
20.28	0
20.30	2
20.32	2
20.33	2
20.35	0
20.36	0
20.38	2
20.39	2
20.41	1
20.43	2
20.44	1
20.46	0
20.47	0
20.49	2
20.51	1
20.52	1
20.54	1
20.55	0
20.57	1
20.58	1
20.60	1
20.62	4
20.63	0
20.65	0
20.66	0
20.68	1
20.70	1
20.71	0
20.73	1
20.74	2
20.76	2
20.77	1
20.79	2
20.81	1
20.82	1
20.84	2
20.85	1
20.87	0
20.89	0
20.90	3
20.92	1
20.93	2
20.95	2
20.96	0
20.98	1
21.00	1
21.01	0
21.03	1
21.04	3
21.06	1
21.08	2
21.09	2
21.11	0
21.12	0
21.14	0
21.15	0
21.17	2
21.19	2
21.20	1
21.22	2
21.23	2
21.25	0
21.26	2
21.28	3
21.30	1
21.31	1
21.33	1
21.34	1
21.36	0
21.38	1
21.39	1
21.41	1
21.42	3
21.44	2
21.45	2
21.47	3
21.49	0
21.50	2
21.52	2
21.53	0
21.55	2
21.57	0
21.58	1
21.60	2
21.61	1
21.63	0
21.64	0
21.66	3
21.68	1
21.69	0
21.71	0
21.72	1
21.74	2
21.76	0
21.77	0
21.79	1
21.80	1
21.82	2
21.83	1
21.85	1
21.87	0
21.88	1
21.90	0
21.91	1
21.93	1
21.95	0
21.96	1
21.98	2
21.99	1
22.01	2
22.02	1
22.04	0
22.06	1
22.07	0
22.09	4
22.10	0
22.12	0
22.14	1
22.15	2
22.17	2
22.18	1
22.20	2
22.21	1
22.23	2
22.25	1
22.26	0
22.28	1
22.29	0
22.31	1
22.32	0
22.34	0
22.36	0
22.37	1
22.39	2
22.40	0
22.42	1
22.44	1
22.45	3
22.47	0
22.48	1
22.50	0
22.51	5
22.53	1
22.55	1
22.56	0
22.58	0
22.59	2
22.61	0
22.63	1
22.64	0
22.66	0
22.67	2
22.69	1
22.70	1
22.72	1
22.74	0
22.75	0
22.77	1
22.78	1
22.80	1
22.82	0
22.83	2
22.85	0
22.86	2
22.88	2
22.89	0
22.91	2
22.93	1
22.94	0
22.96	2
22.97	0
22.99	1
23.01	1
23.02	0
23.04	0
23.05	1
23.07	0
23.08	0
23.10	0
23.12	1
23.13	0
23.15	1
23.16	0
23.18	0
23.20	0
23.21	1
23.23	0
23.24	0
23.26	1
23.27	1
23.29	3
23.31	1
23.32	1
23.34	1
23.35	0
23.37	0
23.38	1
23.40	1
23.42	0
23.43	0
23.45	1
23.46	0
23.48	1
23.50	1
23.51	1
23.53	0
23.54	0
23.56	1
23.57	1
23.59	2
23.61	0
23.62	0
23.64	0
23.65	1
23.67	0
23.69	0
23.70	1
23.72	1
23.73	1
23.75	0
23.76	1
23.78	2
23.80	0
23.81	1
23.83	1
23.84	1
23.86	0
23.88	1
23.89	1
23.91	1
23.92	0
23.94	0
23.95	1
23.97	0
23.99	3
24.00	0
24.02	0
24.03	1
24.05	1
24.07	0
24.08	0
24.10	2
24.11	0
24.13	0
24.14	0
24.16	0
24.18	0
24.19	1
24.21	2
24.22	0
24.24	0
24.26	4
24.27	3
24.29	1
24.30	4
24.32	1
24.33	1
24.35	1
24.37	2
24.38	1
24.40	1
24.41	1
24.43	4
24.45	4
24.46	1
24.48	0
24.49	2
24.51	0
24.52	1
24.54	1
24.56	1
24.57	3
24.59	1
24.60	2
24.62	1
24.63	3
24.65	3
24.67	3
24.68	1
24.70	1
24.71	1
24.73	4
24.75	1
24.76	5
24.78	4
24.79	3
24.81	5
24.82	4
24.84	0
24.86	7
24.87	4
24.89	1
24.90	2
24.92	3
24.94	6
24.95	5
24.97	6
24.98	4
25.00	4
25.01	4
25.03	4
25.05	1
25.06	4
25.08	6
25.09	8
25.11	4
25.13	9
25.14	1
25.16	8
25.17	5
25.19	2
25.20	7
25.22	4
25.24	5
25.25	6
25.27	8
25.28	9
25.30	5
25.32	9
25.33	5
25.35	10
25.36	4
25.38	2
25.39	2
25.41	3
25.43	0
25.44	3
25.46	6
25.47	3
25.49	3
25.51	2
25.52	3
25.54	2
25.55	1
25.57	2
25.58	3
25.60	4
25.62	1
25.63	5
25.65	1
25.66	0
25.68	1
25.69	1
25.71	1
25.73	2
25.74	1
25.76	2
25.77	0
25.79	1
25.81	0
25.82	1
25.84	0
25.85	1
25.87	1
25.88	1
25.90	0
25.92	0
25.93	0
25.95	0
25.96	0
25.98	0
26.00	1
26.01	0
26.03	0
26.04	0
26.06	0
26.07	1
26.09	0
26.11	1
26.12	0
26.14	1
26.15	0
26.17	1
26.19	0
26.20	2
26.22	0
26.23	1
26.25	0
26.26	0
26.28	0
26.30	0
26.31	1
26.33	0
26.34	0
26.36	1
26.38	0
26.39	0
26.41	1
26.42	0
26.44	2
26.45	1
26.47	0
26.49	1
26.50	1
26.52	1
26.53	1
26.55	1
26.57	0
26.58	0
26.60	0
26.61	0
26.63	2
26.64	0
26.66	1
26.68	0
26.69	0
26.71	0
26.72	1
26.74	0
26.75	0
26.77	1
26.79	0
26.80	0
26.82	0
26.83	0
26.85	1
26.87	0
26.88	0
26.90	0
26.91	1
26.93	0
26.94	0
26.96	0
26.98	2
26.99	0
27.01	1
27.02	0
27.04	1
27.06	0
27.07	0
27.09	0
27.10	2
27.12	1
27.13	0
27.15	1
27.17	0
27.18	0
27.20	0
27.21	1
27.23	0
27.25	0
27.26	0
27.28	0
27.29	1
27.31	1
27.32	1
27.34	0
27.36	1
27.37	0
27.39	0
27.40	1
27.42	1
27.44	1
27.45	0
27.47	0
27.48	0
27.50	0
27.51	1
27.53	0
27.55	0
27.56	0
27.58	0
27.59	0
27.61	0
27.63	1
27.64	0
27.66	0
27.67	0
27.69	0
27.70	0
27.72	0
27.74	0
27.75	0
27.77	0
27.78	1
27.80	1
27.81	0
27.83	1
27.85	1
27.86	0
27.88	0
27.89	0
27.91	0
27.93	0
27.94	0
27.96	1
27.97	0
27.99	1
28.00	0
28.02	1
28.04	0
28.05	1
28.07	0
28.08	1
28.10	0
28.12	1
28.13	0
28.15	1
28.16	0
28.18	0
28.19	1
28.21	1
28.23	1
28.24	0
28.26	0
28.27	2
28.29	1
28.31	0
28.32	2
28.34	1
28.35	0
28.37	2
28.38	0
28.40	1
28.42	1
28.43	0
28.45	1
28.46	0
28.48	3
28.50	2
28.51	4
28.53	1
28.54	1
28.56	0
28.57	0
28.59	1
28.61	0
28.62	4
28.64	1
28.65	0
28.67	0
28.69	1
28.70	2
28.72	3
28.73	0
28.75	1
28.76	1
28.78	1
28.80	1
28.81	0
28.83	0
28.84	0
28.86	0
28.88	0
28.89	0
28.91	0
28.92	0
28.94	2
28.95	0
28.97	0
28.99	0
29.00	1
29.02	0
29.03	0
29.05	1
29.06	0
29.08	0
29.10	0
29.11	1
29.13	0
29.14	0
29.16	0
29.18	0
29.19	0
29.21	1
29.22	0
29.24	0
29.25	0
29.27	0
29.29	0
29.30	1
29.32	0
29.33	1
29.35	0
29.37	1
29.38	0
29.40	0
29.41	1
29.43	0
29.44	0
29.46	1
29.48	1
29.49	0
29.51	0
29.52	0
29.54	2
29.56	1
29.57	0
29.59	0
29.60	0
29.62	0
29.63	0
29.65	0
29.67	0
29.68	0
29.70	1
29.71	0
29.73	0
29.75	0
29.76	0
29.78	0
29.79	0
29.81	0
29.82	0
29.84	1
29.86	0
29.87	0
29.89	0
29.90	0
29.92	0
29.94	1
29.95	0
29.97	0
29.98	1
30.00	0
30.01	0
30.03	0
30.05	0
30.06	0
30.08	1
30.09	0
30.11	0
30.12	0
30.14	0
30.16	0
30.17	0
30.19	0
30.20	1
30.22	0
30.24	0
30.25	0
30.27	0
30.28	0
30.30	0
30.31	0
30.33	0
30.35	0
30.36	0
30.38	2
30.39	0
30.41	0
30.43	0
30.44	0
30.46	0
30.47	0
30.49	0
30.50	0
30.52	0
30.54	0
30.55	0
30.57	0
30.58	0
30.60	0
30.62	0
30.63	0
30.65	0
30.66	0
30.68	0
30.69	0
30.71	0
30.73	0
30.74	0
30.76	0
30.77	0
30.79	0
30.81	0
30.82	0
30.84	1
30.85	0
30.87	0
30.88	0
30.90	0
30.92	0
30.93	0
30.95	0
30.96	0
30.98	0
31.00	0
31.01	0
31.03	0
31.04	0
31.06	0
31.07	1
31.09	0
31.11	1
31.12	0
31.14	0
31.15	0
31.17	0
31.18	0
31.20	0
31.22	0
31.23	0
31.25	0
31.26	0
31.28	0
31.30	0
31.31	0
31.33	0
31.34	1
31.36	0
31.37	0
31.39	0
31.41	0
31.42	0
31.44	0
31.45	0
31.47	0
31.49	1
31.50	0
31.52	0
31.53	0
31.55	0
31.56	0
31.58	0
31.60	0
31.61	0
31.63	0
31.64	0
31.66	0
31.68	0
31.69	0
31.71	0
31.72	0
31.74	0
31.75	0
31.77	0
31.79	0
31.80	0
31.82	0
31.83	0
31.85	0
31.87	0
31.88	0
31.90	0
31.91	0
31.93	0
31.94	0
31.96	0
31.98	0
31.99	0
32.01	0
32.02	0
32.04	0
32.06	0
32.07	0
32.09	0
32.10	0
32.12	0
32.13	0
32.15	0
32.17	0
32.18	0
32.20	0
32.21	0
32.23	0
32.24	0
32.26	0
32.28	0
32.29	0
32.31	0
32.32	0
32.34	0
32.36	0
32.37	0
32.39	0
32.40	0
32.42	0
32.43	-1
