# exported by fityk 0.8.7
#15-X:x	15-X:y	15-X:s	15-X:F(x)	15-X:%_3(x)	15-X:%_4(x)	15-X:a
0.79	0	1	7.32137e-175	7.32137e-175	3.8547e-297	1
0.81	0	1	7.07862e-174	7.07862e-174	1.15525e-295	1
0.82	0	1	2.19584e-173	2.19584e-173	6.30444e-295	1
0.84	0	1	2.10304e-172	2.10304e-172	1.86574e-293	1
0.86	0	1	2.00151e-171	2.00151e-171	5.47524e-292	1
0.87	0	1	6.16005e-171	6.16005e-171	2.95671e-291	1
0.89	0	1	5.80743e-170	5.80743e-170	8.56805e-290	1
0.9	0	1	1.77892e-169	1.77892e-169	4.59778e-289	1
0.92	0	1	1.6613e-168	1.6613e-168	1.31565e-287	1
0.93	0	1	5.06484e-168	5.06484e-168	7.01565e-287	1
0.95	0	1	4.68541e-167	4.68541e-167	1.98235e-285	1
0.97	0	1	4.30716e-166	4.30716e-166	5.55446e-284	1
0.98	0	1	1.30282e-165	1.30282e-165	2.93091e-283	1
1	0	1	1.18637e-164	1.18637e-164	8.1093e-282	1
1.01	0	1	3.57157e-164	3.57157e-164	4.25211e-281	1
1.03	0	1	3.22169e-163	3.22169e-163	1.16173e-279	1
1.05	0	1	2.88782e-162	2.88782e-162	3.14742e-278	1
1.06	0	1	8.62552e-162	8.62552e-162	1.63309e-277	1
1.08	0	1	7.65883e-161	7.65883e-161	4.36896e-276	1
1.09	0	1	2.27679e-160	2.27679e-160	2.25265e-275	1
1.11	0	1	2.00259e-159	2.00259e-159	5.9509e-274	1
1.12	1	1	5.92514e-159	5.92514e-159	3.049e-273	1
1.14	1	1	5.16247e-158	5.16247e-158	7.95368e-272	1
1.16	0	1	4.46969e-157	4.46969e-157	2.05743e-270	1
1.17	0	1	1.31208e-156	1.31208e-156	1.04312e-269	1
1.19	2	1.41421	1.12531e-155	1.12531e-155	2.66448e-268	1
1.2	2	1.41421	3.28776e-155	3.28776e-155	1.3424e-267	1
1.22	10	3.16228	2.7932e-154	2.7932e-154	3.38594e-266	1
1.24	17	4.12311	2.35812e-153	2.35812e-153	8.46887e-265	1
1.25	21	4.58258	6.83549e-153	6.83549e-153	4.2221e-264	1
1.27	36	6	5.71642e-152	5.71642e-152	1.04278e-262	1
1.28	27	5.19615	1.6492e-151	1.6492e-151	5.16604e-262	1
1.3	22	4.69042	1.36622e-150	1.36622e-150	1.25992e-260	1
1.31	27	5.19615	3.92297e-150	3.92297e-150	6.20251e-260	1
1.33	27	5.19615	3.21922e-149	3.21922e-149	1.49374e-258	1
1.35	24	4.89898	2.62511e-148	2.62511e-148	3.56721e-257	1
1.36	20	4.47214	7.47859e-148	7.47859e-148	1.73775e-256	1
1.38	31	5.56776	6.04099e-147	6.04099e-147	4.0979e-255	1
1.39	27	5.19615	1.71287e-146	1.71287e-146	1.98371e-254	1
1.41	42	6.48074	1.37058e-145	1.37058e-145	4.61928e-253	1
1.42	21	4.58258	3.86782e-145	3.86782e-145	2.22204e-252	1
1.44	36	6	3.06575e-144	3.06575e-144	5.10937e-251	1
1.46	31	5.56776	2.41473e-143	2.41473e-143	1.16501e-249	1
1.47	28	5.2915	6.76094e-143	6.76094e-143	5.54552e-249	1
1.49	24	4.89898	5.27508e-142	5.27508e-142	1.24861e-247	1
1.5	26	5.09902	1.46999e-141	1.46999e-141	5.90606e-247	1
1.52	33	5.74456	1.13613e-140	1.13613e-140	1.31311e-245	1
1.54	27	5.19615	8.72572e-140	8.72572e-140	2.89503e-244	1
1.55	23	4.79583	2.41247e-139	2.41247e-139	1.35506e-243	1
1.57	24	4.89898	1.83538e-138	1.83538e-138	2.95005e-242	1
1.58	26	5.09902	5.05047e-138	5.05047e-138	1.37213e-241	1
1.6	19	4.3589	3.80618e-137	3.80618e-137	2.94977e-240	1
1.61	33	5.74456	1.04241e-136	1.04241e-136	1.36337e-239	1
1.63	18	4.24264	7.78194e-136	7.78194e-136	2.89419e-238	1
1.65	14	3.74166	5.77293e-135	5.77293e-135	6.09238e-237	1
1.66	29	5.38516	1.56864e-134	1.56864e-134	2.78642e-236	1
1.68	14	3.74166	1.15272e-133	1.15272e-133	5.79198e-235	1
1.69	18	4.24264	3.11742e-133	3.11742e-133	2.63237e-234	1
1.71	27	5.19615	2.26927e-132	2.26927e-132	5.40316e-233	1
1.73	19	4.3589	1.64149e-131	1.64149e-131	1.09976e-231	1
1.74	27	5.19615	4.40439e-131	4.40439e-131	4.94596e-231	1
1.76	22	4.69042	3.15594e-130	3.15594e-130	9.94074e-230	1
1.77	25	5	8.42797e-130	8.42797e-130	4.44256e-229	1
1.79	36	6	5.98214e-129	5.98214e-129	8.81702e-228	1
1.8	20	4.47214	1.59e-128	1.59e-128	3.91558e-227	1
1.82	24	4.89898	1.11795e-127	1.11795e-127	7.67372e-226	1
1.84	25	5	7.811e-127	7.811e-127	1.49129e-224	1
1.85	22	4.69042	2.05979e-126	2.05979e-126	6.55347e-224	1
1.87	20	4.47214	1.4256e-125	1.4256e-125	1.25762e-222	1
1.88	25	5	3.74162e-125	3.74162e-125	5.49183e-222	1
1.9	24	4.89898	2.56524e-124	2.56524e-124	1.04067e-220	1
1.92	25	5	1.74766e-123	1.74766e-123	1.95551e-219	1
1.93	17	4.12311	4.55086e-123	4.55086e-123	8.4501e-219	1
1.95	27	5.19615	3.07124e-122	3.07124e-122	1.56793e-217	1
1.96	18	4.24264	7.95969e-122	7.95969e-122	6.73271e-217	1
1.98	22	4.69042	5.32117e-121	5.32117e-121	1.2336e-215	1
1.99	30	5.47723	1.37257e-120	1.37257e-120	5.26379e-215	1
2.01	21	4.58258	9.08945e-120	9.08945e-120	9.52369e-214	1
2.03	27	5.19615	5.98136e-119	5.98136e-119	1.70867e-212	1
2.04	26	5.09902	1.53075e-118	1.53075e-118	7.21465e-212	1
2.06	15	3.87298	9.97834e-118	9.97834e-118	1.27817e-210	1
2.07	24	4.89898	2.5416e-117	2.5416e-117	5.36299e-210	1
2.09	17	4.12311	1.64117e-116	1.64117e-116	9.38212e-209	1
2.11	27	5.19615	1.05307e-115	1.05307e-115	1.62758e-207	1
2.12	19	4.3589	2.66124e-115	2.66124e-115	6.75762e-207	1
2.14	27	5.19615	1.69154e-114	1.69154e-114	1.15759e-205	1
2.15	25	5	4.25454e-114	4.25454e-114	4.77603e-205	1
2.17	21	4.58258	2.6788e-113	2.6788e-113	8.07885e-204	1
2.18	30	5.47723	6.70591e-113	6.70591e-113	3.31223e-203	1
2.2	37	6.08276	4.18251e-112	4.18251e-112	5.53254e-202	1
2.22	14	3.74166	2.59225e-111	2.59225e-111	9.16378e-201	1
2.23	22	4.69042	6.43828e-111	6.43828e-111	3.71775e-200	1
2.25	23	4.79583	3.95276e-110	3.95276e-110	6.08066e-199	1
2.26	21	4.58258	9.771e-110	9.771e-110	2.45141e-198	1
2.28	27	5.19615	5.94239e-109	5.94239e-109	3.9592e-197	1
2.3	18	4.24264	3.59124e-108	3.59124e-108	6.34083e-196	1
2.31	10	3.16228	8.80762e-108	8.80762e-108	2.52956e-195	1
2.33	24	4.89898	5.27269e-107	5.27269e-107	4.00041e-194	1
2.34	19	4.3589	1.28704e-106	1.28704e-106	1.58586e-193	1
2.36	20	4.47214	7.63234e-106	7.63234e-106	2.47653e-192	1
2.37	21	4.58258	1.85423e-105	1.85423e-105	9.75581e-192	1
2.39	13	3.60555	1.08923e-104	1.08923e-104	1.5044e-190	1
2.41	23	4.79583	6.35823e-104	6.35823e-104	2.30044e-189	1
2.42	19	4.3589	1.53256e-103	1.53256e-103	8.96735e-189	1
2.44	14	3.74166	8.86188e-103	8.86188e-103	1.35404e-187	1
2.45	25	5	2.12595e-102	2.12595e-102	5.245e-187	1
2.47	13	3.60555	1.21773e-101	1.21773e-101	7.82049e-186	1
2.48	28	5.2915	2.90753e-101	2.90753e-101	3.01029e-185	1
2.5	20	4.47214	1.64974e-100	1.64974e-100	4.43217e-184	1
2.52	17	4.12311	9.30179e-100	9.30179e-100	6.47102e-183	1
2.53	18	4.24264	2.20351e-099	2.20351e-099	2.46479e-182	1
2.55	24	4.89898	1.23071e-098	1.23071e-098	3.55351e-181	1
2.56	19	4.3589	2.90169e-098	2.90169e-098	1.34501e-180	1
2.58	18	4.24264	1.60541e-097	1.60541e-097	1.91479e-179	1
2.6	27	5.19615	8.8263e-097	8.8263e-097	2.70312e-178	1
2.61	16	4	2.06466e-096	2.06466e-096	1.01244e-177	1
2.63	17	4.12311	1.12443e-095	1.12443e-095	1.41134e-176	1
2.64	18	4.24264	2.61788e-095	2.61788e-095	5.25285e-176	1
2.66	27	5.19615	1.4123e-094	1.4123e-094	7.2307e-175	1
2.67	23	4.79583	3.27256e-094	3.27256e-094	2.67425e-174	1
2.69	26	5.09902	1.74886e-093	1.74886e-093	3.63503e-173	1
2.71	19	4.3589	9.28717e-093	9.28717e-093	4.8996e-172	1
2.72	23	4.79583	2.13511e-092	2.13511e-092	1.79315e-171	1
2.74	14	3.74166	1.12316e-091	1.12316e-091	2.38666e-170	1
2.75	24	4.89898	2.56994e-091	2.56994e-091	8.67975e-170	1
2.77	15	3.87298	1.33916e-090	1.33916e-090	1.14078e-168	1
2.79	17	4.12311	6.93433e-090	6.93433e-090	1.48676e-167	1
2.8	19	4.3589	1.57421e-089	1.57421e-089	5.35047e-167	1
2.82	13	3.60555	8.07468e-089	8.07468e-089	6.88579e-166	1
2.83	25	5	1.82444e-088	1.82444e-088	2.46243e-165	1
2.85	13	3.60555	9.27007e-088	9.27007e-088	3.12929e-164	1
2.86	15	3.87298	2.08465e-087	2.08465e-087	1.11203e-163	1
2.88	18	4.24264	1.04925e-086	1.04925e-086	1.39547e-162	1
2.9	20	4.47214	5.24787e-086	5.24787e-086	1.73648e-161	1
2.91	28	5.2915	1.17087e-085	1.17087e-085	6.10624e-161	1
2.93	16	4	5.80103e-085	5.80103e-085	7.50316e-160	1
2.94	28	5.2915	1.28818e-084	1.28818e-084	2.62186e-159	1
2.96	15	3.87298	6.32214e-084	6.32214e-084	3.18126e-158	1
2.98	17	4.12311	3.08328e-083	3.08328e-083	3.8277e-157	1
2.99	21	4.58258	6.79298e-083	6.79298e-083	1.32354e-156	1
3.01	19	4.3589	3.28171e-082	3.28171e-082	1.57251e-155	1
3.02	21	4.58258	7.19602e-082	7.19602e-082	5.40323e-155	1
3.04	20	4.47214	3.44368e-081	3.44368e-081	6.33917e-154	1
3.05	24	4.89898	7.51556e-081	7.51556e-081	2.16447e-153	1
3.07	16	4	3.56273e-080	3.56273e-080	2.50756e-152	1
3.09	22	4.69042	1.67829e-079	1.67829e-079	2.8807e-151	1
3.1	23	4.79583	3.63396e-079	3.63396e-079	9.73309e-151	1
3.12	19	4.3589	1.69572e-078	1.69572e-078	1.10412e-149	1
3.13	16	4	3.65438e-078	3.65438e-078	3.70707e-149	1
3.15	24	4.89898	1.68919e-077	1.68919e-077	4.15258e-148	1
3.17	13	3.60555	7.75898e-077	7.75898e-077	4.61267e-147	1
3.18	15	3.87298	1.65898e-076	1.65898e-076	1.5325e-146	1
3.2	25	5	7.54844e-076	7.54844e-076	1.68095e-145	1
3.21	19	4.3589	1.60634e-075	1.60634e-075	5.54961e-145	1
3.23	17	4.12311	7.24013e-075	7.24013e-075	6.01088e-144	1
3.24	19	4.3589	1.53346e-074	1.53346e-074	1.972e-143	1
3.26	17	4.12311	6.84656e-074	6.84656e-074	2.10912e-142	1
3.28	20	4.47214	3.03761e-073	3.03761e-073	2.23689e-141	1
3.29	24	4.89898	6.38315e-073	6.38315e-073	7.26185e-141	1
3.31	29	5.38516	2.80534e-072	2.80534e-072	7.6052e-140	1
3.32	22	4.69042	5.86724e-072	5.86724e-072	2.45342e-139	1
3.34	24	4.89898	2.55433e-071	2.55433e-071	2.53721e-138	1
3.36	21	4.58258	1.10504e-070	1.10504e-070	2.60189e-137	1
3.37	23	4.79583	2.293e-070	2.293e-070	8.30585e-137	1
3.39	19	4.3589	9.82646e-070	9.82646e-070	8.41077e-136	1
3.4	26	5.09902	2.0294e-069	2.0294e-069	2.66804e-135	1
3.42	15	3.87298	8.61494e-069	8.61494e-069	2.66787e-134	1
3.43	25	5	1.77079e-068	1.77079e-068	8.4097e-134	1
3.45	23	4.79583	7.44636e-068	7.44636e-068	8.30373e-133	1
3.47	21	4.58258	3.11158e-067	3.11158e-067	8.13043e-132	1
3.48	20	4.47214	6.34559e-067	6.34559e-067	2.53608e-131	1
3.5	20	4.47214	2.62664e-066	2.62664e-066	2.45202e-130	1
3.51	31	5.56776	5.33135e-066	5.33135e-066	7.60036e-130	1
3.53	24	4.89898	2.18603e-065	2.18603e-065	7.2563e-129	1
3.54	26	5.09902	4.4161e-065	4.4161e-065	2.23504e-128	1
3.56	28	5.2915	1.7937e-064	1.7937e-064	2.10711e-127	1
3.58	16	4	7.2397e-064	7.2397e-064	1.96986e-126	1
3.59	23	4.79583	1.45104e-063	1.45104e-063	6.004e-126	1
3.61	21	4.58258	5.80151e-063	5.80151e-063	5.54256e-125	1
3.62	27	5.19615	1.1573e-062	1.1573e-062	1.67871e-124	1
3.64	29	5.38516	4.58351e-062	4.58351e-062	1.53026e-123	1
3.66	32	5.65685	1.8039e-061	1.8039e-061	1.38325e-122	1
3.67	14	3.74166	3.5702e-061	3.5702e-061	4.14572e-122	1
3.69	19	4.3589	1.39187e-060	1.39187e-060	3.70047e-121	1
3.7	24	4.89898	2.74172e-060	2.74172e-060	1.10209e-120	1
3.72	31	5.56776	1.05881e-059	1.05881e-059	9.71391e-120	1
3.73	22	4.69042	2.07583e-059	2.07583e-059	2.87484e-119	1
3.75	27	5.19615	7.94106e-059	7.94106e-059	2.50214e-118	1
3.77	27	5.19615	3.01875e-058	3.01875e-058	2.15952e-117	1
3.78	36	6	5.87183e-058	5.87183e-058	6.32426e-117	1
3.8	19	4.3589	2.21112e-057	2.21112e-057	5.38984e-116	1
3.81	31	5.56776	4.28061e-057	4.28061e-057	1.56852e-115	1
3.83	23	4.79583	1.59675e-056	1.59675e-056	1.32001e-114	1
3.85	31	5.56776	5.91872e-056	5.91872e-056	1.10156e-113	1
3.86	29	5.38516	1.13683e-055	1.13683e-055	3.17217e-113	1
3.88	25	5	4.17425e-055	4.17425e-055	2.61403e-112	1
3.89	25	5	7.97981e-055	7.97981e-055	7.48027e-112	1
3.91	29	5.38516	2.90246e-054	2.90246e-054	6.08685e-111	1
3.92	29	5.38516	5.52237e-054	5.52237e-054	1.73085e-110	1
3.94	14	3.74166	1.98971e-053	1.98971e-053	1.39077e-109	1
3.96	27	5.19615	7.12387e-053	7.12387e-053	1.10815e-108	1
3.97	31	5.56776	1.34478e-052	1.34478e-052	3.11816e-108	1
3.99	27	5.19615	4.76945e-052	4.76945e-052	2.45336e-107	1
4	24	4.89898	8.96085e-052	8.96085e-052	6.85998e-107	1
4.02	27	5.19615	3.14816e-051	3.14816e-051	5.32975e-106	1
4.04	20	4.47214	1.09907e-050	1.09907e-050	4.10617e-105	1
4.05	23	4.79583	2.04872e-050	2.04872e-050	1.13614e-104	1
4.07	29	5.38516	7.08504e-050	7.08504e-050	8.64337e-104	1
4.08	19	4.3589	1.31445e-049	1.31445e-049	2.37651e-103	1
4.1	22	4.69042	4.50293e-049	4.50293e-049	1.7853e-102	1
4.11	26	5.09902	8.31465e-049	8.31465e-049	4.87783e-102	1
4.13	17	4.12311	2.82154e-048	2.82154e-048	3.61842e-101	1
4.15	24	4.89898	9.51455e-048	9.51455e-048	2.66169e-100	1
4.16	21	4.58258	1.74306e-047	1.74306e-047	7.19627e-100	1
4.18	30	5.47723	5.82246e-047	5.82246e-047	5.22718e-099	1
4.19	30	5.47723	1.06164e-046	1.06164e-046	1.40436e-098	1
4.21	35	5.91608	3.51286e-046	3.51286e-046	1.0073e-097	1
4.23	18	4.24264	1.15507e-045	1.15507e-045	7.16448e-097	1
4.24	18	4.24264	2.08955e-045	2.08955e-045	1.90471e-096	1
4.26	20	4.47214	6.80595e-045	6.80595e-045	1.33775e-095	1
4.27	32	5.65685	1.22541e-044	1.22541e-044	3.53411e-095	1
4.29	22	4.69042	3.95374e-044	3.95374e-044	2.45103e-094	1
4.3	35	5.91608	7.08508e-044	7.08508e-044	6.43447e-094	1
4.32	20	4.47214	2.26446e-043	2.26446e-043	4.40658e-093	1
4.34	14	3.74166	7.1919e-043	7.1919e-043	2.99253e-092	1
4.35	25	5	1.27866e-042	1.27866e-042	7.77385e-092	1
4.37	16	4	4.02279e-042	4.02279e-042	5.21306e-091	1
4.38	13	3.60555	7.11845e-042	7.11845e-042	1.34571e-090	1
4.4	26	5.09902	2.21844e-041	2.21844e-041	8.91104e-090	1
4.42	23	4.79583	6.87022e-041	6.87022e-041	5.8513e-089	1
4.43	18	4.24264	1.20616e-040	1.20616e-040	1.49467e-088	1
4.45	30	5.47723	3.70014e-040	3.70014e-040	9.69146e-088	1
4.46	11	3.31662	6.46544e-040	6.46544e-040	2.46004e-087	1
4.48	12	3.4641	1.96473e-039	1.96473e-039	1.5751e-086	1
4.49	14	3.74166	3.41687e-039	3.41687e-039	3.97301e-086	1
4.51	21	4.58258	1.02855e-038	1.02855e-038	2.51192e-085	1
4.53	20	4.47214	3.07668e-038	3.07668e-038	1.57485e-084	1
4.54	19	4.3589	5.30864e-038	5.30864e-038	3.93083e-084	1
4.56	21	4.58258	1.57301e-037	1.57301e-037	2.43354e-083	1
4.57	19	4.3589	2.70133e-037	2.70133e-037	6.03594e-083	1
4.59	11	3.31662	7.92898e-037	7.92898e-037	3.68994e-082	1
4.6	21	4.58258	1.35522e-036	1.35522e-036	9.09465e-082	1
4.62	22	4.69042	3.9404e-036	3.9404e-036	5.4901e-081	1
4.64	15	3.87298	1.13849e-035	1.13849e-035	3.28641e-080	1
4.65	5	2.23607	1.93063e-035	1.93063e-035	8.01536e-080	1
4.67	21	4.58258	5.52563e-035	5.52563e-035	4.73789e-079	1
4.68	23	4.79583	9.326e-035	9.326e-035	1.14828e-078	1
4.7	18	4.24264	2.64405e-034	2.64405e-034	6.70237e-078	1
4.72	18	4.24264	7.44909e-034	7.44909e-034	3.87934e-077	1
4.73	24	4.89898	1.24736e-033	1.24736e-033	9.30365e-077	1
4.75	11	3.31662	3.48111e-033	3.48111e-033	5.31745e-076	1
4.76	23	4.79583	5.80168e-033	5.80168e-033	1.26724e-075	1
4.78	21	4.58258	1.60387e-032	1.60387e-032	7.15203e-075	1
4.79	19	4.3589	2.66042e-032	2.66042e-032	1.69373e-074	1
4.81	24	4.89898	7.28548e-032	7.28548e-032	9.43922e-074	1
4.83	25	5	1.98256e-031	1.98256e-031	5.21645e-073	1
4.84	20	4.47214	3.26275e-031	3.26275e-031	1.22243e-072	1
4.86	23	4.79583	8.79515e-031	8.79515e-031	6.67088e-072	1
4.87	19	4.3589	1.44061e-030	1.44061e-030	1.55343e-071	1
4.89	14	3.74166	3.84677e-030	3.84677e-030	8.3709e-071	1
4.91	13	3.60555	1.02072e-029	1.02072e-029	4.47299e-070	1
4.92	18	4.24264	1.65877e-029	1.65877e-029	1.03072e-069	1
4.94	20	4.47214	4.36002e-029	4.36002e-029	5.43862e-069	1
4.95	16	4	7.052e-029	7.052e-029	1.24535e-068	1
4.97	24	4.89898	1.83614e-028	1.83614e-028	6.48874e-068	1
4.98	28	5.2915	2.9558e-028	2.9558e-028	1.47647e-067	1
5	17	4.12311	7.6236e-028	7.6236e-028	7.59648e-067	1
5.02	17	4.12311	1.95391e-027	1.95391e-027	3.87567e-066	1
5.03	25	5	3.12069e-027	3.12069e-027	8.7266e-066	1
5.05	14	3.74166	7.92296e-027	7.92296e-027	4.39644e-065	1
5.06	24	4.89898	1.25944e-026	1.25944e-026	9.83691e-065	1
5.08	28	5.2915	3.16742e-026	3.16742e-026	4.89367e-064	1
5.1	19	4.3589	7.9158e-026	7.9158e-026	2.41412e-063	1
5.11	27	5.19615	1.24842e-025	1.24842e-025	5.34503e-063	1
5.13	28	5.2915	3.09059e-025	3.09059e-025	2.60372e-062	1
5.14	15	3.87298	4.85125e-025	4.85125e-025	5.72857e-062	1
5.16	19	4.3589	1.18966e-024	1.18966e-024	2.75556e-061	1
5.17	27	5.19615	1.85859e-024	1.85859e-024	6.02453e-061	1
5.19	25	5	4.51486e-024	4.51486e-024	2.86159e-060	1
5.21	21	4.58258	1.08985e-023	1.08985e-023	1.34784e-059	1
5.22	21	4.58258	1.68928e-023	1.68928e-023	2.91599e-059	1
5.24	31	5.56776	4.03938e-023	4.03938e-023	1.35625e-058	1
5.25	21	4.58258	6.23153e-023	6.23153e-023	2.91571e-058	1
5.27	27	5.19615	1.47604e-022	1.47604e-022	1.33912e-057	1
5.29	17	4.12311	3.47428e-022	3.47428e-022	6.09871e-057	1
5.3	17	4.12311	5.31766e-022	5.31766e-022	1.29741e-056	1
5.32	20	4.47214	1.23987e-021	1.23987e-021	5.83471e-056	1
5.33	21	4.58258	1.88877e-021	1.88877e-021	1.23344e-055	1
5.35	20	4.47214	4.36241e-021	4.36241e-021	5.47748e-055	1
5.36	26	5.09902	6.61413e-021	6.61413e-021	1.15065e-054	1
5.38	23	4.79583	1.51325e-020	1.51325e-020	5.04572e-054	1
5.4	25	5	3.44042e-020	3.44042e-020	2.19408e-053	1
5.41	16	4	5.17528e-020	5.17528e-020	4.56086e-053	1
5.43	23	4.79583	1.16553e-019	1.16553e-019	1.95838e-052	1
5.44	19	4.3589	1.74499e-019	1.74499e-019	4.0453e-052	1
5.46	26	5.09902	3.89292e-019	3.89292e-019	1.71523e-051	1
5.48	30	5.47723	8.63014e-019	8.63014e-019	7.21171e-051	1
5.49	22	4.69042	1.28192e-018	1.28192e-018	1.4741e-050	1
5.51	23	4.79583	2.81511e-018	2.81511e-018	6.12018e-050	1
5.52	33	5.74456	4.16184e-018	4.16184e-018	1.24312e-049	1
5.54	21	4.58258	9.05338e-018	9.05338e-018	5.09649e-049	1
5.55	24	4.89898	1.33213e-017	1.33213e-017	1.02868e-048	1
5.57	21	4.58258	2.87053e-017	2.87053e-017	4.16446e-048	1
5.59	18	4.24264	6.14666e-017	6.14666e-017	1.6718e-047	1
5.6	20	4.47214	8.97326e-017	8.97326e-017	3.33909e-047	1
5.62	28	5.2915	1.90335e-016	1.90335e-016	1.32365e-046	1
5.63	22	4.69042	2.76551e-016	2.76551e-016	2.6271e-046	1
5.65	27	5.19615	5.81078e-016	5.81078e-016	1.02836e-045	1
5.67	10	3.16228	1.21326e-015	1.21326e-015	3.9917e-045	1
5.68	18	4.24264	1.74899e-015	1.74899e-015	7.83962e-045	1
5.7	27	5.19615	3.61741e-015	3.61741e-015	3.00489e-044	1
5.71	26	5.09902	5.19011e-015	5.19011e-015	5.86444e-044	1
5.73	14	3.74166	1.06336e-014	1.06336e-014	2.21963e-043	1
5.74	38	6.16441	1.51846e-014	1.51846e-014	4.30466e-043	1
5.76	27	5.19615	3.08174e-014	3.08174e-014	1.60885e-042	1
5.78	27	5.19615	6.21512e-014	6.21512e-014	5.96262e-042	1
5.79	20	4.47214	8.80541e-014	8.80541e-014	1.14427e-041	1
5.81	30	5.47723	1.75912e-013	1.75912e-013	4.18766e-041	1
5.82	17	4.12311	2.4805e-013	2.4805e-013	7.98589e-041	1
5.84	33	5.74456	4.90881e-013	4.90881e-013	2.88594e-040	1
5.85	16	4	6.88918e-013	6.88918e-013	5.46889e-040	1
5.87	27	5.19615	1.3505e-012	1.3505e-012	1.95156e-039	1
5.89	32	5.65685	2.63077e-012	2.63077e-012	6.9058e-039	1
5.9	25	5	3.66311e-012	3.66311e-012	1.29497e-038	1
5.92	25	5	7.06853e-012	7.06853e-012	4.52493e-038	1
5.93	30	5.47723	9.79584e-012	9.79584e-012	8.43175e-038	1
5.95	42	6.48074	1.87246e-011	1.87246e-011	2.90931e-037	1
5.97	30	5.47723	3.55667e-011	3.55667e-011	9.95427e-037	1
5.98	36	6	4.89026e-011	4.89026e-011	1.83548e-036	1
6	27	5.19615	9.2014e-011	9.2014e-011	6.20139e-036	1
6.01	33	5.74456	1.25918e-010	1.25918e-010	1.13629e-035	1
6.03	29	5.38516	2.34694e-010	2.34694e-010	3.79096e-035	1
6.04	37	6.08276	3.19655e-010	3.19655e-010	6.90256e-035	1
6.06	34	5.83095	5.90181e-010	5.90181e-010	2.274e-034	1
6.08	44	6.63325	1.08281e-009	1.08281e-009	7.42881e-034	1
6.09	43	6.55744	1.46321e-009	1.46321e-009	1.33848e-033	1
6.11	22	4.69042	2.65927e-009	2.65927e-009	4.31779e-033	1
6.12	41	6.40312	3.57655e-009	3.57655e-009	7.73065e-033	1
6.14	46	6.78233	6.4389e-009	6.4389e-009	2.46255e-032	1
6.16	30	5.47723	1.15191e-008	1.15191e-008	7.7786e-032	1
6.17	47	6.85565	1.53708e-008	1.53708e-008	1.37813e-031	1
6.19	42	6.48074	2.72393e-008	2.72393e-008	4.29859e-031	1
6.2	53	7.28011	3.61759e-008	3.61759e-008	7.56789e-031	1
6.22	39	6.245	6.35052e-008	6.35052e-008	2.33095e-030	1
6.23	45	6.7082	8.39417e-008	8.39417e-008	4.07794e-030	1
6.25	52	7.2111	1.45969e-007	1.45969e-007	1.24028e-029	1
6.27	37	6.08276	2.52233e-007	2.52233e-007	3.74062e-029	1
6.28	49	7	3.30785e-007	3.30785e-007	6.47569e-029	1
6.3	48	6.9282	5.66213e-007	5.66213e-007	1.92855e-028	1
6.31	31	5.56776	7.39042e-007	7.39042e-007	3.31768e-028	1
6.33	59	7.68115	1.25312e-006	1.25312e-006	9.75665e-028	1
6.35	48	6.9282	2.11144e-006	2.11144e-006	2.84521e-027	1
6.36	34	5.83095	2.73429e-006	2.73429e-006	4.8434e-027	1
6.38	44	6.63325	4.56375e-006	4.56375e-006	1.39471e-026	1
6.39	52	7.2111	5.8821e-006	5.8821e-006	2.35929e-026	1
6.41	48	6.9282	9.72525e-006	9.72525e-006	6.70865e-026	1
6.42	52	7.2111	1.24755e-005	1.24755e-005	1.1277e-025	1
6.44	59	7.68115	2.04322e-005	2.04322e-005	3.16641e-025	1
6.46	57	7.54983	3.32534e-005	3.32534e-005	8.81634e-025	1
6.47	54	7.34847	4.23222e-005	4.23222e-005	1.46649e-024	1
6.49	43	6.55744	6.82306e-005	6.82306e-005	4.03201e-024	1
6.5	45	6.7082	8.64286e-005	8.64286e-005	6.66458e-024	1
6.52	44	6.63325	0.000138026	0.000138026	1.80941e-023	1
6.54	42	6.48074	0.000219039	0.000219039	4.87131e-023	1
6.55	50	7.07107	0.000275281	0.000275281	7.96766e-023	1
6.57	58	7.61577	0.000432743	0.000432743	2.11817e-022	1
6.58	42	6.48074	0.00054129	0.00054129	3.44276e-022	1
6.6	54	7.34847	0.000842897	0.000842897	9.03769e-022	1
6.61	40	6.32456	0.00104935	0.00104935	1.4597e-021	1
6.63	37	6.08276	0.00161866	0.00161866	3.78386e-021	1
6.65	37	6.08276	0.00248115	0.00248115	9.72642e-021	1
6.66	46	6.78233	0.0030646	0.0030646	1.55451e-020	1
6.68	44	6.63325	0.00465331	0.00465331	3.94577e-020	1
6.69	39	6.245	0.00572043	0.00572043	6.26659e-020	1
6.71	36	6	0.00860415	0.00860415	1.57069e-019	1
6.73	44	6.63325	0.0128602	0.0128602	3.90389e-019	1
6.74	27	5.19615	0.0156852	0.0156852	6.13523e-019	1
6.76	43	6.55744	0.0232232	0.0232232	1.50577e-018	1
6.77	37	6.08276	0.0281909	0.0281909	2.35154e-018	1
6.79	31	5.56776	0.0413458	0.0413458	5.69902e-018	1
6.8	31	5.56776	0.0499534	0.0499534	8.8441e-018	1
6.82	50	7.07107	0.0725736	0.0725736	2.11652e-017	1
6.84	37	6.08276	0.104774	0.104774	5.0227e-017	1
6.85	38	6.16441	0.125592	0.125592	7.71304e-017	1
6.87	29	5.38516	0.179609	0.179609	1.80743e-016	1
6.88	43	6.55744	0.214281	0.214281	2.7581e-016	1
6.9	41	6.40312	0.303556	0.303556	6.38213e-016	1
6.91	46	6.78233	0.360446	0.360446	9.67775e-016	1
6.93	36	6	0.50581	0.50581	2.21132e-015	1
6.95	41	6.40312	0.705335	0.705335	5.01043e-015	1
6.96	43	6.55744	0.830945	0.830945	7.51826e-015	1
6.98	42	6.48074	1.14781	1.14781	1.68214e-014	1
6.99	37	6.08276	1.34584	1.34584	2.50821e-014	1
7.01	36	6	1.84155	1.84155	5.54153e-014	1
7.03	35	5.91608	2.50401	2.50401	1.21407e-013	1
7.04	49	7	2.91296	2.91296	1.79134e-013	1
7.06	45	6.7082	3.92352	3.92352	3.87535e-013	1
7.07	48	6.9282	4.54276	4.54276	5.68208e-013	1
7.09	49	7	6.06113	6.06113	1.21384e-012	1
7.1	56	7.48331	6.98462	6.98462	1.76855e-012	1
7.12	34	5.83095	9.2314	9.2314	3.73071e-012	1
7.14	54	7.34847	12.1242	12.1242	7.80391e-012	1
7.15	50	7.07107	13.8618	13.8618	1.12513e-011	1
7.17	63	7.93725	18.0341	18.0341	2.32404e-011	1
7.18	62	7.87401	20.5213	20.5213	3.32963e-011	1
7.2	79	8.88819	26.4468	26.4468	6.79137e-011	1
7.22	77	8.77496	33.8689	33.8689	1.37362e-010	1
7.23	66	8.12404	38.2374	38.2374	1.94738e-010	1
7.25	74	8.60233	48.5074	48.5074	3.88938e-010	1
7.26	92	9.59166	54.5055	54.5055	5.47931e-010	1
7.28	77	8.77496	68.4938	68.4938	1.08063e-009	1
7.29	133	11.5326	76.6	76.6	1.5128e-009	1
7.31	122	11.0454	95.3522	95.3522	2.94613e-009	1
7.33	123	11.0905	117.949	117.949	5.68944e-009	1
7.34	157	12.53	130.872	130.872	7.88149e-009	1
7.36	187	13.6748	160.362	160.362	1.50296e-008	1
7.37	182	13.4907	177.093	177.093	2.06893e-008	1
7.39	227	15.0665	214.954	214.954	3.89587e-008	1
7.41	260	16.1245	259.269	259.269	7.27463e-008	1
7.42	304	17.4356	284.07	284.07	9.90932e-008	1
7.44	365	19.105	339.408	339.408	1.82713e-007	1
7.45	362	19.0263	370.121	370.121	2.47322e-007	1
7.47	460	21.4476	438.058	438.058	4.50309e-007	1
7.48	523	22.8692	475.443	475.443	6.05709e-007	1
7.5	514	22.6716	557.413	557.413	1.08901e-006	1
7.52	672	25.923	649.406	649.406	1.94154e-006	1
7.53	640	25.2982	699.293	699.293	2.58425e-006	1
7.55	766	27.6767	807.03	807.03	4.54955e-006	1
7.56	899	29.9833	864.924	864.924	6.01751e-006	1
7.58	923	30.3809	988.78	988.78	1.0461e-005	1
7.6	1064	32.619	1123.27	1123.27	1.80333e-005	1
7.61	1267	35.5949	1194.39	1194.39	2.36024e-005	1
7.63	1260	35.4965	1344.06	1344.06	4.01772e-005	1
7.64	1395	37.3497	1422.43	1422.43	5.22542e-005	1
7.66	1479	38.4578	1585.6	1585.6	8.78345e-005	1
7.67	1716	41.4246	1670.13	1670.13	0.000113519	1
7.69	1754	41.8808	1844.19	1844.19	0.000188422	1
7.71	1796	42.3792	2023.59	2023.59	0.00031013	1
7.72	2120	46.0435	2114.73	2114.73	0.000396624	1
7.74	2303	47.9896	2298.59	2298.59	0.000644631	1
7.75	2132	46.1736	2390.77	2390.77	0.000819232	1
7.77	2585	50.8429	2574.17	2574.17	0.0013148	1
7.79	2552	50.5173	2754.21	2754.21	0.00209247	1
7.8	2837	53.2635	2842.17	2842.17	0.00263141	1
7.82	2907	53.9166	3012.32	3012.32	0.00413532	1
7.83	3053	55.254	3093.85	3093.85	0.00516772	1
7.85	3220	56.745	3248.2	3248.19	0.00801936	1
7.86	3724	61.0246	3320.37	3320.36	0.00995842	1
7.88	3096	55.6417	3453.19	3453.17	0.0152599	1
7.9	3547	59.5567	3568.74	3568.72	0.0231878	1
7.91	3580	59.8331	3619.39	3619.36	0.0284934	1
7.93	3680	60.663	3705.29	3705.24	0.0427536	1
7.94	3863	62.153	3740.14	3740.09	0.0522056	1
7.96	3782	61.498	3792.86	3792.79	0.0773512	1
7.97	3935	62.7296	3810.48	3810.39	0.0938581	1
7.99	3820	61.8061	3827.82	3827.69	0.137322	1
8.01	3719	60.9836	3821.09	3820.89	0.199232	1
8.02	4174	64.6065	3808.72	3808.48	0.23922	1
8.04	3698	60.8112	3766.26	3765.92	0.342716	1
8.05	3825	61.8466	3736.37	3735.97	0.408915	1
8.07	3912	62.546	3660.01	3659.43	0.578484	1
8.09	3727	61.0492	3562.73	3561.92	0.811515	1
8.1	3674	60.6135	3506.8	3505.84	0.95814	1
8.12	4003	63.2693	3381.62	3380.3	1.32726	1
8.13	3120	55.857	3312.93	3311.38	1.55721	1
8.15	3263	57.1227	3164.86	3162.73	2.13007	1
8.16	3153	56.1516	3086.11	3083.62	2.4834	1
8.18	3087	55.5608	2920.82	2917.47	3.35439	1
8.2	2884	53.7029	2747.4	2742.91	4.49291	1
8.21	2563	50.6261	2658.48	2653.3	5.1834	1
8.23	2693	51.8941	2477.91	2471.06	6.85566	1
8.24	2348	48.4562	2386.91	2379.05	7.85953	1
8.26	2129	46.1411	2205.05	2194.78	10.2648	1
8.28	2111	45.9456	2025.35	2012.05	13.2939	1
8.29	1843	42.9302	1937.01	1921.93	15.0811	1
8.31	1820	42.6615	1764.61	1745.32	19.2866	1
8.32	1593	39.9124	1681.02	1659.27	21.7419	1
8.34	1466	38.2884	1520.07	1492.62	27.4562	1
8.35	1408	37.5233	1443.09	1412.33	30.7569	1
8.37	1333	36.5103	1296.87	1258.52	38.3536	1
8.39	1055	32.4808	1161.83	1114.4	47.426	1
8.4	1003	31.6702	1098.75	1046.18	52.5717	1
8.42	938	30.6268	981.845	917.653	64.1924	1
8.43	822	28.6705	928.118	857.409	70.7097	1
8.45	771	27.7669	830.251	744.993	85.2572	1
8.47	675	25.9808	745.184	643.247	101.936	1
8.48	684	26.1534	707.409	596.298	111.112	1
8.5	583	24.1454	641.195	510.011	131.183	1
8.51	557	23.6008	612.647	470.556	142.092	1
8.53	541	23.2594	564.331	398.675	165.656	1
8.54	538	23.1948	544.399	366.096	178.303	1
8.56	507	22.5167	512.518	307.251	205.267	1
8.58	564	23.7487	490.573	256.244	234.329	1
8.59	467	21.6102	483.037	233.457	249.58	1
8.61	482	21.9545	474.211	192.866	281.344	1
8.62	536	23.1517	472.657	174.886	297.771	1
8.64	480	21.9089	474.578	143.119	331.459	1
8.66	538	23.1948	482.255	116.386	365.869	1
8.67	533	23.0868	487.887	104.706	383.181	1
8.69	526	22.9347	502.004	84.3465	417.657	1
8.7	531	23.0434	510.193	75.5243	434.669	1
8.72	535	23.1301	528.103	60.2658	467.837	1
8.73	529	23	537.538	53.7077	483.831	1
8.75	567	23.8118	556.675	42.4534	514.222	1
8.77	590	24.2899	575.291	33.3464	541.945	1
8.78	580	24.0832	584.094	29.4843	554.609	1
8.8	547	23.388	600.122	22.9413	577.181	1
8.81	665	25.7876	607.143	20.1885	586.955	1
8.83	586	24.2074	618.745	15.5605	603.184	1
8.85	658	25.6515	626.589	11.918	614.671	1
8.86	632	25.1396	628.947	10.4056	618.541	1
8.88	719	26.8142	630.312	7.89472	622.417	1
8.89	500	22.3607	629.258	6.86033	622.398	1
8.91	562	23.7065	623.602	5.15593	618.446	1
8.92	626	25.02	618.997	4.45924	614.538	1
8.94	583	24.1454	606.3	3.31981	602.98	1
8.96	607	24.6374	589.14	2.456	586.684	1
8.97	560	23.6643	578.986	2.10745	576.879	1
8.99	565	23.7697	555.795	1.54441	554.251	1
9	605	24.5967	542.88	1.31898	541.561	1
9.02	486	22.0454	514.752	0.957489	513.794	1
9.03	534	23.1084	499.688	0.813869	498.874	1
9.05	454	21.3073	467.947	0.585251	467.362	1
9.07	446	21.1187	434.592	0.418206	434.173	1
9.08	409	20.2237	417.508	0.352685	417.156	1
9.1	396	19.8997	382.923	0.249647	382.674	1
9.11	363	19.0526	365.572	0.209541	365.362	1
9.13	394	19.8494	331.106	0.146926	330.959	1
9.15	293	17.1172	297.387	0.102374	297.285	1
9.16	263	16.2173	280.953	0.0852526	280.868	1
9.18	235	15.3297	249.186	0.0588423	249.127	1
9.19	265	16.2788	233.938	0.0487701	233.889	1
9.21	181	13.4536	204.889	0.0333447	204.856	1
9.22	159	12.6095	191.144	0.0275066	191.117	1
9.24	175	13.2288	165.313	0.0186295	165.294	1
9.26	139	11.7898	141.776	0.0125379	141.764	1
9.27	131	11.4455	130.883	0.0102615	130.872	1
9.29	122	11.0454	110.841	0.00684112	110.835	1
9.3	106	10.2956	101.682	0.00557261	101.676	1
9.32	88	9.38083	85.0326	0.00368015	85.0289	1
9.34	68	8.24621	70.5142	0.00241509	70.5118	1
9.35	59	7.68115	64.0107	0.00195182	64.0087	1
9.37	50	7.07107	52.4161	0.00126882	52.4149	1
9.38	52	7.2111	47.2826	0.00102059	47.2816	1
9.4	37	6.08276	38.2327	0.000657208	38.2321	1
9.41	36	6	34.2715	0.00052614	34.2709	1
9.43	38	6.16441	27.3645	0.000335616	27.3642	1
9.45	27	5.19615	21.6666	0.000212738	21.6664	1
9.46	19	4.3589	19.2186	0.000168974	19.2184	1
9.48	21	4.58258	15.0261	0.000106099	15.0259	1
9.49	15	3.87298	13.2445	8.38748e-005	13.2445	1
9.51	10	3.16228	10.2254	5.21694e-005	10.2254	1
9.53	4	2	7.82838	3.22449e-005	7.82835	1
9.54	6	2.44949	6.82807	2.52905e-005	6.82804	1
9.56	3	1.73205	5.1619	1.54844e-005	5.16189	1
9.57	9	3	4.474	1.20874e-005	4.47399	1
9.59	7	2.64575	3.33986	7.33098e-006	3.33985	1
9.6	2	1.41421	2.87657	5.69572e-006	2.87656	1
9.62	3	1.73205	2.12045	3.4219e-006	2.12044	1
9.64	8	2.82843	1.54999	2.0429e-006	1.54998	1
9.65	2	1.41421	1.32102	1.57474e-006	1.32101	1
9.67	7	2.64575	0.953518	9.31279e-007	0.953517	1
9.68	2	1.41421	0.80755	7.14477e-007	0.807549	1
9.7	4	2	0.575587	4.18552e-007	0.575586	1
9.72	1	1	0.406817	2.43653e-007	0.406817	1
9.73	4	2	0.340936	1.85463e-007	0.340936	1
9.75	1	1	0.237948	1.06947e-007	0.237948	1
9.76	4	2	0.19816	8.10213e-008	0.19816	1
9.78	4	2	0.136567	4.62811e-008	0.136567	1
9.79	2	1.41421	0.113016	3.48963e-008	0.113016	1
9.81	3	1.73205	0.0769115	1.97458e-008	0.0769115	1
9.83	4	2	0.0519025	1.11028e-008	0.0519025	1
9.84	1	1	0.0425028	8.30583e-009	0.0425028	1
9.86	4	2	0.0283227	4.62627e-009	0.0283227	1
9.87	3	1.73205	0.0230475	3.44451e-009	0.0230475	1
9.89	3	1.73205	0.0151657	1.90049e-009	0.0151657	1
9.91	4	2	0.00989572	1.042e-009	0.00989572	1
9.92	2	1.41421	0.00796838	7.6973e-010	0.00796838	1
9.94	4	2	0.00513424	4.18051e-010	0.00513424	1
9.95	2	1.41421	0.00410827	3.0736e-010	0.00410827	1
9.97	1	1	0.00261388	1.6536e-010	0.00261388	1
9.98	2	1.41421	0.0020784	1.21002e-010	0.0020784	1
10	2	1.41421	0.0013058	6.44861e-011	0.0013058	1
10.02	2	1.41421	0.000813523	3.41507e-011	0.000813523	1
10.03	2	1.41421	0.000640098	2.47936e-011	0.000640098	1
10.05	3	1.73205	0.000393787	1.30066e-011	0.000393787	1
10.06	3	1.73205	0.000307892	9.39831e-012	0.000307892	1
10.08	2	1.41421	0.00018704	4.88389e-012	0.00018704	1
10.1	1	1	0.000112672	2.52198e-012	0.000112672	1
10.11	3	1.73205	8.7174e-005	1.80802e-012	8.7174e-005	1
10.13	1	1	5.18549e-005	9.2485e-013	5.18549e-005	1
10.14	2	1.41421	3.98677e-005	6.599e-013	3.98677e-005	1
10.16	7	2.64575	2.34177e-005	3.34378e-013	2.34177e-005	1
10.17	6	2.44949	1.78911e-005	2.3746e-013	1.78911e-005	1
10.19	3	1.73205	1.03772e-005	1.1919e-013	1.03772e-005	1
10.21	0	1	5.96858e-006	5.94498e-014	5.96858e-006	1
10.22	4	2	4.51228e-006	4.1887e-014	4.51228e-006	1
10.24	2	1.41421	2.56276e-006	2.06957e-014	2.56276e-006	1
10.25	7	2.64575	1.92528e-006	1.45129e-014	1.92528e-006	1
10.27	3	1.73205	1.07976e-006	7.1031e-015	1.07976e-006	1
10.28	2	1.41421	8.06068e-007	4.95755e-015	8.06068e-007	1
10.3	1	1	4.464e-007	2.40354e-015	4.464e-007	1
10.32	5	2.23607	2.45145e-007	1.15797e-015	2.45145e-007	1
10.33	2	1.41421	1.81094e-007	8.01848e-016	1.81094e-007	1
10.35	4	2	9.82027e-008	3.82673e-016	9.82027e-008	1
10.36	1	1	7.20881e-008	2.63736e-016	7.20881e-008	1
10.38	2	1.41421	3.86015e-008	1.2468e-016	3.86015e-008	1
10.4	2	1.41421	2.04971e-008	5.85713e-017	2.04971e-008	1
10.41	6	2.44949	1.4889e-008	4.00499e-017	1.4889e-008	1
10.43	1	1	7.80681e-009	1.86372e-017	7.80681e-009	1
10.44	4	2	5.63518e-009	1.26836e-017	5.63518e-009	1
10.46	6	2.44949	2.91767e-009	5.84674e-018	2.91767e-009	1
10.47	3	1.73205	2.09282e-009	3.96024e-018	2.09282e-009	1
10.49	4	2	1.06999e-009	1.80835e-018	1.06999e-009	1
10.51	5	2.23607	5.42472e-010	8.2055e-019	5.42472e-010	1
10.52	4	2	3.85039e-010	5.51428e-019	3.85039e-010	1
10.54	4	2	1.92762e-010	2.47858e-019	1.92762e-010	1
10.55	4	2	1.3596e-010	1.6578e-019	1.3596e-010	1
10.57	2	1.41421	6.72122e-011	7.38136e-020	6.72122e-011	1
10.59	3	1.73205	3.29483e-011	3.26589e-020	3.29483e-011	1
10.6	4	2	2.29961e-011	2.16724e-020	2.29961e-011	1
10.62	2	1.41421	1.11317e-011	9.49868e-021	1.11317e-011	1
10.63	6	2.44949	7.72045e-012	6.27356e-021	7.72045e-012	1
10.65	5	2.23607	3.69036e-012	2.72372e-021	3.69036e-012	1
10.66	1	1	2.54338e-012	1.79043e-021	2.54338e-012	1
10.68	4	2	1.20049e-012	7.70011e-022	1.20049e-012	1
10.7	3	1.73205	5.61889e-013	3.29076e-022	5.61889e-013	1
10.71	4	2	3.83201e-013	2.14619e-022	3.83201e-013	1
10.73	4	2	1.77109e-013	9.08572e-023	1.77109e-013	1
10.74	3	1.73205	1.20027e-013	5.89763e-023	1.20027e-013	1
10.76	2	1.41421	5.47788e-014	2.4732e-023	5.47788e-014	1
10.78	4	2	2.4791e-014	1.03063e-023	2.4791e-014	1
10.79	2	1.41421	1.66251e-014	6.63736e-024	1.66251e-014	1
10.81	0	1	7.42961e-015	2.73986e-024	7.42961e-015	1
10.82	6	2.44949	4.95105e-015	1.75618e-024	4.95105e-015	1
10.84	5	2.23607	2.18484e-015	7.18114e-025	2.18484e-015	1
10.85	3	1.73205	1.44681e-015	4.58119e-025	1.44681e-015	1
10.87	0	1	6.30455e-016	1.85564e-025	6.30455e-016	1
10.89	2	1.41421	2.72423e-016	7.46914e-026	2.72423e-016	1
10.9	2	1.41421	1.78513e-016	4.7275e-026	1.78513e-016	1
10.92	0	1	7.61692e-017	1.88495e-026	7.61692e-017	1
10.93	2	1.41421	4.95981e-017	1.18742e-026	4.95981e-017	1
10.95	3	1.73205	2.08976e-017	4.68991e-027	2.08976e-017	1
10.97	3	1.73205	8.73121e-018	1.84071e-027	8.73121e-018	1
10.98	2	1.41421	5.62592e-018	1.15045e-027	5.62592e-018	1
11	2	1.41421	2.32109e-018	4.47278e-028	2.32109e-018	1
11.01	0	1	1.48618e-018	2.78231e-028	1.48618e-018	1
11.03	0	1	6.05467e-019	1.07154e-028	6.05467e-019	1
11.04	4	2	3.85239e-019	6.63409e-029	3.85239e-019	1
11.06	1	1	1.54978e-019	2.5309e-029	1.54978e-019	1
11.08	2	1.41421	6.1824e-020	9.59463e-030	6.1824e-020	1
11.09	2	1.41421	3.89252e-020	5.89356e-030	3.89252e-020	1
11.11	1	1	1.53334e-020	2.21321e-030	1.53334e-020	1
11.12	2	1.41421	9.59339e-021	1.35306e-030	9.59339e-021	1
11.14	3	1.73205	3.73164e-021	5.03331e-031	3.73164e-021	1
11.16	2	1.41421	1.43938e-021	1.86059e-031	1.43938e-021	1
11.17	1	1	8.91133e-022	1.12855e-031	8.91133e-022	1
11.19	4	2	3.3942e-022	4.13247e-032	3.3942e-022	1
11.2	2	1.41421	2.08817e-022	2.49475e-032	2.08817e-022	1
11.22	4	2	7.85384e-023	9.0491e-033	7.85384e-023	1
11.23	2	1.41421	4.80143e-023	5.4371e-033	4.80143e-023	1
11.25	5	2.23607	1.78323e-023	1.95361e-033	1.78323e-023	1
11.27	0	1	6.56735e-024	6.97539e-034	6.56735e-024	1
11.28	3	1.73205	3.97294e-024	4.15821e-034	3.97294e-024	1
11.3	3	1.73205	1.44483e-024	1.47072e-034	1.44483e-024	1
11.31	3	1.73205	8.68558e-025	8.72594e-035	8.68558e-025	1
11.33	4	2	3.11906e-025	3.05721e-035	3.11906e-025	1
11.34	4	2	1.86323e-025	1.80532e-035	1.86323e-025	1
11.36	3	1.73205	6.60711e-026	6.26555e-036	6.60711e-026	1
11.38	3	1.73205	2.32329e-026	2.16085e-036	2.32329e-026	1
11.39	3	1.73205	1.37335e-026	1.26599e-036	1.37335e-026	1
11.41	3	1.73205	4.76862e-027	4.32499e-037	4.76862e-027	1
11.42	2	1.41421	2.80111e-027	2.52195e-037	2.80111e-027	1
11.44	1	1	9.60424e-028	8.53461e-038	9.60424e-028	1
11.46	7	2.64575	3.26545e-028	2.87006e-038	3.26545e-028	1
11.47	3	1.73205	1.89808e-028	1.66042e-038	1.89808e-028	1
11.49	4	2	6.37258e-029	5.53118e-039	6.37258e-029	1
11.5	2	1.41421	3.68083e-029	3.18486e-039	3.68083e-029	1
11.52	6	2.44949	1.2203e-029	1.05095e-039	1.2203e-029	1
11.53	4	2	7.0042e-030	6.0228e-040	7.0042e-030	1
11.55	2	1.41421	2.29298e-030	1.9687e-040	2.29298e-030	1
11.57	4	2	7.44371e-031	6.39472e-041	7.44371e-031	1
11.58	1	1	4.2278e-031	3.63593e-041	4.2278e-031	1
11.6	4	2	1.35526e-031	1.1699e-041	1.35526e-031	1
11.61	3	1.73205	7.64908e-032	6.62046e-042	7.64908e-032	1
11.63	2	1.41421	2.42125e-032	2.11015e-042	2.42125e-032	1
11.65	3	1.73205	7.60006e-033	6.68341e-043	7.60006e-033	1
11.66	4	2	4.24459e-033	3.75244e-043	4.24459e-033	1
11.68	1	1	1.31563e-033	1.17731e-043	1.31563e-033	1
11.69	1	1	7.30151e-034	6.57886e-044	7.30151e-034	1
11.71	3	1.73205	2.23476e-034	2.04465e-044	2.23476e-034	1
11.72	5	2.23607	1.23245e-034	1.13717e-044	1.23245e-034	1
11.74	2	1.41421	3.72485e-035	3.50093e-045	3.72485e-035	1
11.76	4	2	1.11634e-035	1.07103e-045	1.11634e-035	1
11.77	3	1.73205	6.09212e-036	5.90997e-046	6.09212e-036	1
11.79	2	1.41421	1.80291e-036	1.791e-046	1.80291e-036	1
11.8	0	1	9.77706e-037	9.83611e-047	9.77706e-037	1
11.82	2	1.41421	2.85717e-037	2.95274e-047	2.85717e-037	1
11.84	4	2	8.27961e-038	8.8082e-048	8.27961e-038	1
11.85	1	1	4.44301e-038	4.79945e-048	4.44301e-038	1
11.87	2	1.41421	1.27137e-038	1.41822e-048	1.27137e-038	1
11.88	1	1	6.77952e-039	7.6912e-049	6.77952e-039	1
11.9	3	1.73205	1.91564e-039	2.25133e-049	1.91564e-039	1
11.91	0	1	1.01508e-039	1.21516e-049	1.01508e-039	1
11.93	1	1	2.83229e-040	3.52346e-050	2.83229e-040	1
11.95	3	1.73205	7.83648e-041	1.01523e-050	7.83648e-041	1
11.96	5	2.23607	4.10906e-041	5.43672e-051	4.10906e-041	1
11.98	1	1	1.12265e-041	1.55176e-051	1.12265e-041	1
11.99	5	2.23607	5.84962e-042	8.27068e-052	5.84962e-042	1
12.01	1	1	1.57816e-042	2.33841e-052	1.57816e-042	1
12.03	3	1.73205	4.22204e-043	6.56991e-053	4.22204e-043	1
12.04	2	1.41421	2.1769e-043	3.47418e-053	2.1769e-043	1
12.06	2	1.41421	5.75082e-044	9.66903e-054	5.75082e-044	1
12.07	3	1.73205	2.9465e-044	5.08886e-054	2.9465e-044	1
12.09	1	1	7.68631e-045	1.40295e-054	7.68631e-045	1
12.1	1	1	3.9134e-045	7.34897e-055	3.9134e-045	1
12.12	1	1	1.00806e-045	2.00696e-055	1.00806e-045	1
12.14	5	2.23607	2.57494e-046	5.44644e-056	2.57494e-046	1
12.15	2	1.41421	1.29729e-046	2.83056e-056	1.29729e-046	1
12.17	4	2	3.27218e-047	7.60917e-057	3.27218e-047	1
12.18	3	1.73205	1.6382e-047	3.93588e-057	1.6382e-047	1
12.2	5	2.23607	4.08026e-048	1.04809e-057	4.08026e-048	1
12.22	2	1.41421	1.00776e-048	2.77342e-058	1.00776e-048	1
12.23	3	1.73205	4.99252e-049	1.4233e-058	4.99252e-049	1
12.25	1	1	1.21761e-049	3.73082e-059	1.21761e-049	1
12.26	4	2	5.99422e-050	1.90559e-059	5.99422e-050	1
12.28	2	1.41421	1.44358e-050	4.948e-060	1.44358e-050	1
12.29	5	2.23607	7.06197e-051	2.51537e-060	7.06197e-051	1
12.31	6	2.44949	1.6794e-051	6.46981e-061	1.6794e-051	1
12.33	8	2.82843	3.96034e-052	1.65365e-061	3.96034e-052	1
12.34	2	1.41421	1.91712e-052	8.34047e-062	1.91712e-052	1
12.36	2	1.41421	4.46424e-053	2.1117e-062	4.46424e-053	1
12.37	1	1	2.14747e-053	1.06005e-062	2.14747e-053	1
12.39	3	1.73205	4.93792e-054	2.65864e-063	4.93792e-054	1
12.4	3	1.73205	2.36038e-054	1.32831e-063	2.36038e-054	1
12.42	2	1.41421	5.35946e-055	3.30007e-064	5.35946e-055	1
12.44	2	1.41421	1.20672e-055	8.14719e-065	1.20672e-055	1
12.45	2	1.41421	5.70793e-056	4.03853e-065	5.70793e-056	1
12.47	2	1.41421	1.26907e-056	9.87641e-066	1.26907e-056	1
12.48	3	1.73205	5.9651e-057	4.87259e-066	5.9651e-057	1
12.5	1	1	1.30962e-057	1.18039e-066	1.30962e-057	1
12.52	5	2.23607	2.85113e-058	2.84155e-067	2.85113e-058	1
12.53	4	2	1.32612e-058	1.39089e-067	1.32612e-058	1
12.55	5	2.23607	2.85087e-059	3.31674e-068	2.85087e-059	1
12.56	3	1.73205	1.31767e-059	1.61582e-068	1.31767e-059	1
12.58	1	1	2.79717e-060	3.81684e-069	2.79717e-060	1
12.59	6	2.44949	1.28472e-060	1.85068e-069	1.28472e-060	1
12.61	3	1.73205	2.69304e-061	4.33045e-070	2.69304e-061	1
12.63	2	1.41421	5.59789e-062	1.00692e-070	5.59789e-062	1
12.64	3	1.73205	2.54416e-062	4.84394e-071	2.54416e-062	1
12.66	6	2.44949	5.22213e-063	1.11571e-071	5.22213e-063	1
12.67	2	1.41421	2.35846e-063	5.34197e-072	2.35846e-063	1
12.69	1	1	4.78027e-064	1.21884e-072	4.78027e-064	1
12.71	2	1.41421	9.60777e-065	2.76344e-073	9.60777e-065	1
12.72	3	1.73205	4.29376e-065	1.31273e-073	4.29376e-065	1
12.74	3	1.73205	8.52175e-066	2.9483e-074	8.52175e-066	1
12.75	2	1.41421	3.78446e-066	1.39394e-074	3.78446e-066	1
12.77	4	2	7.41678e-067	3.10121e-075	7.41678e-067	1
12.78	5	2.23607	3.27304e-067	1.45931e-075	3.27304e-067	1
12.8	3	1.73205	6.33407e-068	3.21607e-076	6.33407e-068	1
12.82	3	1.73205	1.21552e-068	7.04312e-077	1.21552e-068	1
12.83	4	2	5.30801e-069	3.28819e-077	5.30801e-069	1
12.85	4	2	1.00584e-069	7.13325e-078	1.00584e-069	1
12.86	3	1.73205	4.36476e-070	3.31456e-078	4.36476e-070	1
12.88	4	2	8.16734e-071	7.12274e-079	8.16734e-071	1
12.9	1	1	1.51547e-071	1.521e-079	1.51547e-071	1
12.91	3	1.73205	6.50746e-072	7.01202e-080	6.50746e-072	1
12.93	2	1.41421	1.19234e-072	1.48326e-080	1.19234e-072	1
12.94	2	1.41421	5.08772e-073	6.80575e-081	5.08772e-073	1
12.96	2	1.41421	9.20516e-074	1.42607e-081	9.20516e-074	1
12.97	6	2.44949	3.90315e-074	6.51247e-082	3.90315e-074	1
12.99	3	1.73205	6.97339e-075	1.35177e-082	6.97339e-075	1
13.01	3	1.73205	1.23543e-075	2.78816e-083	1.23543e-075	1
13.02	1	1	5.18368e-076	1.26328e-083	5.18368e-076	1
13.04	5	2.23607	9.06847e-077	2.58111e-084	9.06847e-077	1
13.05	3	1.73205	3.78105e-077	1.16395e-084	3.78105e-077	1
13.07	2	1.41421	6.53174e-078	2.35576e-085	6.53174e-078	1
13.09	3	1.73205	1.1189e-078	4.73796e-086	1.1189e-078	1
13.1	3	1.73205	4.61642e-079	2.11979e-086	4.61642e-079	1
13.12	1	1	7.80889e-080	4.22322e-087	7.80889e-080	1
13.13	9	3	3.20156e-080	1.88058e-087	3.20156e-080	1
13.15	3	1.73205	5.3477e-081	3.71137e-088	5.3477e-081	1
13.16	3	1.73205	2.17871e-081	1.64485e-088	2.17871e-081	1
13.18	1	1	3.59356e-082	3.21559e-089	3.59356e-082	1
13.2	4	2	5.87757e-083	6.24675e-090	5.87757e-083	1
13.21	6	2.44949	2.36954e-083	2.74678e-090	2.36954e-083	1
13.23	2	1.41421	3.82699e-084	5.28577e-091	3.82699e-084	1
13.24	2	1.41421	1.53315e-084	2.31325e-091	1.53315e-084	1
13.26	2	1.41421	2.4451e-085	4.4096e-092	2.4451e-085	1
13.28	7	2.64575	3.86686e-086	8.35287e-093	3.86686e-086	1
13.29	2	1.41421	1.53292e-086	3.62683e-093	1.53292e-086	1
13.31	4	2	2.39387e-087	6.80541e-094	2.39387e-087	1
13.32	7	2.64575	9.4302e-088	2.94097e-094	9.43019e-088	1
13.34	6	2.44949	1.45419e-088	5.46651e-095	1.45419e-088	1
13.35	6	2.44949	5.69251e-089	2.35121e-095	5.69251e-089	1
13.37	6	2.44949	8.66814e-090	4.32915e-096	8.66814e-090	1
13.39	4	2	1.30887e-090	7.92087e-097	1.30887e-090	1
13.4	1	1	5.07003e-091	3.38011e-097	5.07002e-091	1
13.42	2	1.41421	7.55963e-092	6.12622e-098	7.55962e-092	1
13.43	3	1.73205	2.90988e-092	2.60194e-098	2.90988e-092	1
13.45	3	1.73205	4.28436e-093	4.67143e-099	4.28436e-093	1
13.46	4	2	1.63878e-093	1.97469e-099	1.63878e-093	1
13.48	0	1	2.38261e-094	3.51191e-100	2.3826e-094	1
13.5	1	1	3.43503e-095	6.20652e-101	3.43503e-095	1
13.51	5	2.23607	1.30017e-095	2.60299e-101	1.30017e-095	1
13.53	3	1.73205	1.85097e-096	4.5569e-102	1.85096e-096	1
13.54	3	1.73205	6.96191e-097	1.90213e-102	6.96189e-097	1
13.56	1	1	9.78696e-098	3.29858e-103	9.78693e-098	1
13.58	0	1	1.36431e-098	5.68427e-104	1.36431e-098	1
13.59	4	2	5.07783e-099	2.35408e-104	5.07781e-099	1
13.61	4	2	6.98981e-100	4.01847e-105	6.98977e-100	1
13.62	2	1.41421	2.58517e-100	1.65635e-105	2.58515e-100	1
13.64	4	2	3.51396e-101	2.80081e-106	3.51393e-101	1
13.65	4	2	1.29146e-101	1.149e-106	1.29145e-101	1
13.67	7	2.64575	1.73345e-102	1.92461e-107	1.73343e-102	1
13.69	4	2	2.30721e-103	3.2035e-108	2.30717e-103	1
13.7	2	1.41421	8.39082e-104	1.30388e-108	8.39069e-104	1
13.72	3	1.73205	1.10281e-104	2.14986e-109	1.10279e-104	1
13.73	6	2.44949	3.98548e-105	8.70905e-110	3.98539e-105	1
13.75	7	2.64575	5.17248e-106	1.42244e-110	5.17234e-106	1
13.77	7	2.64575	6.6568e-107	2.30866e-111	6.65657e-107	1
13.78	1	1	2.38056e-107	9.27887e-112	2.38047e-107	1
13.8	4	2	3.02529e-108	1.4918e-112	3.02514e-108	1
13.81	4	2	1.07508e-108	5.9675e-113	1.07502e-108	1
13.83	1	1	1.34913e-109	9.50385e-114	1.34903e-109	1
13.84	7	2.64575	4.76418e-110	3.78378e-114	4.7638e-110	1
13.86	2	1.41421	5.90368e-111	5.96931e-115	5.90308e-111	1
13.88	4	2	7.25448e-112	9.35801e-116	7.25355e-112	1
13.89	3	1.73205	2.53501e-112	3.69646e-116	2.53464e-112	1
13.91	6	2.44949	3.07602e-113	5.74032e-117	3.07545e-113	1
13.92	5	2.23607	1.06814e-113	2.25675e-117	1.06791e-113	1
13.94	3	1.73205	1.27987e-114	3.47157e-118	1.27952e-114	1
13.96	2	1.41421	1.52076e-115	5.30674e-119	1.52022e-115	1
13.97	6	2.44949	5.22564e-116	2.06991e-119	5.22357e-116	1
13.99	8	2.82843	6.13155e-117	3.13433e-120	6.12842e-117	1
14	3	1.73205	2.09373e-117	1.21679e-120	2.09252e-117	1
14.02	6	2.44949	2.42603e-118	1.82515e-121	2.42421e-118	1
14.03	0	1	8.23232e-119	7.05203e-122	8.22527e-119	1
14.05	3	1.73205	9.42009e-120	1.04783e-122	9.40961e-120	1
14.07	1	1	1.06898e-120	1.54713e-123	1.06743e-120	1
14.08	2	1.41421	3.58982e-121	5.93085e-124	3.58389e-121	1
14.1	8	2.82843	4.02329e-122	8.6745e-125	4.01462e-122	1
14.11	3	1.73205	1.34274e-122	3.30964e-125	1.33943e-122	1
14.13	3	1.73205	1.48639e-123	4.79512e-126	1.48159e-123	1
14.15	2	1.41421	1.63202e-124	6.90365e-127	1.62512e-124	1
14.16	1	1	5.39143e-125	2.61331e-127	5.36529e-125	1
14.18	2	1.41421	5.84854e-126	3.72702e-128	5.81127e-126	1
14.19	5	2.23607	1.92055e-126	1.40417e-128	1.90651e-126	1
14.21	4	2	2.05893e-127	1.98372e-129	2.0391e-127	1
14.22	0	1	6.72201e-128	7.43849e-130	6.64763e-128	1
14.24	3	1.73205	7.12487e-129	1.04097e-130	7.02077e-129	1
14.26	3	1.73205	7.49752e-130	1.44761e-131	7.35276e-130	1
14.27	1	1	2.42585e-130	5.38556e-132	2.37199e-130	1
14.29	4	2	2.5272e-131	7.41883e-133	2.45301e-131	1
14.3	5	2.23607	8.13832e-132	2.74701e-133	7.86362e-132	1
14.32	1	1	8.40509e-133	3.74849e-134	8.03024e-133	1
14.34	4	2	8.64001e-134	5.08291e-135	8.13172e-134	1
14.35	3	1.73205	2.76625e-134	1.8673e-135	2.57952e-134	1
14.37	2	1.41421	2.83019e-135	2.5082e-136	2.57937e-135	1
14.38	2	1.41421	9.04783e-136	9.17082e-137	8.13075e-136	1
14.4	4	2	9.24858e-137	1.22024e-137	8.02833e-137	1
14.41	3	1.73205	2.95885e-137	4.44057e-138	2.5148e-137	1
14.43	1	1	3.03727e-138	5.85287e-139	2.45199e-138	1
14.45	4	2	3.1373e-139	7.66584e-140	2.37072e-139	1
14.46	2	1.41421	1.01161e-139	2.76776e-140	7.34838e-140	1
14.48	2	1.41421	1.06067e-140	3.59095e-141	7.01575e-141	1
14.49	3	1.73205	3.45135e-141	1.2904e-141	2.16096e-141	1
14.51	0	1	3.6957e-142	1.65843e-142	2.03727e-142	1
14.53	1	1	4.0226e-143	2.11802e-143	1.90458e-143	1
14.54	2	1.41421	1.33563e-143	7.55126e-144	5.80504e-144	1
14.56	2	1.41421	1.4912e-144	9.5531e-145	5.3589e-145	1
14.57	3	1.73205	5.01293e-145	3.38984e-145	1.62309e-145	1
14.59	5	2.23607	5.72767e-146	4.24811e-146	1.47956e-146	1
14.6	3	1.73205	1.9456e-146	1.50029e-146	4.45306e-147	1
14.62	0	1	2.26328e-147	1.86244e-147	4.0084e-148	1
14.64	2	1.41421	2.65527e-148	2.29748e-148	3.57791e-149	1
14.65	2	1.41421	9.11581e-149	8.05022e-149	1.06559e-149	1
14.67	2	1.41421	1.07763e-149	9.83709e-150	9.39224e-151	1
14.68	1	1	3.70856e-150	3.43059e-150	2.77964e-151	1
14.7	1	1	4.39452e-151	4.15259e-151	2.4193e-152	1
14.71	1	1	1.51249e-151	1.44134e-151	7.11491e-153	1
14.73	5	2.23607	1.7894e-152	1.72826e-152	6.11492e-154	1
14.75	2	1.41421	2.11137e-153	2.05925e-153	5.21145e-155	1
14.76	4	2	7.24309e-154	7.09143e-154	1.5166e-155	1
14.78	3	1.73205	8.49766e-155	8.37003e-155	1.27632e-156	1
14.79	4	2	2.90568e-155	2.86877e-155	3.69092e-157	1
14.81	1	1	3.38481e-156	3.35413e-156	3.06721e-158	1
14.83	2	1.41421	3.92223e-157	3.89695e-157	2.52755e-159	1
14.84	2	1.41421	1.3324e-157	1.32517e-157	7.23282e-160	1
14.86	3	1.73205	1.53101e-158	1.52513e-158	5.88551e-161	1
14.87	2	1.41421	5.17849e-159	5.16176e-159	1.6736e-161	1
14.89	2	1.41421	5.89815e-160	5.88471e-160	1.34478e-162	1
14.9	1	1	1.98606e-160	1.98226e-160	3.79995e-163	1
14.92	1	1	2.24163e-161	2.23862e-161	3.01506e-164	1
14.94	1	1	2.5146e-162	2.51223e-162	2.37225e-165	1
14.95	2	1.41421	8.40261e-163	8.39597e-163	6.6332e-166	1
14.97	1	1	9.33858e-164	9.33343e-164	5.15357e-167	1
14.98	2	1.41421	3.10599e-164	3.10455e-164	1.43196e-167	1
15	1	1	3.4198e-165	3.4187e-165	1.09859e-168	1
15.02	1	1	3.74179e-166	3.74096e-166	8.35775e-170	1
15.03	3	1.73205	1.2348e-166	1.23457e-166	2.29798e-170	1
15.05	2	1.41421	1.3384e-167	1.33823e-167	1.72631e-171	1
15.06	1	1	4.39598e-168	4.39551e-168	4.71667e-172	1
15.08	3	1.73205	4.72004e-169	4.71969e-169	3.49889e-173	1
15.09	4	2	1.543e-169	1.5429e-169	9.49963e-174	1
15.11	4	2	1.64117e-170	1.6411e-170	6.95859e-175	1
15.13	5	2.23607	1.73461e-171	1.73456e-171	5.05455e-176	1
15.14	1	1	5.62603e-172	5.62589e-172	1.35798e-176	1
15.16	0	1	5.89041e-173	5.89032e-173	9.74037e-178	1
15.17	4	2	1.90148e-173	1.90145e-173	2.60044e-178	1
15.19	3	1.73205	1.97209e-174	1.97208e-174	1.84183e-179	1
15.21	2	1.41421	2.03248e-175	2.03246e-175	1.2936e-180	1
15.22	5	2.23607	6.5095e-176	6.50947e-176	3.41746e-181	1
15.24	2	1.41421	6.64565e-177	6.64563e-177	2.37014e-182	1
15.25	4	2	2.11839e-177	2.11838e-177	6.22213e-183	1
15.27	4	2	2.14233e-178	2.14233e-178	4.26118e-184	1
15.28	3	1.73205	6.79672e-179	6.79671e-179	1.11162e-184	1
15.3	7	2.64575	6.80882e-180	6.80882e-180	7.51738e-186	1
15.32	2	1.41421	6.77806e-181	6.77805e-181	5.04109e-187	1
15.33	1	1	2.13351e-181	2.13351e-181	1.30132e-187	1
15.35	2	1.41421	2.10387e-182	2.10387e-182	8.61714e-189	1
15.36	5	2.23607	6.59105e-183	6.59104e-183	2.21046e-189	1
15.38	3	1.73205	6.43828e-184	6.43828e-184	1.44538e-190	1
15.4	3	1.73205	6.24952e-185	6.24952e-185	9.37192e-192	1
15.41	4	2	1.94248e-185	1.94248e-185	2.37893e-192	1
15.43	2	1.41421	1.86778e-186	1.86778e-186	1.52317e-193	1
15.44	3	1.73205	5.77805e-187	5.77805e-187	3.84204e-194	1
15.46	2	1.41421	5.50352e-188	5.50352e-188	2.42912e-195	1
15.47	4	2	1.6945e-188	1.6945e-188	6.08869e-196	1
15.49	6	2.44949	1.59879e-189	1.59879e-189	3.8013e-197	1
15.51	3	1.73205	1.499e-190	1.499e-190	2.35335e-198	1
15.52	4	2	4.57911e-191	4.57911e-191	5.83707e-199	1
15.54	2	1.41421	4.25287e-192	4.25287e-192	3.56837e-200	1
15.55	2	1.41421	1.29302e-192	1.29302e-192	8.79505e-201	1
15.57	3	1.73205	1.18959e-193	1.18959e-193	5.30927e-202	1
15.59	7	2.64575	1.08756e-194	1.08756e-194	3.17817e-203	1
15.6	4	2	3.28059e-195	3.28059e-195	7.75139e-204	1
15.62	1	1	2.97096e-196	2.97096e-196	4.58188e-205	1
15.63	3	1.73205	8.91953e-197	8.91953e-197	1.11047e-205	1
15.65	4	2	8.00162e-198	8.00162e-198	6.48171e-207	1
15.66	3	1.73205	2.39094e-198	2.39094e-198	1.56103e-207	1
15.68	3	1.73205	2.12469e-199	2.12469e-199	8.9974e-209	1
15.7	1	1	1.87622e-200	1.87622e-200	5.14244e-210	1
15.71	6	2.44949	5.56224e-201	5.56224e-201	1.22553e-210	1
15.73	2	1.41421	4.86552e-202	4.86552e-202	6.91668e-212	1
15.74	3	1.73205	1.43563e-202	1.43563e-202	1.638e-212	1
15.76	4	2	1.24397e-203	1.24397e-203	9.12866e-214	1
15.77	3	1.73205	3.65316e-204	3.65316e-204	2.14824e-214	1
15.79	2	1.41421	3.13567e-205	3.13567e-205	1.18222e-215	1
15.81	4	2	2.67456e-206	2.67456e-206	6.45146e-217	1
15.82	6	2.44949	7.79266e-207	7.79266e-207	1.50234e-217	1
15.84	2	1.41421	6.58414e-208	6.58414e-208	8.09561e-219	1
15.85	2	1.41421	1.90932e-208	1.90932e-208	1.87336e-219	1
15.87	3	1.73205	1.59802e-209	1.59802e-209	9.96832e-221	1
15.89	4	2	1.32907e-210	1.32907e-210	5.25982e-222	1
15.9	3	1.73205	3.82386e-211	3.82386e-211	1.20441e-222	1
15.92	3	1.73205	3.15035e-212	3.15035e-212	6.27545e-224	1
15.93	5	2.23607	9.02109e-213	9.02109e-213	1.42794e-224	1
15.95	1	1	7.36218e-214	7.36218e-214	7.34682e-226	1
15.96	4	2	2.09823e-214	2.09823e-214	1.66121e-226	1
15.98	4	2	1.69625e-215	1.69625e-215	8.43985e-228	1
16	5	2.23607	1.36267e-216	1.36267e-216	4.25199e-229	1
16.01	1	1	3.85312e-217	3.85312e-217	9.51374e-230	1
16.03	2	1.41421	3.06621e-218	3.06621e-218	4.73292e-231	1
16.04	2	1.41421	8.6292e-219	8.6292e-219	1.05232e-231	1
16.06	2	1.41421	6.80224e-220	6.80224e-220	5.16948e-233	1
16.08	2	1.41421	5.32836e-221	5.32836e-221	2.51821e-234	1
16.09	2	1.41421	1.48778e-221	1.48778e-221	5.54046e-235	1
16.11	1	1	1.15444e-222	1.15444e-222	2.66509e-236	1
16.12	3	1.73205	3.20819e-223	3.20819e-223	5.82673e-237	1
16.14	2	1.41421	2.46595e-224	2.46595e-224	2.76765e-238	1
16.15	5	2.23607	6.82055e-225	6.82055e-225	6.01292e-239	1
16.17	3	1.73205	5.1932e-226	5.1932e-226	2.82028e-240	1
16.19	2	1.41421	3.92926e-227	3.92926e-227	1.31174e-241	1
16.2	3	1.73205	1.07826e-227	1.07826e-227	2.82003e-242	1
16.22	2	1.41421	8.08145e-229	8.08145e-229	1.29518e-243	1
16.23	4	2	2.20722e-229	2.20722e-229	2.76692e-244	1
16.25	0	1	1.63872e-230	1.63872e-230	1.25485e-245	1
16.27	2	1.41421	1.20899e-231	1.20899e-231	5.64332e-247	1
16.28	1	1	3.27609e-232	3.27609e-232	1.19299e-247	1
16.3	2	1.41421	2.39423e-233	2.39423e-233	5.29784e-249	1
16.31	1	1	6.4572e-234	6.4572e-234	1.11291e-249	1
16.33	5	2.23607	4.67461e-235	4.67461e-235	4.88027e-251	1
16.34	1	1	1.25478e-235	1.25478e-235	1.01875e-251	1
16.36	1	1	8.99833e-237	8.99833e-237	4.41134e-253	1
16.38	6	2.44949	6.41232e-238	6.41232e-238	1.89418e-254	1
16.39	1	1	1.70771e-238	1.70771e-238	3.9127e-255	1
16.41	3	1.73205	1.20548e-239	1.20548e-239	1.65901e-256	1
16.42	2	1.41421	3.19525e-240	3.19525e-240	3.40537e-257	1
16.44	6	2.44949	2.23429e-241	2.23429e-241	1.42579e-258	1
16.46	1	1	1.55252e-242	1.55252e-242	5.91965e-260	1
16.47	2	1.41421	4.08279e-243	4.08279e-243	1.20239e-260	1
16.49	2	1.41421	2.81025e-244	2.81025e-244	4.92953e-262	1
16.5	1	1	7.35548e-245	7.35548e-245	9.94983e-263	1
16.52	0	1	5.01522e-246	5.01522e-246	4.02806e-264	1
16.53	2	1.41421	1.30648e-246	1.30648e-246	8.07917e-265	1
16.55	5	2.23607	8.82413e-248	8.82413e-248	3.22974e-266	1
16.57	2	1.41421	5.92246e-249	5.92246e-249	1.28031e-267	1
16.58	4	2	1.5307e-249	1.5307e-249	2.54109e-268	1
16.6	2	1.41421	1.01768e-250	1.01768e-250	9.94691e-270	1
16.61	4	2	2.61785e-251	2.61785e-251	1.96179e-270	1
16.63	2	1.41421	1.72408e-252	1.72408e-252	7.58301e-272	1
16.65	3	1.73205	1.12832e-253	1.12832e-253	2.90655e-273	1
16.66	1	1	2.87966e-254	2.87966e-254	5.67252e-274	1
16.68	3	1.73205	1.86684e-255	1.86684e-255	2.147e-275	1
16.69	1	1	4.742e-256	4.742e-256	4.16381e-276	1
16.71	3	1.73205	3.04521e-257	3.04521e-257	1.55621e-277	1
16.72	0	1	7.6987e-258	7.6987e-258	2.99907e-278	1
16.74	4	2	4.89739e-259	4.89739e-259	1.10684e-279	1
16.76	4	2	3.0958e-260	3.0958e-260	4.0507e-281	1
16.77	1	1	7.76513e-261	7.76513e-261	7.72471e-282	1
16.79	5	2.23607	4.86237e-262	4.86237e-262	2.79156e-283	1
16.8	5	2.23607	1.21386e-262	1.21386e-262	5.29006e-284	1
16.82	3	1.73205	7.52939e-264	7.52939e-264	1.88776e-285	1
16.83	2	1.41421	1.8708e-264	1.8708e-264	3.55483e-286	1
16.85	5	2.23607	1.1495e-265	1.1495e-265	1.25264e-287	1
16.87	2	1.41421	7.0186e-267	7.0186e-267	4.37703e-289	1
16.88	4	2	1.73019e-267	1.73019e-267	8.15617e-290	1
16.9	3	1.73205	1.04647e-268	1.04647e-268	2.81423e-291	1
16.91	2	1.41421	2.56754e-269	2.56754e-269	5.21108e-292	1
16.93	3	1.73205	1.5383e-270	1.5383e-270	1.77551e-293	1
16.95	1	1	9.15852e-272	9.15852e-272	5.99879e-295	1
16.96	2	1.41421	2.22941e-272	2.22941e-272	1.09917e-295	1
16.98	2	1.41421	1.31482e-273	1.31482e-273	3.66714e-297	1
16.99	4	2	3.1855e-274	3.1855e-274	6.6771e-298	1
17.01	2	1.41421	1.86099e-275	1.86099e-275	2.19974e-299	1
17.02	5	2.23607	4.48746e-276	4.48746e-276	3.98009e-300	1
17.04	3	1.73205	2.59692e-277	2.59692e-277	1.29478e-301	1
17.06	3	1.73205	1.49341e-278	1.49341e-278	4.17682e-303	1
17.07	0	1	3.57281e-279	3.57281e-279	7.47827e-304	1
17.09	2	1.41421	2.03526e-280	2.03526e-280	2.38217e-305	1
17.1	3	1.73205	4.84616e-281	4.84616e-281	4.23826e-306	1
17.12	4	2	2.73463e-282	2.73463e-282	1.33315e-307	1
17.14	1	1	1.53342e-283	1.53342e-283	4.15832e-309	1
17.15	2	1.41421	3.62256e-284	3.62256e-284	7.32095e-310	1
17.17	2	1.41421	2.01219e-285	2.01219e-285	2.25489e-311	1
17.18	3	1.73205	4.73116e-286	4.73116e-286	3.9449e-312	1
17.2	2	1.41421	2.60323e-287	2.60323e-287	1.19982e-313	1
17.21	0	1	6.09196e-288	6.09196e-288	2.08586e-314	1
17.23	2	1.41421	3.32041e-289	3.32041e-289	6.26446e-316	1
17.25	2	1.41421	1.79841e-290	1.79841e-290	1.86554e-317	1
17.26	0	1	4.17551e-291	4.17551e-291	3.20818e-318	1
17.28	3	1.73205	2.24025e-292	2.24025e-292	9.22766e-320	1
17.29	2	1.41421	5.17682e-293	5.17682e-293	1.53803e-320	1
17.31	3	1.73205	2.75132e-294	2.75132e-294	0	1
17.33	3	1.73205	1.45305e-295	1.45305e-295	0	1
17.34	5	2.23607	3.33137e-296	3.33137e-296	0	1
17.36	3	1.73205	1.74282e-297	1.74282e-297	0	1
17.37	3	1.73205	3.97687e-298	3.97687e-298	0	1
17.39	3	1.73205	2.06093e-299	2.06093e-299	0	1
17.4	3	1.73205	4.68054e-300	4.68054e-300	0	1
17.42	0	1	2.40275e-301	2.40275e-301	0	1
17.44	2	1.41421	1.22569e-302	1.22569e-302	0	1
17.45	1	1	2.76179e-303	2.76179e-303	0	1
17.47	0	1	1.39558e-304	1.39558e-304	0	1
17.48	2	1.41421	3.12976e-305	3.12976e-305	0	1
17.5	3	1.73205	1.56663e-306	1.56663e-306	0	1
17.52	0	1	7.7926e-308	7.7926e-308	0	1
17.53	3	1.73205	1.73386e-308	1.73386e-308	0	1
17.55	2	1.41421	8.5432e-310	8.5432e-310	0	1
17.56	1	1	1.8919e-310	1.8919e-310	0	1
17.58	2	1.41421	9.23413e-312	9.23413e-312	0	1
17.59	1	1	2.03525e-312	2.03525e-312	0	1
17.61	3	1.73205	9.84028e-314	9.84028e-314	0	1
17.63	1	1	4.72778e-315	4.72778e-315	0	1
17.64	2	1.41421	1.03385e-315	1.03385e-315	0	1
17.66	1	1	4.91956e-317	4.91956e-317	0	1
17.67	0	1	1.07054e-317	1.07054e-317	0	1
17.69	0	1	4.91768e-319	4.91768e-319	0	1
17.71	1	1	1.89128e-320	1.89128e-320	0	1
17.72	4	2	0	0	0	1
17.74	0	1	0	0	0	1
17.75	1	1	0	0	0	1
17.77	1	1	0	0	0	1
17.78	2	1.41421	0	0	0	1
17.8	5	2.23607	0	0	0	1
17.82	5	2.23607	0	0	0	1
17.83	1	1	0	0	0	1
17.85	0	1	0	0	0	1
17.86	1	1	0	0	0	1
17.88	0	1	0	0	0	1
17.89	1	1	0	0	0	1
17.91	0	1	0	0	0	1
17.93	2	1.41421	0	0	0	1
17.94	2	1.41421	0	0	0	1
17.96	1	1	0	0	0	1
17.97	1	1	0	0	0	1
17.99	1	1	0	0	0	1
18.01	0	1	0	0	0	1
18.02	2	1.41421	0	0	0	1
18.04	0	1	0	0	0	1
18.05	4	2	0	0	0	1
18.07	2	1.41421	0	0	0	1
18.08	1	1	0	0	0	1
18.1	1	1	0	0	0	1
18.12	1	1	0	0	0	1
18.13	1	1	0	0	0	1
18.15	2	1.41421	0	0	0	1
18.16	1	1	0	0	0	1
18.18	1	1	0	0	0	1
18.2	2	1.41421	0	0	0	1
18.21	1	1	0	0	0	1
18.23	0	1	0	0	0	1
18.24	0	1	0	0	0	1
18.26	0	1	0	0	0	1
18.27	1	1	0	0	0	1
18.29	3	1.73205	0	0	0	1
18.31	0	1	0	0	0	1
18.32	2	1.41421	0	0	0	1
18.34	3	1.73205	0	0	0	1
18.35	1	1	0	0	0	1
18.37	2	1.41421	0	0	0	1
18.39	0	1	0	0	0	1
18.4	1	1	0	0	0	1
18.42	0	1	0	0	0	1
18.43	2	1.41421	0	0	0	1
18.45	1	1	0	0	0	1
18.46	1	1	0	0	0	1
18.48	1	1	0	0	0	1
18.5	0	1	0	0	0	1
18.51	2	1.41421	0	0	0	1
18.53	2	1.41421	0	0	0	1
18.54	1	1	0	0	0	1
18.56	2	1.41421	0	0	0	1
18.58	1	1	0	0	0	1
18.59	0	1	0	0	0	1
18.61	1	1	0	0	0	1
18.62	0	1	0	0	0	1
18.64	3	1.73205	0	0	0	1
18.65	3	1.73205	0	0	0	1
18.67	0	1	0	0	0	1
18.69	3	1.73205	0	0	0	1
18.7	2	1.41421	0	0	0	1
18.72	1	1	0	0	0	1
18.73	0	1	0	0	0	1
18.75	0	1	0	0	0	1
18.77	1	1	0	0	0	1
18.78	1	1	0	0	0	1
18.8	2	1.41421	0	0	0	1
18.81	2	1.41421	0	0	0	1
18.83	2	1.41421	0	0	0	1
18.84	1	1	0	0	0	1
18.86	1	1	0	0	0	1
18.88	1	1	0	0	0	1
18.89	2	1.41421	0	0	0	1
18.91	3	1.73205	0	0	0	1
18.92	2	1.41421	0	0	0	1
18.94	2	1.41421	0	0	0	1
18.95	2	1.41421	0	0	0	1
18.97	0	1	0	0	0	1
18.99	0	1	0	0	0	1
19	0	1	0	0	0	1
19.02	2	1.41421	0	0	0	1
19.03	3	1.73205	0	0	0	1
19.05	1	1	0	0	0	1
19.07	1	1	0	0	0	1
19.08	4	2	0	0	0	1
19.1	3	1.73205	0	0	0	1
19.11	1	1	0	0	0	1
19.13	1	1	0	0	0	1
19.14	1	1	0	0	0	1
19.16	1	1	0	0	0	1
19.18	0	1	0	0	0	1
19.19	1	1	0	0	0	1
19.21	1	1	0	0	0	1
19.22	3	1.73205	0	0	0	1
19.24	5	2.23607	0	0	0	1
19.26	1	1	0	0	0	1
19.27	2	1.41421	0	0	0	1
19.29	0	1	0	0	0	1
19.3	1	1	0	0	0	1
19.32	1	1	0	0	0	1
19.33	4	2	0	0	0	1
19.35	2	1.41421	0	0	0	1
19.37	1	1	0	0	0	1
19.38	1	1	0	0	0	1
19.4	1	1	0	0	0	1
19.41	3	1.73205	0	0	0	1
19.43	1	1	0	0	0	1
19.45	0	1	0	0	0	1
19.46	1	1	0	0	0	1
19.48	1	1	0	0	0	1
19.49	2	1.41421	0	0	0	1
19.51	0	1	0	0	0	1
19.52	4	2	0	0	0	1
19.54	2	1.41421	0	0	0	1
19.56	0	1	0	0	0	1
19.57	1	1	0	0	0	1
19.59	0	1	0	0	0	1
19.6	0	1	0	0	0	1
19.62	1	1	0	0	0	1
19.64	2	1.41421	0	0	0	1
19.65	1	1	0	0	0	1
19.67	1	1	0	0	0	1
19.68	0	1	0	0	0	1
19.7	1	1	0	0	0	1
19.71	2	1.41421	0	0	0	1
19.73	1	1	0	0	0	1
19.75	3	1.73205	0	0	0	1
19.76	6	2.44949	0	0	0	1
19.78	1	1	0	0	0	1
19.79	1	1	0	0	0	1
19.81	0	1	0	0	0	1
19.83	0	1	0	0	0	1
19.84	2	1.41421	0	0	0	1
19.86	0	1	0	0	0	1
19.87	1	1	0	0	0	1
19.89	2	1.41421	0	0	0	1
19.9	1	1	0	0	0	1
19.92	2	1.41421	0	0	0	1
19.94	0	1	0	0	0	1
19.95	3	1.73205	0	0	0	1
19.97	0	1	0	0	0	1
19.98	2	1.41421	0	0	0	1
20	3	1.73205	0	0	0	1
20.02	1	1	0	0	0	1
20.03	1	1	0	0	0	1
20.05	0	1	0	0	0	1
20.06	1	1	0	0	0	1
20.08	2	1.41421	0	0	0	1
20.09	1	1	0	0	0	1
20.11	0	1	0	0	0	1
20.13	2	1.41421	0	0	0	1
20.14	0	1	0	0	0	1
20.16	3	1.73205	0	0	0	1
20.17	2	1.41421	0	0	0	1
20.19	1	1	0	0	0	1
20.2	0	1	0	0	0	1
20.22	1	1	0	0	0	1
20.24	0	1	0	0	0	1
20.25	2	1.41421	0	0	0	1
20.27	2	1.41421	0	0	0	1
20.28	0	1	0	0	0	1
20.3	2	1.41421	0	0	0	1
20.32	2	1.41421	0	0	0	1
20.33	2	1.41421	0	0	0	1
20.35	0	1	0	0	0	1
20.36	0	1	0	0	0	1
20.38	2	1.41421	0	0	0	1
20.39	2	1.41421	0	0	0	1
20.41	1	1	0	0	0	1
20.43	2	1.41421	0	0	0	1
20.44	1	1	0	0	0	1
20.46	0	1	0	0	0	1
20.47	0	1	0	0	0	1
20.49	2	1.41421	0	0	0	1
20.51	1	1	0	0	0	1
20.52	1	1	0	0	0	1
20.54	1	1	0	0	0	1
20.55	0	1	0	0	0	1
20.57	1	1	0	0	0	1
20.58	1	1	0	0	0	1
20.6	1	1	0	0	0	1
20.62	4	2	0	0	0	1
20.63	0	1	0	0	0	1
20.65	0	1	0	0	0	1
20.66	0	1	0	0	0	1
20.68	1	1	0	0	0	1
20.7	1	1	0	0	0	1
20.71	0	1	0	0	0	1
20.73	1	1	0	0	0	1
20.74	2	1.41421	0	0	0	1
20.76	2	1.41421	0	0	0	1
20.77	1	1	0	0	0	1
20.79	2	1.41421	0	0	0	1
20.81	1	1	0	0	0	1
20.82	1	1	0	0	0	1
20.84	2	1.41421	0	0	0	1
20.85	1	1	0	0	0	1
20.87	0	1	0	0	0	1
20.89	0	1	0	0	0	1
20.9	3	1.73205	0	0	0	1
20.92	1	1	0	0	0	1
20.93	2	1.41421	0	0	0	1
20.95	2	1.41421	0	0	0	1
20.96	0	1	0	0	0	1
20.98	1	1	0	0	0	1
21	1	1	0	0	0	1
21.01	0	1	0	0	0	1
21.03	1	1	0	0	0	1
21.04	3	1.73205	0	0	0	1
21.06	1	1	0	0	0	1
21.08	2	1.41421	0	0	0	1
21.09	2	1.41421	0	0	0	1
21.11	0	1	0	0	0	1
21.12	0	1	0	0	0	1
21.14	0	1	0	0	0	1
21.15	0	1	0	0	0	1
21.17	2	1.41421	0	0	0	1
21.19	2	1.41421	0	0	0	1
21.2	1	1	0	0	0	1
21.22	2	1.41421	0	0	0	1
21.23	2	1.41421	0	0	0	1
21.25	0	1	0	0	0	1
21.26	2	1.41421	0	0	0	1
21.28	3	1.73205	0	0	0	1
21.3	1	1	0	0	0	1
21.31	1	1	0	0	0	1
21.33	1	1	0	0	0	1
21.34	1	1	0	0	0	1
21.36	0	1	0	0	0	1
21.38	1	1	0	0	0	1
21.39	1	1	0	0	0	1
21.41	1	1	0	0	0	1
21.42	3	1.73205	0	0	0	1
21.44	2	1.41421	0	0	0	1
21.45	2	1.41421	0	0	0	1
21.47	3	1.73205	0	0	0	1
21.49	0	1	0	0	0	1
21.5	2	1.41421	0	0	0	1
21.52	2	1.41421	0	0	0	1
21.53	0	1	0	0	0	1
21.55	2	1.41421	0	0	0	1
21.57	0	1	0	0	0	1
21.58	1	1	0	0	0	1
21.6	2	1.41421	0	0	0	1
21.61	1	1	0	0	0	1
21.63	0	1	0	0	0	1
21.64	0	1	0	0	0	1
21.66	3	1.73205	0	0	0	1
21.68	1	1	0	0	0	1
21.69	0	1	0	0	0	1
21.71	0	1	0	0	0	1
21.72	1	1	0	0	0	1
21.74	2	1.41421	0	0	0	1
21.76	0	1	0	0	0	1
21.77	0	1	0	0	0	1
21.79	1	1	0	0	0	1
21.8	1	1	0	0	0	1
21.82	2	1.41421	0	0	0	1
21.83	1	1	0	0	0	1
21.85	1	1	0	0	0	1
21.87	0	1	0	0	0	1
21.88	1	1	0	0	0	1
21.9	0	1	0	0	0	1
21.91	1	1	0	0	0	1
21.93	1	1	0	0	0	1
21.95	0	1	0	0	0	1
21.96	1	1	0	0	0	1
21.98	2	1.41421	0	0	0	1
21.99	1	1	0	0	0	1
22.01	2	1.41421	0	0	0	1
22.02	1	1	0	0	0	1
22.04	0	1	0	0	0	1
22.06	1	1	0	0	0	1
22.07	0	1	0	0	0	1
22.09	4	2	0	0	0	1
22.1	0	1	0	0	0	1
22.12	0	1	0	0	0	1
22.14	1	1	0	0	0	1
22.15	2	1.41421	0	0	0	1
22.17	2	1.41421	0	0	0	1
22.18	1	1	0	0	0	1
22.2	2	1.41421	0	0	0	1
22.21	1	1	0	0	0	1
22.23	2	1.41421	0	0	0	1
22.25	1	1	0	0	0	1
22.26	0	1	0	0	0	1
22.28	1	1	0	0	0	1
22.29	0	1	0	0	0	1
22.31	1	1	0	0	0	1
22.32	0	1	0	0	0	1
22.34	0	1	0	0	0	1
22.36	0	1	0	0	0	1
22.37	1	1	0	0	0	1
22.39	2	1.41421	0	0	0	1
22.4	0	1	0	0	0	1
22.42	1	1	0	0	0	1
22.44	1	1	0	0	0	1
22.45	3	1.73205	0	0	0	1
22.47	0	1	0	0	0	1
22.48	1	1	0	0	0	1
22.5	0	1	0	0	0	1
22.51	5	2.23607	0	0	0	1
22.53	1	1	0	0	0	1
22.55	1	1	0	0	0	1
22.56	0	1	0	0	0	1
22.58	0	1	0	0	0	1
22.59	2	1.41421	0	0	0	1
22.61	0	1	0	0	0	1
22.63	1	1	0	0	0	1
22.64	0	1	0	0	0	1
22.66	0	1	0	0	0	1
22.67	2	1.41421	0	0	0	1
22.69	1	1	0	0	0	1
22.7	1	1	0	0	0	1
22.72	1	1	0	0	0	1
22.74	0	1	0	0	0	1
22.75	0	1	0	0	0	1
22.77	1	1	0	0	0	1
22.78	1	1	0	0	0	1
22.8	1	1	0	0	0	1
22.82	0	1	0	0	0	1
22.83	2	1.41421	0	0	0	1
22.85	0	1	0	0	0	1
22.86	2	1.41421	0	0	0	1
22.88	2	1.41421	0	0	0	1
22.89	0	1	0	0	0	1
22.91	2	1.41421	0	0	0	1
22.93	1	1	0	0	0	1
22.94	0	1	0	0	0	1
22.96	2	1.41421	0	0	0	1
22.97	0	1	0	0	0	1
22.99	1	1	0	0	0	1
23.01	1	1	0	0	0	1
23.02	0	1	0	0	0	1
23.04	0	1	0	0	0	1
23.05	1	1	0	0	0	1
23.07	0	1	0	0	0	1
23.08	0	1	0	0	0	1
23.1	0	1	0	0	0	1
23.12	1	1	0	0	0	1
23.13	0	1	0	0	0	1
23.15	1	1	0	0	0	1
23.16	0	1	0	0	0	1
23.18	0	1	0	0	0	1
23.2	0	1	0	0	0	1
23.21	1	1	0	0	0	1
23.23	0	1	0	0	0	1
23.24	0	1	0	0	0	1
23.26	1	1	0	0	0	1
23.27	1	1	0	0	0	1
23.29	3	1.73205	0	0	0	1
23.31	1	1	0	0	0	1
23.32	1	1	0	0	0	1
23.34	1	1	0	0	0	1
23.35	0	1	0	0	0	1
23.37	0	1	0	0	0	1
23.38	1	1	0	0	0	1
23.4	1	1	0	0	0	1
23.42	0	1	0	0	0	1
23.43	0	1	0	0	0	1
23.45	1	1	0	0	0	1
23.46	0	1	0	0	0	1
23.48	1	1	0	0	0	1
23.5	1	1	0	0	0	1
23.51	1	1	0	0	0	1
23.53	0	1	0	0	0	1
23.54	0	1	0	0	0	1
23.56	1	1	0	0	0	1
23.57	1	1	0	0	0	1
23.59	2	1.41421	0	0	0	1
23.61	0	1	0	0	0	1
23.62	0	1	0	0	0	1
23.64	0	1	0	0	0	1
23.65	1	1	0	0	0	1
23.67	0	1	0	0	0	1
23.69	0	1	0	0	0	1
23.7	1	1	0	0	0	1
23.72	1	1	0	0	0	1
23.73	1	1	0	0	0	1
23.75	0	1	0	0	0	1
23.76	1	1	0	0	0	1
23.78	2	1.41421	0	0	0	1
23.8	0	1	0	0	0	1
23.81	1	1	0	0	0	1
23.83	1	1	0	0	0	1
23.84	1	1	0	0	0	1
23.86	0	1	0	0	0	1
23.88	1	1	0	0	0	1
23.89	1	1	0	0	0	1
23.91	1	1	0	0	0	1
23.92	0	1	0	0	0	1
23.94	0	1	0	0	0	1
23.95	1	1	0	0	0	1
23.97	0	1	0	0	0	1
23.99	3	1.73205	0	0	0	1
24	0	1	0	0	0	1
24.02	0	1	0	0	0	1
24.03	1	1	0	0	0	1
24.05	1	1	0	0	0	1
24.07	0	1	0	0	0	1
24.08	0	1	0	0	0	1
24.1	2	1.41421	0	0	0	1
24.11	0	1	0	0	0	1
24.13	0	1	0	0	0	1
24.14	0	1	0	0	0	1
24.16	0	1	0	0	0	1
24.18	0	1	0	0	0	1
24.19	1	1	0	0	0	1
24.21	2	1.41421	0	0	0	1
24.22	0	1	0	0	0	1
24.24	0	1	0	0	0	1
24.26	4	2	0	0	0	1
24.27	3	1.73205	0	0	0	1
24.29	1	1	0	0	0	1
24.3	4	2	0	0	0	1
24.32	1	1	0	0	0	1
24.33	1	1	0	0	0	1
24.35	1	1	0	0	0	1
24.37	2	1.41421	0	0	0	1
24.38	1	1	0	0	0	1
24.4	1	1	0	0	0	1
24.41	1	1	0	0	0	1
24.43	4	2	0	0	0	1
24.45	4	2	0	0	0	1
24.46	1	1	0	0	0	1
24.48	0	1	0	0	0	1
24.49	2	1.41421	0	0	0	1
24.51	0	1	0	0	0	1
24.52	1	1	0	0	0	1
24.54	1	1	0	0	0	1
24.56	1	1	0	0	0	1
24.57	3	1.73205	0	0	0	1
24.59	1	1	0	0	0	1
24.6	2	1.41421	0	0	0	1
24.62	1	1	0	0	0	1
24.63	3	1.73205	0	0	0	1
24.65	3	1.73205	0	0	0	1
24.67	3	1.73205	0	0	0	1
24.68	1	1	0	0	0	1
24.7	1	1	0	0	0	1
24.71	1	1	0	0	0	1
24.73	4	2	0	0	0	1
24.75	1	1	0	0	0	1
24.76	5	2.23607	0	0	0	1
24.78	4	2	0	0	0	1
24.79	3	1.73205	0	0	0	1
24.81	5	2.23607	0	0	0	1
24.82	4	2	0	0	0	1
24.84	0	1	0	0	0	1
24.86	7	2.64575	0	0	0	1
24.87	4	2	0	0	0	1
24.89	1	1	0	0	0	1
24.9	2	1.41421	0	0	0	1
24.92	3	1.73205	0	0	0	1
24.94	6	2.44949	0	0	0	1
24.95	5	2.23607	0	0	0	1
24.97	6	2.44949	0	0	0	1
24.98	4	2	0	0	0	1
25	4	2	0	0	0	1
25.01	4	2	0	0	0	1
25.03	4	2	0	0	0	1
25.05	1	1	0	0	0	1
25.06	4	2	0	0	0	1
25.08	6	2.44949	0	0	0	1
25.09	8	2.82843	0	0	0	1
25.11	4	2	0	0	0	1
25.13	9	3	0	0	0	1
25.14	1	1	0	0	0	1
25.16	8	2.82843	0	0	0	1
25.17	5	2.23607	0	0	0	1
25.19	2	1.41421	0	0	0	1
25.2	7	2.64575	0	0	0	1
25.22	4	2	0	0	0	1
25.24	5	2.23607	0	0	0	1
25.25	6	2.44949	0	0	0	1
25.27	8	2.82843	0	0	0	1
25.28	9	3	0	0	0	1
25.3	5	2.23607	0	0	0	1
25.32	9	3	0	0	0	1
25.33	5	2.23607	0	0	0	1
25.35	10	3.16228	0	0	0	1
25.36	4	2	0	0	0	1
25.38	2	1.41421	0	0	0	1
25.39	2	1.41421	0	0	0	1
25.41	3	1.73205	0	0	0	1
25.43	0	1	0	0	0	1
25.44	3	1.73205	0	0	0	1
25.46	6	2.44949	0	0	0	1
25.47	3	1.73205	0	0	0	1
25.49	3	1.73205	0	0	0	1
25.51	2	1.41421	0	0	0	1
25.52	3	1.73205	0	0	0	1
25.54	2	1.41421	0	0	0	1
25.55	1	1	0	0	0	1
25.57	2	1.41421	0	0	0	1
25.58	3	1.73205	0	0	0	1
25.6	4	2	0	0	0	1
25.62	1	1	0	0	0	1
25.63	5	2.23607	0	0	0	1
25.65	1	1	0	0	0	1
25.66	0	1	0	0	0	1
25.68	1	1	0	0	0	1
25.69	1	1	0	0	0	1
25.71	1	1	0	0	0	1
25.73	2	1.41421	0	0	0	1
25.74	1	1	0	0	0	1
25.76	2	1.41421	0	0	0	1
25.77	0	1	0	0	0	1
25.79	1	1	0	0	0	1
25.81	0	1	0	0	0	1
25.82	1	1	0	0	0	1
25.84	0	1	0	0	0	1
25.85	1	1	0	0	0	1
25.87	1	1	0	0	0	1
25.88	1	1	0	0	0	1
25.9	0	1	0	0	0	1
25.92	0	1	0	0	0	1
25.93	0	1	0	0	0	1
25.95	0	1	0	0	0	1
25.96	0	1	0	0	0	1
25.98	0	1	0	0	0	1
26	1	1	0	0	0	1
26.01	0	1	0	0	0	1
26.03	0	1	0	0	0	1
26.04	0	1	0	0	0	1
26.06	0	1	0	0	0	1
26.07	1	1	0	0	0	1
26.09	0	1	0	0	0	1
26.11	1	1	0	0	0	1
26.12	0	1	0	0	0	1
26.14	1	1	0	0	0	1
26.15	0	1	0	0	0	1
26.17	1	1	0	0	0	1
26.19	0	1	0	0	0	1
26.2	2	1.41421	0	0	0	1
26.22	0	1	0	0	0	1
26.23	1	1	0	0	0	1
26.25	0	1	0	0	0	1
26.26	0	1	0	0	0	1
26.28	0	1	0	0	0	1
26.3	0	1	0	0	0	1
26.31	1	1	0	0	0	1
26.33	0	1	0	0	0	1
26.34	0	1	0	0	0	1
26.36	1	1	0	0	0	1
26.38	0	1	0	0	0	1
26.39	0	1	0	0	0	1
26.41	1	1	0	0	0	1
26.42	0	1	0	0	0	1
26.44	2	1.41421	0	0	0	1
26.45	1	1	0	0	0	1
26.47	0	1	0	0	0	1
26.49	1	1	0	0	0	1
26.5	1	1	0	0	0	1
26.52	1	1	0	0	0	1
26.53	1	1	0	0	0	1
26.55	1	1	0	0	0	1
26.57	0	1	0	0	0	1
26.58	0	1	0	0	0	1
26.6	0	1	0	0	0	1
26.61	0	1	0	0	0	1
26.63	2	1.41421	0	0	0	1
26.64	0	1	0	0	0	1
26.66	1	1	0	0	0	1
26.68	0	1	0	0	0	1
26.69	0	1	0	0	0	1
26.71	0	1	0	0	0	1
26.72	1	1	0	0	0	1
26.74	0	1	0	0	0	1
26.75	0	1	0	0	0	1
26.77	1	1	0	0	0	1
26.79	0	1	0	0	0	1
26.8	0	1	0	0	0	1
26.82	0	1	0	0	0	1
26.83	0	1	0	0	0	1
26.85	1	1	0	0	0	1
26.87	0	1	0	0	0	1
26.88	0	1	0	0	0	1
26.9	0	1	0	0	0	1
26.91	1	1	0	0	0	1
26.93	0	1	0	0	0	1
26.94	0	1	0	0	0	1
26.96	0	1	0	0	0	1
26.98	2	1.41421	0	0	0	1
26.99	0	1	0	0	0	1
27.01	1	1	0	0	0	1
27.02	0	1	0	0	0	1
27.04	1	1	0	0	0	1
27.06	0	1	0	0	0	1
27.07	0	1	0	0	0	1
27.09	0	1	0	0	0	1
27.1	2	1.41421	0	0	0	1
27.12	1	1	0	0	0	1
27.13	0	1	0	0	0	1
27.15	1	1	0	0	0	1
27.17	0	1	0	0	0	1
27.18	0	1	0	0	0	1
27.2	0	1	0	0	0	1
27.21	1	1	0	0	0	1
27.23	0	1	0	0	0	1
27.25	0	1	0	0	0	1
27.26	0	1	0	0	0	1
27.28	0	1	0	0	0	1
27.29	1	1	0	0	0	1
27.31	1	1	0	0	0	1
27.32	1	1	0	0	0	1
27.34	0	1	0	0	0	1
27.36	1	1	0	0	0	1
27.37	0	1	0	0	0	1
27.39	0	1	0	0	0	1
27.4	1	1	0	0	0	1
27.42	1	1	0	0	0	1
27.44	1	1	0	0	0	1
27.45	0	1	0	0	0	1
27.47	0	1	0	0	0	1
27.48	0	1	0	0	0	1
27.5	0	1	0	0	0	1
27.51	1	1	0	0	0	1
27.53	0	1	0	0	0	1
27.55	0	1	0	0	0	1
27.56	0	1	0	0	0	1
27.58	0	1	0	0	0	1
27.59	0	1	0	0	0	1
27.61	0	1	0	0	0	1
27.63	1	1	0	0	0	1
27.64	0	1	0	0	0	1
27.66	0	1	0	0	0	1
27.67	0	1	0	0	0	1
27.69	0	1	0	0	0	1
27.7	0	1	0	0	0	1
27.72	0	1	0	0	0	1
27.74	0	1	0	0	0	1
27.75	0	1	0	0	0	1
27.77	0	1	0	0	0	1
27.78	1	1	0	0	0	1
27.8	1	1	0	0	0	1
27.81	0	1	0	0	0	1
27.83	1	1	0	0	0	1
27.85	1	1	0	0	0	1
27.86	0	1	0	0	0	1
27.88	0	1	0	0	0	1
27.89	0	1	0	0	0	1
27.91	0	1	0	0	0	1
27.93	0	1	0	0	0	1
27.94	0	1	0	0	0	1
27.96	1	1	0	0	0	1
27.97	0	1	0	0	0	1
27.99	1	1	0	0	0	1
28	0	1	0	0	0	1
28.02	1	1	0	0	0	1
28.04	0	1	0	0	0	1
28.05	1	1	0	0	0	1
28.07	0	1	0	0	0	1
28.08	1	1	0	0	0	1
28.1	0	1	0	0	0	1
28.12	1	1	0	0	0	1
28.13	0	1	0	0	0	1
28.15	1	1	0	0	0	1
28.16	0	1	0	0	0	1
28.18	0	1	0	0	0	1
28.19	1	1	0	0	0	1
28.21	1	1	0	0	0	1
28.23	1	1	0	0	0	1
28.24	0	1	0	0	0	1
28.26	0	1	0	0	0	1
28.27	2	1.41421	0	0	0	1
28.29	1	1	0	0	0	1
28.31	0	1	0	0	0	1
28.32	2	1.41421	0	0	0	1
28.34	1	1	0	0	0	1
28.35	0	1	0	0	0	1
28.37	2	1.41421	0	0	0	1
28.38	0	1	0	0	0	1
28.4	1	1	0	0	0	1
28.42	1	1	0	0	0	1
28.43	0	1	0	0	0	1
28.45	1	1	0	0	0	1
28.46	0	1	0	0	0	1
28.48	3	1.73205	0	0	0	1
28.5	2	1.41421	0	0	0	1
28.51	4	2	0	0	0	1
28.53	1	1	0	0	0	1
28.54	1	1	0	0	0	1
28.56	0	1	0	0	0	1
28.57	0	1	0	0	0	1
28.59	1	1	0	0	0	1
28.61	0	1	0	0	0	1
28.62	4	2	0	0	0	1
28.64	1	1	0	0	0	1
28.65	0	1	0	0	0	1
28.67	0	1	0	0	0	1
28.69	1	1	0	0	0	1
28.7	2	1.41421	0	0	0	1
28.72	3	1.73205	0	0	0	1
28.73	0	1	0	0	0	1
28.75	1	1	0	0	0	1
28.76	1	1	0	0	0	1
28.78	1	1	0	0	0	1
28.8	1	1	0	0	0	1
28.81	0	1	0	0	0	1
28.83	0	1	0	0	0	1
28.84	0	1	0	0	0	1
28.86	0	1	0	0	0	1
28.88	0	1	0	0	0	1
28.89	0	1	0	0	0	1
28.91	0	1	0	0	0	1
28.92	0	1	0	0	0	1
28.94	2	1.41421	0	0	0	1
28.95	0	1	0	0	0	1
28.97	0	1	0	0	0	1
28.99	0	1	0	0	0	1
29	1	1	0	0	0	1
29.02	0	1	0	0	0	1
29.03	0	1	0	0	0	1
29.05	1	1	0	0	0	1
29.06	0	1	0	0	0	1
29.08	0	1	0	0	0	1
29.1	0	1	0	0	0	1
29.11	1	1	0	0	0	1
29.13	0	1	0	0	0	1
29.14	0	1	0	0	0	1
29.16	0	1	0	0	0	1
29.18	0	1	0	0	0	1
29.19	0	1	0	0	0	1
29.21	1	1	0	0	0	1
29.22	0	1	0	0	0	1
29.24	0	1	0	0	0	1
29.25	0	1	0	0	0	1
29.27	0	1	0	0	0	1
29.29	0	1	0	0	0	1
29.3	1	1	0	0	0	1
29.32	0	1	0	0	0	1
29.33	1	1	0	0	0	1
29.35	0	1	0	0	0	1
29.37	1	1	0	0	0	1
29.38	0	1	0	0	0	1
29.4	0	1	0	0	0	1
29.41	1	1	0	0	0	1
29.43	0	1	0	0	0	1
29.44	0	1	0	0	0	1
29.46	1	1	0	0	0	1
29.48	1	1	0	0	0	1
29.49	0	1	0	0	0	1
29.51	0	1	0	0	0	1
29.52	0	1	0	0	0	1
29.54	2	1.41421	0	0	0	1
29.56	1	1	0	0	0	1
29.57	0	1	0	0	0	1
29.59	0	1	0	0	0	1
29.6	0	1	0	0	0	1
29.62	0	1	0	0	0	1
29.63	0	1	0	0	0	1
29.65	0	1	0	0	0	1
29.67	0	1	0	0	0	1
29.68	0	1	0	0	0	1
29.7	1	1	0	0	0	1
29.71	0	1	0	0	0	1
29.73	0	1	0	0	0	1
29.75	0	1	0	0	0	1
29.76	0	1	0	0	0	1
29.78	0	1	0	0	0	1
29.79	0	1	0	0	0	1
29.81	0	1	0	0	0	1
29.82	0	1	0	0	0	1
29.84	1	1	0	0	0	1
29.86	0	1	0	0	0	1
29.87	0	1	0	0	0	1
29.89	0	1	0	0	0	1
29.9	0	1	0	0	0	1
29.92	0	1	0	0	0	1
29.94	1	1	0	0	0	1
29.95	0	1	0	0	0	1
29.97	0	1	0	0	0	1
29.98	1	1	0	0	0	1
30	0	1	0	0	0	1
30.01	0	1	0	0	0	1
30.03	0	1	0	0	0	1
30.05	0	1	0	0	0	1
30.06	0	1	0	0	0	1
30.08	1	1	0	0	0	1
30.09	0	1	0	0	0	1
30.11	0	1	0	0	0	1
30.12	0	1	0	0	0	1
30.14	0	1	0	0	0	1
30.16	0	1	0	0	0	1
30.17	0	1	0	0	0	1
30.19	0	1	0	0	0	1
30.2	1	1	0	0	0	1
30.22	0	1	0	0	0	1
30.24	0	1	0	0	0	1
30.25	0	1	0	0	0	1
30.27	0	1	0	0	0	1
30.28	0	1	0	0	0	1
30.3	0	1	0	0	0	1
30.31	0	1	0	0	0	1
30.33	0	1	0	0	0	1
30.35	0	1	0	0	0	1
30.36	0	1	0	0	0	1
30.38	2	1.41421	0	0	0	1
30.39	0	1	0	0	0	1
30.41	0	1	0	0	0	1
30.43	0	1	0	0	0	1
30.44	0	1	0	0	0	1
30.46	0	1	0	0	0	1
30.47	0	1	0	0	0	1
30.49	0	1	0	0	0	1
30.5	0	1	0	0	0	1
30.52	0	1	0	0	0	1
30.54	0	1	0	0	0	1
30.55	0	1	0	0	0	1
30.57	0	1	0	0	0	1
30.58	0	1	0	0	0	1
30.6	0	1	0	0	0	1
30.62	0	1	0	0	0	1
30.63	0	1	0	0	0	1
30.65	0	1	0	0	0	1
30.66	0	1	0	0	0	1
30.68	0	1	0	0	0	1
30.69	0	1	0	0	0	1
30.71	0	1	0	0	0	1
30.73	0	1	0	0	0	1
30.74	0	1	0	0	0	1
30.76	0	1	0	0	0	1
30.77	0	1	0	0	0	1
30.79	0	1	0	0	0	1
30.81	0	1	0	0	0	1
30.82	0	1	0	0	0	1
30.84	1	1	0	0	0	1
30.85	0	1	0	0	0	1
30.87	0	1	0	0	0	1
30.88	0	1	0	0	0	1
30.9	0	1	0	0	0	1
30.92	0	1	0	0	0	1
30.93	0	1	0	0	0	1
30.95	0	1	0	0	0	1
30.96	0	1	0	0	0	1
30.98	0	1	0	0	0	1
31	0	1	0	0	0	1
31.01	0	1	0	0	0	1
31.03	0	1	0	0	0	1
31.04	0	1	0	0	0	1
31.06	0	1	0	0	0	1
31.07	1	1	0	0	0	1
31.09	0	1	0	0	0	1
31.11	1	1	0	0	0	1
31.12	0	1	0	0	0	1
31.14	0	1	0	0	0	1
31.15	0	1	0	0	0	1
31.17	0	1	0	0	0	1
31.18	0	1	0	0	0	1
31.2	0	1	0	0	0	1
31.22	0	1	0	0	0	1
31.23	0	1	0	0	0	1
31.25	0	1	0	0	0	1
31.26	0	1	0	0	0	1
31.28	0	1	0	0	0	1
31.3	0	1	0	0	0	1
31.31	0	1	0	0	0	1
31.33	0	1	0	0	0	1
31.34	1	1	0	0	0	1
31.36	0	1	0	0	0	1
31.37	0	1	0	0	0	1
31.39	0	1	0	0	0	1
31.41	0	1	0	0	0	1
31.42	0	1	0	0	0	1
31.44	0	1	0	0	0	1
31.45	0	1	0	0	0	1
31.47	0	1	0	0	0	1
31.49	1	1	0	0	0	1
31.5	0	1	0	0	0	1
31.52	0	1	0	0	0	1
31.53	0	1	0	0	0	1
31.55	0	1	0	0	0	1
31.56	0	1	0	0	0	1
31.58	0	1	0	0	0	1
31.6	0	1	0	0	0	1
31.61	0	1	0	0	0	1
31.63	0	1	0	0	0	1
31.64	0	1	0	0	0	1
31.66	0	1	0	0	0	1
31.68	0	1	0	0	0	1
31.69	0	1	0	0	0	1
31.71	0	1	0	0	0	1
31.72	0	1	0	0	0	1
31.74	0	1	0	0	0	1
31.75	0	1	0	0	0	1
31.77	0	1	0	0	0	1
31.79	0	1	0	0	0	1
31.8	0	1	0	0	0	1
31.82	0	1	0	0	0	1
31.83	0	1	0	0	0	1
31.85	0	1	0	0	0	1
31.87	0	1	0	0	0	1
31.88	0	1	0	0	0	1
31.9	0	1	0	0	0	1
31.91	0	1	0	0	0	1
31.93	0	1	0	0	0	1
31.94	0	1	0	0	0	1
31.96	0	1	0	0	0	1
31.98	0	1	0	0	0	1
31.99	0	1	0	0	0	1
32.01	0	1	0	0	0	1
32.02	0	1	0	0	0	1
32.04	0	1	0	0	0	1
32.06	0	1	0	0	0	1
32.07	0	1	0	0	0	1
32.09	0	1	0	0	0	1
32.1	0	1	0	0	0	1
32.12	0	1	0	0	0	1
32.13	0	1	0	0	0	1
32.15	0	1	0	0	0	1
32.17	0	1	0	0	0	1
32.18	0	1	0	0	0	1
32.2	0	1	0	0	0	1
32.21	0	1	0	0	0	1
32.23	0	1	0	0	0	1
32.24	0	1	0	0	0	1
32.26	0	1	0	0	0	1
32.28	0	1	0	0	0	1
32.29	0	1	0	0	0	1
32.31	0	1	0	0	0	1
32.32	0	1	0	0	0	1
32.34	0	1	0	0	0	1
32.36	0	1	0	0	0	1
32.37	0	1	0	0	0	1
32.39	0	1	0	0	0	1
32.4	0	1	0	0	0	1
32.42	0	1	0	0	0	1
32.43	-1	1	0	0	0	1
