Energy	Impulses
E/keV	Impulses/#

0.79	0
0.81	0
0.82	0
0.84	0
0.86	0
0.87	0
0.89	0
0.90	0
0.92	0
0.93	0
0.95	0
0.97	0
0.98	0
1.00	0
1.01	0
1.03	0
1.05	0
1.06	0
1.08	0
1.09	0
1.11	1
1.12	0
1.14	0
1.16	0
1.17	1
1.19	0
1.20	1
1.22	7
1.24	10
1.25	29
1.27	35
1.28	37
1.30	26
1.31	29
1.33	36
1.35	43
1.36	31
1.38	29
1.39	26
1.41	26
1.42	33
1.44	33
1.46	38
1.47	27
1.49	26
1.50	22
1.52	22
1.54	31
1.55	27
1.57	28
1.58	20
1.60	33
1.61	23
1.63	27
1.65	23
1.66	34
1.68	28
1.69	30
1.71	17
1.73	32
1.74	27
1.76	26
1.77	22
1.79	37
1.80	28
1.82	31
1.84	25
1.85	27
1.87	26
1.88	33
1.90	28
1.92	36
1.93	25
1.95	34
1.96	33
1.98	31
1.99	29
2.01	27
2.03	25
2.04	32
2.06	27
2.07	28
2.09	22
2.11	20
2.12	29
2.14	17
2.15	28
2.17	23
2.18	16
2.20	25
2.22	20
2.23	25
2.25	16
2.26	27
2.28	25
2.30	31
2.31	22
2.33	28
2.34	18
2.36	21
2.37	12
2.39	17
2.41	22
2.42	25
2.44	24
2.45	19
2.47	15
2.48	22
2.50	23
2.52	26
2.53	24
2.55	23
2.56	25
2.58	24
2.60	17
2.61	26
2.63	15
2.64	26
2.66	24
2.67	32
2.69	29
2.71	17
2.72	15
2.74	23
2.75	14
2.77	16
2.79	18
2.80	24
2.82	22
2.83	21
2.85	14
2.86	17
2.88	22
2.90	15
2.91	29
2.93	17
2.94	18
2.96	20
2.98	16
2.99	21
3.01	22
3.02	28
3.04	24
3.05	26
3.07	13
3.09	19
3.10	26
3.12	24
3.13	19
3.15	26
3.17	21
3.18	20
3.20	20
3.21	17
3.23	27
3.24	26
3.26	9
3.28	21
3.29	21
3.31	22
3.32	15
3.34	17
3.36	17
3.37	20
3.39	14
3.40	12
3.42	23
3.43	25
3.45	27
3.47	24
3.48	19
3.50	24
3.51	21
3.53	18
3.54	24
3.56	22
3.58	20
3.59	22
3.61	23
3.62	24
3.64	25
3.66	25
3.67	23
3.69	21
3.70	19
3.72	18
3.73	22
3.75	22
3.77	13
3.78	22
3.80	19
3.81	22
3.83	17
3.85	24
3.86	28
3.88	28
3.89	21
3.91	19
3.92	23
3.94	25
3.96	23
3.97	19
3.99	21
4.00	24
4.02	24
4.04	13
4.05	23
4.07	20
4.08	25
4.10	17
4.11	16
4.13	32
4.15	29
4.16	19
4.18	27
4.19	19
4.21	22
4.23	21
4.24	19
4.26	33
4.27	20
4.29	21
4.30	23
4.32	33
4.34	10
4.35	21
4.37	13
4.38	21
4.40	18
4.42	28
4.43	22
4.45	20
4.46	22
4.48	22
4.49	24
4.51	24
4.53	19
4.54	16
4.56	19
4.57	26
4.59	17
4.60	24
4.62	24
4.64	24
4.65	23
4.67	21
4.68	16
4.70	28
4.72	21
4.73	22
4.75	24
4.76	27
4.78	12
4.79	12
4.81	19
4.83	24
4.84	13
4.86	23
4.87	15
4.89	25
4.91	22
4.92	15
4.94	25
4.95	27
4.97	22
4.98	19
5.00	18
5.02	27
5.03	17
5.05	23
5.06	16
5.08	22
5.10	22
5.11	24
5.13	17
5.14	18
5.16	23
5.17	13
5.19	26
5.21	21
5.22	14
5.24	13
5.25	26
5.27	17
5.29	17
5.30	25
5.32	23
5.33	28
5.35	21
5.36	22
5.38	21
5.40	23
5.41	33
5.43	16
5.44	28
5.46	25
5.48	20
5.49	24
5.51	26
5.52	27
5.54	30
5.55	27
5.57	24
5.59	40
5.60	18
5.62	22
5.63	25
5.65	19
5.67	21
5.68	24
5.70	24
5.71	32
5.73	22
5.74	23
5.76	19
5.78	29
5.79	28
5.81	29
5.82	26
5.84	30
5.85	33
5.87	24
5.89	40
5.90	47
5.92	26
5.93	29
5.95	33
5.97	38
5.98	29
6.00	40
6.01	24
6.03	30
6.04	38
6.06	44
6.08	40
6.09	37
6.11	43
6.12	48
6.14	58
6.16	47
6.17	67
6.19	45
6.20	80
6.22	58
6.23	48
6.25	49
6.27	64
6.28	68
6.30	69
6.31	46
6.33	50
6.35	52
6.36	47
6.38	60
6.39	54
6.41	52
6.42	59
6.44	62
6.46	54
6.47	57
6.49	50
6.50	43
6.52	44
6.54	53
6.55	59
6.57	55
6.58	50
6.60	65
6.61	44
6.63	56
6.65	48
6.66	47
6.68	50
6.69	45
6.71	46
6.73	56
6.74	41
6.76	41
6.77	39
6.79	45
6.80	38
6.82	58
6.84	39
6.85	36
6.87	36
6.88	44
6.90	44
6.91	38
6.93	53
6.95	59
6.96	51
6.98	57
6.99	45
7.01	37
7.03	58
7.04	54
7.06	60
7.07	44
7.09	41
7.10	68
7.12	49
7.14	56
7.15	68
7.17	66
7.18	57
7.20	56
7.22	59
7.23	74
7.25	75
7.26	94
7.28	87
7.29	109
7.31	115
7.33	143
7.34	138
7.36	209
7.37	139
7.39	207
7.41	232
7.42	266
7.44	346
7.45	340
7.47	402
7.48	527
7.50	467
7.52	585
7.53	667
7.55	732
7.56	894
7.58	963
7.60	1027
7.61	1291
7.63	1259
7.64	1516
7.66	1553
7.67	1780
7.69	1941
7.71	2055
7.72	2455
7.74	2528
7.75	2465
7.77	3032
7.79	2828
7.80	3302
7.82	3379
7.83	3559
7.85	3567
7.86	4333
7.88	3632
7.90	4238
7.91	4265
7.93	4443
7.94	4549
7.96	4309
7.97	4821
7.99	4633
8.01	4495
8.02	4836
8.04	4428
8.05	4464
8.07	4398
8.09	4191
8.10	4146
8.12	4446
8.13	3554
8.15	3722
8.16	3500
8.18	3411
8.20	3057
8.21	2697
8.23	2828
8.24	2431
8.26	2309
8.28	2246
8.29	1929
8.31	1866
8.32	1662
8.34	1450
8.35	1307
8.37	1244
8.39	961
8.40	962
8.42	953
8.43	778
8.45	730
8.47	580
8.48	605
8.50	576
8.51	495
8.53	573
8.54	505
8.56	482
8.58	534
8.59	493
8.61	521
8.62	591
8.64	476
8.66	536
8.67	602
8.69	649
8.70	541
8.72	588
8.73	648
8.75	651
8.77	635
8.78	750
8.80	647
8.81	696
8.83	678
8.85	723
8.86	698
8.88	865
8.89	552
8.91	754
8.92	660
8.94	741
8.96	632
8.97	599
8.99	633
9.00	614
9.02	497
9.03	525
9.05	484
9.07	422
9.08	435
9.10	399
9.11	390
9.13	389
9.15	280
9.16	277
9.18	264
9.19	208
9.21	160
9.22	167
9.24	152
9.26	128
9.27	108
9.29	128
9.30	68
9.32	83
9.34	60
9.35	57
9.37	47
9.38	44
9.40	27
9.41	25
9.43	23
9.45	17
9.46	17
9.48	18
9.49	15
9.51	12
9.53	9
9.54	8
9.56	5
9.57	8
9.59	4
9.60	3
9.62	4
9.64	1
9.65	6
9.67	2
9.68	3
9.70	2
9.72	4
9.73	1
9.75	5
9.76	4
9.78	3
9.79	1
9.81	2
9.83	3
9.84	2
9.86	1
9.87	3
9.89	3
9.91	2
9.92	3
9.94	2
9.95	1
9.97	3
9.98	1
10.00	3
10.02	4
10.03	3
10.05	3
10.06	2
10.08	2
10.10	5
10.11	1
10.13	0
10.14	2
10.16	0
10.17	0
10.19	3
10.21	5
10.22	7
10.24	8
10.25	3
10.27	5
10.28	1
10.30	5
10.32	8
10.33	7
10.35	4
10.36	2
10.38	3
10.40	2
10.41	5
10.43	5
10.44	4
10.46	5
10.47	2
10.49	3
10.51	1
10.52	5
10.54	2
10.55	2
10.57	2
10.59	5
10.60	4
10.62	3
10.63	3
10.65	5
10.66	3
10.68	4
10.70	1
10.71	2
10.73	1
10.74	3
10.76	2
10.78	3
10.79	2
10.81	3
10.82	0
10.84	2
10.85	4
10.87	2
10.89	2
10.90	5
10.92	2
10.93	3
10.95	3
10.97	3
10.98	1
11.00	3
11.01	2
11.03	3
11.04	1
11.06	0
11.08	0
11.09	5
11.11	2
11.12	1
11.14	4
11.16	4
11.17	1
11.19	1
11.20	1
11.22	0
11.23	5
11.25	0
11.27	6
11.28	1
11.30	1
11.31	5
11.33	1
11.34	3
11.36	2
11.38	4
11.39	2
11.41	0
11.42	4
11.44	1
11.46	3
11.47	6
11.49	3
11.50	2
11.52	4
11.53	3
11.55	2
11.57	5
11.58	4
11.60	2
11.61	4
11.63	7
11.65	4
11.66	3
11.68	2
11.69	4
11.71	5
11.72	0
11.74	2
11.76	1
11.77	2
11.79	2
11.80	1
11.82	4
11.84	1
11.85	0
11.87	2
11.88	3
11.90	1
11.91	3
11.93	1
11.95	3
11.96	5
11.98	4
11.99	3
12.01	3
12.03	1
12.04	1
12.06	2
12.07	2
12.09	3
12.10	4
12.12	1
12.14	5
12.15	3
12.17	5
12.18	6
12.20	3
12.22	3
12.23	4
12.25	3
12.26	1
12.28	5
12.29	4
12.31	2
12.33	5
12.34	5
12.36	5
12.37	3
12.39	2
12.40	2
12.42	3
12.44	1
12.45	2
12.47	2
12.48	2
12.50	4
12.52	0
12.53	2
12.55	2
12.56	6
12.58	1
12.59	4
12.61	3
12.63	2
12.64	2
12.66	4
12.67	0
12.69	4
12.71	4
12.72	4
12.74	1
12.75	1
12.77	3
12.78	3
12.80	3
12.82	0
12.83	0
12.85	1
12.86	2
12.88	2
12.90	3
12.91	3
12.93	2
12.94	0
12.96	1
12.97	2
12.99	1
13.01	2
13.02	1
13.04	4
13.05	2
13.07	1
13.09	1
13.10	5
13.12	1
13.13	2
13.15	4
13.16	7
13.18	1
13.20	2
13.21	4
13.23	1
13.24	5
13.26	2
13.28	3
13.29	2
13.31	2
13.32	5
13.34	1
13.35	1
13.37	1
13.39	2
13.40	1
13.42	0
13.43	3
13.45	1
13.46	2
13.48	1
13.50	2
13.51	1
13.53	3
13.54	1
13.56	5
13.58	1
13.59	2
13.61	4
13.62	4
13.64	2
13.65	0
13.67	0
13.69	0
13.70	4
13.72	3
13.73	2
13.75	4
13.77	4
13.78	4
13.80	2
13.81	4
13.83	4
13.84	2
13.86	3
13.88	4
13.89	4
13.91	3
13.92	5
13.94	5
13.96	6
13.97	6
13.99	9
14.00	3
14.02	3
14.03	4
14.05	4
14.07	6
14.08	5
14.10	3
14.11	2
14.13	11
14.15	6
14.16	1
14.18	3
14.19	1
14.21	6
14.22	4
14.24	2
14.26	3
14.27	6
14.29	6
14.30	5
14.32	5
14.34	6
14.35	6
14.37	3
14.38	6
14.40	3
14.41	8
14.43	5
14.45	7
14.46	0
14.48	5
14.49	6
14.51	4
14.53	1
14.54	3
14.56	0
14.57	3
14.59	1
14.60	4
14.62	2
14.64	2
14.65	6
14.67	3
14.68	2
14.70	4
14.71	4
14.73	0
14.75	3
14.76	3
14.78	4
14.79	2
14.81	4
14.83	1
14.84	4
14.86	5
14.87	5
14.89	2
14.90	7
14.92	2
14.94	3
14.95	6
14.97	3
14.98	2
15.00	3
15.02	3
15.03	8
15.05	3
15.06	0
15.08	2
15.09	2
15.11	4
15.13	4
15.14	2
15.16	4
15.17	1
15.19	5
15.21	3
15.22	3
15.24	2
15.25	2
15.27	1
15.28	2
15.30	0
15.32	3
15.33	3
15.35	3
15.36	0
15.38	1
15.40	4
15.41	2
15.43	2
15.44	3
15.46	4
15.47	2
15.49	4
15.51	1
15.52	6
15.54	4
15.55	0
15.57	4
15.59	3
15.60	4
15.62	8
15.63	1
15.65	1
15.66	3
15.68	1
15.70	2
15.71	1
15.73	3
15.74	1
15.76	5
15.77	4
15.79	2
15.81	2
15.82	2
15.84	2
15.85	3
15.87	0
15.89	1
15.90	2
15.92	3
15.93	4
15.95	4
15.96	3
15.98	4
16.00	1
16.01	3
16.03	1
16.04	7
16.06	3
16.08	7
16.09	2
16.11	2
16.12	3
16.14	4
16.15	4
16.17	3
16.19	4
16.20	1
16.22	2
16.23	1
16.25	2
16.27	3
16.28	2
16.30	3
16.31	2
16.33	1
16.34	4
16.36	2
16.38	2
16.39	0
16.41	1
16.42	1
16.44	1
16.46	2
16.47	4
16.49	1
16.50	2
16.52	1
16.53	1
16.55	2
16.57	2
16.58	2
16.60	3
16.61	1
16.63	1
16.65	4
16.66	1
16.68	0
16.69	4
16.71	4
16.72	3
16.74	3
16.76	2
16.77	2
16.79	1
16.80	4
16.82	2
16.83	2
16.85	2
16.87	1
16.88	1
16.90	2
16.91	3
16.93	2
16.95	0
16.96	4
16.98	2
16.99	3
17.01	1
17.02	4
17.04	1
17.06	2
17.07	0
17.09	5
17.10	1
17.12	2
17.14	4
17.15	4
17.17	2
17.18	3
17.20	3
17.21	3
17.23	2
17.25	1
17.26	4
17.28	0
17.29	2
17.31	2
17.33	4
17.34	1
17.36	2
17.37	1
17.39	6
17.40	4
17.42	1
17.44	1
17.45	0
17.47	0
17.48	2
17.50	1
17.52	0
17.53	0
17.55	2
17.56	1
17.58	0
17.59	2
17.61	2
17.63	4
17.64	4
17.66	2
17.67	2
17.69	2
17.71	1
17.72	2
17.74	2
17.75	2
17.77	0
17.78	1
17.80	2
17.82	3
17.83	3
17.85	3
17.86	2
17.88	2
17.89	0
17.91	0
17.93	3
17.94	1
17.96	0
17.97	0
17.99	4
18.01	1
18.02	3
18.04	3
18.05	4
18.07	2
18.08	0
18.10	2
18.12	3
18.13	4
18.15	4
18.16	0
18.18	1
18.20	1
18.21	1
18.23	3
18.24	4
18.26	0
18.27	2
18.29	1
18.31	0
18.32	4
18.34	1
18.35	1
18.37	1
18.39	3
18.40	2
18.42	1
18.43	2
18.45	2
18.46	2
18.48	1
18.50	2
18.51	1
18.53	1
18.54	3
18.56	1
18.58	0
18.59	6
18.61	1
18.62	3
18.64	2
18.65	1
18.67	1
18.69	2
18.70	1
18.72	0
18.73	1
18.75	2
18.77	1
18.78	4
18.80	0
18.81	3
18.83	3
18.84	3
18.86	1
18.88	2
18.89	1
18.91	1
18.92	2
18.94	0
18.95	0
18.97	0
18.99	2
19.00	1
19.02	1
19.03	1
19.05	0
19.07	0
19.08	2
19.10	2
19.11	0
19.13	3
19.14	1
19.16	1
19.18	0
19.19	1
19.21	0
19.22	2
19.24	1
19.26	2
19.27	2
19.29	2
19.30	2
19.32	2
19.33	3
19.35	0
19.37	1
19.38	1
19.40	1
19.41	1
19.43	1
19.45	2
19.46	0
19.48	3
19.49	1
19.51	0
19.52	1
19.54	2
19.56	1
19.57	1
19.59	0
19.60	0
19.62	0
19.64	1
19.65	0
19.67	0
19.68	1
19.70	1
19.71	3
19.73	0
19.75	0
19.76	1
19.78	3
19.79	0
19.81	1
19.83	0
19.84	3
19.86	1
19.87	1
19.89	1
19.90	0
19.92	1
19.94	0
19.95	2
19.97	0
19.98	2
20.00	1
20.02	2
20.03	0
20.05	2
20.06	2
20.08	0
20.09	0
20.11	0
20.13	1
20.14	0
20.16	0
20.17	2
20.19	2
20.20	2
20.22	2
20.24	1
20.25	2
20.27	1
20.28	2
20.30	0
20.32	2
20.33	2
20.35	0
20.36	1
20.38	2
20.39	1
20.41	0
20.43	1
20.44	0
20.46	2
20.47	1
20.49	1
20.51	1
20.52	2
20.54	0
20.55	1
20.57	2
20.58	1
20.60	1
20.62	0
20.63	0
20.65	2
20.66	0
20.68	0
20.70	0
20.71	0
20.73	1
20.74	1
20.76	4
20.77	0
20.79	2
20.81	3
20.82	1
20.84	1
20.85	0
20.87	1
20.89	1
20.90	0
20.92	0
20.93	1
20.95	1
20.96	1
20.98	3
21.00	0
21.01	3
21.03	2
21.04	1
21.06	1
21.08	0
21.09	0
21.11	2
21.12	1
21.14	1
21.15	0
21.17	1
21.19	1
21.20	0
21.22	1
21.23	0
21.25	0
21.26	1
21.28	0
21.30	2
21.31	0
21.33	0
21.34	3
21.36	1
21.38	1
21.39	1
21.41	2
21.42	0
21.44	3
21.45	0
21.47	0
21.49	0
21.50	0
21.52	2
21.53	1
21.55	1
21.57	1
21.58	1
21.60	0
21.61	0
21.63	0
21.64	1
21.66	0
21.68	0
21.69	0
21.71	0
21.72	0
21.74	0
21.76	1
21.77	0
21.79	0
21.80	0
21.82	0
21.83	0
21.85	1
21.87	0
21.88	0
21.90	1
21.91	1
21.93	0
21.95	3
21.96	1
21.98	3
21.99	0
22.01	0
22.02	0
22.04	2
22.06	2
22.07	1
22.09	0
22.10	1
22.12	1
22.14	2
22.15	1
22.17	0
22.18	1
22.20	0
22.21	2
22.23	1
22.25	1
22.26	2
22.28	0
22.29	0
22.31	1
22.32	1
22.34	1
22.36	0
22.37	1
22.39	2
22.40	0
22.42	0
22.44	2
22.45	2
22.47	1
22.48	1
22.50	0
22.51	1
22.53	2
22.55	0
22.56	1
22.58	0
22.59	3
22.61	0
22.63	0
22.64	2
22.66	0
22.67	0
22.69	1
22.70	1
22.72	1
22.74	1
22.75	0
22.77	0
22.78	0
22.80	1
22.82	0
22.83	0
22.85	2
22.86	0
22.88	1
22.89	1
22.91	0
22.93	1
22.94	0
22.96	0
22.97	0
22.99	0
23.01	0
23.02	0
23.04	0
23.05	2
23.07	1
23.08	0
23.10	0
23.12	2
23.13	2
23.15	2
23.16	0
23.18	4
23.20	0
23.21	1
23.23	1
23.24	1
23.26	1
23.27	2
23.29	2
23.31	0
23.32	0
23.34	1
23.35	1
23.37	0
23.38	1
23.40	0
23.42	0
23.43	0
23.45	1
23.46	0
23.48	1
23.50	2
23.51	1
23.53	3
23.54	3
23.56	0
23.57	2
23.59	0
23.61	2
23.62	1
23.64	1
23.65	0
23.67	1
23.69	1
23.70	2
23.72	2
23.73	0
23.75	0
23.76	1
23.78	1
23.80	1
23.81	1
23.83	2
23.84	0
23.86	0
23.88	0
23.89	0
23.91	0
23.92	1
23.94	0
23.95	0
23.97	0
23.99	0
24.00	1
24.02	1
24.03	3
24.05	0
24.07	0
24.08	1
24.10	1
24.11	1
24.13	0
24.14	2
24.16	0
24.18	1
24.19	0
24.21	1
24.22	1
24.24	0
24.26	1
24.27	2
24.29	0
24.30	0
24.32	4
24.33	0
24.35	1
24.37	0
24.38	0
24.40	0
24.41	0
24.43	1
24.45	0
24.46	1
24.48	1
24.49	2
24.51	1
24.52	1
24.54	0
24.56	0
24.57	0
24.59	0
24.60	0
24.62	0
24.63	0
24.65	1
24.67	1
24.68	0
24.70	2
24.71	0
24.73	0
24.75	1
24.76	1
24.78	0
24.79	1
24.81	3
24.82	0
24.84	1
24.86	0
24.87	0
24.89	0
24.90	1
24.92	0
24.94	1
24.95	0
24.97	2
24.98	0
25.00	1
25.01	1
25.03	0
25.05	0
25.06	0
25.08	0
25.09	1
25.11	0
25.13	1
25.14	0
25.16	0
25.17	0
25.19	1
25.20	0
25.22	0
25.24	0
25.25	0
25.27	2
25.28	2
25.30	0
25.32	0
25.33	1
25.35	0
25.36	0
25.38	1
25.39	0
25.41	0
25.43	0
25.44	0
25.46	2
25.47	1
25.49	1
25.51	1
25.52	0
25.54	2
25.55	1
25.57	0
25.58	0
25.60	0
25.62	0
25.63	0
25.65	3
25.66	0
25.68	2
25.69	0
25.71	0
25.73	0
25.74	1
25.76	1
25.77	2
25.79	0
25.81	0
25.82	0
25.84	0
25.85	0
25.87	0
25.88	1
25.90	2
25.92	1
25.93	0
25.95	0
25.96	0
25.98	3
26.00	0
26.01	1
26.03	0
26.04	0
26.06	0
26.07	0
26.09	2
26.11	0
26.12	0
26.14	1
26.15	0
26.17	0
26.19	0
26.20	1
26.22	1
26.23	1
26.25	2
26.26	0
26.28	3
26.30	0
26.31	0
26.33	0
26.34	0
26.36	0
26.38	1
26.39	0
26.41	0
26.42	1
26.44	2
26.45	0
26.47	0
26.49	0
26.50	0
26.52	1
26.53	1
26.55	0
26.57	0
26.58	0
26.60	0
26.61	0
26.63	0
26.64	0
26.66	0
26.68	0
26.69	0
26.71	1
26.72	0
26.74	2
26.75	0
26.77	0
26.79	0
26.80	0
26.82	0
26.83	0
26.85	1
26.87	0
26.88	1
26.90	1
26.91	0
26.93	1
26.94	1
26.96	0
26.98	0
26.99	0
27.01	0
27.02	1
27.04	1
27.06	0
27.07	0
27.09	0
27.10	0
27.12	1
27.13	0
27.15	0
27.17	1
27.18	0
27.20	0
27.21	1
27.23	0
27.25	0
27.26	0
27.28	0
27.29	1
27.31	0
27.32	1
27.34	1
27.36	1
27.37	1
27.39	0
27.40	1
27.42	1
27.44	0
27.45	0
27.47	0
27.48	1
27.50	0
27.51	0
27.53	0
27.55	1
27.56	0
27.58	1
27.59	0
27.61	0
27.63	1
27.64	1
27.66	1
27.67	0
27.69	1
27.70	1
27.72	1
27.74	0
27.75	0
27.77	0
27.78	0
27.80	0
27.81	1
27.83	0
27.85	0
27.86	0
27.88	0
27.89	0
27.91	0
27.93	1
27.94	0
27.96	0
27.97	0
27.99	0
28.00	1
28.02	0
28.04	0
28.05	0
28.07	1
28.08	0
28.10	0
28.12	0
28.13	0
28.15	0
28.16	1
28.18	0
28.19	1
28.21	1
28.23	0
28.24	0
28.26	0
28.27	0
28.29	1
28.31	1
28.32	0
28.34	1
28.35	0
28.37	0
28.38	0
28.40	0
28.42	0
28.43	0
28.45	0
28.46	0
28.48	0
28.50	0
28.51	0
28.53	0
28.54	0
28.56	0
28.57	0
28.59	0
28.61	0
28.62	0
28.64	0
28.65	0
28.67	0
28.69	0
28.70	0
28.72	0
28.73	0
28.75	0
28.76	2
28.78	0
28.80	0
28.81	0
28.83	0
28.84	0
28.86	0
28.88	0
28.89	0
28.91	1
28.92	0
28.94	0
28.95	0
28.97	0
28.99	0
29.00	0
29.02	0
29.03	1
29.05	0
29.06	0
29.08	0
29.10	1
29.11	0
29.13	0
29.14	0
29.16	0
29.18	1
29.19	0
29.21	0
29.22	0
29.24	0
29.25	0
29.27	0
29.29	0
29.30	0
29.32	0
29.33	1
29.35	0
29.37	0
29.38	0
29.40	0
29.41	0
29.43	0
29.44	0
29.46	0
29.48	0
29.49	0
29.51	1
29.52	0
29.54	0
29.56	0
29.57	0
29.59	0
29.60	0
29.62	0
29.63	1
29.65	0
29.67	1
29.68	2
29.70	0
29.71	0
29.73	0
29.75	0
29.76	0
29.78	0
29.79	0
29.81	0
29.82	0
29.84	0
29.86	0
29.87	0
29.89	0
29.90	0
29.92	0
29.94	0
29.95	0
29.97	0
29.98	0
30.00	0
30.01	1
30.03	0
30.05	0
30.06	0
30.08	0
30.09	1
30.11	0
30.12	0
30.14	0
30.16	0
30.17	0
30.19	0
30.20	0
30.22	0
30.24	0
30.25	0
30.27	0
30.28	0
30.30	0
30.31	0
30.33	0
30.35	0
30.36	0
30.38	0
30.39	0
30.41	0
30.43	0
30.44	0
30.46	0
30.47	0
30.49	0
30.50	0
30.52	0
30.54	0
30.55	0
30.57	0
30.58	0
30.60	0
30.62	0
30.63	0
30.65	0
30.66	0
30.68	0
30.69	0
30.71	0
30.73	0
30.74	0
30.76	0
30.77	0
30.79	0
30.81	0
30.82	0
30.84	0
30.85	0
30.87	0
30.88	0
30.90	0
30.92	0
30.93	0
30.95	0
30.96	0
30.98	0
31.00	0
31.01	0
31.03	0
31.04	0
31.06	0
31.07	0
31.09	0
31.11	0
31.12	0
31.14	0
31.15	0
31.17	0
31.18	0
31.20	0
31.22	0
31.23	0
31.25	0
31.26	0
31.28	0
31.30	0
31.31	0
31.33	0
31.34	0
31.36	0
31.37	0
31.39	0
31.41	0
31.42	0
31.44	0
31.45	0
31.47	0
31.49	0
31.50	0
31.52	0
31.53	0
31.55	0
31.56	0
31.58	0
31.60	0
31.61	0
31.63	0
31.64	0
31.66	0
31.68	0
31.69	0
31.71	0
31.72	0
31.74	0
31.75	0
31.77	0
31.79	0
31.80	0
31.82	0
31.83	0
31.85	0
31.87	0
31.88	0
31.90	0
31.91	0
31.93	0
31.94	0
31.96	0
31.98	0
31.99	0
32.01	0
32.02	0
32.04	0
32.06	0
32.07	0
32.09	0
32.10	0
32.12	0
32.13	0
32.15	0
32.17	0
32.18	0
32.20	0
32.21	0
32.23	0
32.24	0
32.26	0
32.28	0
32.29	0
32.31	0
32.32	0
32.34	0
32.36	0
32.37	0
32.39	0
32.40	0
32.42	0
32.43	-1
