# exported by fityk 0.8.7
#18-X:x	18-X:y	18-X:s	18-X:F(x)	18-X:%_1(x)	18-X:%_3(x)	18-X:a
0.79	0	1	3.19641e-180	3.19641e-180	2.33235e-282	1
0.81	0	1	4.05275e-179	4.05275e-179	7.90164e-281	1
0.82	0	1	1.43895e-178	1.43895e-178	4.58281e-280	1
0.84	0	1	1.80357e-177	1.80357e-177	1.53062e-278	1
0.86	0	1	2.24331e-176	2.24331e-176	5.0638e-277	1
0.87	0	1	7.88893e-176	7.88893e-176	2.90225e-276	1
0.89	0	1	9.70009e-175	9.70009e-175	9.46579e-275	1
0.9	0	1	3.3916e-174	3.3916e-174	5.38668e-274	1
0.92	0	1	4.12252e-173	4.12252e-173	1.73203e-272	1
0.93	0	1	1.43315e-172	1.43315e-172	9.78646e-272	1
0.95	0	1	1.72207e-171	1.72207e-171	3.10222e-270	1
0.97	0	1	2.05343e-170	2.05343e-170	9.74078e-269	1
0.98	0	1	7.07038e-170	7.07038e-170	5.43885e-268	1
1	0	1	8.33433e-169	8.33433e-169	1.68361e-266	1
1.01	0	1	2.85322e-168	2.85322e-168	9.33385e-266	1
1.03	0	1	3.32479e-167	3.32479e-167	2.84844e-264	1
1.05	0	1	3.84468e-166	3.84468e-166	8.61048e-263	1
1.06	0	1	1.30364e-165	1.30364e-165	4.71727e-262	1
1.08	0	1	1.49024e-164	1.49024e-164	1.4058e-260	1
1.09	0	1	5.02406e-164	5.02406e-164	7.64703e-260	1
1.11	0	1	5.67745e-163	5.67745e-163	2.24666e-258	1
1.12	1	1	1.90306e-162	1.90306e-162	1.21343e-257	1
1.14	1	1	2.12595e-161	2.12595e-161	3.51456e-256	1
1.16	1	1	2.35678e-160	2.35678e-160	1.00833e-254	1
1.17	0	1	7.82444e-160	7.82444e-160	5.38173e-254	1
1.19	0	1	8.57475e-159	8.57475e-159	1.52218e-252	1
1.2	2	1.41421	2.83045e-158	2.83045e-158	8.06662e-252	1
1.22	4	2	3.06637e-157	3.06637e-157	2.2493e-250	1
1.24	12	3.4641	3.29656e-156	3.29656e-156	6.21269e-249	1
1.25	23	4.79583	1.07778e-155	1.07778e-155	3.25348e-248	1
1.27	30	5.47723	1.14543e-154	1.14543e-154	8.85914e-247	1
1.28	25	5	3.72337e-154	3.72337e-154	4.60645e-246	1
1.3	29	5.38516	3.91178e-153	3.91178e-153	1.23658e-244	1
1.31	23	4.79583	1.26428e-152	1.26428e-152	6.38415e-244	1
1.33	24	4.89898	1.31306e-151	1.31306e-151	1.68955e-242	1
1.35	26	5.09902	1.35329e-150	1.35329e-150	4.42909e-241	1
1.36	27	5.19615	4.33206e-150	4.33206e-150	2.25964e-240	1
1.38	30	5.47723	4.4137e-149	4.4137e-149	5.83974e-239	1
1.39	30	5.47723	1.40478e-148	1.40478e-148	2.95818e-238	1
1.41	23	4.79583	1.41487e-147	1.41487e-147	7.53688e-237	1
1.42	25	5	4.47735e-147	4.47735e-147	3.79078e-236	1
1.44	27	5.19615	4.45791e-146	4.45791e-146	9.52155e-235	1
1.46	30	5.47723	4.40462e-145	4.40462e-145	2.36898e-233	1
1.47	20	4.47214	1.38054e-144	1.38054e-144	1.17745e-232	1
1.49	17	4.12311	1.34842e-143	1.34842e-143	2.88807e-231	1
1.5	31	5.56776	4.2021e-143	4.2021e-143	1.42526e-230	1
1.52	26	5.09902	4.05738e-142	4.05738e-142	3.44646e-229	1
1.54	28	5.2915	3.8877e-141	3.8877e-141	8.25519e-228	1
1.55	21	4.58258	1.19996e-140	1.19996e-140	4.02584e-227	1
1.57	17	4.12311	1.13662e-139	1.13662e-139	9.50654e-226	1
1.58	23	4.79583	3.4881e-139	3.4881e-139	4.60318e-225	1
1.6	21	4.58258	3.26616e-138	3.26616e-138	1.07161e-223	1
1.61	28	5.2915	9.96582e-138	9.96582e-138	5.15203e-223	1
1.63	26	5.09902	9.22493e-137	9.22493e-137	1.18241e-221	1
1.65	30	5.47723	8.47385e-136	8.47385e-136	2.68803e-220	1
1.66	20	4.47214	2.56088e-135	2.56088e-135	1.27708e-219	1
1.68	16	4	2.32546e-134	2.32546e-134	2.86218e-218	1
1.69	28	5.2915	6.98744e-134	6.98744e-134	1.35017e-217	1
1.71	18	4.24264	6.27246e-133	6.27246e-133	2.98317e-216	1
1.73	26	5.09902	5.5876e-132	5.5876e-132	6.52892e-215	1
1.74	17	4.12311	1.66291e-131	1.66291e-131	3.04352e-214	1
1.76	27	5.19615	1.46439e-130	1.46439e-130	6.56679e-213	1
1.77	22	4.69042	4.33313e-130	4.33313e-130	3.03945e-212	1
1.79	27	5.19615	3.77216e-129	3.77216e-129	6.46522e-211	1
1.8	18	4.24264	1.10978e-128	1.10978e-128	2.97119e-210	1
1.82	29	5.38516	9.55049e-128	9.55049e-128	6.23062e-209	1
1.84	16	4	8.15612e-127	8.15612e-127	1.29422e-207	1
1.85	18	4.24264	2.37664e-126	2.37664e-126	5.87757e-207	1
1.87	18	4.24264	2.00642e-125	2.00642e-125	1.20361e-205	1
1.88	20	4.47214	5.81301e-125	5.81301e-125	5.42729e-205	1
1.9	21	4.58258	4.85133e-124	4.85133e-124	1.09568e-203	1
1.92	23	4.79583	4.0178e-123	4.0178e-123	2.19108e-202	1
1.93	16	4	1.15293e-122	1.15293e-122	9.76334e-202	1
1.95	25	5	9.43909e-122	9.43909e-122	1.9248e-200	1
1.96	19	4.3589	2.69305e-121	2.69305e-121	8.51593e-200	1
1.98	19	4.3589	2.17958e-120	2.17958e-120	1.65513e-198	1
1.99	21	4.58258	6.18285e-120	6.18285e-120	7.27083e-198	1
2.01	29	5.38516	4.94674e-119	4.94674e-119	1.39314e-196	1
2.03	18	4.24264	3.92751e-118	3.92751e-118	2.64413e-195	1
2.04	33	5.74456	1.10348e-117	1.10348e-117	1.14783e-194	1
2.06	21	4.58258	8.66093e-117	8.66093e-117	2.14772e-193	1
2.07	14	3.74166	2.41944e-116	2.41944e-116	9.25719e-193	1
2.09	25	5	1.87722e-115	1.87722e-115	1.70762e-191	1
2.11	15	3.87298	1.44538e-114	1.44538e-114	3.12015e-190	1
2.12	30	5.47723	3.99913e-114	3.99913e-114	1.32899e-189	1
2.14	17	4.12311	3.04392e-113	3.04392e-113	2.39397e-188	1
2.15	18	4.24264	8.37371e-113	8.37371e-113	1.01245e-187	1
2.17	28	5.2915	6.30068e-112	6.30068e-112	1.79797e-186	1
2.18	26	5.09902	1.72335e-111	1.72335e-111	7.54987e-186	1
2.2	24	4.89898	1.28187e-110	1.28187e-110	1.32179e-184	1
2.22	16	4	9.46195e-110	9.46195e-110	2.29223e-183	1
2.23	10	3.16228	2.5633e-109	2.5633e-109	9.51176e-183	1
2.25	18	4.24264	1.87042e-108	1.87042e-108	1.62619e-181	1
2.26	14	3.74166	5.038e-108	5.038e-108	6.70005e-181	1
2.28	21	4.58258	3.63411e-107	3.63411e-107	1.12927e-179	1
2.3	18	4.24264	2.60139e-106	2.60139e-106	1.88537e-178	1
2.31	20	4.47214	6.94e-106	6.94e-106	7.67621e-178	1
2.33	21	4.58258	4.91098e-105	4.91098e-105	1.26344e-176	1
2.34	21	4.58258	1.30263e-104	1.30263e-104	5.10755e-176	1
2.36	25	5	9.11238e-104	9.11238e-104	8.28769e-175	1
2.37	22	4.69042	2.40318e-103	2.40318e-103	3.32657e-174	1
2.39	22	4.69042	1.66187e-102	1.66187e-102	5.32145e-173	1
2.41	16	4	1.14045e-101	1.14045e-101	8.43214e-172	1
2.42	28	5.2915	2.97896e-101	2.97896e-101	3.3446e-171	1
2.44	17	4.12311	2.02089e-100	2.02089e-100	5.22474e-170	1
2.45	15	3.87298	5.24847e-100	5.24847e-100	2.05768e-169	1
2.47	22	4.69042	3.51976e-099	3.51976e-099	3.16891e-168	1
2.48	19	4.3589	9.08873e-099	9.08873e-099	1.23917e-167	1
2.5	17	4.12311	6.02538e-098	6.02538e-098	1.88137e-166	1
2.52	18	4.24264	3.96399e-097	3.96399e-097	2.82939e-165	1
2.53	20	4.47214	1.01381e-096	1.01381e-096	1.09334e-164	1
2.55	26	5.09902	6.59336e-096	6.59336e-096	1.62102e-163	1
2.56	13	3.60555	1.67661e-095	1.67661e-095	6.21951e-163	1
2.58	17	4.12311	1.07791e-094	1.07791e-094	9.09075e-162	1
2.6	24	4.89898	6.87702e-094	6.87702e-094	1.31619e-160	1
2.61	18	4.24264	1.73205e-093	1.73205e-093	4.99034e-160	1
2.63	16	4	1.09239e-092	1.09239e-092	7.12297e-159	1
2.64	17	4.12311	2.73551e-092	2.73551e-092	2.68151e-158	1
2.66	15	3.87298	1.70552e-091	1.70552e-091	3.77331e-157	1
2.67	21	4.58258	4.24637e-091	4.24637e-091	1.41042e-156	1
2.69	21	4.58258	2.61721e-090	2.61721e-090	1.9566e-155	1
2.71	14	3.74166	1.60077e-089	1.60077e-089	2.68864e-154	1
2.72	15	3.87298	3.9475e-089	3.9475e-089	9.93117e-154	1
2.74	25	5	2.38678e-088	2.38678e-088	1.34537e-152	1
2.75	22	4.69042	5.85204e-088	5.85204e-088	4.9342e-152	1
2.77	13	3.60555	3.49782e-087	3.49782e-087	6.58978e-151	1
2.79	17	4.12311	2.0747e-086	2.0747e-086	8.71767e-150	1
2.8	27	5.19615	5.03831e-086	5.03831e-086	3.1595e-149	1
2.82	17	4.12311	2.95423e-085	2.95423e-085	4.12059e-148	1
2.83	18	4.24264	7.13302e-085	7.13302e-085	1.4828e-147	1
2.85	26	5.09902	4.1346e-084	4.1346e-084	1.9065e-146	1
2.86	22	4.69042	9.92577e-084	9.92577e-084	6.81188e-146	1
2.88	18	4.24264	5.68755e-083	5.68755e-083	8.63441e-145	1
2.9	26	5.09902	3.2341e-082	3.2341e-082	1.08411e-143	1
2.91	18	4.24264	7.68986e-082	7.68986e-082	3.82778e-143	1
2.93	24	4.89898	4.32263e-081	4.32263e-081	4.73805e-142	1
2.94	13	3.60555	1.02191e-080	1.02191e-080	1.66104e-141	1
2.96	19	4.3589	5.67863e-080	5.67863e-080	2.02696e-140	1
2.98	15	3.87298	3.13142e-079	3.13142e-079	2.4501e-139	1
2.99	25	5	7.33231e-079	7.33231e-079	8.48804e-139	1
3.01	16	4	3.99705e-078	3.99705e-078	1.01148e-137	1
3.02	30	5.47723	9.3055e-078	9.3055e-078	3.47927e-137	1
3.04	17	4.12311	5.01464e-077	5.01464e-077	4.08745e-136	1
3.05	19	4.3589	1.16075e-076	1.16075e-076	1.39601e-135	1
3.07	18	4.24264	6.1836e-076	6.1836e-076	1.61683e-134	1
3.09	19	4.3589	3.26896e-075	3.26896e-075	1.85488e-133	1
3.1	12	3.4641	7.49454e-075	7.49454e-075	6.2603e-133	1
3.12	17	4.12311	3.91665e-074	3.91665e-074	7.08041e-132	1
3.13	17	4.12311	8.9279e-074	8.9279e-074	2.3727e-131	1
3.15	16	4	4.61233e-073	4.61233e-073	2.64557e-130	1
3.17	22	4.69042	2.3646e-072	2.3646e-072	2.92193e-129	1
3.18	15	3.87298	5.3386e-072	5.3386e-072	9.67605e-129	1
3.2	16	4	2.70562e-071	2.70562e-071	1.05356e-127	1
3.21	19	4.3589	6.07347e-071	6.07347e-071	3.46414e-127	1
3.23	17	4.12311	3.04282e-070	3.04282e-070	3.71852e-126	1
3.24	15	3.87298	6.79121e-070	6.79121e-070	1.21398e-125	1
3.26	20	4.47214	3.36348e-069	3.36348e-069	1.28469e-124	1
3.28	15	3.87298	1.65309e-068	1.65309e-068	1.34667e-123	1
3.29	20	4.47214	3.65428e-068	3.65428e-068	4.34455e-123	1
3.31	22	4.69042	1.77546e-067	1.77546e-067	4.48972e-122	1
3.32	18	4.24264	3.90226e-067	3.90226e-067	1.43817e-121	1
3.34	15	3.87298	1.87425e-066	1.87425e-066	1.4652e-120	1
3.36	13	3.60555	8.93317e-066	8.93317e-066	1.47862e-119	1
3.37	26	5.09902	1.94467e-065	1.94467e-065	4.68049e-119	1
3.39	22	4.69042	9.16271e-065	9.16271e-065	4.65655e-118	1
3.4	18	4.24264	1.98319e-064	1.98319e-064	1.46354e-117	1
3.42	23	4.79583	9.23728e-064	9.23728e-064	1.43546e-116	1
3.43	18	4.24264	1.98785e-063	1.98785e-063	4.47957e-116	1
3.45	8	2.82843	9.15305e-063	9.15305e-063	4.33146e-115	1
3.47	22	4.69042	4.1823e-062	4.1823e-062	4.14865e-114	1
3.48	18	4.24264	8.91434e-062	8.91434e-062	1.27937e-113	1
3.5	26	5.09902	4.02661e-061	4.02661e-061	1.20804e-112	1
3.51	23	4.79583	8.53325e-061	8.53325e-061	3.69894e-112	1
3.53	24	4.89898	3.81035e-060	3.81035e-060	3.4433e-111	1
3.54	15	3.87298	8.02862e-060	8.02862e-060	1.04683e-110	1
3.56	21	4.58258	3.54399e-059	3.54399e-059	9.60695e-110	1
3.58	17	4.12311	1.55243e-058	1.55243e-058	8.73313e-109	1
3.59	14	3.74166	3.23983e-058	3.23983e-058	2.6237e-108	1
3.61	26	5.09902	1.40295e-057	1.40295e-057	2.35132e-107	1
3.62	24	4.89898	2.91107e-057	2.91107e-057	7.01395e-107	1
3.64	17	4.12311	1.24616e-056	1.24616e-056	6.19686e-106	1
3.66	21	4.58258	5.29374e-056	5.29374e-056	5.42319e-105	1
3.67	14	3.74166	1.08795e-055	1.08795e-055	1.59864e-104	1
3.69	23	4.79583	4.56875e-055	4.56875e-055	1.37926e-103	1
3.7	16	4	9.3356e-055	9.3356e-055	4.03689e-103	1
3.72	21	4.58258	3.87555e-054	3.87555e-054	3.43364e-102	1
3.73	24	4.89898	7.8737e-054	7.8737e-054	9.97841e-102	1
3.75	19	4.3589	3.23125e-053	3.23125e-053	8.36723e-101	1
3.77	20	4.47214	1.31592e-052	1.31592e-052	6.94987e-100	1
3.78	16	4	2.64795e-052	2.64795e-052	1.99585e-099	1
3.8	19	4.3589	1.06603e-051	1.06603e-051	1.63431e-098	1
3.81	23	4.79583	2.13281e-051	2.13281e-051	4.66005e-098	1
3.83	19	4.3589	8.48814e-051	8.48814e-051	3.76193e-097	1
3.85	17	4.12311	3.35229e-050	3.35229e-050	3.00819e-096	1
3.86	29	5.38516	6.64288e-050	6.64288e-050	8.47627e-096	1
3.88	22	4.69042	2.5935e-049	2.5935e-049	6.68207e-095	1
3.89	17	4.12311	5.10977e-049	5.10977e-049	1.86947e-094	1
3.91	17	4.12311	1.97211e-048	1.97211e-048	1.4529e-093	1
3.92	21	4.58258	3.86321e-048	3.86321e-048	4.03598e-093	1
3.94	12	3.4641	1.47394e-047	1.47394e-047	3.09228e-092	1
3.96	15	3.87298	5.58058e-047	5.58058e-047	2.34685e-091	1
3.97	24	4.89898	1.08275e-046	1.08275e-046	6.4423e-091	1
3.99	19	4.3589	4.05256e-046	4.05256e-046	4.82013e-090	1
4	15	3.87298	7.81772e-046	7.81772e-046	1.31378e-089	1
4.02	28	5.2915	2.89256e-045	2.89256e-045	9.69061e-089	1
4.04	16	4	1.06206e-044	1.06206e-044	7.08037e-088	1
4.05	16	4	2.02925e-044	2.02925e-044	1.90705e-087	1
4.07	26	5.09902	7.36555e-044	7.36555e-044	1.37366e-086	1
4.08	10	3.16228	1.39923e-043	1.39923e-043	3.67359e-086	1
4.1	16	4	5.02067e-043	5.02067e-043	2.60867e-085	1
4.11	17	4.12311	9.48304e-043	9.48304e-043	6.92688e-085	1
4.13	23	4.79583	3.36372e-042	3.36372e-042	4.8493e-084	1
4.15	16	4	1.18402e-041	1.18402e-041	3.36276e-083	1
4.16	12	3.4641	2.21503e-041	2.21503e-041	8.82382e-083	1
4.18	18	4.24264	7.70761e-041	7.70761e-041	6.03234e-082	1
4.19	15	3.87298	1.43364e-040	1.43364e-040	1.57164e-081	1
4.21	21	4.58258	4.93153e-040	4.93153e-040	1.05924e-080	1
4.23	17	4.12311	1.68341e-039	1.68341e-039	7.07146e-080	1
4.24	15	3.87298	3.10131e-039	3.10131e-039	1.82062e-079	1
4.26	27	5.19615	1.04654e-038	1.04654e-038	1.19825e-078	1
4.27	12	3.4641	1.91695e-038	1.91695e-038	3.06313e-078	1
4.29	25	5	6.39472e-038	6.39472e-038	1.98749e-077	1
4.3	22	4.69042	1.1646e-037	1.1646e-037	5.04462e-077	1
4.32	13	3.60555	3.84052e-037	3.84052e-037	3.22686e-076	1
4.34	20	4.47214	1.25681e-036	1.25681e-036	2.0446e-075	1
4.35	15	3.87298	2.26704e-036	2.26704e-036	5.12831e-075	1
4.37	23	4.79583	7.33398e-036	7.33398e-036	3.20342e-074	1
4.38	16	4	1.31532e-035	1.31532e-035	7.97786e-074	1
4.4	18	4.24264	4.20641e-035	4.20641e-035	4.9129e-073	1
4.42	11	3.31662	1.33494e-034	1.33494e-034	2.99685e-072	1
4.43	16	4	2.3713e-034	2.3713e-034	7.37531e-072	1
4.45	22	4.69042	7.43936e-034	7.43936e-034	4.43526e-071	1
4.46	23	4.79583	1.3139e-033	1.3139e-033	1.08378e-070	1
4.48	22	4.69042	4.07486e-033	4.07486e-033	6.42528e-070	1
4.49	16	4	7.15547e-033	7.15547e-033	1.55891e-069	1
4.51	18	4.24264	2.19377e-032	2.19377e-032	9.11137e-069	1
4.53	15	3.87298	6.67436e-032	6.67436e-032	5.27499e-068	1
4.54	20	4.47214	1.16083e-031	1.16083e-031	1.26472e-067	1
4.56	25	5	3.49133e-031	3.49133e-031	7.21844e-067	1
4.57	22	4.69042	6.03742e-031	6.03742e-031	1.71839e-066	1
4.59	25	5	1.79503e-030	1.79503e-030	9.66905e-066	1
4.6	22	4.69042	3.08627e-030	3.08627e-030	2.28543e-065	1
4.62	23	4.79583	9.07103e-030	9.07103e-030	1.26778e-064	1
4.64	22	4.69042	2.64574e-029	2.64574e-029	6.96613e-064	1
4.65	25	5	4.50549e-029	4.50549e-029	1.62712e-063	1
4.67	16	4	1.29907e-028	1.29907e-028	8.81416e-063	1
4.68	21	4.58258	2.19953e-028	2.19953e-028	2.04416e-062	1
4.7	19	4.3589	6.26933e-028	6.26933e-028	1.09166e-061	1
4.72	17	4.12311	1.7733e-027	1.7733e-027	5.7748e-061	1
4.73	20	4.47214	2.9738e-027	2.9738e-027	1.32347e-060	1
4.75	19	4.3589	8.31518e-027	8.31518e-027	6.902e-060	1
4.76	26	5.09902	1.38644e-026	1.38644e-026	1.57057e-059	1
4.78	17	4.12311	3.83234e-026	3.83234e-026	8.0748e-059	1
4.79	22	4.69042	6.35324e-026	6.35324e-026	1.8244e-058	1
4.81	21	4.58258	1.73603e-025	1.73603e-025	9.24712e-058	1
4.83	28	5.2915	4.70748e-025	4.70748e-025	4.64265e-057	1
4.84	19	4.3589	7.72954e-025	7.72954e-025	1.03657e-056	1
4.86	17	4.12311	2.07198e-024	2.07198e-024	5.13064e-056	1
4.87	27	5.19615	3.3826e-024	3.3826e-024	1.13739e-055	1
4.89	19	4.3589	8.96361e-024	8.96361e-024	5.55003e-055	1
4.91	20	4.47214	2.35713e-023	2.35713e-023	2.68259e-054	1
4.92	14	3.74166	3.81139e-023	3.81139e-023	5.87675e-054	1
4.94	30	5.47723	9.90795e-023	9.90795e-023	2.80033e-053	1
4.95	21	4.58258	1.59288e-022	1.59288e-022	6.09112e-053	1
4.97	20	4.47214	4.09342e-022	4.09342e-022	2.86142e-052	1
4.98	23	4.79583	6.54316e-022	6.54316e-022	6.17982e-052	1
5	17	4.12311	1.66223e-021	1.66223e-021	2.86201e-051	1
5.02	23	4.79583	4.19045e-021	4.19045e-021	1.31293e-050	1
5.03	33	5.74456	6.63431e-021	6.63431e-021	2.80208e-050	1
5.05	15	3.87298	1.65336e-020	1.65336e-020	1.26725e-049	1
5.06	24	4.89898	2.60257e-020	2.60257e-020	2.6854e-049	1
5.08	34	5.83095	6.41173e-020	6.41173e-020	1.1973e-048	1
5.1	15	3.87298	1.56753e-019	1.56753e-019	5.28778e-048	1
5.11	19	4.3589	2.44391e-019	2.44391e-019	1.10729e-047	1
5.13	15	3.87298	5.90645e-019	5.90645e-019	4.82107e-047	1
5.14	24	4.89898	9.15581e-019	9.15581e-019	1.00239e-046	1
5.16	26	5.09902	2.18745e-018	2.18745e-018	4.30261e-046	1
5.17	25	5	3.3714e-018	3.3714e-018	8.88244e-046	1
5.19	17	4.12311	7.96256e-018	7.96256e-018	3.75871e-045	1
5.21	18	4.24264	1.86622e-017	1.86622e-017	1.57551e-044	1
5.22	18	4.24264	2.84884e-017	2.84884e-017	3.21414e-044	1
5.24	24	4.89898	6.60055e-017	6.60055e-017	1.32818e-043	1
5.25	23	4.79583	1.00181e-016	1.00181e-016	2.69034e-043	1
5.27	20	4.47214	2.29455e-016	2.29455e-016	1.09601e-042	1
5.29	24	4.89898	5.21529e-016	5.21529e-016	4.42277e-042	1
5.3	27	5.19615	7.84004e-016	7.84004e-016	8.85294e-042	1
5.32	21	4.58258	1.76157e-015	1.76157e-015	3.52193e-041	1
5.33	27	5.19615	2.63293e-015	2.63293e-015	6.99971e-041	1
5.35	16	4	5.8482e-015	5.8482e-015	2.74527e-040	1
5.36	31	5.56776	8.69087e-015	8.69087e-015	5.4174e-040	1
5.38	37	6.08276	1.9083e-014	1.9083e-014	2.09463e-039	1
5.4	30	5.47723	4.15811e-014	4.15811e-014	8.02232e-039	1
5.41	28	5.2915	6.12029e-014	6.12029e-014	1.56441e-038	1
5.43	24	4.89898	1.31833e-013	1.31833e-013	5.90682e-038	1
5.44	27	5.19615	1.9293e-013	1.9293e-013	1.14369e-037	1
5.46	30	5.47723	4.1082e-013	4.1082e-013	4.25721e-037	1
5.48	28	5.2915	8.68104e-013	8.68104e-013	1.5697e-036	1
5.49	19	4.3589	1.25829e-012	1.25829e-012	3.00342e-036	1
5.51	26	5.09902	2.62847e-012	2.62847e-012	1.09174e-035	1
5.52	35	5.91608	3.78803e-012	3.78803e-012	2.07407e-035	1
5.54	41	6.40312	7.82232e-012	7.82232e-012	7.43258e-035	1
5.55	33	5.74456	1.12085e-011	1.12085e-011	1.40201e-034	1
5.57	37	6.08276	2.28807e-011	2.28807e-011	4.95312e-034	1
5.59	35	5.91608	4.63511e-011	4.63511e-011	1.73333e-033	1
5.6	32	5.65685	6.57818e-011	6.57818e-011	3.23099e-033	1
5.62	37	6.08276	1.31734e-010	1.31734e-010	1.11468e-032	1
5.63	30	5.47723	1.85885e-010	1.85885e-010	2.06306e-032	1
5.65	38	6.16441	3.6799e-010	3.6799e-010	7.0168e-032	1
5.67	31	5.56776	7.22929e-010	7.22929e-010	2.36397e-031	1
5.68	31	5.56776	1.01036e-009	1.01036e-009	4.3236e-031	1
5.7	35	5.91608	1.96217e-009	1.96217e-009	1.43602e-030	1
5.71	50	7.07107	2.72658e-009	2.72658e-009	2.60777e-030	1
5.73	19	4.3589	5.23456e-009	5.23456e-009	8.53879e-030	1
5.74	35	5.91608	7.23205e-009	7.23205e-009	1.53962e-029	1
5.76	30	5.47723	1.37254e-008	1.37254e-008	4.96994e-029	1
5.78	30	5.47723	2.58497e-008	2.58497e-008	1.58915e-028	1
5.79	39	6.245	3.53729e-008	3.53729e-008	2.83155e-028	1
5.81	25	5	6.5857e-008	6.5857e-008	8.92587e-028	1
5.82	23	4.79583	8.9602e-008	8.9602e-008	1.57912e-027	1
5.84	32	5.65685	1.64911e-007	1.64911e-007	4.90743e-027	1
5.85	30	5.47723	2.23083e-007	2.23083e-007	8.62038e-027	1
5.87	37	6.08276	4.05883e-007	4.05883e-007	2.64105e-026	1
5.89	39	6.245	7.32827e-007	7.32827e-007	8.01496e-026	1
5.9	29	5.38516	9.81867e-007	9.81867e-007	1.39129e-025	1
5.92	35	5.91608	1.75249e-006	1.75249e-006	4.1625e-025	1
5.93	42	6.48074	2.33457e-006	2.33457e-006	7.17424e-025	1
5.95	39	6.245	4.11916e-006	4.11916e-006	2.11605e-024	1
5.97	35	5.91608	7.2124e-006	7.2124e-006	6.18229e-024	1
5.98	37	6.08276	9.51624e-006	9.51624e-006	1.05297e-023	1
6	36	6	1.64716e-005	1.64716e-005	3.03285e-023	1
6.01	25	5	2.16084e-005	2.16084e-005	5.12888e-023	1
6.03	25	5	3.69739e-005	3.69739e-005	1.45637e-022	1
6.04	28	5.2915	4.82261e-005	4.82261e-005	2.44539e-022	1
6.06	23	4.79583	8.15748e-005	8.15748e-005	6.84557e-022	1
6.08	29	5.38516	0.00013693	0.00013693	1.89821e-021	1
6.09	40	6.32456	0.000176896	0.000176896	3.14968e-021	1
6.11	33	5.74456	0.000293535	0.000293535	8.61022e-021	1
6.12	28	5.2915	0.000377035	0.000377035	1.41854e-020	1
6.14	31	5.56776	0.000618479	0.000618479	3.82297e-020	1
6.16	35	5.91608	0.00100678	0.00100678	1.02055e-019	1
6.17	32	5.65685	0.00128083	0.00128083	1.66153e-019	1
6.19	23	4.79583	0.00206112	0.00206112	4.37274e-019	1
6.2	31	5.56776	0.00260711	0.00260711	7.06856e-019	1
6.22	33	5.74456	0.00414736	0.00414736	1.83396e-018	1
6.23	35	5.91608	0.00521588	0.00521588	2.94356e-018	1
6.25	43	6.55744	0.00820242	0.00820242	7.52912e-018	1
6.27	29	5.38516	0.0128004	0.0128004	1.90762e-017	1
6.28	44	6.63325	0.0159446	0.0159446	3.02564e-017	1
6.3	25	5	0.0245978	0.0245978	7.55746e-017	1
6.31	37	6.08276	0.030464	0.030464	1.19017e-016	1
6.33	41	6.40312	0.0464591	0.0464591	2.93075e-016	1
6.35	46	6.78233	0.0703107	0.0703107	7.14866e-016	1
6.36	26	5.09902	0.0862476	0.0862476	1.1125e-015	1
6.38	47	6.85565	0.129032	0.129032	2.67521e-015	1
6.39	38	6.16441	0.157371	0.157371	4.13371e-015	1
6.41	35	5.91608	0.232744	0.232744	9.79965e-015	1
6.42	39	6.245	0.282231	0.282231	1.50348e-014	1
6.44	46	6.78233	0.412627	0.412627	3.51383e-014	1
6.46	46	6.78233	0.598659	0.598659	8.13464e-014	1
6.47	44	6.63325	0.719019	0.719019	1.2333e-013	1
6.49	40	6.32456	1.03125	1.03125	2.81475e-013	1
6.5	45	6.7082	1.23147	1.23147	4.23718e-013	1
6.52	43	6.55744	1.74601	1.74601	9.53363e-013	1
6.54	42	6.48074	2.45662	2.45662	2.12478e-012	1
6.55	59	7.68115	2.90559	2.90559	3.16079e-012	1
6.57	39	6.245	4.04134	4.04134	6.94488e-012	1
6.58	54	7.34847	4.75249	4.75249	1.02577e-011	1
6.6	50	7.07107	6.53453	6.53453	2.22194e-011	1
6.61	28	5.2915	7.64031	7.64031	3.25856e-011	1
6.63	58	7.61577	10.385	10.385	6.95856e-011	1
6.65	53	7.28011	14.0077	14.0077	1.47193e-010	1
6.66	60	7.74597	16.2217	16.2217	2.13316e-010	1
6.68	64	8	21.6302	21.6302	4.4484e-010	1
6.69	62	7.87401	24.9053	24.9053	6.40099e-010	1
6.71	73	8.544	32.8288	32.8288	1.31595e-009	1
6.73	72	8.48528	42.9423	42.9423	2.67983e-009	1
6.74	88	9.38083	48.9723	48.9723	3.8106e-009	1
6.76	104	10.198	63.3261	63.3261	7.6502e-009	1
6.77	99	9.94987	71.804	71.804	1.0801e-008	1
6.79	130	11.4018	91.7871	91.7871	2.13775e-008	1
6.8	161	12.6886	103.478	103.478	2.99679e-008	1
6.82	181	13.4536	130.762	130.762	5.84735e-008	1
6.84	181	13.4536	163.977	163.977	1.13015e-007	1
6.85	275	16.5831	183.099	183.099	1.5656e-007	1
6.87	199	14.1067	226.98	226.98	2.98312e-007	1
6.88	272	16.4924	251.993	251.993	4.10317e-007	1
6.9	306	17.4929	308.811	308.811	7.70766e-007	1
6.91	388	19.6977	340.874	340.874	1.05263e-006	1
6.93	434	20.8327	412.951	412.951	1.94936e-006	1
6.95	437	20.9045	496.444	496.444	3.57587e-006	1
6.96	570	23.8747	542.759	542.759	4.82592e-006	1
6.98	602	24.5357	645.03	645.03	8.72735e-006	1
6.99	627	25.04	701.159	701.159	1.16946e-005	1
7.01	791	28.1247	823.741	823.741	2.08498e-005	1
7.03	835	28.8964	960.356	960.355	3.68206e-005	1
7.04	999	31.607	1033.96	1033.96	4.87571e-005	1
7.06	1104	33.2265	1191.64	1191.64	8.48867e-005	1
7.07	1280	35.7771	1275.61	1275.61	0.000111608	1
7.09	1316	36.2767	1453.32	1453.32	0.000191561	1
7.1	1735	41.6533	1546.79	1546.79	0.000250073	1
7.12	1575	39.6863	1742.12	1742.12	0.000423149	1
7.14	1842	42.9185	1947.1	1947.1	0.000709241	1
7.15	1952	44.1814	2052.56	2052.56	0.000914949	1
7.17	2277	47.7179	2267.82	2267.82	0.00151185	1
7.18	2240	47.3286	2376.93	2376.92	0.00193651	1
7.2	2544	50.4381	2596.15	2596.15	0.0031546	1
7.22	2804	52.9528	2813.92	2813.91	0.00509032	1
7.23	2924	54.074	2921.14	2921.14	0.00644314	1
7.25	2960	54.4059	3129.94	3129.93	0.0102497	1
7.26	3442	58.6686	3230.56	3230.54	0.0128816	1
7.28	3241	56.9298	3421.86	3421.84	0.020202	1
7.29	3698	60.8112	3511.6	3511.57	0.0252092	1
7.31	3515	59.2874	3676.97	3676.94	0.0389758	1
7.33	3913	62.554	3820.72	3820.66	0.0596907	1
7.34	3870	62.2093	3883.49	3883.42	0.0736064	1
7.36	4425	66.5207	3989.14	3989.03	0.111132	1
7.37	3706	60.8769	4031.43	4031.29	0.136067	1
7.39	4258	65.2534	4093.74	4093.53	0.20253	1
7.41	4180	64.6529	4125.26	4124.96	0.298607	1
7.42	4277	65.3988	4129.23	4128.87	0.361293	1
7.44	4309	65.643	4113.48	4112.95	0.525148	1
7.45	3909	62.522	4093.85	4093.22	0.63088	1
7.47	4242	65.1306	4031.68	4030.78	0.904027	1
7.48	4232	65.0538	3989.5	3988.42	1.07833	1
7.5	3655	60.4566	3884.15	3882.63	1.52335	1
7.52	3971	63.0159	3752.88	3750.75	2.13168	1
7.53	3596	59.9667	3678.42	3675.9	2.51267	1
7.55	3621	60.1747	3513.87	3510.4	3.46633	1
7.56	3486	59.0424	3424.67	3420.61	4.05686	1
7.58	3299	57.4369	3234.74	3229.22	5.51743	1
7.6	3104	55.7136	3032.67	3025.24	7.4329	1
7.61	3220	56.745	2928.31	2919.72	8.59651	1
7.63	2674	51.7107	2715.4	2703.98	11.4171	1
7.64	2562	50.6162	2607.8	2594.69	13.1107	1
7.66	2475	49.7494	2392.63	2375.47	17.1661	1
7.67	2324	48.2079	2285.94	2266.37	19.5725	1
7.69	2033	45.0888	2076.41	2051.14	25.2642	1
7.71	1816	42.6146	1874.46	1842.16	32.3027	1
7.72	1851	43.0232	1777.18	1740.78	36.3963	1
7.74	1595	39.9375	1591.41	1545.53	45.8778	1
7.75	1278	35.7491	1503.42	1452.09	51.3249	1
7.77	1423	37.7227	1338.25	1274.47	63.7802	1
7.79	1112	33.3467	1188.53	1110.02	78.5087	1
7.8	1106	33.2566	1119.75	1032.95	86.7934	1
7.82	925	30.4138	994.698	889.373	105.325	1
7.83	866	29.4279	938.491	822.878	115.613	1
7.85	782	27.9643	838.702	700.389	138.313	1
7.86	821	28.6531	795.05	644.305	150.745	1
7.88	623	24.96	719.913	542.121	177.792	1
7.9	621	24.9199	660.366	452.656	207.71	1
7.91	621	24.9199	636.142	412.434	223.708	1
7.93	648	25.4558	598.084	340.43	257.654	1
7.94	576	24	583.93	308.4	275.53	1
7.96	551	23.4734	564.496	251.646	312.85	1
7.97	565	23.7697	558.841	226.661	332.18	1
7.99	550	23.4521	554.67	182.832	371.838	1
8.01	565	23.7697	558.646	146.351	412.295	1
8.02	593	24.3516	563.164	130.562	432.603	1
8.04	555	23.5584	576.2	103.314	472.886	1
8.05	606	24.6171	584.295	91.6395	492.655	1
8.07	642	25.3377	602.597	71.6849	530.912	1
8.09	631	25.1197	622.377	55.6467	566.731	1
8.1	676	26	632.342	48.8873	583.454	1
8.12	741	27.2213	651.522	37.5154	614.007	1
8.13	624	24.98	660.408	32.7692	627.639	1
8.15	738	27.1662	676.02	24.8588	651.161	1
8.16	726	26.9444	682.482	21.5893	660.892	1
8.18	693	26.3249	692.151	16.1903	675.961	1
8.2	740	27.2029	696.886	12.0486	684.837	1
8.21	664	25.7682	697.232	10.364	686.868	1
8.23	689	26.2488	693.668	7.62451	686.043	1
8.24	677	26.0192	689.714	6.52085	683.193	1
8.26	595	24.3926	677.461	4.7423	672.719	1
8.28	683	26.1343	659.566	3.42249	656.143	1
8.29	570	23.8747	648.604	2.89913	645.705	1
8.31	647	25.4362	622.953	2.06834	620.885	1
8.32	598	24.454	608.413	1.742	606.671	1
8.34	580	24.0832	576.327	1.22858	575.099	1
8.35	547	23.388	558.972	1.0288	557.943	1
8.37	539	23.2164	522.142	0.717275	521.425	1
8.39	435	20.8567	483.186	0.496259	482.69	1
8.4	438	20.9284	463.175	0.411595	462.764	1
8.42	427	20.664	422.608	0.28151	422.326	1
8.43	397	19.9249	402.25	0.232144	402.018	1
8.45	405	20.1246	361.855	0.156957	361.698	1
8.47	337	18.3576	322.451	0.105311	322.346	1
8.48	338	18.3848	303.31	0.0860143	303.224	1
8.5	249	15.7797	266.467	0.0570511	266.41	1
8.51	230	15.1658	248.874	0.0463298	248.827	1
8.53	207	14.3875	215.556	0.0303777	215.525	1
8.54	196	14	199.896	0.0245275	199.872	1
8.56	176	13.2665	170.688	0.0158982	170.672	1
8.58	143	11.9583	144.371	0.0102261	144.361	1
8.59	132	11.4891	132.304	0.00817793	132.296	1
8.61	115	10.7238	110.323	0.00520005	110.318	1
8.62	116	10.7703	100.385	0.00413466	100.381	1
8.64	81	9	82.5229	0.00259899	82.5203	1
8.66	88	9.38083	67.1982	0.0016212	67.1966	1
8.67	55	7.4162	60.4231	0.00127674	60.4218	1
8.69	50	7.07107	48.5064	0.000787294	48.5056	1
8.7	46	6.78233	43.3063	0.000616459	43.3057	1
8.72	27	5.19615	34.2736	0.000375784	34.2733	1
8.73	28	5.2915	30.3821	0.000292554	30.3818	1
8.75	27	5.19615	23.705	0.000176296	23.7048	1
8.77	14	3.74166	18.3205	0.000105425	18.3204	1
8.78	19	4.3589	16.0487	8.12918e-005	16.0486	1
8.8	11	3.31662	12.2278	4.80563e-005	12.2278	1
8.81	14	3.74166	10.6355	3.68428e-005	10.6354	1
8.83	18	4.24264	7.98874	2.15307e-005	7.98872	1
8.85	6	2.44949	5.94395	1.24862e-005	5.94394	1
8.86	8	2.82843	5.10889	9.48128e-006	5.10888	1
8.88	13	3.60555	3.74745	5.43551e-006	3.74745	1
8.89	2	1.41421	3.19811	4.10372e-006	3.19811	1
8.91	7	2.64575	2.31268	2.32569e-006	2.31267	1
8.92	3	1.73205	1.95965	1.74578e-006	1.95965	1
8.94	2	1.41421	1.39705	9.7806e-007	1.39705	1
8.96	2	1.41421	0.986554	5.43762e-007	0.986554	1
8.97	1	1	0.826092	4.04278e-007	0.826091	1
8.99	3	1.73205	0.575108	2.2219e-007	0.575107	1
9	0	1	0.478148	1.64247e-007	0.478148	1
9.02	1	1	0.328167	8.92364e-008	0.328167	1
9.03	1	1	0.270904	6.55866e-008	0.270904	1
9.05	3	1.73205	0.183299	3.52258e-008	0.183299	1
9.07	1	1	0.122851	1.87748e-008	0.122851	1
9.08	2	1.41421	0.100217	1.36673e-008	0.100217	1
9.1	2	1.41421	0.0662179	7.20106e-009	0.0662179	1
9.11	2	1.41421	0.0536346	5.212e-009	0.0536346	1
9.13	2	1.41421	0.0349373	2.71469e-009	0.0349373	1
9.15	1	1	0.0225428	1.40315e-009	0.0225428	1
9.16	0	1	0.0180435	1.00588e-009	0.0180435	1
9.18	0	1	0.0114776	5.1396e-010	0.0114776	1
9.19	2	1.41421	0.00912161	3.66329e-010	0.00912161	1
9.21	3	1.73205	0.00572025	1.85036e-010	0.00572025	1
9.22	3	1.73205	0.00451378	1.31129e-010	0.00451378	1
9.24	3	1.73205	0.00279059	6.54766e-011	0.00279059	1
9.26	2	1.41421	0.00170894	3.24444e-011	0.00170894	1
9.27	2	1.41421	0.00133259	2.27728e-011	0.00133259	1
9.29	3	1.73205	0.000804522	1.1155e-011	0.000804522	1
9.3	1	1	0.000622892	7.78483e-012	0.000622892	1
9.32	1	1	0.000370739	3.76968e-012	0.000370739	1
9.34	1	1	0.000218574	1.81146e-012	0.000218574	1
9.35	2	1.41421	0.000167231	1.2521e-012	0.000167231	1
9.37	4	2	9.71982e-005	5.94791e-013	9.71982e-005	1
9.38	4	2	7.38384e-005	4.08768e-013	7.38384e-005	1
9.4	3	1.73205	4.23094e-005	1.91956e-013	4.23094e-005	1
9.41	1	1	3.19129e-005	1.31164e-013	3.19129e-005	1
9.43	1	1	1.80274e-005	6.08893e-014	1.80274e-005	1
9.45	2	1.41421	1.00873e-005	2.80501e-014	1.00873e-005	1
9.46	2	1.41421	7.51881e-006	1.89837e-014	7.51881e-006	1
9.48	2	1.41421	4.14765e-006	8.64523e-015	4.14765e-006	1
9.49	1	1	3.0696e-006	5.81734e-015	3.0696e-006	1
9.51	1	1	1.66935e-006	2.61891e-015	1.66935e-006	1
9.53	1	1	8.99268e-007	1.16999e-015	8.99268e-007	1
9.54	3	1.73205	6.57677e-007	7.79768e-016	6.57677e-007	1
9.56	2	1.41421	3.49273e-007	3.44373e-016	3.49273e-007	1
9.57	4	2	2.53627e-007	2.28198e-016	2.53627e-007	1
9.59	1	1	1.32788e-007	9.96271e-017	1.32788e-007	1
9.6	0	1	9.57405e-008	6.56388e-017	9.57405e-008	1
9.62	4	2	4.94166e-008	2.83287e-017	4.94166e-008	1
9.64	1	1	2.52653e-008	1.21328e-017	2.52653e-008	1
9.65	0	1	1.80013e-008	7.91731e-018	1.80013e-008	1
9.67	1	1	9.07337e-009	3.35207e-018	9.07337e-009	1
9.68	3	1.73205	6.4188e-009	2.17486e-018	6.4188e-009	1
9.7	1	1	3.18956e-009	9.10262e-019	3.18956e-009	1
9.72	0	1	1.56994e-009	3.78068e-019	1.56994e-009	1
9.73	5	2.23607	1.09752e-009	2.42953e-019	1.09752e-009	1
9.75	0	1	5.32567e-010	9.9753e-020	5.32567e-010	1
9.76	2	1.41421	3.69666e-010	6.37351e-020	3.69666e-010	1
9.78	3	1.73205	1.76842e-010	2.58692e-020	1.76842e-010	1
9.79	2	1.41421	1.21878e-010	1.64338e-020	1.21878e-010	1
9.81	0	1	5.74796e-011	6.59391e-021	5.74796e-011	1
9.83	3	1.73205	2.6852e-011	2.62553e-021	2.6852e-011	1
9.84	1	1	1.82878e-011	1.65198e-021	1.82878e-011	1
9.86	3	1.73205	8.42241e-012	6.50248e-022	8.42241e-012	1
9.87	3	1.73205	5.69544e-012	4.06787e-022	5.69544e-012	1
9.89	2	1.41421	2.58592e-012	1.58286e-022	2.58592e-012	1
9.91	2	1.41421	1.16299e-012	6.11204e-023	1.16299e-012	1
9.92	1	1	7.7716e-013	3.78711e-023	7.7716e-013	1
9.94	0	1	3.44576e-013	1.44562e-023	3.44576e-013	1
9.95	2	1.41421	2.28626e-013	8.90584e-024	2.28626e-013	1
9.97	1	1	9.99336e-014	3.36063e-024	9.99336e-014	1
9.98	2	1.41421	6.58352e-014	2.05847e-024	6.58352e-014	1
10	3	1.73205	2.83698e-014	7.67874e-025	2.83698e-014	1
10.02	1	1	1.21096e-014	2.84252e-025	1.21096e-014	1
10.03	2	1.41421	7.88352e-015	1.72449e-025	7.88352e-015	1
10.05	1	1	3.31746e-015	6.31068e-026	3.31746e-015	1
10.06	0	1	2.14438e-015	3.80657e-026	2.14438e-015	1
10.08	2	1.41421	8.89611e-016	1.37705e-026	8.89611e-016	1
10.1	0	1	3.65572e-016	4.94349e-027	3.65572e-016	1
10.11	3	1.73205	2.33514e-016	2.95342e-027	2.33514e-016	1
10.13	3	1.73205	9.46014e-017	1.04812e-027	9.46014e-017	1
10.14	0	1	5.99988e-017	6.2259e-028	5.99988e-017	1
10.16	3	1.73205	2.39629e-017	2.18418e-028	2.39629e-017	1
10.17	0	1	1.50901e-017	1.28997e-028	1.50901e-017	1
10.19	2	1.41421	5.94157e-018	4.47371e-029	5.94157e-018	1
10.21	0	1	2.31732e-018	1.53965e-029	2.31732e-018	1
10.22	4	2	1.44205e-018	9.00635e-030	1.44205e-018	1
10.24	2	1.41421	5.54469e-019	3.06411e-030	5.54469e-019	1
10.25	2	1.41421	3.42593e-019	1.7821e-030	3.42593e-019	1
10.27	0	1	1.29864e-019	5.9936e-031	1.29864e-019	1
10.28	4	2	7.967e-020	3.4659e-031	7.967e-020	1
10.3	6	2.44949	2.97725e-020	1.15232e-031	2.97725e-020	1
10.32	1	1	1.10208e-020	3.80188e-032	1.10208e-020	1
10.33	5	2.23607	6.68132e-021	2.17751e-032	6.68132e-021	1
10.35	3	1.73205	2.43821e-021	7.10209e-033	2.43821e-021	1
10.36	2	1.41421	1.46767e-021	4.04435e-033	1.46767e-021	1
10.38	0	1	5.28017e-022	1.30399e-033	5.28017e-022	1
10.4	6	2.44949	1.88167e-022	4.17224e-034	1.88167e-022	1
10.41	2	1.41421	1.11929e-022	2.35324e-034	1.11929e-022	1
10.43	4	2	3.93233e-023	7.44324e-035	3.93233e-023	1
10.44	2	1.41421	2.32251e-023	4.17407e-035	2.32251e-023	1
10.46	5	2.23607	8.04408e-024	1.30514e-035	8.04408e-024	1
10.47	4	2	4.71725e-024	7.27704e-036	4.71725e-024	1
10.49	2	1.41421	1.61072e-024	2.24932e-036	1.61072e-024	1
10.51	1	1	5.44788e-025	6.89948e-037	5.44788e-025	1
10.52	4	2	3.15707e-025	3.81021e-037	3.15707e-025	1
10.54	2	1.41421	1.05269e-025	1.15535e-037	1.05269e-025	1
10.55	7	2.64575	6.0571e-026	6.34377e-038	6.0571e-026	1
10.57	3	1.73205	1.99111e-026	1.90158e-038	1.99111e-026	1
10.59	4	2	6.48338e-027	5.65651e-039	6.48338e-027	1
10.6	3	1.73205	3.68644e-027	3.07621e-039	3.68644e-027	1
10.62	2	1.41421	1.18338e-027	9.04588e-040	1.18338e-027	1
10.63	4	2	6.68093e-028	4.89124e-040	6.68093e-028	1
10.65	2	1.41421	2.1143e-028	1.42185e-040	2.1143e-028	1
10.66	4	2	1.18518e-028	7.64405e-041	1.18518e-028	1
10.68	4	2	3.69767e-029	2.19665e-041	3.69767e-029	1
10.7	0	1	1.14273e-029	6.2642e-042	1.14273e-029	1
10.71	5	2.23607	6.33004e-030	3.33555e-042	6.33004e-030	1
10.73	5	2.23607	1.92857e-030	9.40316e-043	1.92857e-030	1
10.74	2	1.41421	1.06073e-030	4.97825e-043	1.06073e-030	1
10.76	4	2	3.186e-031	1.38734e-043	3.186e-031	1
10.78	3	1.73205	9.47898e-032	3.8367e-044	9.47898e-032	1
10.79	3	1.73205	5.15197e-032	2.01185e-044	5.15197e-032	1
10.81	8	2.82843	1.51113e-032	5.5001e-045	1.51113e-032	1
10.82	1	1	8.15491e-033	2.86753e-045	8.15491e-033	1
10.84	6	2.44949	2.35809e-033	7.74969e-046	2.35809e-033	1
10.85	4	2	1.26352e-033	4.01719e-046	1.26352e-033	1
10.87	5	2.23607	3.60194e-034	1.07325e-046	3.60194e-034	1
10.89	4	2	1.0171e-034	2.84541e-047	1.0171e-034	1
10.9	4	2	5.38557e-035	1.46089e-047	5.38557e-035	1
10.92	1	1	1.49924e-035	3.82881e-048	1.49924e-035	1
10.93	5	2.23607	7.88215e-036	1.9545e-048	7.88215e-036	1
10.95	5	2.23607	2.1632e-036	5.06388e-049	2.1632e-036	1
10.97	5	2.23607	5.88063e-037	1.30196e-049	5.88063e-037	1
10.98	3	1.73205	3.05521e-037	6.58271e-050	3.05521e-037	1
11	1	1	8.18804e-038	1.67309e-050	8.18804e-038	1
11.01	3	1.73205	4.22379e-038	8.41062e-051	4.22379e-038	1
11.03	6	2.44949	1.11597e-038	2.11322e-051	1.11597e-038	1
11.04	0	1	5.71588e-039	1.05622e-051	5.71588e-039	1
11.06	2	1.41421	1.48884e-039	2.62343e-052	1.48884e-039	1
11.08	3	1.73205	3.84136e-040	6.46629e-053	3.84136e-040	1
11.09	2	1.41421	1.94428e-040	3.20109e-053	1.94428e-040	1
11.11	1	1	4.94548e-041	7.7998e-054	4.94548e-041	1
11.12	1	1	2.48535e-041	3.83908e-054	2.48535e-041	1
11.14	4	2	6.23233e-042	9.24727e-055	6.23233e-042	1
11.16	2	1.41421	1.54806e-042	2.21038e-055	1.54806e-042	1
11.17	1	1	7.68794e-043	1.07757e-055	7.68794e-043	1
11.19	2	1.41421	1.88261e-043	2.54625e-056	1.88261e-043	1
11.2	1	1	9.28299e-044	1.23418e-056	9.28299e-044	1
11.22	3	1.73205	2.24104e-044	2.88294e-057	2.24104e-044	1
11.23	6	2.44949	1.0972e-044	1.38936e-057	1.0972e-044	1
11.25	3	1.73205	2.61131e-045	3.20827e-058	2.61131e-045	1
11.27	2	1.41421	6.15614e-046	7.35184e-059	6.15614e-046	1
11.28	5	2.23607	2.97842e-046	3.5092e-059	2.97842e-046	1
11.3	3	1.73205	6.92225e-047	7.9494e-060	6.92225e-047	1
11.31	1	1	3.3253e-047	3.77266e-060	3.3253e-047	1
11.33	1	1	7.61912e-048	8.4484e-061	7.61912e-048	1
11.34	1	1	3.63408e-048	3.98647e-061	3.63408e-048	1
11.36	1	1	8.20882e-049	8.82503e-062	8.20882e-049	1
11.38	3	1.73205	1.83671e-049	1.9387e-062	1.83671e-049	1
11.39	4	2	8.65715e-050	9.06066e-063	8.65715e-050	1
11.41	1	1	1.90963e-050	1.96769e-063	1.90963e-050	1
11.42	1	1	8.93692e-051	9.14333e-064	8.93692e-051	1
11.44	2	1.41421	1.94345e-051	1.96292e-064	1.94345e-051	1
11.46	1	1	4.18632e-052	4.18184e-065	4.18632e-052	1
11.47	2	1.41421	1.93605e-052	1.92464e-065	1.93605e-052	1
11.49	2	1.41421	4.11139e-053	4.05336e-066	4.11139e-053	1
11.5	3	1.73205	1.88789e-053	1.85481e-066	1.88789e-053	1
11.52	1	1	3.95241e-054	3.86159e-067	3.95241e-054	1
11.53	1	1	1.80201e-054	1.75691e-067	1.80201e-054	1
11.55	1	1	3.71924e-055	3.61591e-068	3.71924e-055	1
11.57	3	1.73205	7.6037e-056	7.38505e-069	7.6037e-056	1
11.58	3	1.73205	3.42582e-056	3.32791e-069	3.42582e-056	1
11.6	4	2	6.90475e-057	6.71905e-070	6.90475e-057	1
11.61	3	1.73205	3.08882e-057	3.01041e-070	3.08882e-057	1
11.63	2	1.41421	6.13746e-058	6.00847e-071	6.13746e-058	1
11.65	1	1	1.20798e-058	1.19006e-071	1.20798e-058	1
11.66	4	2	5.34008e-059	5.28107e-072	5.34008e-059	1
11.68	1	1	1.03617e-059	1.03402e-072	1.03617e-059	1
11.69	3	1.73205	4.54805e-060	4.56227e-073	4.54805e-060	1
11.71	3	1.73205	8.70002e-061	8.83055e-074	8.70002e-061	1
11.72	4	2	3.79159e-061	3.87384e-074	3.79159e-061	1
11.74	1	1	7.15037e-062	7.41225e-075	7.15037e-062	1
11.76	4	2	1.3357e-062	1.40743e-075	1.3357e-062	1
11.77	6	2.44949	5.75247e-063	6.11524e-076	5.75247e-063	1
11.79	2	1.41421	1.05937e-063	1.14786e-076	1.05937e-063	1
11.8	2	1.41421	4.53001e-064	4.95882e-077	4.53001e-064	1
11.82	3	1.73205	8.22443e-065	9.20145e-078	8.22443e-065	1
11.84	1	1	1.47906e-065	1.69434e-078	1.47906e-065	1
11.85	1	1	6.25001e-066	7.24977e-079	6.25001e-066	1
11.87	4	2	1.10809e-066	1.31968e-079	1.10809e-066	1
11.88	4	2	4.64916e-067	5.61427e-080	4.64916e-067	1
11.9	2	1.41421	8.12607e-068	1.01028e-080	8.12607e-068	1
11.91	5	2.23607	3.38522e-068	4.27331e-081	3.38522e-068	1
11.93	4	2	5.83317e-069	7.60173e-082	5.83317e-069	1
11.95	1	1	9.95629e-070	1.34192e-082	9.95629e-070	1
11.96	6	2.44949	4.09871e-070	5.62194e-083	4.09871e-070	1
11.98	2	1.41421	6.89687e-071	9.81077e-084	6.89687e-071	1
11.99	8	2.82843	2.81908e-071	4.08659e-084	2.81908e-071	1
12.01	1	1	4.67654e-072	7.04984e-085	4.67654e-072	1
12.03	2	1.41421	7.68453e-073	1.20688e-085	7.68453e-073	1
12.04	4	2	3.10396e-073	4.97917e-086	3.10396e-073	1
12.06	3	1.73205	5.02829e-074	8.42642e-087	5.02829e-074	1
12.07	3	1.73205	2.01663e-074	3.4565e-087	2.01663e-074	1
12.09	5	2.23607	3.22064e-075	5.78261e-088	3.22064e-075	1
12.1	1	1	1.28249e-075	2.3584e-088	1.28249e-075	1
12.12	5	2.23607	2.01921e-076	3.90037e-089	2.01921e-076	1
12.14	8	2.82843	3.1491e-077	6.4012e-090	3.1491e-077	1
12.15	3	1.73205	1.2392e-077	2.58577e-090	1.2392e-077	1
12.17	3	1.73205	1.90527e-078	4.19514e-091	1.90527e-078	1
12.18	3	1.73205	7.44419e-079	1.6849e-091	7.44419e-079	1
12.2	2	1.41421	1.12835e-079	2.70229e-092	1.12835e-079	1
12.22	4	2	1.69414e-080	4.30088e-093	1.69414e-080	1
12.23	4	2	6.54113e-081	1.71088e-093	6.54113e-081	1
12.25	3	1.73205	9.68207e-082	2.69182e-094	9.68207e-082	1
12.26	2	1.41421	3.71175e-082	1.06466e-094	3.71175e-082	1
12.28	3	1.73205	5.41634e-083	1.65591e-095	5.41634e-083	1
12.29	5	2.23607	2.06169e-083	6.5118e-096	2.06169e-083	1
12.31	2	1.41421	2.96594e-084	1.00122e-096	2.96594e-084	1
12.33	8	2.82843	4.22646e-085	1.52766e-097	4.22646e-085	1
12.34	6	2.44949	1.58978e-085	5.95009e-098	1.58978e-085	1
12.36	7	2.64575	2.23338e-086	8.97471e-099	2.23338e-086	1
12.37	4	2	8.34122e-087	3.47551e-099	8.34122e-087	1
12.39	3	1.73205	1.15523e-087	5.18223e-100	1.15523e-087	1
12.4	7	2.64575	4.28391e-088	1.99534e-100	4.28391e-088	1
12.42	2	1.41421	5.84914e-089	2.94113e-101	5.84914e-089	1
12.44	3	1.73205	7.91075e-090	4.3021e-102	7.91075e-090	1
12.45	3	1.73205	2.8989e-090	1.64064e-102	2.8989e-090	1
12.47	6	2.44949	3.86519e-091	2.37237e-103	3.86519e-091	1
12.48	8	2.82843	1.40635e-091	8.9953e-104	1.40635e-091	1
12.5	3	1.73205	1.8486e-092	1.28583e-104	1.8486e-092	1
12.52	3	1.73205	2.40696e-093	1.82398e-105	2.40696e-093	1
12.53	3	1.73205	8.65435e-094	6.84996e-106	8.65435e-094	1
12.55	3	1.73205	1.11089e-094	9.6056e-107	1.11089e-094	1
12.56	5	2.23607	3.96591e-095	3.58669e-107	3.96591e-095	1
12.58	4	2	5.01872e-096	4.972e-108	5.01872e-096	1
12.59	2	1.41421	1.77898e-096	1.84587e-108	1.77898e-096	1
12.61	3	1.73205	2.21938e-097	2.52953e-109	2.21938e-097	1
12.63	2	1.41421	2.74264e-098	3.4399e-110	2.74264e-098	1
12.64	7	2.64575	9.60704e-099	1.26488e-110	9.60704e-099	1
12.66	4	2	1.17041e-099	1.70042e-111	1.17041e-099	1
12.67	3	1.73205	4.07067e-100	6.21671e-112	4.07067e-100	1
12.69	3	1.73205	4.88908e-101	8.26169e-113	4.88908e-101	1
12.71	7	2.64575	5.81651e-102	1.08954e-113	5.81651e-102	1
12.72	1	1	1.9991e-102	3.94533e-114	1.9991e-102	1
12.74	6	2.44949	2.34467e-103	5.14351e-115	2.34467e-103	1
12.75	2	1.41421	8.00126e-104	1.85182e-115	8.00126e-104	1
12.77	0	1	9.25164e-105	2.38658e-116	9.25164e-105	1
12.78	2	1.41421	3.13474e-105	8.5431e-117	3.13474e-105	1
12.8	1	1	3.57334e-106	1.08842e-117	3.57334e-106	1
12.82	1	1	4.03479e-107	1.37607e-118	4.03479e-107	1
12.83	2	1.41421	1.35098e-107	4.87882e-119	1.35098e-107	1
12.85	1	1	1.50386e-108	6.09764e-120	1.50386e-108	1
12.86	4	2	4.99966e-109	2.14949e-120	4.99966e-109	1
12.88	3	1.73205	5.48671e-110	2.65573e-121	5.48671e-110	1
12.9	1	1	5.96428e-111	3.25612e-122	5.96428e-111	1
12.91	2	1.41421	1.95945e-111	1.13686e-122	1.95945e-111	1
12.93	3	1.73205	2.09987e-112	1.37792e-123	2.09987e-112	1
12.94	4	2	6.84976e-113	4.78337e-124	6.84976e-113	1
12.96	3	1.73205	7.2368e-114	5.73129e-125	7.2368e-114	1
12.97	1	1	2.34388e-114	1.97816e-125	2.34388e-114	1
12.99	3	1.73205	2.44128e-115	2.34304e-126	2.44128e-115	1
13.01	3	1.73205	2.5187e-116	2.75402e-127	2.5187e-116	1
13.02	2	1.41421	8.06135e-117	9.41478e-128	8.06135e-117	1
13.04	2	1.41421	8.19932e-118	1.09395e-128	8.19932e-118	1
13.05	1	1	2.60565e-118	3.71828e-129	2.60565e-118	1
13.07	2	1.41421	2.61275e-119	4.27101e-130	2.61275e-119	1
13.09	0	1	2.59511e-120	4.8684e-131	2.59511e-120	1
13.1	2	1.41421	8.14962e-121	1.63895e-131	8.14962e-121	1
13.12	4	2	7.98007e-122	1.84681e-132	7.98007e-122	1
13.13	5	2.23607	2.48825e-122	6.18159e-133	2.48825e-122	1
13.15	1	1	2.40202e-123	6.88586e-134	2.40202e-123	1
13.16	0	1	7.43652e-124	2.29159e-134	7.43652e-124	1
13.18	0	1	7.07723e-125	2.52346e-135	7.07723e-125	1
13.2	1	1	6.67163e-126	2.75755e-136	6.67163e-126	1
13.21	6	2.44949	2.04112e-126	9.08943e-137	2.04112e-126	1
13.23	3	1.73205	1.89693e-127	9.81894e-138	1.89693e-127	1
13.24	0	1	5.76227e-128	3.21794e-138	5.76227e-128	1
13.26	1	1	5.27943e-129	3.43643e-139	5.27943e-129	1
13.28	1	1	4.79131e-130	3.64169e-140	4.79131e-130	1
13.29	1	1	1.43827e-130	1.18209e-140	1.43827e-130	1
13.31	2	1.41421	1.28683e-131	1.23836e-141	1.28683e-131	1
13.32	0	1	3.83544e-132	3.99666e-142	3.83544e-132	1
13.34	1	1	3.38304e-133	4.139e-143	3.38304e-133	1
13.35	1	1	1.00117e-133	1.32814e-143	1.00117e-133	1
13.37	1	1	8.70584e-135	1.3597e-144	8.70584e-135	1
13.39	5	2.23607	7.49877e-136	1.38137e-145	7.49877e-136	1
13.4	6	2.44949	2.19297e-136	4.3903e-146	2.19297e-136	1
13.42	2	1.41421	1.86219e-137	4.40922e-147	1.86219e-137	1
13.43	4	2	5.40721e-138	1.3933e-147	5.40721e-138	1
13.45	1	1	4.52665e-139	1.38329e-148	4.52665e-139	1
13.46	5	2.23607	1.30506e-139	4.34609e-149	1.30506e-139	1
13.48	0	1	1.07708e-140	4.26549e-150	1.07708e-140	1
13.5	2	1.41421	8.80519e-142	4.15438e-151	8.80519e-142	1
13.51	0	1	2.50863e-142	1.29278e-151	2.50863e-142	1
13.53	2	1.41421	2.02181e-143	1.24469e-152	2.02181e-143	1
13.54	2	1.41421	5.71932e-144	3.85108e-153	5.71932e-144	1
13.56	4	2	4.54423e-145	3.6654e-154	4.54423e-145	1
13.58	2	1.41421	3.57643e-146	3.46201e-155	3.57643e-146	1
13.59	4	2	9.99765e-147	1.06092e-155	9.99765e-147	1
13.61	2	1.41421	7.75711e-148	9.90579e-157	7.75711e-148	1
13.62	0	1	2.15305e-148	3.01817e-157	2.15305e-148	1
13.64	4	2	1.64691e-149	2.78581e-158	1.64691e-149	1
13.65	2	1.41421	4.53868e-150	8.4393e-159	4.53868e-150	1
13.67	4	2	3.4226e-151	7.70046e-160	3.4226e-151	1
13.69	1	1	2.55657e-152	6.97258e-161	2.55657e-152	1
13.7	5	2.23607	6.96243e-153	2.0921e-161	6.96243e-153	1
13.72	0	1	5.12714e-154	1.87267e-162	5.12714e-154	1
13.73	0	1	1.38639e-154	5.58663e-163	1.38639e-154	1
13.75	4	2	1.00649e-155	4.94344e-164	1.00649e-155	1
13.77	5	2.23607	7.23788e-157	4.34086e-165	7.23788e-157	1
13.78	1	1	1.93404e-157	1.28262e-165	1.93404e-157	1
13.8	4	2	1.37113e-158	1.11339e-166	1.37113e-158	1
13.81	1	1	3.63779e-159	3.27093e-167	3.63779e-159	1
13.83	2	1.41421	2.54251e-160	2.80686e-168	2.54251e-160	1
13.84	3	1.73205	6.69774e-161	8.1987e-169	6.69774e-161	1
13.86	4	2	4.61493e-162	6.95496e-170	4.61493e-162	1
13.88	2	1.41421	3.14976e-163	5.8548e-171	3.14976e-163	1
13.89	5	2.23607	8.19949e-164	1.69383e-171	8.19949e-164	1
13.91	2	1.41421	5.51711e-165	1.40958e-172	5.5171e-165	1
13.92	0	1	1.42602e-165	4.05461e-173	1.42602e-165	1
13.94	2	1.41421	9.45939e-167	3.33555e-174	9.45939e-167	1
13.96	3	1.73205	6.21548e-168	2.72304e-175	6.21548e-168	1
13.97	1	1	1.58757e-168	7.75798e-176	1.58757e-168	1
13.99	3	1.73205	1.02839e-169	6.26089e-177	1.02839e-169	1
14	1	1	2.60809e-170	1.7735e-177	2.60809e-170	1
14.02	6	2.44949	1.66555e-171	1.41488e-178	1.66555e-171	1
14.03	1	1	4.194e-172	3.98487e-179	4.194e-172	1
14.05	3	1.73205	2.64044e-173	3.14271e-180	2.64044e-173	1
14.07	5	2.23607	1.64664e-174	2.45958e-181	1.64664e-174	1
14.08	1	1	4.09746e-175	6.86104e-182	4.09746e-175	1
14.1	2	1.41421	2.51912e-176	5.30821e-183	2.51912e-176	1
14.11	0	1	6.22401e-177	1.47224e-183	6.22401e-177	1
14.13	2	1.41421	3.7724e-178	1.126e-184	3.7724e-178	1
14.15	3	1.73205	2.26485e-179	8.54602e-186	2.26485e-179	1
14.16	7	2.64575	5.52973e-180	2.34762e-186	5.52973e-180	1
14.18	4	2	3.27294e-181	1.76139e-187	3.27294e-181	1
14.19	3	1.73205	7.9343e-182	4.81083e-188	7.93429e-182	1
14.21	2	1.41421	4.62973e-183	3.5682e-189	4.62972e-183	1
14.22	2	1.41421	1.11438e-183	9.68977e-190	1.11437e-183	1
14.24	7	2.64575	6.41048e-185	7.10466e-191	6.41047e-185	1
14.26	2	1.41421	3.65279e-186	5.16941e-192	3.65278e-186	1
14.27	4	2	8.68849e-187	1.3904e-192	8.68847e-187	1
14.29	1	1	4.88079e-188	1.00009e-193	4.88078e-188	1
14.3	2	1.41421	1.1527e-188	2.67447e-194	1.1527e-188	1
14.32	4	2	6.38373e-190	1.90168e-195	6.38371e-190	1
14.34	6	2.44949	3.50193e-191	1.34185e-196	3.50192e-191	1
14.35	5	2.23607	8.17293e-192	3.55416e-197	8.17289e-192	1
14.37	3	1.73205	4.42001e-193	2.47917e-198	4.41999e-193	1
14.38	4	2	1.02423e-193	6.52889e-199	1.02423e-193	1
14.4	2	1.41421	5.46081e-195	4.50203e-200	5.46077e-195	1
14.41	7	2.64575	1.25643e-195	1.17881e-200	1.25642e-195	1
14.43	3	1.73205	6.60405e-197	8.03551e-202	6.60397e-197	1
14.45	1	1	3.4384e-198	5.43564e-203	3.43834e-198	1
14.46	3	1.73205	7.81776e-199	1.40968e-203	7.81762e-199	1
14.48	5	2.23607	4.01274e-200	9.42667e-205	4.01265e-200	1
14.49	6	2.44949	9.05887e-201	2.43068e-205	9.05863e-201	1
14.51	2	1.41421	4.58402e-202	1.60682e-206	4.58386e-202	1
14.53	6	2.44949	2.29771e-203	1.05408e-207	2.2976e-203	1
14.54	8	2.82843	5.12593e-204	2.69202e-208	5.12566e-204	1
14.56	5	2.23607	2.533e-205	1.74577e-209	2.53283e-205	1
14.57	5	2.23607	5.61075e-206	4.43292e-210	5.6103e-206	1
14.59	4	2	2.73338e-207	2.84184e-211	2.73309e-207	1
14.6	7	2.64575	6.01164e-208	7.1747e-212	6.01093e-208	1
14.62	2	1.41421	2.88729e-209	4.54689e-213	2.88683e-209	1
14.64	5	2.23607	1.37362e-210	2.85951e-214	1.37334e-210	1
14.65	5	2.23607	2.98546e-211	7.1504e-215	2.98474e-211	1
14.67	4	2	1.40027e-212	4.44538e-216	1.39983e-212	1
14.68	3	1.73205	3.02183e-213	1.10522e-216	3.02072e-213	1
14.7	4	2	1.39734e-214	6.79248e-218	1.39666e-214	1
14.71	1	1	2.99417e-215	1.67907e-218	2.99249e-215	1
14.73	3	1.73205	1.36505e-216	1.02011e-219	1.36403e-216	1
14.75	1	1	6.16489e-218	6.15031e-221	6.15874e-218	1
14.76	3	1.73205	1.30551e-218	1.50581e-221	1.304e-218	1
14.78	5	2.23607	5.81336e-220	8.97471e-223	5.80439e-220	1
14.79	2	1.41421	1.22244e-220	2.18472e-223	1.22025e-220	1
14.81	0	1	5.36763e-222	1.2872e-224	5.35476e-222	1
14.83	4	2	2.33511e-223	7.52598e-226	2.32759e-223	1
14.84	1	1	4.85365e-224	1.81456e-226	4.8355e-224	1
14.86	6	2.44949	2.08263e-225	1.04879e-227	2.07214e-225	1
14.87	5	2.23607	4.29941e-226	2.5142e-228	4.27427e-226	1
14.89	5	2.23607	1.82009e-227	1.43655e-229	1.80573e-227	1
14.9	6	2.44949	3.73252e-228	3.42397e-230	3.69828e-228	1
14.92	5	2.23607	1.55963e-229	1.93397e-231	1.54029e-229	1
14.94	5	2.23607	6.46288e-231	1.08402e-232	6.35447e-231	1
14.95	1	1	1.31168e-231	2.55907e-233	1.28609e-231	1
14.97	5	2.23607	5.37251e-233	1.41799e-234	5.23071e-233	1
14.98	1	1	1.08442e-233	3.32826e-235	1.05113e-233	1
15	2	1.41421	4.39694e-235	1.82309e-236	4.21464e-235	1
15.02	1	1	1.77302e-236	9.9098e-238	1.67393e-236	1
15.03	4	2	3.55451e-237	2.30379e-238	3.32413e-237	1
15.05	3	1.73205	1.42536e-238	1.23795e-239	1.30157e-238	1
15.06	4	2	2.85248e-239	2.86142e-240	2.56634e-239	1
15.08	2	1.41421	1.14264e-240	1.51999e-241	9.90637e-241	1
15.09	0	1	2.28872e-241	3.49319e-242	1.9394e-241	1
15.11	1	1	9.21478e-243	1.83435e-243	7.38042e-243	1
15.13	3	1.73205	3.73797e-244	9.55896e-245	2.78208e-244	1
15.14	4	2	7.55811e-245	2.17583e-245	5.38228e-245	1
15.16	3	1.73205	3.12104e-246	1.12087e-246	2.00017e-246	1
15.17	3	1.73205	6.37881e-247	2.5367e-247	3.84211e-247	1
15.19	2	1.41421	2.69942e-248	1.29181e-248	1.40761e-248	1
15.21	3	1.73205	1.16365e-249	6.52825e-250	5.10821e-250	1
15.22	2	1.41421	2.43299e-250	1.46334e-250	9.69651e-251	1
15.24	0	1	1.07795e-251	7.31046e-252	3.46909e-252	1
15.25	2	1.41421	2.28311e-252	1.62928e-252	6.53834e-253	1
15.27	1	1	1.03524e-253	8.04626e-254	2.30611e-254	1
15.28	1	1	2.21453e-254	1.78297e-254	4.31557e-255	1
15.3	3	1.73205	1.02051e-255	8.70453e-256	1.50059e-256	1
15.32	1	1	4.73394e-257	4.2171e-257	5.16845e-258	1
15.33	1	1	1.02112e-257	9.25546e-258	9.55791e-259	1
15.35	3	1.73205	4.75723e-259	4.43269e-259	3.24544e-260	1
15.36	3	1.73205	1.02687e-259	9.6728e-260	5.95912e-261	1
15.38	0	1	4.77903e-261	4.57955e-261	1.99483e-262	1
15.4	7	2.64575	2.21774e-262	2.15159e-262	6.6146e-264	1
15.41	2	1.41421	4.7703e-263	4.65028e-263	1.2002e-264	1
15.43	0	1	2.19906e-264	2.15982e-264	3.92343e-266	1
15.44	0	1	4.71196e-265	4.64128e-265	7.06844e-267	1
15.46	3	1.73205	2.15375e-266	2.13097e-266	2.27796e-268	1
15.47	1	1	4.59375e-267	4.553e-267	4.07483e-269	1
15.49	2	1.41421	2.07946e-268	2.06651e-268	1.29463e-270	1
15.51	0	1	9.34854e-270	9.30779e-270	4.07431e-272	1
15.52	2	1.41421	1.97691e-270	1.9697e-270	7.20214e-273	1
15.54	2	1.41421	8.79257e-272	8.77022e-272	2.23451e-274	1
15.55	1	1	1.84922e-272	1.84529e-272	3.9219e-275	1
15.57	2	1.41421	8.13424e-274	8.12224e-274	1.19958e-276	1
15.59	6	2.44949	3.55139e-275	3.54775e-275	3.63446e-278	1
15.6	1	1	7.39968e-276	7.39338e-276	6.30372e-279	1
15.62	2	1.41421	3.19431e-277	3.19243e-277	1.88286e-280	1
15.63	2	1.41421	6.61796e-278	6.61472e-278	3.24251e-281	1
15.65	3	1.73205	2.82448e-279	2.82352e-279	9.54803e-283	1
15.66	3	1.73205	5.8184e-280	5.81676e-280	1.63261e-283	1
15.68	3	1.73205	2.45497e-281	2.4545e-281	4.73946e-285	1
15.7	0	1	1.02794e-282	1.0278e-282	1.36285e-286	1
15.71	3	1.73205	2.09741e-283	2.09718e-283	2.30283e-287	1
15.73	2	1.41421	8.68195e-285	8.68129e-285	6.52821e-289	1
15.74	2	1.41421	1.76131e-285	1.7612e-285	1.09525e-289	1
15.76	4	2	7.20739e-287	7.20709e-287	3.06096e-291	1
15.77	2	1.41421	1.45379e-287	1.45374e-287	5.09898e-292	1
15.79	1	1	5.88095e-289	5.88081e-289	1.40488e-293	1
15.81	3	1.73205	2.36082e-290	2.36078e-290	3.83417e-295	1
15.82	4	2	4.71652e-291	4.71645e-291	6.31161e-296	1
15.84	2	1.41421	1.87171e-292	1.8717e-292	1.69818e-297	1
15.85	3	1.73205	3.71791e-293	3.71788e-293	2.77561e-298	1
15.87	2	1.41421	1.45854e-294	1.45853e-294	7.36232e-300	1
15.89	2	1.41421	5.67815e-296	5.67813e-296	1.9344e-301	1
15.9	2	1.41421	1.11712e-296	1.11712e-296	3.12438e-302	1
15.92	3	1.73205	4.29922e-298	4.29921e-298	8.09295e-304	1
15.93	5	2.23607	8.40978e-299	8.40977e-299	1.29787e-304	1
15.95	4	2	3.19945e-300	3.19944e-300	3.31426e-306	1
15.96	2	1.41421	6.22258e-301	6.22257e-301	5.27737e-307	1
15.98	2	1.41421	2.34025e-302	2.34025e-302	1.32857e-308	1
16	3	1.73205	8.73415e-304	8.73415e-304	3.31304e-310	1
16.01	4	2	1.68248e-304	1.68248e-304	5.21316e-311	1
16.03	7	2.64575	6.20741e-306	6.20741e-306	1.28161e-312	1
16.04	2	1.41421	1.18889e-306	1.18889e-306	2.00233e-313	1
16.06	2	1.41421	4.33612e-308	4.33612e-308	4.85291e-315	1
16.08	3	1.73205	1.56939e-309	1.56939e-309	1.16504e-316	1
16.09	0	1	2.97711e-310	2.97711e-310	1.79843e-317	1
16.11	6	2.44949	1.06518e-311	1.06518e-311	4.24476e-319	1
16.12	6	2.44949	2.00904e-312	2.00904e-312	6.452e-320	1
16.14	1	1	7.10591e-314	7.10591e-314	0	1
16.15	4	2	1.33255e-314	1.33255e-314	0	1
16.17	1	1	4.6592e-316	4.6592e-316	0	1
16.19	2	1.41421	1.61563e-317	1.61563e-317	0	1
16.2	4	2	2.9987e-318	2.9987e-318	0	1
16.22	2	1.41421	1.01995e-319	1.01995e-319	0	1
16.23	0	1	0	0	0	1
16.25	2	1.41421	0	0	0	1
16.27	3	1.73205	0	0	0	1
16.28	1	1	0	0	0	1
16.3	1	1	0	0	0	1
16.31	1	1	0	0	0	1
16.33	3	1.73205	0	0	0	1
16.34	0	1	0	0	0	1
16.36	4	2	0	0	0	1
16.38	1	1	0	0	0	1
16.39	3	1.73205	0	0	0	1
16.41	1	1	0	0	0	1
16.42	3	1.73205	0	0	0	1
16.44	2	1.41421	0	0	0	1
16.46	1	1	0	0	0	1
16.47	1	1	0	0	0	1
16.49	2	1.41421	0	0	0	1
16.5	2	1.41421	0	0	0	1
16.52	1	1	0	0	0	1
16.53	0	1	0	0	0	1
16.55	0	1	0	0	0	1
16.57	1	1	0	0	0	1
16.58	5	2.23607	0	0	0	1
16.6	0	1	0	0	0	1
16.61	1	1	0	0	0	1
16.63	2	1.41421	0	0	0	1
16.65	0	1	0	0	0	1
16.66	2	1.41421	0	0	0	1
16.68	5	2.23607	0	0	0	1
16.69	1	1	0	0	0	1
16.71	1	1	0	0	0	1
16.72	0	1	0	0	0	1
16.74	2	1.41421	0	0	0	1
16.76	1	1	0	0	0	1
16.77	2	1.41421	0	0	0	1
16.79	2	1.41421	0	0	0	1
16.8	1	1	0	0	0	1
16.82	1	1	0	0	0	1
16.83	2	1.41421	0	0	0	1
16.85	0	1	0	0	0	1
16.87	0	1	0	0	0	1
16.88	2	1.41421	0	0	0	1
16.9	2	1.41421	0	0	0	1
16.91	3	1.73205	0	0	0	1
16.93	0	1	0	0	0	1
16.95	0	1	0	0	0	1
16.96	3	1.73205	0	0	0	1
16.98	1	1	0	0	0	1
16.99	2	1.41421	0	0	0	1
17.01	1	1	0	0	0	1
17.02	1	1	0	0	0	1
17.04	2	1.41421	0	0	0	1
17.06	4	2	0	0	0	1
17.07	1	1	0	0	0	1
17.09	2	1.41421	0	0	0	1
17.1	4	2	0	0	0	1
17.12	2	1.41421	0	0	0	1
17.14	3	1.73205	0	0	0	1
17.15	2	1.41421	0	0	0	1
17.17	2	1.41421	0	0	0	1
17.18	1	1	0	0	0	1
17.2	0	1	0	0	0	1
17.21	3	1.73205	0	0	0	1
17.23	3	1.73205	0	0	0	1
17.25	1	1	0	0	0	1
17.26	3	1.73205	0	0	0	1
17.28	1	1	0	0	0	1
17.29	2	1.41421	0	0	0	1
17.31	4	2	0	0	0	1
17.33	0	1	0	0	0	1
17.34	3	1.73205	0	0	0	1
17.36	2	1.41421	0	0	0	1
17.37	0	1	0	0	0	1
17.39	0	1	0	0	0	1
17.4	2	1.41421	0	0	0	1
17.42	0	1	0	0	0	1
17.44	2	1.41421	0	0	0	1
17.45	3	1.73205	0	0	0	1
17.47	1	1	0	0	0	1
17.48	2	1.41421	0	0	0	1
17.5	1	1	0	0	0	1
17.52	1	1	0	0	0	1
17.53	1	1	0	0	0	1
17.55	2	1.41421	0	0	0	1
17.56	3	1.73205	0	0	0	1
17.58	2	1.41421	0	0	0	1
17.59	4	2	0	0	0	1
17.61	1	1	0	0	0	1
17.63	3	1.73205	0	0	0	1
17.64	0	1	0	0	0	1
17.66	2	1.41421	0	0	0	1
17.67	2	1.41421	0	0	0	1
17.69	3	1.73205	0	0	0	1
17.71	2	1.41421	0	0	0	1
17.72	1	1	0	0	0	1
17.74	3	1.73205	0	0	0	1
17.75	4	2	0	0	0	1
17.77	2	1.41421	0	0	0	1
17.78	0	1	0	0	0	1
17.8	3	1.73205	0	0	0	1
17.82	3	1.73205	0	0	0	1
17.83	2	1.41421	0	0	0	1
17.85	1	1	0	0	0	1
17.86	1	1	0	0	0	1
17.88	1	1	0	0	0	1
17.89	0	1	0	0	0	1
17.91	3	1.73205	0	0	0	1
17.93	1	1	0	0	0	1
17.94	2	1.41421	0	0	0	1
17.96	2	1.41421	0	0	0	1
17.97	0	1	0	0	0	1
17.99	2	1.41421	0	0	0	1
18.01	4	2	0	0	0	1
18.02	1	1	0	0	0	1
18.04	1	1	0	0	0	1
18.05	1	1	0	0	0	1
18.07	4	2	0	0	0	1
18.08	4	2	0	0	0	1
18.1	1	1	0	0	0	1
18.12	0	1	0	0	0	1
18.13	1	1	0	0	0	1
18.15	1	1	0	0	0	1
18.16	0	1	0	0	0	1
18.18	0	1	0	0	0	1
18.2	4	2	0	0	0	1
18.21	2	1.41421	0	0	0	1
18.23	0	1	0	0	0	1
18.24	3	1.73205	0	0	0	1
18.26	3	1.73205	0	0	0	1
18.27	3	1.73205	0	0	0	1
18.29	5	2.23607	0	0	0	1
18.31	4	2	0	0	0	1
18.32	0	1	0	0	0	1
18.34	2	1.41421	0	0	0	1
18.35	1	1	0	0	0	1
18.37	3	1.73205	0	0	0	1
18.39	1	1	0	0	0	1
18.4	3	1.73205	0	0	0	1
18.42	2	1.41421	0	0	0	1
18.43	4	2	0	0	0	1
18.45	1	1	0	0	0	1
18.46	4	2	0	0	0	1
18.48	2	1.41421	0	0	0	1
18.5	0	1	0	0	0	1
18.51	0	1	0	0	0	1
18.53	2	1.41421	0	0	0	1
18.54	3	1.73205	0	0	0	1
18.56	1	1	0	0	0	1
18.58	1	1	0	0	0	1
18.59	3	1.73205	0	0	0	1
18.61	4	2	0	0	0	1
18.62	1	1	0	0	0	1
18.64	2	1.41421	0	0	0	1
18.65	1	1	0	0	0	1
18.67	0	1	0	0	0	1
18.69	1	1	0	0	0	1
18.7	2	1.41421	0	0	0	1
18.72	2	1.41421	0	0	0	1
18.73	2	1.41421	0	0	0	1
18.75	3	1.73205	0	0	0	1
18.77	0	1	0	0	0	1
18.78	0	1	0	0	0	1
18.8	1	1	0	0	0	1
18.81	1	1	0	0	0	1
18.83	3	1.73205	0	0	0	1
18.84	2	1.41421	0	0	0	1
18.86	1	1	0	0	0	1
18.88	1	1	0	0	0	1
18.89	1	1	0	0	0	1
18.91	3	1.73205	0	0	0	1
18.92	1	1	0	0	0	1
18.94	0	1	0	0	0	1
18.95	2	1.41421	0	0	0	1
18.97	0	1	0	0	0	1
18.99	3	1.73205	0	0	0	1
19	1	1	0	0	0	1
19.02	2	1.41421	0	0	0	1
19.03	1	1	0	0	0	1
19.05	1	1	0	0	0	1
19.07	1	1	0	0	0	1
19.08	1	1	0	0	0	1
19.1	0	1	0	0	0	1
19.11	2	1.41421	0	0	0	1
19.13	0	1	0	0	0	1
19.14	4	2	0	0	0	1
19.16	1	1	0	0	0	1
19.18	0	1	0	0	0	1
19.19	0	1	0	0	0	1
19.21	1	1	0	0	0	1
19.22	0	1	0	0	0	1
19.24	0	1	0	0	0	1
19.26	1	1	0	0	0	1
19.27	1	1	0	0	0	1
19.29	2	1.41421	0	0	0	1
19.3	0	1	0	0	0	1
19.32	1	1	0	0	0	1
19.33	1	1	0	0	0	1
19.35	0	1	0	0	0	1
19.37	1	1	0	0	0	1
19.38	1	1	0	0	0	1
19.4	1	1	0	0	0	1
19.41	2	1.41421	0	0	0	1
19.43	2	1.41421	0	0	0	1
19.45	2	1.41421	0	0	0	1
19.46	1	1	0	0	0	1
19.48	0	1	0	0	0	1
19.49	3	1.73205	0	0	0	1
19.51	0	1	0	0	0	1
19.52	3	1.73205	0	0	0	1
19.54	2	1.41421	0	0	0	1
19.56	3	1.73205	0	0	0	1
19.57	1	1	0	0	0	1
19.59	1	1	0	0	0	1
19.6	3	1.73205	0	0	0	1
19.62	1	1	0	0	0	1
19.64	3	1.73205	0	0	0	1
19.65	2	1.41421	0	0	0	1
19.67	1	1	0	0	0	1
19.68	0	1	0	0	0	1
19.7	2	1.41421	0	0	0	1
19.71	3	1.73205	0	0	0	1
19.73	0	1	0	0	0	1
19.75	2	1.41421	0	0	0	1
19.76	1	1	0	0	0	1
19.78	0	1	0	0	0	1
19.79	2	1.41421	0	0	0	1
19.81	3	1.73205	0	0	0	1
19.83	2	1.41421	0	0	0	1
19.84	2	1.41421	0	0	0	1
19.86	1	1	0	0	0	1
19.87	0	1	0	0	0	1
19.89	2	1.41421	0	0	0	1
19.9	0	1	0	0	0	1
19.92	2	1.41421	0	0	0	1
19.94	1	1	0	0	0	1
19.95	2	1.41421	0	0	0	1
19.97	1	1	0	0	0	1
19.98	0	1	0	0	0	1
20	3	1.73205	0	0	0	1
20.02	1	1	0	0	0	1
20.03	1	1	0	0	0	1
20.05	3	1.73205	0	0	0	1
20.06	0	1	0	0	0	1
20.08	2	1.41421	0	0	0	1
20.09	4	2	0	0	0	1
20.11	4	2	0	0	0	1
20.13	0	1	0	0	0	1
20.14	2	1.41421	0	0	0	1
20.16	1	1	0	0	0	1
20.17	0	1	0	0	0	1
20.19	0	1	0	0	0	1
20.2	3	1.73205	0	0	0	1
20.22	1	1	0	0	0	1
20.24	1	1	0	0	0	1
20.25	3	1.73205	0	0	0	1
20.27	2	1.41421	0	0	0	1
20.28	1	1	0	0	0	1
20.3	1	1	0	0	0	1
20.32	0	1	0	0	0	1
20.33	0	1	0	0	0	1
20.35	0	1	0	0	0	1
20.36	1	1	0	0	0	1
20.38	0	1	0	0	0	1
20.39	0	1	0	0	0	1
20.41	0	1	0	0	0	1
20.43	2	1.41421	0	0	0	1
20.44	0	1	0	0	0	1
20.46	1	1	0	0	0	1
20.47	1	1	0	0	0	1
20.49	0	1	0	0	0	1
20.51	1	1	0	0	0	1
20.52	2	1.41421	0	0	0	1
20.54	2	1.41421	0	0	0	1
20.55	0	1	0	0	0	1
20.57	2	1.41421	0	0	0	1
20.58	0	1	0	0	0	1
20.6	3	1.73205	0	0	0	1
20.62	2	1.41421	0	0	0	1
20.63	2	1.41421	0	0	0	1
20.65	0	1	0	0	0	1
20.66	1	1	0	0	0	1
20.68	2	1.41421	0	0	0	1
20.7	1	1	0	0	0	1
20.71	1	1	0	0	0	1
20.73	0	1	0	0	0	1
20.74	1	1	0	0	0	1
20.76	0	1	0	0	0	1
20.77	0	1	0	0	0	1
20.79	1	1	0	0	0	1
20.81	0	1	0	0	0	1
20.82	1	1	0	0	0	1
20.84	1	1	0	0	0	1
20.85	2	1.41421	0	0	0	1
20.87	2	1.41421	0	0	0	1
20.89	3	1.73205	0	0	0	1
20.9	2	1.41421	0	0	0	1
20.92	2	1.41421	0	0	0	1
20.93	0	1	0	0	0	1
20.95	2	1.41421	0	0	0	1
20.96	1	1	0	0	0	1
20.98	2	1.41421	0	0	0	1
21	1	1	0	0	0	1
21.01	0	1	0	0	0	1
21.03	0	1	0	0	0	1
21.04	1	1	0	0	0	1
21.06	2	1.41421	0	0	0	1
21.08	0	1	0	0	0	1
21.09	0	1	0	0	0	1
21.11	1	1	0	0	0	1
21.12	1	1	0	0	0	1
21.14	0	1	0	0	0	1
21.15	0	1	0	0	0	1
21.17	1	1	0	0	0	1
21.19	0	1	0	0	0	1
21.2	1	1	0	0	0	1
21.22	1	1	0	0	0	1
21.23	1	1	0	0	0	1
21.25	1	1	0	0	0	1
21.26	2	1.41421	0	0	0	1
21.28	1	1	0	0	0	1
21.3	0	1	0	0	0	1
21.31	0	1	0	0	0	1
21.33	1	1	0	0	0	1
21.34	0	1	0	0	0	1
21.36	1	1	0	0	0	1
21.38	1	1	0	0	0	1
21.39	2	1.41421	0	0	0	1
21.41	1	1	0	0	0	1
21.42	1	1	0	0	0	1
21.44	1	1	0	0	0	1
21.45	1	1	0	0	0	1
21.47	2	1.41421	0	0	0	1
21.49	1	1	0	0	0	1
21.5	2	1.41421	0	0	0	1
21.52	4	2	0	0	0	1
21.53	0	1	0	0	0	1
21.55	1	1	0	0	0	1
21.57	0	1	0	0	0	1
21.58	0	1	0	0	0	1
21.6	0	1	0	0	0	1
21.61	0	1	0	0	0	1
21.63	2	1.41421	0	0	0	1
21.64	1	1	0	0	0	1
21.66	1	1	0	0	0	1
21.68	2	1.41421	0	0	0	1
21.69	2	1.41421	0	0	0	1
21.71	1	1	0	0	0	1
21.72	1	1	0	0	0	1
21.74	0	1	0	0	0	1
21.76	0	1	0	0	0	1
21.77	0	1	0	0	0	1
21.79	1	1	0	0	0	1
21.8	0	1	0	0	0	1
21.82	1	1	0	0	0	1
21.83	3	1.73205	0	0	0	1
21.85	1	1	0	0	0	1
21.87	0	1	0	0	0	1
21.88	1	1	0	0	0	1
21.9	1	1	0	0	0	1
21.91	0	1	0	0	0	1
21.93	1	1	0	0	0	1
21.95	0	1	0	0	0	1
21.96	0	1	0	0	0	1
21.98	3	1.73205	0	0	0	1
21.99	2	1.41421	0	0	0	1
22.01	1	1	0	0	0	1
22.02	0	1	0	0	0	1
22.04	0	1	0	0	0	1
22.06	0	1	0	0	0	1
22.07	1	1	0	0	0	1
22.09	1	1	0	0	0	1
22.1	3	1.73205	0	0	0	1
22.12	2	1.41421	0	0	0	1
22.14	1	1	0	0	0	1
22.15	0	1	0	0	0	1
22.17	0	1	0	0	0	1
22.18	1	1	0	0	0	1
22.2	1	1	0	0	0	1
22.21	0	1	0	0	0	1
22.23	0	1	0	0	0	1
22.25	1	1	0	0	0	1
22.26	2	1.41421	0	0	0	1
22.28	2	1.41421	0	0	0	1
22.29	1	1	0	0	0	1
22.31	2	1.41421	0	0	0	1
22.32	0	1	0	0	0	1
22.34	1	1	0	0	0	1
22.36	1	1	0	0	0	1
22.37	0	1	0	0	0	1
22.39	2	1.41421	0	0	0	1
22.4	0	1	0	0	0	1
22.42	0	1	0	0	0	1
22.44	2	1.41421	0	0	0	1
22.45	3	1.73205	0	0	0	1
22.47	4	2	0	0	0	1
22.48	2	1.41421	0	0	0	1
22.5	3	1.73205	0	0	0	1
22.51	1	1	0	0	0	1
22.53	3	1.73205	0	0	0	1
22.55	1	1	0	0	0	1
22.56	1	1	0	0	0	1
22.58	1	1	0	0	0	1
22.59	0	1	0	0	0	1
22.61	1	1	0	0	0	1
22.63	1	1	0	0	0	1
22.64	1	1	0	0	0	1
22.66	0	1	0	0	0	1
22.67	0	1	0	0	0	1
22.69	0	1	0	0	0	1
22.7	0	1	0	0	0	1
22.72	1	1	0	0	0	1
22.74	3	1.73205	0	0	0	1
22.75	2	1.41421	0	0	0	1
22.77	0	1	0	0	0	1
22.78	0	1	0	0	0	1
22.8	0	1	0	0	0	1
22.82	0	1	0	0	0	1
22.83	1	1	0	0	0	1
22.85	0	1	0	0	0	1
22.86	1	1	0	0	0	1
22.88	0	1	0	0	0	1
22.89	1	1	0	0	0	1
22.91	1	1	0	0	0	1
22.93	1	1	0	0	0	1
22.94	2	1.41421	0	0	0	1
22.96	0	1	0	0	0	1
22.97	3	1.73205	0	0	0	1
22.99	1	1	0	0	0	1
23.01	0	1	0	0	0	1
23.02	0	1	0	0	0	1
23.04	2	1.41421	0	0	0	1
23.05	1	1	0	0	0	1
23.07	0	1	0	0	0	1
23.08	0	1	0	0	0	1
23.1	0	1	0	0	0	1
23.12	0	1	0	0	0	1
23.13	0	1	0	0	0	1
23.15	2	1.41421	0	0	0	1
23.16	1	1	0	0	0	1
23.18	1	1	0	0	0	1
23.2	2	1.41421	0	0	0	1
23.21	2	1.41421	0	0	0	1
23.23	2	1.41421	0	0	0	1
23.24	0	1	0	0	0	1
23.26	0	1	0	0	0	1
23.27	0	1	0	0	0	1
23.29	0	1	0	0	0	1
23.31	2	1.41421	0	0	0	1
23.32	0	1	0	0	0	1
23.34	1	1	0	0	0	1
23.35	0	1	0	0	0	1
23.37	2	1.41421	0	0	0	1
23.38	1	1	0	0	0	1
23.4	1	1	0	0	0	1
23.42	0	1	0	0	0	1
23.43	1	1	0	0	0	1
23.45	0	1	0	0	0	1
23.46	2	1.41421	0	0	0	1
23.48	1	1	0	0	0	1
23.5	1	1	0	0	0	1
23.51	0	1	0	0	0	1
23.53	1	1	0	0	0	1
23.54	1	1	0	0	0	1
23.56	2	1.41421	0	0	0	1
23.57	0	1	0	0	0	1
23.59	1	1	0	0	0	1
23.61	1	1	0	0	0	1
23.62	1	1	0	0	0	1
23.64	1	1	0	0	0	1
23.65	0	1	0	0	0	1
23.67	1	1	0	0	0	1
23.69	0	1	0	0	0	1
23.7	1	1	0	0	0	1
23.72	1	1	0	0	0	1
23.73	2	1.41421	0	0	0	1
23.75	0	1	0	0	0	1
23.76	1	1	0	0	0	1
23.78	0	1	0	0	0	1
23.8	1	1	0	0	0	1
23.81	0	1	0	0	0	1
23.83	1	1	0	0	0	1
23.84	0	1	0	0	0	1
23.86	0	1	0	0	0	1
23.88	0	1	0	0	0	1
23.89	0	1	0	0	0	1
23.91	0	1	0	0	0	1
23.92	0	1	0	0	0	1
23.94	1	1	0	0	0	1
23.95	0	1	0	0	0	1
23.97	0	1	0	0	0	1
23.99	1	1	0	0	0	1
24	0	1	0	0	0	1
24.02	3	1.73205	0	0	0	1
24.03	0	1	0	0	0	1
24.05	1	1	0	0	0	1
24.07	0	1	0	0	0	1
24.08	0	1	0	0	0	1
24.1	1	1	0	0	0	1
24.11	0	1	0	0	0	1
24.13	0	1	0	0	0	1
24.14	0	1	0	0	0	1
24.16	0	1	0	0	0	1
24.18	1	1	0	0	0	1
24.19	1	1	0	0	0	1
24.21	2	1.41421	0	0	0	1
24.22	1	1	0	0	0	1
24.24	2	1.41421	0	0	0	1
24.26	0	1	0	0	0	1
24.27	1	1	0	0	0	1
24.29	1	1	0	0	0	1
24.3	1	1	0	0	0	1
24.32	0	1	0	0	0	1
24.33	1	1	0	0	0	1
24.35	1	1	0	0	0	1
24.37	1	1	0	0	0	1
24.38	0	1	0	0	0	1
24.4	0	1	0	0	0	1
24.41	1	1	0	0	0	1
24.43	0	1	0	0	0	1
24.45	0	1	0	0	0	1
24.46	0	1	0	0	0	1
24.48	2	1.41421	0	0	0	1
24.49	0	1	0	0	0	1
24.51	1	1	0	0	0	1
24.52	2	1.41421	0	0	0	1
24.54	1	1	0	0	0	1
24.56	0	1	0	0	0	1
24.57	1	1	0	0	0	1
24.59	0	1	0	0	0	1
24.6	1	1	0	0	0	1
24.62	0	1	0	0	0	1
24.63	2	1.41421	0	0	0	1
24.65	2	1.41421	0	0	0	1
24.67	0	1	0	0	0	1
24.68	1	1	0	0	0	1
24.7	1	1	0	0	0	1
24.71	0	1	0	0	0	1
24.73	0	1	0	0	0	1
24.75	0	1	0	0	0	1
24.76	1	1	0	0	0	1
24.78	0	1	0	0	0	1
24.79	1	1	0	0	0	1
24.81	0	1	0	0	0	1
24.82	0	1	0	0	0	1
24.84	2	1.41421	0	0	0	1
24.86	0	1	0	0	0	1
24.87	1	1	0	0	0	1
24.89	1	1	0	0	0	1
24.9	0	1	0	0	0	1
24.92	0	1	0	0	0	1
24.94	1	1	0	0	0	1
24.95	0	1	0	0	0	1
24.97	0	1	0	0	0	1
24.98	3	1.73205	0	0	0	1
25	2	1.41421	0	0	0	1
25.01	0	1	0	0	0	1
25.03	1	1	0	0	0	1
25.05	2	1.41421	0	0	0	1
25.06	0	1	0	0	0	1
25.08	1	1	0	0	0	1
25.09	2	1.41421	0	0	0	1
25.11	1	1	0	0	0	1
25.13	1	1	0	0	0	1
25.14	2	1.41421	0	0	0	1
25.16	0	1	0	0	0	1
25.17	1	1	0	0	0	1
25.19	0	1	0	0	0	1
25.2	2	1.41421	0	0	0	1
25.22	0	1	0	0	0	1
25.24	0	1	0	0	0	1
25.25	1	1	0	0	0	1
25.27	0	1	0	0	0	1
25.28	1	1	0	0	0	1
25.3	2	1.41421	0	0	0	1
25.32	0	1	0	0	0	1
25.33	1	1	0	0	0	1
25.35	0	1	0	0	0	1
25.36	2	1.41421	0	0	0	1
25.38	1	1	0	0	0	1
25.39	2	1.41421	0	0	0	1
25.41	0	1	0	0	0	1
25.43	1	1	0	0	0	1
25.44	0	1	0	0	0	1
25.46	1	1	0	0	0	1
25.47	0	1	0	0	0	1
25.49	0	1	0	0	0	1
25.51	0	1	0	0	0	1
25.52	1	1	0	0	0	1
25.54	1	1	0	0	0	1
25.55	0	1	0	0	0	1
25.57	0	1	0	0	0	1
25.58	2	1.41421	0	0	0	1
25.6	1	1	0	0	0	1
25.62	0	1	0	0	0	1
25.63	0	1	0	0	0	1
25.65	0	1	0	0	0	1
25.66	1	1	0	0	0	1
25.68	2	1.41421	0	0	0	1
25.69	1	1	0	0	0	1
25.71	0	1	0	0	0	1
25.73	1	1	0	0	0	1
25.74	0	1	0	0	0	1
25.76	0	1	0	0	0	1
25.77	0	1	0	0	0	1
25.79	0	1	0	0	0	1
25.81	1	1	0	0	0	1
25.82	0	1	0	0	0	1
25.84	0	1	0	0	0	1
25.85	0	1	0	0	0	1
25.87	0	1	0	0	0	1
25.88	0	1	0	0	0	1
25.9	0	1	0	0	0	1
25.92	2	1.41421	0	0	0	1
25.93	0	1	0	0	0	1
25.95	1	1	0	0	0	1
25.96	0	1	0	0	0	1
25.98	1	1	0	0	0	1
26	0	1	0	0	0	1
26.01	0	1	0	0	0	1
26.03	0	1	0	0	0	1
26.04	1	1	0	0	0	1
26.06	0	1	0	0	0	1
26.07	0	1	0	0	0	1
26.09	0	1	0	0	0	1
26.11	0	1	0	0	0	1
26.12	2	1.41421	0	0	0	1
26.14	2	1.41421	0	0	0	1
26.15	1	1	0	0	0	1
26.17	3	1.73205	0	0	0	1
26.19	1	1	0	0	0	1
26.2	0	1	0	0	0	1
26.22	0	1	0	0	0	1
26.23	1	1	0	0	0	1
26.25	0	1	0	0	0	1
26.26	0	1	0	0	0	1
26.28	0	1	0	0	0	1
26.3	0	1	0	0	0	1
26.31	0	1	0	0	0	1
26.33	0	1	0	0	0	1
26.34	1	1	0	0	0	1
26.36	1	1	0	0	0	1
26.38	1	1	0	0	0	1
26.39	0	1	0	0	0	1
26.41	1	1	0	0	0	1
26.42	1	1	0	0	0	1
26.44	1	1	0	0	0	1
26.45	0	1	0	0	0	1
26.47	1	1	0	0	0	1
26.49	0	1	0	0	0	1
26.5	1	1	0	0	0	1
26.52	1	1	0	0	0	1
26.53	0	1	0	0	0	1
26.55	0	1	0	0	0	1
26.57	0	1	0	0	0	1
26.58	0	1	0	0	0	1
26.6	0	1	0	0	0	1
26.61	0	1	0	0	0	1
26.63	0	1	0	0	0	1
26.64	0	1	0	0	0	1
26.66	0	1	0	0	0	1
26.68	1	1	0	0	0	1
26.69	1	1	0	0	0	1
26.71	0	1	0	0	0	1
26.72	0	1	0	0	0	1
26.74	0	1	0	0	0	1
26.75	0	1	0	0	0	1
26.77	0	1	0	0	0	1
26.79	1	1	0	0	0	1
26.8	0	1	0	0	0	1
26.82	2	1.41421	0	0	0	1
26.83	0	1	0	0	0	1
26.85	0	1	0	0	0	1
26.87	0	1	0	0	0	1
26.88	1	1	0	0	0	1
26.9	0	1	0	0	0	1
26.91	0	1	0	0	0	1
26.93	0	1	0	0	0	1
26.94	0	1	0	0	0	1
26.96	2	1.41421	0	0	0	1
26.98	0	1	0	0	0	1
26.99	0	1	0	0	0	1
27.01	0	1	0	0	0	1
27.02	0	1	0	0	0	1
27.04	0	1	0	0	0	1
27.06	0	1	0	0	0	1
27.07	0	1	0	0	0	1
27.09	0	1	0	0	0	1
27.1	0	1	0	0	0	1
27.12	0	1	0	0	0	1
27.13	0	1	0	0	0	1
27.15	0	1	0	0	0	1
27.17	0	1	0	0	0	1
27.18	0	1	0	0	0	1
27.2	0	1	0	0	0	1
27.21	1	1	0	0	0	1
27.23	0	1	0	0	0	1
27.25	0	1	0	0	0	1
27.26	0	1	0	0	0	1
27.28	0	1	0	0	0	1
27.29	0	1	0	0	0	1
27.31	3	1.73205	0	0	0	1
27.32	2	1.41421	0	0	0	1
27.34	0	1	0	0	0	1
27.36	0	1	0	0	0	1
27.37	0	1	0	0	0	1
27.39	0	1	0	0	0	1
27.4	1	1	0	0	0	1
27.42	0	1	0	0	0	1
27.44	0	1	0	0	0	1
27.45	0	1	0	0	0	1
27.47	1	1	0	0	0	1
27.48	0	1	0	0	0	1
27.5	0	1	0	0	0	1
27.51	1	1	0	0	0	1
27.53	0	1	0	0	0	1
27.55	0	1	0	0	0	1
27.56	0	1	0	0	0	1
27.58	0	1	0	0	0	1
27.59	0	1	0	0	0	1
27.61	0	1	0	0	0	1
27.63	0	1	0	0	0	1
27.64	0	1	0	0	0	1
27.66	0	1	0	0	0	1
27.67	0	1	0	0	0	1
27.69	0	1	0	0	0	1
27.7	0	1	0	0	0	1
27.72	1	1	0	0	0	1
27.74	0	1	0	0	0	1
27.75	0	1	0	0	0	1
27.77	0	1	0	0	0	1
27.78	0	1	0	0	0	1
27.8	1	1	0	0	0	1
27.81	0	1	0	0	0	1
27.83	0	1	0	0	0	1
27.85	0	1	0	0	0	1
27.86	0	1	0	0	0	1
27.88	0	1	0	0	0	1
27.89	0	1	0	0	0	1
27.91	0	1	0	0	0	1
27.93	0	1	0	0	0	1
27.94	0	1	0	0	0	1
27.96	0	1	0	0	0	1
27.97	0	1	0	0	0	1
27.99	0	1	0	0	0	1
28	0	1	0	0	0	1
28.02	0	1	0	0	0	1
28.04	0	1	0	0	0	1
28.05	0	1	0	0	0	1
28.07	0	1	0	0	0	1
28.08	0	1	0	0	0	1
28.1	0	1	0	0	0	1
28.12	0	1	0	0	0	1
28.13	0	1	0	0	0	1
28.15	0	1	0	0	0	1
28.16	0	1	0	0	0	1
28.18	0	1	0	0	0	1
28.19	0	1	0	0	0	1
28.21	0	1	0	0	0	1
28.23	0	1	0	0	0	1
28.24	0	1	0	0	0	1
28.26	0	1	0	0	0	1
28.27	0	1	0	0	0	1
28.29	0	1	0	0	0	1
28.31	0	1	0	0	0	1
28.32	0	1	0	0	0	1
28.34	0	1	0	0	0	1
28.35	0	1	0	0	0	1
28.37	0	1	0	0	0	1
28.38	0	1	0	0	0	1
28.4	0	1	0	0	0	1
28.42	0	1	0	0	0	1
28.43	0	1	0	0	0	1
28.45	0	1	0	0	0	1
28.46	0	1	0	0	0	1
28.48	0	1	0	0	0	1
28.5	0	1	0	0	0	1
28.51	0	1	0	0	0	1
28.53	0	1	0	0	0	1
28.54	0	1	0	0	0	1
28.56	0	1	0	0	0	1
28.57	0	1	0	0	0	1
28.59	0	1	0	0	0	1
28.61	0	1	0	0	0	1
28.62	0	1	0	0	0	1
28.64	0	1	0	0	0	1
28.65	0	1	0	0	0	1
28.67	0	1	0	0	0	1
28.69	0	1	0	0	0	1
28.7	0	1	0	0	0	1
28.72	0	1	0	0	0	1
28.73	0	1	0	0	0	1
28.75	0	1	0	0	0	1
28.76	1	1	0	0	0	1
28.78	0	1	0	0	0	1
28.8	1	1	0	0	0	1
28.81	1	1	0	0	0	1
28.83	0	1	0	0	0	1
28.84	0	1	0	0	0	1
28.86	0	1	0	0	0	1
28.88	0	1	0	0	0	1
28.89	0	1	0	0	0	1
28.91	0	1	0	0	0	1
28.92	1	1	0	0	0	1
28.94	0	1	0	0	0	1
28.95	0	1	0	0	0	1
28.97	0	1	0	0	0	1
28.99	0	1	0	0	0	1
29	0	1	0	0	0	1
29.02	0	1	0	0	0	1
29.03	0	1	0	0	0	1
29.05	1	1	0	0	0	1
29.06	0	1	0	0	0	1
29.08	0	1	0	0	0	1
29.1	0	1	0	0	0	1
29.11	0	1	0	0	0	1
29.13	0	1	0	0	0	1
29.14	0	1	0	0	0	1
29.16	0	1	0	0	0	1
29.18	0	1	0	0	0	1
29.19	0	1	0	0	0	1
29.21	0	1	0	0	0	1
29.22	0	1	0	0	0	1
29.24	0	1	0	0	0	1
29.25	0	1	0	0	0	1
29.27	0	1	0	0	0	1
29.29	2	1.41421	0	0	0	1
29.3	0	1	0	0	0	1
29.32	0	1	0	0	0	1
29.33	0	1	0	0	0	1
29.35	0	1	0	0	0	1
29.37	0	1	0	0	0	1
29.38	0	1	0	0	0	1
29.4	0	1	0	0	0	1
29.41	0	1	0	0	0	1
29.43	0	1	0	0	0	1
29.44	0	1	0	0	0	1
29.46	1	1	0	0	0	1
29.48	0	1	0	0	0	1
29.49	0	1	0	0	0	1
29.51	0	1	0	0	0	1
29.52	0	1	0	0	0	1
29.54	0	1	0	0	0	1
29.56	0	1	0	0	0	1
29.57	0	1	0	0	0	1
29.59	0	1	0	0	0	1
29.6	0	1	0	0	0	1
29.62	1	1	0	0	0	1
29.63	0	1	0	0	0	1
29.65	0	1	0	0	0	1
29.67	0	1	0	0	0	1
29.68	1	1	0	0	0	1
29.7	0	1	0	0	0	1
29.71	1	1	0	0	0	1
29.73	0	1	0	0	0	1
29.75	0	1	0	0	0	1
29.76	0	1	0	0	0	1
29.78	0	1	0	0	0	1
29.79	0	1	0	0	0	1
29.81	0	1	0	0	0	1
29.82	0	1	0	0	0	1
29.84	0	1	0	0	0	1
29.86	1	1	0	0	0	1
29.87	0	1	0	0	0	1
29.89	0	1	0	0	0	1
29.9	0	1	0	0	0	1
29.92	0	1	0	0	0	1
29.94	0	1	0	0	0	1
29.95	0	1	0	0	0	1
29.97	0	1	0	0	0	1
29.98	0	1	0	0	0	1
30	0	1	0	0	0	1
30.01	0	1	0	0	0	1
30.03	0	1	0	0	0	1
30.05	0	1	0	0	0	1
30.06	0	1	0	0	0	1
30.08	0	1	0	0	0	1
30.09	0	1	0	0	0	1
30.11	0	1	0	0	0	1
30.12	0	1	0	0	0	1
30.14	0	1	0	0	0	1
30.16	0	1	0	0	0	1
30.17	0	1	0	0	0	1
30.19	0	1	0	0	0	1
30.2	0	1	0	0	0	1
30.22	0	1	0	0	0	1
30.24	0	1	0	0	0	1
30.25	1	1	0	0	0	1
30.27	0	1	0	0	0	1
30.28	0	1	0	0	0	1
30.3	0	1	0	0	0	1
30.31	0	1	0	0	0	1
30.33	0	1	0	0	0	1
30.35	0	1	0	0	0	1
30.36	1	1	0	0	0	1
30.38	0	1	0	0	0	1
30.39	0	1	0	0	0	1
30.41	0	1	0	0	0	1
30.43	0	1	0	0	0	1
30.44	0	1	0	0	0	1
30.46	0	1	0	0	0	1
30.47	0	1	0	0	0	1
30.49	0	1	0	0	0	1
30.5	0	1	0	0	0	1
30.52	0	1	0	0	0	1
30.54	0	1	0	0	0	1
30.55	0	1	0	0	0	1
30.57	0	1	0	0	0	1
30.58	0	1	0	0	0	1
30.6	0	1	0	0	0	1
30.62	1	1	0	0	0	1
30.63	0	1	0	0	0	1
30.65	0	1	0	0	0	1
30.66	0	1	0	0	0	1
30.68	0	1	0	0	0	1
30.69	0	1	0	0	0	1
30.71	0	1	0	0	0	1
30.73	0	1	0	0	0	1
30.74	0	1	0	0	0	1
30.76	0	1	0	0	0	1
30.77	0	1	0	0	0	1
30.79	0	1	0	0	0	1
30.81	0	1	0	0	0	1
30.82	0	1	0	0	0	1
30.84	0	1	0	0	0	1
30.85	0	1	0	0	0	1
30.87	0	1	0	0	0	1
30.88	0	1	0	0	0	1
30.9	1	1	0	0	0	1
30.92	0	1	0	0	0	1
30.93	0	1	0	0	0	1
30.95	0	1	0	0	0	1
30.96	0	1	0	0	0	1
30.98	0	1	0	0	0	1
31	0	1	0	0	0	1
31.01	0	1	0	0	0	1
31.03	0	1	0	0	0	1
31.04	0	1	0	0	0	1
31.06	0	1	0	0	0	1
31.07	0	1	0	0	0	1
31.09	0	1	0	0	0	1
31.11	0	1	0	0	0	1
31.12	0	1	0	0	0	1
31.14	0	1	0	0	0	1
31.15	0	1	0	0	0	1
31.17	0	1	0	0	0	1
31.18	0	1	0	0	0	1
31.2	0	1	0	0	0	1
31.22	0	1	0	0	0	1
31.23	0	1	0	0	0	1
31.25	0	1	0	0	0	1
31.26	0	1	0	0	0	1
31.28	0	1	0	0	0	1
31.3	0	1	0	0	0	1
31.31	0	1	0	0	0	1
31.33	0	1	0	0	0	1
31.34	1	1	0	0	0	1
31.36	0	1	0	0	0	1
31.37	0	1	0	0	0	1
31.39	0	1	0	0	0	1
31.41	0	1	0	0	0	1
31.42	0	1	0	0	0	1
31.44	0	1	0	0	0	1
31.45	0	1	0	0	0	1
31.47	0	1	0	0	0	1
31.49	0	1	0	0	0	1
31.5	0	1	0	0	0	1
31.52	0	1	0	0	0	1
31.53	0	1	0	0	0	1
31.55	0	1	0	0	0	1
31.56	0	1	0	0	0	1
31.58	0	1	0	0	0	1
31.6	0	1	0	0	0	1
31.61	1	1	0	0	0	1
31.63	0	1	0	0	0	1
31.64	0	1	0	0	0	1
31.66	0	1	0	0	0	1
31.68	0	1	0	0	0	1
31.69	0	1	0	0	0	1
31.71	0	1	0	0	0	1
31.72	0	1	0	0	0	1
31.74	0	1	0	0	0	1
31.75	0	1	0	0	0	1
31.77	0	1	0	0	0	1
31.79	0	1	0	0	0	1
31.8	0	1	0	0	0	1
31.82	0	1	0	0	0	1
31.83	0	1	0	0	0	1
31.85	0	1	0	0	0	1
31.87	0	1	0	0	0	1
31.88	0	1	0	0	0	1
31.9	0	1	0	0	0	1
31.91	0	1	0	0	0	1
31.93	0	1	0	0	0	1
31.94	0	1	0	0	0	1
31.96	0	1	0	0	0	1
31.98	0	1	0	0	0	1
31.99	0	1	0	0	0	1
32.01	0	1	0	0	0	1
32.02	0	1	0	0	0	1
32.04	0	1	0	0	0	1
32.06	0	1	0	0	0	1
32.07	0	1	0	0	0	1
32.09	0	1	0	0	0	1
32.1	0	1	0	0	0	1
32.12	0	1	0	0	0	1
32.13	0	1	0	0	0	1
32.15	0	1	0	0	0	1
32.17	0	1	0	0	0	1
32.18	0	1	0	0	0	1
32.2	0	1	0	0	0	1
32.21	0	1	0	0	0	1
32.23	0	1	0	0	0	1
32.24	0	1	0	0	0	1
32.26	0	1	0	0	0	1
32.28	0	1	0	0	0	1
32.29	0	1	0	0	0	1
32.31	0	1	0	0	0	1
32.32	0	1	0	0	0	1
32.34	0	1	0	0	0	1
32.36	0	1	0	0	0	1
32.37	0	1	0	0	0	1
32.39	0	1	0	0	0	1
32.4	0	1	0	0	0	1
32.42	0	1	0	0	0	1
32.43	-1	1	0	0	0	1
