Energy	Impulses
E/keV	Impulses/#

0.79	0
0.81	0
0.82	0
0.84	0
0.86	0
0.87	0
0.89	0
0.90	0
0.92	0
0.93	0
0.95	0
0.97	0
0.98	0
1.00	0
1.01	0
1.03	0
1.05	0
1.06	0
1.08	0
1.09	0
1.11	0
1.12	0
1.14	0
1.16	0
1.17	1
1.19	0
1.20	4
1.22	10
1.24	9
1.25	20
1.27	19
1.28	27
1.30	17
1.31	20
1.33	31
1.35	27
1.36	19
1.38	22
1.39	21
1.41	19
1.42	21
1.44	16
1.46	22
1.47	14
1.49	17
1.50	14
1.52	17
1.54	27
1.55	24
1.57	21
1.58	22
1.60	13
1.61	23
1.63	18
1.65	23
1.66	17
1.68	13
1.69	24
1.71	14
1.73	15
1.74	17
1.76	16
1.77	12
1.79	11
1.80	18
1.82	20
1.84	20
1.85	22
1.87	20
1.88	17
1.90	12
1.92	17
1.93	16
1.95	11
1.96	15
1.98	17
1.99	10
2.01	10
2.03	10
2.04	10
2.06	7
2.07	12
2.09	20
2.11	11
2.12	14
2.14	17
2.15	14
2.17	12
2.18	9
2.20	11
2.22	11
2.23	11
2.25	16
2.26	14
2.28	16
2.30	12
2.31	14
2.33	9
2.34	15
2.36	14
2.37	13
2.39	6
2.41	17
2.42	10
2.44	15
2.45	16
2.47	17
2.48	17
2.50	12
2.52	20
2.53	10
2.55	18
2.56	11
2.58	11
2.60	6
2.61	12
2.63	11
2.64	12
2.66	13
2.67	14
2.69	10
2.71	18
2.72	11
2.74	17
2.75	12
2.77	11
2.79	6
2.80	17
2.82	11
2.83	15
2.85	13
2.86	15
2.88	14
2.90	13
2.91	14
2.93	6
2.94	12
2.96	19
2.98	13
2.99	9
3.01	10
3.02	12
3.04	6
3.05	18
3.07	9
3.09	15
3.10	18
3.12	15
3.13	20
3.15	15
3.17	11
3.18	14
3.20	12
3.21	11
3.23	12
3.24	17
3.26	19
3.28	16
3.29	15
3.31	8
3.32	13
3.34	20
3.36	21
3.37	18
3.39	17
3.40	14
3.42	13
3.43	21
3.45	13
3.47	13
3.48	17
3.50	18
3.51	17
3.53	16
3.54	10
3.56	13
3.58	21
3.59	11
3.61	20
3.62	22
3.64	21
3.66	16
3.67	18
3.69	13
3.70	18
3.72	26
3.73	17
3.75	13
3.77	15
3.78	19
3.80	19
3.81	14
3.83	13
3.85	15
3.86	12
3.88	13
3.89	15
3.91	19
3.92	14
3.94	24
3.96	7
3.97	11
3.99	14
4.00	18
4.02	12
4.04	22
4.05	15
4.07	15
4.08	20
4.10	13
4.11	14
4.13	10
4.15	15
4.16	14
4.18	16
4.19	16
4.21	17
4.23	13
4.24	14
4.26	12
4.27	15
4.29	12
4.30	21
4.32	18
4.34	9
4.35	19
4.37	26
4.38	17
4.40	9
4.42	22
4.43	21
4.45	22
4.46	17
4.48	30
4.49	24
4.51	27
4.53	16
4.54	19
4.56	12
4.57	26
4.59	21
4.60	25
4.62	38
4.64	18
4.65	23
4.67	26
4.68	20
4.70	30
4.72	27
4.73	36
4.75	25
4.76	23
4.78	41
4.79	33
4.81	43
4.83	74
4.84	55
4.86	55
4.87	69
4.89	70
4.91	94
4.92	139
4.94	117
4.95	146
4.97	138
4.98	194
5.00	190
5.02	202
5.03	236
5.05	264
5.06	273
5.08	341
5.10	318
5.11	359
5.13	409
5.14	454
5.16	466
5.17	486
5.19	537
5.21	626
5.22	566
5.24	690
5.25	648
5.27	710
5.29	718
5.30	738
5.32	763
5.33	864
5.35	705
5.36	818
5.38	800
5.40	857
5.41	786
5.43	776
5.44	817
5.46	792
5.48	660
5.49	746
5.51	697
5.52	712
5.54	674
5.55	622
5.57	639
5.59	675
5.60	496
5.62	534
5.63	495
5.65	452
5.67	425
5.68	429
5.70	411
5.71	396
5.73	365
5.74	378
5.76	313
5.78	348
5.79	311
5.81	356
5.82	300
5.84	413
5.85	310
5.87	367
5.89	390
5.90	395
5.92	409
5.93	456
5.95	477
5.97	536
5.98	489
6.00	611
6.01	576
6.03	696
6.04	776
6.06	780
6.08	773
6.09	1044
6.11	820
6.12	1011
6.14	1096
6.16	1120
6.17	1098
6.19	1187
6.20	1264
6.22	1310
6.23	1345
6.25	1442
6.27	1353
6.28	1535
6.30	1492
6.31	1506
6.33	1578
6.35	1697
6.36	1448
6.38	1536
6.39	1486
6.41	1613
6.42	1526
6.44	1472
6.46	1503
6.47	1420
6.49	1268
6.50	1338
6.52	1192
6.54	1135
6.55	1099
6.57	1040
6.58	968
6.60	999
6.61	763
6.63	789
6.65	687
6.66	666
6.68	598
6.69	499
6.71	518
6.73	532
6.74	429
6.76	421
6.77	391
6.79	378
6.80	331
6.82	321
6.84	329
6.85	395
6.87	273
6.88	306
6.90	318
6.91	312
6.93	326
6.95	272
6.96	297
6.98	305
6.99	312
7.01	311
7.03	259
7.04	264
7.06	292
7.07	288
7.09	279
7.10	305
7.12	273
7.14	254
7.15	261
7.17	299
7.18	255
7.20	248
7.22	263
7.23	228
7.25	231
7.26	224
7.28	219
7.29	205
7.31	216
7.33	207
7.34	228
7.36	228
7.37	183
7.39	170
7.41	182
7.42	174
7.44	171
7.45	151
7.47	163
7.48	155
7.50	107
7.52	162
7.53	134
7.55	148
7.56	119
7.58	113
7.60	106
7.61	115
7.63	101
7.64	104
7.66	87
7.67	80
7.69	66
7.71	78
7.72	62
7.74	59
7.75	51
7.77	55
7.79	50
7.80	49
7.82	37
7.83	38
7.85	42
7.86	32
7.88	28
7.90	37
7.91	30
7.93	31
7.94	21
7.96	27
7.97	37
7.99	26
8.01	32
8.02	34
8.04	30
8.05	50
8.07	32
8.09	38
8.10	22
8.12	33
8.13	24
8.15	35
8.16	33
8.18	26
8.20	38
8.21	27
8.23	27
8.24	32
8.26	38
8.28	21
8.29	24
8.31	25
8.32	23
8.34	21
8.35	19
8.37	27
8.39	16
8.40	23
8.42	23
8.43	12
8.45	18
8.47	6
8.48	9
8.50	20
8.51	16
8.53	8
8.54	10
8.56	14
8.58	9
8.59	6
8.61	9
8.62	11
8.64	7
8.66	7
8.67	3
8.69	5
8.70	3
8.72	3
8.73	1
8.75	5
8.77	1
8.78	1
8.80	0
8.81	2
8.83	2
8.85	1
8.86	1
8.88	1
8.89	1
8.91	3
8.92	1
8.94	2
8.96	3
8.97	1
8.99	3
9.00	1
9.02	1
9.03	2
9.05	2
9.07	2
9.08	1
9.10	3
9.11	1
9.13	3
9.15	1
9.16	3
9.18	1
9.19	1
9.21	0
9.22	0
9.24	4
9.26	1
9.27	0
9.29	3
9.30	1
9.32	2
9.34	0
9.35	1
9.37	1
9.38	1
9.40	2
9.41	1
9.43	1
9.45	3
9.46	0
9.48	1
9.49	1
9.51	0
9.53	1
9.54	3
9.56	3
9.57	2
9.59	1
9.60	1
9.62	2
9.64	0
9.65	4
9.67	1
9.68	2
9.70	4
9.72	3
9.73	2
9.75	3
9.76	0
9.78	1
9.79	5
9.81	1
9.83	2
9.84	1
9.86	5
9.87	1
9.89	3
9.91	3
9.92	2
9.94	3
9.95	2
9.97	2
9.98	3
10.00	0
10.02	1
10.03	3
10.05	2
10.06	3
10.08	6
10.10	4
10.11	4
10.13	4
10.14	6
10.16	5
10.17	6
10.19	3
10.21	1
10.22	4
10.24	4
10.25	1
10.27	3
10.28	3
10.30	4
10.32	8
10.33	11
10.35	8
10.36	12
10.38	3
10.40	3
10.41	4
10.43	10
10.44	3
10.46	11
10.47	7
10.49	5
10.51	6
10.52	5
10.54	7
10.55	8
10.57	6
10.59	3
10.60	1
10.62	4
10.63	9
10.65	5
10.66	5
10.68	4
10.70	4
10.71	6
10.73	3
10.74	3
10.76	3
10.78	3
10.79	1
10.81	2
10.82	2
10.84	2
10.85	3
10.87	2
10.89	0
10.90	2
10.92	2
10.93	1
10.95	3
10.97	2
10.98	1
11.00	1
11.01	3
11.03	2
11.04	3
11.06	3
11.08	2
11.09	1
11.11	1
11.12	1
11.14	3
11.16	7
11.17	1
11.19	2
11.20	3
11.22	3
11.23	1
11.25	5
11.27	4
11.28	5
11.30	3
11.31	3
11.33	4
11.34	4
11.36	2
11.38	7
11.39	4
11.41	5
11.42	0
11.44	6
11.46	3
11.47	4
11.49	1
11.50	1
11.52	3
11.53	2
11.55	7
11.57	5
11.58	4
11.60	5
11.61	7
11.63	2
11.65	4
11.66	4
11.68	2
11.69	4
11.71	9
11.72	5
11.74	5
11.76	2
11.77	7
11.79	6
11.80	1
11.82	3
11.84	0
11.85	7
11.87	1
11.88	3
11.90	3
11.91	4
11.93	3
11.95	2
11.96	3
11.98	2
11.99	1
12.01	2
12.03	4
12.04	2
12.06	1
12.07	2
12.09	1
12.10	2
12.12	3
12.14	2
12.15	7
12.17	7
12.18	3
12.20	0
12.22	5
12.23	6
12.25	2
12.26	5
12.28	0
12.29	3
12.31	1
12.33	1
12.34	1
12.36	1
12.37	1
12.39	0
12.40	1
12.42	2
12.44	0
12.45	2
12.47	1
12.48	1
12.50	1
12.52	4
12.53	1
12.55	0
12.56	1
12.58	5
12.59	3
12.61	4
12.63	0
12.64	2
12.66	3
12.67	0
12.69	3
12.71	2
12.72	1
12.74	1
12.75	0
12.77	1
12.78	0
12.80	0
12.82	3
12.83	0
12.85	2
12.86	2
12.88	1
12.90	2
12.91	0
12.93	1
12.94	1
12.96	1
12.97	1
12.99	3
13.01	3
13.02	3
13.04	1
13.05	3
13.07	0
13.09	4
13.10	2
13.12	2
13.13	2
13.15	0
13.16	2
13.18	2
13.20	1
13.21	4
13.23	1
13.24	3
13.26	3
13.28	2
13.29	1
13.31	4
13.32	0
13.34	3
13.35	4
13.37	2
13.39	3
13.40	2
13.42	3
13.43	5
13.45	3
13.46	1
13.48	4
13.50	2
13.51	1
13.53	2
13.54	4
13.56	4
13.58	0
13.59	3
13.61	2
13.62	5
13.64	2
13.65	5
13.67	1
13.69	4
13.70	3
13.72	2
13.73	2
13.75	4
13.77	3
13.78	4
13.80	3
13.81	7
13.83	3
13.84	7
13.86	6
13.88	4
13.89	4
13.91	8
13.92	4
13.94	5
13.96	7
13.97	7
13.99	3
14.00	8
14.02	7
14.03	5
14.05	10
14.07	2
14.08	10
14.10	3
14.11	4
14.13	8
14.15	10
14.16	6
14.18	5
14.19	6
14.21	5
14.22	4
14.24	4
14.26	8
14.27	5
14.29	4
14.30	2
14.32	3
14.34	4
14.35	5
14.37	6
14.38	3
14.40	2
14.41	6
14.43	1
14.45	6
14.46	6
14.48	2
14.49	2
14.51	3
14.53	3
14.54	1
14.56	2
14.57	2
14.59	3
14.60	3
14.62	0
14.64	1
14.65	2
14.67	5
14.68	1
14.70	4
14.71	2
14.73	2
14.75	2
14.76	0
14.78	2
14.79	3
14.81	2
14.83	5
14.84	3
14.86	4
14.87	2
14.89	2
14.90	2
14.92	3
14.94	2
14.95	3
14.97	1
14.98	1
15.00	2
15.02	1
15.03	7
15.05	2
15.06	2
15.08	1
15.09	4
15.11	1
15.13	1
15.14	3
15.16	3
15.17	6
15.19	0
15.21	1
15.22	6
15.24	0
15.25	5
15.27	2
15.28	2
15.30	2
15.32	2
15.33	3
15.35	4
15.36	0
15.38	1
15.40	1
15.41	1
15.43	2
15.44	3
15.46	2
15.47	2
15.49	1
15.51	1
15.52	2
15.54	2
15.55	3
15.57	2
15.59	3
15.60	4
15.62	2
15.63	1
15.65	2
15.66	4
15.68	2
15.70	4
15.71	1
15.73	3
15.74	4
15.76	0
15.77	3
15.79	5
15.81	4
15.82	6
15.84	2
15.85	3
15.87	5
15.89	3
15.90	5
15.92	1
15.93	4
15.95	1
15.96	1
15.98	1
16.00	1
16.01	1
16.03	2
16.04	4
16.06	1
16.08	4
16.09	0
16.11	1
16.12	2
16.14	4
16.15	2
16.17	1
16.19	1
16.20	2
16.22	0
16.23	0
16.25	4
16.27	4
16.28	1
16.30	2
16.31	4
16.33	1
16.34	2
16.36	1
16.38	1
16.39	1
16.41	2
16.42	1
16.44	4
16.46	2
16.47	1
16.49	2
16.50	2
16.52	1
16.53	2
16.55	2
16.57	2
16.58	3
16.60	2
16.61	0
16.63	1
16.65	0
16.66	2
16.68	4
16.69	2
16.71	2
16.72	3
16.74	2
16.76	0
16.77	0
16.79	4
16.80	1
16.82	3
16.83	5
16.85	3
16.87	3
16.88	1
16.90	2
16.91	3
16.93	1
16.95	2
16.96	7
16.98	3
16.99	2
17.01	3
17.02	7
17.04	3
17.06	2
17.07	1
17.09	2
17.10	2
17.12	2
17.14	5
17.15	6
17.17	6
17.18	5
17.20	6
17.21	2
17.23	4
17.25	2
17.26	7
17.28	5
17.29	7
17.31	5
17.33	8
17.34	4
17.36	5
17.37	1
17.39	6
17.40	6
17.42	7
17.44	2
17.45	2
17.47	3
17.48	9
17.50	6
17.52	3
17.53	4
17.55	3
17.56	4
17.58	4
17.59	6
17.61	6
17.63	1
17.64	5
17.66	3
17.67	1
17.69	2
17.71	3
17.72	0
17.74	2
17.75	1
17.77	3
17.78	2
17.80	5
17.82	5
17.83	1
17.85	3
17.86	1
17.88	0
17.89	2
17.91	0
17.93	2
17.94	6
17.96	2
17.97	3
17.99	3
18.01	4
18.02	3
18.04	3
18.05	0
18.07	2
18.08	2
18.10	2
18.12	0
18.13	4
18.15	3
18.16	2
18.18	1
18.20	0
18.21	2
18.23	2
18.24	4
18.26	2
18.27	3
18.29	3
18.31	3
18.32	2
18.34	2
18.35	1
18.37	6
18.39	4
18.40	2
18.42	1
18.43	6
18.45	2
18.46	3
18.48	0
18.50	1
18.51	3
18.53	2
18.54	2
18.56	0
18.58	2
18.59	2
18.61	0
18.62	2
18.64	2
18.65	0
18.67	2
18.69	3
18.70	0
18.72	0
18.73	3
18.75	3
18.77	1
18.78	3
18.80	1
18.81	3
18.83	1
18.84	0
18.86	3
18.88	0
18.89	1
18.91	0
18.92	1
18.94	2
18.95	3
18.97	1
18.99	0
19.00	1
19.02	1
19.03	2
19.05	0
19.07	1
19.08	3
19.10	0
19.11	3
19.13	3
19.14	0
19.16	2
19.18	0
19.19	1
19.21	2
19.22	2
19.24	3
19.26	4
19.27	2
19.29	5
19.30	0
19.32	2
19.33	2
19.35	0
19.37	2
19.38	0
19.40	3
19.41	1
19.43	1
19.45	3
19.46	0
19.48	5
19.49	1
19.51	2
19.52	3
19.54	1
19.56	1
19.57	8
19.59	2
19.60	4
19.62	1
19.64	1
19.65	2
19.67	3
19.68	2
19.70	1
19.71	0
19.73	6
19.75	1
19.76	1
19.78	4
19.79	1
19.81	1
19.83	1
19.84	0
19.86	4
19.87	2
19.89	3
19.90	2
19.92	3
19.94	0
19.95	2
19.97	5
19.98	2
20.00	2
20.02	0
20.03	1
20.05	2
20.06	2
20.08	0
20.09	2
20.11	2
20.13	1
20.14	1
20.16	1
20.17	3
20.19	5
20.20	4
20.22	1
20.24	2
20.25	0
20.27	1
20.28	1
20.30	2
20.32	4
20.33	2
20.35	3
20.36	0
20.38	3
20.39	4
20.41	1
20.43	2
20.44	0
20.46	2
20.47	0
20.49	0
20.51	1
20.52	2
20.54	0
20.55	0
20.57	2
20.58	2
20.60	5
20.62	3
20.63	4
20.65	2
20.66	3
20.68	2
20.70	1
20.71	3
20.73	2
20.74	2
20.76	2
20.77	1
20.79	1
20.81	1
20.82	5
20.84	2
20.85	1
20.87	2
20.89	4
20.90	0
20.92	3
20.93	1
20.95	2
20.96	0
20.98	0
21.00	0
21.01	1
21.03	1
21.04	2
21.06	1
21.08	1
21.09	2
21.11	1
21.12	1
21.14	1
21.15	2
21.17	2
21.19	3
21.20	1
21.22	1
21.23	1
21.25	1
21.26	1
21.28	2
21.30	2
21.31	1
21.33	0
21.34	2
21.36	1
21.38	1
21.39	3
21.41	2
21.42	2
21.44	4
21.45	1
21.47	2
21.49	2
21.50	1
21.52	1
21.53	2
21.55	0
21.57	2
21.58	1
21.60	2
21.61	1
21.63	2
21.64	1
21.66	1
21.68	4
21.69	1
21.71	2
21.72	0
21.74	1
21.76	0
21.77	0
21.79	4
21.80	1
21.82	1
21.83	1
21.85	3
21.87	2
21.88	1
21.90	1
21.91	1
21.93	1
21.95	2
21.96	2
21.98	1
21.99	0
22.01	2
22.02	3
22.04	3
22.06	0
22.07	1
22.09	3
22.10	0
22.12	3
22.14	0
22.15	1
22.17	0
22.18	2
22.20	3
22.21	1
22.23	1
22.25	1
22.26	2
22.28	0
22.29	0
22.31	1
22.32	1
22.34	0
22.36	4
22.37	1
22.39	0
22.40	2
22.42	0
22.44	0
22.45	0
22.47	1
22.48	1
22.50	0
22.51	1
22.53	1
22.55	0
22.56	1
22.58	1
22.59	1
22.61	0
22.63	0
22.64	0
22.66	1
22.67	0
22.69	0
22.70	0
22.72	1
22.74	1
22.75	1
22.77	1
22.78	1
22.80	2
22.82	1
22.83	0
22.85	0
22.86	1
22.88	0
22.89	0
22.91	0
22.93	2
22.94	1
22.96	1
22.97	2
22.99	0
23.01	2
23.02	1
23.04	0
23.05	0
23.07	1
23.08	0
23.10	1
23.12	1
23.13	2
23.15	0
23.16	1
23.18	1
23.20	0
23.21	0
23.23	0
23.24	0
23.26	0
23.27	1
23.29	0
23.31	2
23.32	1
23.34	0
23.35	2
23.37	4
23.38	1
23.40	1
23.42	0
23.43	0
23.45	3
23.46	2
23.48	1
23.50	1
23.51	1
23.53	0
23.54	1
23.56	0
23.57	2
23.59	0
23.61	2
23.62	3
23.64	1
23.65	1
23.67	1
23.69	2
23.70	3
23.72	0
23.73	0
23.75	0
23.76	1
23.78	0
23.80	2
23.81	0
23.83	1
23.84	0
23.86	1
23.88	2
23.89	0
23.91	1
23.92	1
23.94	1
23.95	4
23.97	2
23.99	0
24.00	0
24.02	0
24.03	0
24.05	2
24.07	1
24.08	4
24.10	0
24.11	2
24.13	2
24.14	1
24.16	1
24.18	0
24.19	0
24.21	3
24.22	1
24.24	0
24.26	0
24.27	0
24.29	1
24.30	0
24.32	3
24.33	1
24.35	2
24.37	0
24.38	0
24.40	0
24.41	0
24.43	0
24.45	2
24.46	2
24.48	2
24.49	0
24.51	1
24.52	2
24.54	2
24.56	1
24.57	3
24.59	2
24.60	0
24.62	2
24.63	0
24.65	0
24.67	1
24.68	1
24.70	2
24.71	1
24.73	3
24.75	0
24.76	1
24.78	0
24.79	2
24.81	2
24.82	0
24.84	0
24.86	1
24.87	0
24.89	1
24.90	0
24.92	2
24.94	1
24.95	0
24.97	1
24.98	2
25.00	0
25.01	2
25.03	0
25.05	0
25.06	0
25.08	0
25.09	1
25.11	0
25.13	0
25.14	1
25.16	1
25.17	1
25.19	0
25.20	1
25.22	2
25.24	1
25.25	2
25.27	0
25.28	0
25.30	1
25.32	2
25.33	2
25.35	1
25.36	1
25.38	0
25.39	1
25.41	1
25.43	0
25.44	1
25.46	1
25.47	1
25.49	1
25.51	0
25.52	0
25.54	2
25.55	1
25.57	0
25.58	0
25.60	0
25.62	1
25.63	0
25.65	2
25.66	0
25.68	1
25.69	0
25.71	0
25.73	1
25.74	0
25.76	1
25.77	1
25.79	0
25.81	0
25.82	1
25.84	1
25.85	0
25.87	1
25.88	0
25.90	0
25.92	1
25.93	1
25.95	1
25.96	0
25.98	1
26.00	0
26.01	1
26.03	0
26.04	2
26.06	0
26.07	1
26.09	0
26.11	0
26.12	0
26.14	1
26.15	0
26.17	1
26.19	1
26.20	1
26.22	0
26.23	1
26.25	0
26.26	0
26.28	0
26.30	1
26.31	0
26.33	0
26.34	0
26.36	1
26.38	0
26.39	0
26.41	1
26.42	0
26.44	0
26.45	2
26.47	0
26.49	0
26.50	0
26.52	0
26.53	0
26.55	0
26.57	0
26.58	0
26.60	1
26.61	0
26.63	2
26.64	1
26.66	0
26.68	1
26.69	0
26.71	0
26.72	1
26.74	0
26.75	0
26.77	0
26.79	0
26.80	1
26.82	2
26.83	0
26.85	0
26.87	0
26.88	0
26.90	0
26.91	0
26.93	0
26.94	1
26.96	0
26.98	1
26.99	2
27.01	0
27.02	0
27.04	0
27.06	0
27.07	0
27.09	0
27.10	1
27.12	0
27.13	0
27.15	0
27.17	1
27.18	0
27.20	1
27.21	0
27.23	0
27.25	0
27.26	0
27.28	0
27.29	2
27.31	0
27.32	0
27.34	0
27.36	1
27.37	0
27.39	1
27.40	0
27.42	0
27.44	0
27.45	0
27.47	0
27.48	0
27.50	0
27.51	1
27.53	0
27.55	0
27.56	2
27.58	1
27.59	0
27.61	0
27.63	0
27.64	0
27.66	1
27.67	0
27.69	0
27.70	0
27.72	0
27.74	0
27.75	1
27.77	0
27.78	0
27.80	1
27.81	0
27.83	0
27.85	0
27.86	2
27.88	2
27.89	0
27.91	0
27.93	1
27.94	0
27.96	0
27.97	1
27.99	0
28.00	1
28.02	0
28.04	0
28.05	0
28.07	0
28.08	0
28.10	0
28.12	0
28.13	0
28.15	1
28.16	0
28.18	1
28.19	1
28.21	0
28.23	1
28.24	0
28.26	0
28.27	0
28.29	1
28.31	2
28.32	0
28.34	0
28.35	0
28.37	1
28.38	0
28.40	0
28.42	0
28.43	0
28.45	0
28.46	1
28.48	1
28.50	0
28.51	1
28.53	0
28.54	0
28.56	3
28.57	0
28.59	0
28.61	0
28.62	0
28.64	0
28.65	0
28.67	0
28.69	0
28.70	0
28.72	0
28.73	1
28.75	2
28.76	1
28.78	0
28.80	0
28.81	1
28.83	0
28.84	0
28.86	0
28.88	0
28.89	0
28.91	1
28.92	0
28.94	0
28.95	0
28.97	0
28.99	0
29.00	0
29.02	0
29.03	0
29.05	0
29.06	0
29.08	0
29.10	0
29.11	0
29.13	0
29.14	0
29.16	0
29.18	0
29.19	0
29.21	1
29.22	0
29.24	0
29.25	0
29.27	0
29.29	0
29.30	0
29.32	1
29.33	0
29.35	0
29.37	0
29.38	0
29.40	0
29.41	0
29.43	0
29.44	0
29.46	0
29.48	0
29.49	0
29.51	0
29.52	1
29.54	0
29.56	0
29.57	1
29.59	0
29.60	0
29.62	0
29.63	0
29.65	0
29.67	0
29.68	0
29.70	0
29.71	0
29.73	0
29.75	1
29.76	0
29.78	1
29.79	0
29.81	1
29.82	0
29.84	1
29.86	0
29.87	0
29.89	0
29.90	1
29.92	0
29.94	0
29.95	1
29.97	0
29.98	0
30.00	0
30.01	0
30.03	0
30.05	0
30.06	0
30.08	0
30.09	0
30.11	0
30.12	0
30.14	0
30.16	0
30.17	0
30.19	0
30.20	0
30.22	0
30.24	0
30.25	0
30.27	0
30.28	0
30.30	0
30.31	0
30.33	0
30.35	0
30.36	0
30.38	0
30.39	0
30.41	0
30.43	0
30.44	1
30.46	0
30.47	0
30.49	0
30.50	0
30.52	0
30.54	0
30.55	0
30.57	0
30.58	0
30.60	0
30.62	0
30.63	1
30.65	0
30.66	0
30.68	0
30.69	0
30.71	0
30.73	0
30.74	0
30.76	0
30.77	0
30.79	0
30.81	0
30.82	0
30.84	0
30.85	0
30.87	0
30.88	0
30.90	0
30.92	0
30.93	1
30.95	0
30.96	0
30.98	0
31.00	0
31.01	0
31.03	0
31.04	0
31.06	0
31.07	0
31.09	0
31.11	0
31.12	0
31.14	0
31.15	0
31.17	0
31.18	0
31.20	0
31.22	0
31.23	0
31.25	0
31.26	0
31.28	0
31.30	0
31.31	0
31.33	0
31.34	0
31.36	0
31.37	0
31.39	0
31.41	0
31.42	0
31.44	0
31.45	0
31.47	0
31.49	0
31.50	0
31.52	0
31.53	0
31.55	0
31.56	0
31.58	0
31.60	0
31.61	0
31.63	0
31.64	0
31.66	0
31.68	0
31.69	0
31.71	0
31.72	0
31.74	0
31.75	0
31.77	0
31.79	0
31.80	0
31.82	0
31.83	0
31.85	0
31.87	0
31.88	0
31.90	0
31.91	0
31.93	0
31.94	0
31.96	0
31.98	0
31.99	0
32.01	0
32.02	0
32.04	0
32.06	0
32.07	0
32.09	0
32.10	0
32.12	0
32.13	0
32.15	0
32.17	0
32.18	0
32.20	0
32.21	0
32.23	0
32.24	0
32.26	0
32.28	0
32.29	0
32.31	0
32.32	0
32.34	0
32.36	0
32.37	0
32.39	0
32.40	0
32.42	0
32.43	-1
