Energy	Impulses
E/keV	Impulses/#

0.79	0
0.81	0
0.82	0
0.84	0
0.86	0
0.87	0
0.89	0
0.90	0
0.92	0
0.93	0
0.95	0
0.97	0
0.98	0
1.00	0
1.01	0
1.03	0
1.05	0
1.06	0
1.08	0
1.09	0
1.11	0
1.12	0
1.14	0
1.16	0
1.17	0
1.19	3
1.20	3
1.22	4
1.24	5
1.25	16
1.27	23
1.28	19
1.30	14
1.31	23
1.33	10
1.35	13
1.36	20
1.38	16
1.39	14
1.41	19
1.42	17
1.44	11
1.46	13
1.47	21
1.49	16
1.50	16
1.52	15
1.54	15
1.55	13
1.57	16
1.58	15
1.60	15
1.61	14
1.63	10
1.65	15
1.66	19
1.68	11
1.69	25
1.71	17
1.73	19
1.74	17
1.76	16
1.77	12
1.79	17
1.80	10
1.82	14
1.84	15
1.85	18
1.87	14
1.88	12
1.90	15
1.92	14
1.93	13
1.95	14
1.96	13
1.98	15
1.99	19
2.01	13
2.03	12
2.04	21
2.06	15
2.07	17
2.09	14
2.11	17
2.12	10
2.14	22
2.15	12
2.17	20
2.18	19
2.20	15
2.22	16
2.23	13
2.25	10
2.26	15
2.28	13
2.30	18
2.31	8
2.33	8
2.34	16
2.36	11
2.37	14
2.39	19
2.41	16
2.42	17
2.44	8
2.45	16
2.47	14
2.48	13
2.50	18
2.52	17
2.53	12
2.55	9
2.56	12
2.58	17
2.60	15
2.61	15
2.63	17
2.64	12
2.66	14
2.67	18
2.69	10
2.71	20
2.72	12
2.74	12
2.75	14
2.77	10
2.79	18
2.80	20
2.82	11
2.83	10
2.85	17
2.86	14
2.88	19
2.90	18
2.91	19
2.93	22
2.94	14
2.96	22
2.98	13
2.99	17
3.01	27
3.02	21
3.04	28
3.05	22
3.07	27
3.09	19
3.10	23
3.12	25
3.13	24
3.15	32
3.17	28
3.18	25
3.20	33
3.21	30
3.23	22
3.24	38
3.26	39
3.28	34
3.29	40
3.31	61
3.32	37
3.34	45
3.36	44
3.37	43
3.39	35
3.40	48
3.42	35
3.43	39
3.45	39
3.47	45
3.48	37
3.50	51
3.51	44
3.53	45
3.54	33
3.56	35
3.58	35
3.59	30
3.61	31
3.62	37
3.64	29
3.66	37
3.67	33
3.69	45
3.70	25
3.72	25
3.73	25
3.75	39
3.77	17
3.78	23
3.80	31
3.81	35
3.83	20
3.85	23
3.86	25
3.88	17
3.89	23
3.91	17
3.92	13
3.94	16
3.96	14
3.97	12
3.99	18
4.00	16
4.02	19
4.04	18
4.05	19
4.07	33
4.08	20
4.10	16
4.11	15
4.13	23
4.15	17
4.16	15
4.18	14
4.19	19
4.21	17
4.23	22
4.24	14
4.26	19
4.27	20
4.29	26
4.30	24
4.32	22
4.34	18
4.35	18
4.37	25
4.38	28
4.40	23
4.42	21
4.43	16
4.45	23
4.46	19
4.48	24
4.49	15
4.51	18
4.53	29
4.54	25
4.56	34
4.57	31
4.59	21
4.60	29
4.62	25
4.64	32
4.65	29
4.67	24
4.68	31
4.70	26
4.72	28
4.73	24
4.75	29
4.76	34
4.78	28
4.79	30
4.81	30
4.83	50
4.84	16
4.86	27
4.87	17
4.89	21
4.91	28
4.92	21
4.94	24
4.95	27
4.97	23
4.98	23
5.00	28
5.02	26
5.03	24
5.05	28
5.06	11
5.08	37
5.10	24
5.11	26
5.13	25
5.14	32
5.16	17
5.17	27
5.19	23
5.21	33
5.22	30
5.24	32
5.25	26
5.27	44
5.29	32
5.30	39
5.32	25
5.33	46
5.35	33
5.36	31
5.38	59
5.40	37
5.41	34
5.43	46
5.44	34
5.46	50
5.48	46
5.49	37
5.51	45
5.52	37
5.54	49
5.55	46
5.57	53
5.59	56
5.60	36
5.62	43
5.63	65
5.65	43
5.67	70
5.68	60
5.70	83
5.71	88
5.73	76
5.74	88
5.76	91
5.78	137
5.79	133
5.81	156
5.82	143
5.84	212
5.85	158
5.87	244
5.89	266
5.90	308
5.92	358
5.93	399
5.95	430
5.97	517
5.98	520
6.00	679
6.01	643
6.03	771
6.04	864
6.06	945
6.08	1086
6.09	1380
6.11	1193
6.12	1421
6.14	1520
6.16	1638
6.17	1722
6.19	1769
6.20	2099
6.22	2191
6.23	2066
6.25	2383
6.27	2255
6.28	2635
6.30	2560
6.31	2752
6.33	2642
6.35	2929
6.36	2554
6.38	2814
6.39	2762
6.41	2796
6.42	2825
6.44	2607
6.46	2915
6.47	2641
6.49	2477
6.50	2582
6.52	2347
6.54	2384
6.55	2294
6.57	2089
6.58	2001
6.60	2060
6.61	1661
6.63	1627
6.65	1514
6.66	1523
6.68	1239
6.69	1148
6.71	1136
6.73	1075
6.74	863
6.76	911
6.77	764
6.79	789
6.80	686
6.82	638
6.84	607
6.85	612
6.87	516
6.88	571
6.90	517
6.91	496
6.93	486
6.95	530
6.96	511
6.98	528
6.99	486
7.01	488
7.03	459
7.04	424
7.06	470
7.07	451
7.09	457
7.10	508
7.12	438
7.14	398
7.15	364
7.17	386
7.18	324
7.20	349
7.22	405
7.23	349
7.25	297
7.26	242
7.28	278
7.29	232
7.31	192
7.33	175
7.34	153
7.36	171
7.37	128
7.39	142
7.41	114
7.42	92
7.44	89
7.45	78
7.47	66
7.48	39
7.50	40
7.52	42
7.53	29
7.55	26
7.56	22
7.58	23
7.60	19
7.61	14
7.63	7
7.64	2
7.66	6
7.67	2
7.69	5
7.71	7
7.72	4
7.74	4
7.75	3
7.77	4
7.79	2
7.80	4
7.82	3
7.83	5
7.85	4
7.86	7
7.88	2
7.90	1
7.91	5
7.93	2
7.94	2
7.96	3
7.97	4
7.99	1
8.01	3
8.02	2
8.04	2
8.05	3
8.07	3
8.09	5
8.10	2
8.12	3
8.13	1
8.15	1
8.16	2
8.18	5
8.20	3
8.21	4
8.23	1
8.24	3
8.26	3
8.28	1
8.29	6
8.31	0
8.32	1
8.34	4
8.35	4
8.37	2
8.39	2
8.40	1
8.42	0
8.43	0
8.45	1
8.47	0
8.48	4
8.50	3
8.51	4
8.53	1
8.54	2
8.56	0
8.58	0
8.59	2
8.61	3
8.62	2
8.64	1
8.66	2
8.67	4
8.69	1
8.70	1
8.72	1
8.73	1
8.75	2
8.77	2
8.78	1
8.80	1
8.81	0
8.83	1
8.85	1
8.86	2
8.88	3
8.89	2
8.91	1
8.92	4
8.94	5
8.96	2
8.97	2
8.99	2
9.00	0
9.02	2
9.03	3
9.05	4
9.07	3
9.08	2
9.10	1
9.11	2
9.13	3
9.15	1
9.16	4
9.18	1
9.19	0
9.21	1
9.22	0
9.24	4
9.26	2
9.27	6
9.29	3
9.30	4
9.32	1
9.34	4
9.35	3
9.37	3
9.38	5
9.40	2
9.41	7
9.43	4
9.45	1
9.46	4
9.48	2
9.49	3
9.51	1
9.53	1
9.54	2
9.56	1
9.57	3
9.59	0
9.60	2
9.62	4
9.64	6
9.65	0
9.67	1
9.68	5
9.70	1
9.72	1
9.73	1
9.75	1
9.76	2
9.78	0
9.79	1
9.81	1
9.83	2
9.84	2
9.86	2
9.87	0
9.89	0
9.91	3
9.92	1
9.94	1
9.95	5
9.97	1
9.98	3
10.00	4
10.02	2
10.03	2
10.05	2
10.06	4
10.08	2
10.10	0
10.11	3
10.13	0
10.14	9
10.16	5
10.17	3
10.19	3
10.21	8
10.22	1
10.24	4
10.25	3
10.27	2
10.28	3
10.30	1
10.32	0
10.33	2
10.35	4
10.36	2
10.38	8
10.40	5
10.41	2
10.43	2
10.44	6
10.46	4
10.47	5
10.49	5
10.51	3
10.52	3
10.54	3
10.55	4
10.57	2
10.59	3
10.60	2
10.62	2
10.63	2
10.65	1
10.66	2
10.68	1
10.70	1
10.71	4
10.73	0
10.74	6
10.76	2
10.78	2
10.79	3
10.81	4
10.82	4
10.84	3
10.85	5
10.87	3
10.89	9
10.90	1
10.92	1
10.93	5
10.95	1
10.97	4
10.98	5
11.00	2
11.01	2
11.03	1
11.04	3
11.06	3
11.08	5
11.09	2
11.11	4
11.12	1
11.14	5
11.16	6
11.17	3
11.19	6
11.20	5
11.22	10
11.23	0
11.25	3
11.27	6
11.28	7
11.30	4
11.31	6
11.33	3
11.34	6
11.36	3
11.38	1
11.39	5
11.41	3
11.42	5
11.44	3
11.46	2
11.47	4
11.49	4
11.50	3
11.52	1
11.53	5
11.55	3
11.57	2
11.58	2
11.60	6
11.61	6
11.63	3
11.65	2
11.66	2
11.68	1
11.69	1
11.71	2
11.72	4
11.74	0
11.76	2
11.77	2
11.79	2
11.80	4
11.82	0
11.84	1
11.85	2
11.87	0
11.88	2
11.90	2
11.91	3
11.93	4
11.95	1
11.96	0
11.98	2
11.99	4
12.01	4
12.03	3
12.04	3
12.06	1
12.07	2
12.09	1
12.10	3
12.12	4
12.14	1
12.15	1
12.17	1
12.18	4
12.20	1
12.22	2
12.23	3
12.25	2
12.26	2
12.28	2
12.29	1
12.31	2
12.33	1
12.34	1
12.36	3
12.37	1
12.39	5
12.40	3
12.42	4
12.44	5
12.45	3
12.47	2
12.48	5
12.50	2
12.52	4
12.53	3
12.55	8
12.56	2
12.58	8
12.59	4
12.61	1
12.63	4
12.64	6
12.66	5
12.67	3
12.69	2
12.71	2
12.72	6
12.74	4
12.75	2
12.77	4
12.78	4
12.80	2
12.82	3
12.83	4
12.85	0
12.86	1
12.88	1
12.90	2
12.91	3
12.93	5
12.94	3
12.96	7
12.97	1
12.99	4
13.01	2
13.02	2
13.04	6
13.05	3
13.07	3
13.09	1
13.10	1
13.12	3
13.13	3
13.15	4
13.16	2
13.18	4
13.20	3
13.21	2
13.23	2
13.24	4
13.26	0
13.28	1
13.29	2
13.31	1
13.32	0
13.34	5
13.35	1
13.37	1
13.39	2
13.40	2
13.42	3
13.43	5
13.45	0
13.46	2
13.48	3
13.50	4
13.51	2
13.53	4
13.54	0
13.56	2
13.58	1
13.59	3
13.61	2
13.62	7
13.64	1
13.65	3
13.67	2
13.69	2
13.70	2
13.72	2
13.73	7
13.75	1
13.77	3
13.78	2
13.80	3
13.81	2
13.83	5
13.84	3
13.86	4
13.88	4
13.89	2
13.91	4
13.92	5
13.94	3
13.96	4
13.97	4
13.99	2
14.00	2
14.02	4
14.03	1
14.05	6
14.07	4
14.08	5
14.10	2
14.11	2
14.13	4
14.15	3
14.16	4
14.18	2
14.19	3
14.21	0
14.22	0
14.24	3
14.26	4
14.27	0
14.29	1
14.30	4
14.32	3
14.34	1
14.35	7
14.37	1
14.38	3
14.40	2
14.41	1
14.43	2
14.45	3
14.46	2
14.48	6
14.49	3
14.51	5
14.53	3
14.54	7
14.56	3
14.57	5
14.59	0
14.60	5
14.62	0
14.64	1
14.65	1
14.67	1
14.68	3
14.70	2
14.71	2
14.73	3
14.75	3
14.76	4
14.78	3
14.79	3
14.81	4
14.83	2
14.84	8
14.86	4
14.87	2
14.89	1
14.90	3
14.92	5
14.94	1
14.95	3
14.97	2
14.98	7
15.00	10
15.02	4
15.03	1
15.05	2
15.06	4
15.08	5
15.09	6
15.11	1
15.13	1
15.14	3
15.16	2
15.17	7
15.19	6
15.21	4
15.22	5
15.24	2
15.25	1
15.27	3
15.28	3
15.30	7
15.32	4
15.33	1
15.35	4
15.36	6
15.38	4
15.40	6
15.41	0
15.43	2
15.44	3
15.46	3
15.47	3
15.49	3
15.51	0
15.52	2
15.54	3
15.55	2
15.57	2
15.59	3
15.60	0
15.62	2
15.63	4
15.65	3
15.66	0
15.68	1
15.70	4
15.71	5
15.73	3
15.74	1
15.76	4
15.77	1
15.79	3
15.81	0
15.82	2
15.84	2
15.85	1
15.87	1
15.89	0
15.90	3
15.92	2
15.93	1
15.95	3
15.96	2
15.98	0
16.00	0
16.01	2
16.03	1
16.04	3
16.06	1
16.08	3
16.09	4
16.11	2
16.12	4
16.14	1
16.15	3
16.17	3
16.19	2
16.20	1
16.22	3
16.23	4
16.25	1
16.27	4
16.28	1
16.30	3
16.31	1
16.33	2
16.34	2
16.36	0
16.38	2
16.39	2
16.41	3
16.42	3
16.44	0
16.46	5
16.47	1
16.49	1
16.50	2
16.52	0
16.53	2
16.55	4
16.57	1
16.58	1
16.60	2
16.61	2
16.63	2
16.65	2
16.66	1
16.68	1
16.69	1
16.71	1
16.72	3
16.74	3
16.76	0
16.77	2
16.79	2
16.80	5
16.82	6
16.83	1
16.85	3
16.87	2
16.88	5
16.90	2
16.91	1
16.93	1
16.95	2
16.96	4
16.98	0
16.99	3
17.01	3
17.02	0
17.04	1
17.06	1
17.07	3
17.09	2
17.10	2
17.12	2
17.14	1
17.15	0
17.17	0
17.18	4
17.20	1
17.21	4
17.23	0
17.25	2
17.26	2
17.28	2
17.29	3
17.31	1
17.33	2
17.34	0
17.36	2
17.37	5
17.39	1
17.40	1
17.42	1
17.44	2
17.45	0
17.47	2
17.48	1
17.50	4
17.52	4
17.53	4
17.55	0
17.56	1
17.58	2
17.59	0
17.61	0
17.63	2
17.64	0
17.66	2
17.67	2
17.69	3
17.71	4
17.72	0
17.74	3
17.75	1
17.77	1
17.78	3
17.80	4
17.82	3
17.83	2
17.85	4
17.86	2
17.88	0
17.89	3
17.91	4
17.93	2
17.94	2
17.96	5
17.97	1
17.99	2
18.01	2
18.02	3
18.04	2
18.05	0
18.07	2
18.08	1
18.10	1
18.12	2
18.13	3
18.15	5
18.16	1
18.18	2
18.20	4
18.21	1
18.23	6
18.24	3
18.26	3
18.27	1
18.29	1
18.31	3
18.32	1
18.34	2
18.35	1
18.37	2
18.39	1
18.40	1
18.42	0
18.43	2
18.45	1
18.46	4
18.48	3
18.50	4
18.51	2
18.53	3
18.54	1
18.56	5
18.58	2
18.59	0
18.61	4
18.62	1
18.64	0
18.65	2
18.67	2
18.69	0
18.70	2
18.72	2
18.73	3
18.75	6
18.77	1
18.78	0
18.80	2
18.81	1
18.83	1
18.84	3
18.86	2
18.88	5
18.89	3
18.91	2
18.92	4
18.94	2
18.95	1
18.97	1
18.99	0
19.00	1
19.02	2
19.03	1
19.05	2
19.07	3
19.08	1
19.10	0
19.11	2
19.13	1
19.14	2
19.16	0
19.18	3
19.19	1
19.21	4
19.22	1
19.24	3
19.26	6
19.27	1
19.29	0
19.30	3
19.32	1
19.33	1
19.35	2
19.37	1
19.38	0
19.40	0
19.41	3
19.43	3
19.45	4
19.46	1
19.48	1
19.49	4
19.51	3
19.52	0
19.54	2
19.56	1
19.57	2
19.59	4
19.60	1
19.62	2
19.64	2
19.65	2
19.67	0
19.68	2
19.70	0
19.71	2
19.73	1
19.75	1
19.76	1
19.78	0
19.79	1
19.81	3
19.83	1
19.84	1
19.86	1
19.87	1
19.89	1
19.90	0
19.92	1
19.94	1
19.95	2
19.97	2
19.98	1
20.00	5
20.02	0
20.03	5
20.05	2
20.06	0
20.08	4
20.09	1
20.11	1
20.13	3
20.14	1
20.16	0
20.17	1
20.19	0
20.20	1
20.22	4
20.24	1
20.25	1
20.27	0
20.28	0
20.30	2
20.32	3
20.33	1
20.35	2
20.36	2
20.38	2
20.39	2
20.41	0
20.43	1
20.44	2
20.46	1
20.47	1
20.49	2
20.51	0
20.52	5
20.54	0
20.55	0
20.57	1
20.58	2
20.60	2
20.62	1
20.63	2
20.65	3
20.66	0
20.68	1
20.70	1
20.71	1
20.73	3
20.74	0
20.76	2
20.77	1
20.79	0
20.81	1
20.82	6
20.84	0
20.85	2
20.87	2
20.89	4
20.90	1
20.92	3
20.93	0
20.95	2
20.96	1
20.98	1
21.00	3
21.01	1
21.03	0
21.04	2
21.06	2
21.08	2
21.09	4
21.11	0
21.12	1
21.14	2
21.15	1
21.17	3
21.19	1
21.20	1
21.22	3
21.23	5
21.25	0
21.26	1
21.28	1
21.30	2
21.31	1
21.33	0
21.34	1
21.36	1
21.38	0
21.39	2
21.41	2
21.42	3
21.44	3
21.45	1
21.47	1
21.49	1
21.50	0
21.52	3
21.53	1
21.55	1
21.57	2
21.58	0
21.60	2
21.61	2
21.63	0
21.64	3
21.66	0
21.68	1
21.69	1
21.71	0
21.72	1
21.74	3
21.76	2
21.77	0
21.79	1
21.80	2
21.82	0
21.83	0
21.85	1
21.87	2
21.88	0
21.90	2
21.91	2
21.93	1
21.95	4
21.96	1
21.98	1
21.99	0
22.01	1
22.02	3
22.04	3
22.06	0
22.07	2
22.09	2
22.10	1
22.12	2
22.14	0
22.15	2
22.17	2
22.18	3
22.20	0
22.21	2
22.23	1
22.25	4
22.26	2
22.28	2
22.29	0
22.31	0
22.32	4
22.34	1
22.36	2
22.37	0
22.39	0
22.40	2
22.42	0
22.44	0
22.45	0
22.47	2
22.48	1
22.50	1
22.51	0
22.53	1
22.55	0
22.56	0
22.58	2
22.59	1
22.61	1
22.63	0
22.64	0
22.66	2
22.67	1
22.69	0
22.70	0
22.72	0
22.74	0
22.75	3
22.77	0
22.78	0
22.80	0
22.82	2
22.83	2
22.85	1
22.86	3
22.88	0
22.89	1
22.91	2
22.93	0
22.94	2
22.96	0
22.97	1
22.99	0
23.01	1
23.02	1
23.04	1
23.05	0
23.07	2
23.08	0
23.10	0
23.12	0
23.13	3
23.15	0
23.16	0
23.18	1
23.20	0
23.21	0
23.23	0
23.24	0
23.26	0
23.27	1
23.29	1
23.31	0
23.32	0
23.34	0
23.35	2
23.37	0
23.38	3
23.40	1
23.42	2
23.43	1
23.45	0
23.46	0
23.48	0
23.50	1
23.51	2
23.53	2
23.54	1
23.56	0
23.57	0
23.59	1
23.61	2
23.62	1
23.64	0
23.65	1
23.67	0
23.69	2
23.70	0
23.72	2
23.73	0
23.75	1
23.76	3
23.78	1
23.80	2
23.81	0
23.83	0
23.84	0
23.86	0
23.88	0
23.89	1
23.91	1
23.92	0
23.94	3
23.95	0
23.97	2
23.99	0
24.00	1
24.02	0
24.03	1
24.05	0
24.07	0
24.08	0
24.10	0
24.11	0
24.13	2
24.14	1
24.16	2
24.18	0
24.19	1
24.21	1
24.22	0
24.24	1
24.26	0
24.27	0
24.29	0
24.30	1
24.32	3
24.33	4
24.35	2
24.37	1
24.38	0
24.40	1
24.41	2
24.43	0
24.45	0
24.46	5
24.48	0
24.49	0
24.51	0
24.52	2
24.54	1
24.56	2
24.57	1
24.59	1
24.60	0
24.62	1
24.63	1
24.65	1
24.67	3
24.68	0
24.70	0
24.71	2
24.73	4
24.75	1
24.76	0
24.78	0
24.79	0
24.81	1
24.82	1
24.84	0
24.86	0
24.87	1
24.89	1
24.90	0
24.92	1
24.94	1
24.95	0
24.97	2
24.98	1
25.00	1
25.01	0
25.03	2
25.05	0
25.06	0
25.08	0
25.09	1
25.11	0
25.13	1
25.14	0
25.16	0
25.17	1
25.19	0
25.20	1
25.22	1
25.24	3
25.25	1
25.27	0
25.28	2
25.30	0
25.32	0
25.33	0
25.35	3
25.36	0
25.38	1
25.39	0
25.41	1
25.43	1
25.44	0
25.46	1
25.47	0
25.49	0
25.51	2
25.52	2
25.54	0
25.55	1
25.57	1
25.58	1
25.60	1
25.62	0
25.63	0
25.65	0
25.66	2
25.68	0
25.69	1
25.71	0
25.73	0
25.74	0
25.76	2
25.77	0
25.79	1
25.81	0
25.82	0
25.84	0
25.85	1
25.87	1
25.88	1
25.90	2
25.92	0
25.93	0
25.95	1
25.96	0
25.98	2
26.00	0
26.01	1
26.03	0
26.04	0
26.06	2
26.07	1
26.09	0
26.11	0
26.12	0
26.14	0
26.15	0
26.17	0
26.19	1
26.20	2
26.22	1
26.23	1
26.25	3
26.26	0
26.28	1
26.30	2
26.31	1
26.33	0
26.34	0
26.36	0
26.38	1
26.39	0
26.41	0
26.42	2
26.44	1
26.45	0
26.47	0
26.49	2
26.50	1
26.52	0
26.53	0
26.55	0
26.57	1
26.58	1
26.60	0
26.61	0
26.63	0
26.64	0
26.66	1
26.68	0
26.69	0
26.71	1
26.72	0
26.74	0
26.75	1
26.77	0
26.79	1
26.80	1
26.82	0
26.83	1
26.85	1
26.87	0
26.88	0
26.90	0
26.91	1
26.93	1
26.94	1
26.96	1
26.98	3
26.99	1
27.01	0
27.02	0
27.04	1
27.06	1
27.07	0
27.09	1
27.10	0
27.12	0
27.13	1
27.15	0
27.17	1
27.18	0
27.20	1
27.21	0
27.23	0
27.25	0
27.26	0
27.28	0
27.29	0
27.31	0
27.32	0
27.34	0
27.36	0
27.37	0
27.39	0
27.40	1
27.42	0
27.44	0
27.45	0
27.47	0
27.48	0
27.50	0
27.51	0
27.53	1
27.55	0
27.56	0
27.58	0
27.59	0
27.61	0
27.63	0
27.64	0
27.66	0
27.67	0
27.69	0
27.70	0
27.72	0
27.74	1
27.75	0
27.77	0
27.78	0
27.80	0
27.81	1
27.83	0
27.85	0
27.86	0
27.88	0
27.89	0
27.91	0
27.93	1
27.94	0
27.96	0
27.97	0
27.99	0
28.00	0
28.02	0
28.04	0
28.05	0
28.07	1
28.08	1
28.10	0
28.12	0
28.13	0
28.15	0
28.16	0
28.18	0
28.19	1
28.21	0
28.23	0
28.24	0
28.26	1
28.27	1
28.29	1
28.31	0
28.32	0
28.34	0
28.35	1
28.37	2
28.38	0
28.40	1
28.42	0
28.43	0
28.45	0
28.46	0
28.48	1
28.50	0
28.51	0
28.53	0
28.54	0
28.56	0
28.57	0
28.59	0
28.61	1
28.62	0
28.64	1
28.65	0
28.67	1
28.69	0
28.70	0
28.72	0
28.73	0
28.75	0
28.76	0
28.78	0
28.80	0
28.81	0
28.83	0
28.84	0
28.86	1
28.88	0
28.89	0
28.91	1
28.92	0
28.94	0
28.95	0
28.97	2
28.99	0
29.00	1
29.02	0
29.03	0
29.05	0
29.06	0
29.08	0
29.10	0
29.11	0
29.13	0
29.14	0
29.16	0
29.18	0
29.19	0
29.21	1
29.22	0
29.24	0
29.25	0
29.27	0
29.29	2
29.30	0
29.32	0
29.33	0
29.35	0
29.37	2
29.38	0
29.40	0
29.41	0
29.43	0
29.44	1
29.46	0
29.48	0
29.49	1
29.51	0
29.52	0
29.54	0
29.56	0
29.57	0
29.59	0
29.60	0
29.62	0
29.63	1
29.65	0
29.67	0
29.68	0
29.70	0
29.71	0
29.73	1
29.75	0
29.76	0
29.78	1
29.79	0
29.81	0
29.82	0
29.84	1
29.86	1
29.87	0
29.89	0
29.90	0
29.92	0
29.94	0
29.95	0
29.97	0
29.98	0
30.00	0
30.01	0
30.03	0
30.05	0
30.06	0
30.08	0
30.09	0
30.11	0
30.12	0
30.14	1
30.16	0
30.17	0
30.19	0
30.20	0
30.22	0
30.24	0
30.25	0
30.27	0
30.28	1
30.30	0
30.31	0
30.33	0
30.35	0
30.36	0
30.38	1
30.39	1
30.41	0
30.43	0
30.44	0
30.46	0
30.47	0
30.49	0
30.50	0
30.52	0
30.54	0
30.55	0
30.57	0
30.58	0
30.60	0
30.62	0
30.63	0
30.65	0
30.66	0
30.68	0
30.69	0
30.71	0
30.73	0
30.74	0
30.76	0
30.77	0
30.79	0
30.81	0
30.82	1
30.84	0
30.85	0
30.87	0
30.88	1
30.90	0
30.92	0
30.93	0
30.95	0
30.96	0
30.98	0
31.00	0
31.01	1
31.03	0
31.04	0
31.06	0
31.07	1
31.09	0
31.11	0
31.12	0
31.14	0
31.15	0
31.17	0
31.18	0
31.20	0
31.22	0
31.23	0
31.25	0
31.26	0
31.28	0
31.30	0
31.31	0
31.33	1
31.34	0
31.36	0
31.37	1
31.39	0
31.41	0
31.42	0
31.44	0
31.45	0
31.47	0
31.49	0
31.50	0
31.52	0
31.53	0
31.55	0
31.56	0
31.58	0
31.60	0
31.61	0
31.63	0
31.64	0
31.66	0
31.68	0
31.69	0
31.71	0
31.72	0
31.74	0
31.75	0
31.77	0
31.79	0
31.80	0
31.82	0
31.83	0
31.85	0
31.87	1
31.88	0
31.90	0
31.91	0
31.93	0
31.94	0
31.96	0
31.98	0
31.99	0
32.01	0
32.02	0
32.04	0
32.06	0
32.07	0
32.09	0
32.10	0
32.12	0
32.13	0
32.15	0
32.17	0
32.18	0
32.20	0
32.21	0
32.23	0
32.24	0
32.26	0
32.28	0
32.29	0
32.31	0
32.32	1
32.34	0
32.36	0
32.37	0
32.39	0
32.40	0
32.42	0
32.43	-1
