# exported by fityk 0.8.7
#2-Fe:x	2-Fe:y	2-Fe:s	2-Fe:F(x)	2-Fe:%_1(x)	2-Fe:%_2(x)	2-Fe:%_3(x)	2-Fe:%_4(x)	2-Fe:a
0.79	0	1	1.19402e-012	3.14169e-120	3.36915e-235	0	1.19402e-012	1
0.81	0	1	1.90918e-012	2.36386e-119	1.07268e-233	0	1.90918e-012	1
0.82	0	1	2.41093e-012	6.46659e-119	6.0277e-233	0	2.41093e-012	1
0.84	0	1	3.83447e-012	4.81317e-118	1.8877e-231	0	3.83447e-012	1
0.86	0	1	6.07693e-012	3.55674e-117	5.84701e-230	0	6.07693e-012	1
0.87	0	1	7.64002e-012	9.64243e-117	3.24073e-229	0	7.64002e-012	1
0.89	0	1	1.20437e-011	7.04862e-116	9.87361e-228	0	1.20437e-011	1
0.9	0	1	1.51012e-011	1.90058e-115	5.42751e-227	0	1.51012e-011	1
0.92	0	1	2.3679e-011	1.37436e-114	1.62654e-225	0	2.3679e-011	1
0.93	0	1	2.96115e-011	3.68581e-114	8.86759e-225	0	2.96115e-011	1
0.95	0	1	4.61846e-011	2.6366e-113	2.61398e-223	0	4.61846e-011	1
0.97	0	1	7.1778e-011	1.87249e-112	7.62115e-222	0	7.1778e-011	1
0.98	0	1	8.93635e-011	4.97659e-112	4.09814e-221	0	8.93635e-011	1
1	0	1	1.38147e-010	3.49627e-111	1.17527e-219	0	1.38147e-010	1
1.01	0	1	1.71535e-010	9.24199e-111	6.26786e-219	0	1.71535e-010	1
1.03	0	1	2.63766e-010	6.42296e-110	1.76807e-217	0	2.63766e-010	1
1.05	0	1	4.04151e-010	4.43169e-109	4.93291e-216	0	4.04151e-010	1
1.06	0	1	4.99605e-010	1.16094e-108	2.59485e-215	0	4.99605e-010	1
1.08	0	1	7.61443e-010	7.92396e-108	7.12108e-214	0	7.61443e-010	1
1.09	0	1	9.38781e-010	2.06458e-107	3.7151e-213	0	9.38781e-010	1
1.11	0	1	1.42318e-009	1.39399e-106	1.00285e-211	0	1.42318e-009	1
1.12	0	1	1.74997e-009	3.61242e-106	5.18893e-211	0	1.74997e-009	1
1.14	0	1	2.63884e-009	2.41281e-105	1.37776e-209	0	2.63884e-009	1
1.16	0	1	3.9651e-009	1.59998e-104	3.61821e-208	0	3.9651e-009	1
1.17	0	1	4.85395e-009	4.10897e-104	1.84655e-207	0	4.85395e-009	1
1.19	3	1.73205	7.25475e-009	2.69538e-103	4.76992e-206	0	7.25475e-009	1
1.2	3	1.73205	8.85742e-009	6.88473e-103	2.41431e-205	0	8.85742e-009	1
1.22	4	2	1.3168e-008	4.46756e-102	6.13445e-204	0	1.3168e-008	1
1.24	5	2.23607	1.9507e-008	2.87818e-101	1.54163e-202	0	1.9507e-008	1
1.25	16	4	2.37108e-008	7.28563e-101	7.69641e-202	0	2.37108e-008	1
1.27	23	4.79583	3.49384e-008	4.64314e-100	1.90249e-200	0	3.49384e-008	1
1.28	19	4.3589	4.23548e-008	1.16898e-099	9.41995e-200	0	4.23548e-008	1
1.3	14	3.74166	6.20792e-008	7.36972e-099	2.29042e-198	0	6.20792e-008	1
1.31	23	4.79583	7.50566e-008	1.84542e-098	1.12475e-197	0	7.50566e-008	1
1.33	10	3.16228	1.09425e-007	1.15089e-097	2.69001e-196	0	1.09425e-007	1
1.35	13	3.60555	1.58966e-007	7.12588e-097	6.36317e-195	0	1.58966e-007	1
1.36	20	4.47214	1.91346e-007	1.76833e-096	3.08206e-194	0	1.91346e-007	1
1.38	16	4	2.76498e-007	1.08309e-095	7.1712e-193	0	2.76498e-007	1
1.39	14	3.74166	3.31932e-007	2.67325e-095	3.44489e-192	0	3.31932e-007	1
1.41	19	4.3589	4.77099e-007	1.61971e-094	7.88421e-191	0	4.77099e-007	1
1.42	17	4.12311	5.71228e-007	3.97612e-094	3.75628e-190	0	5.71228e-007	1
1.44	11	3.31662	8.16685e-007	2.38316e-093	8.45613e-189	0	8.16685e-007	1
1.46	13	3.60555	1.16347e-006	1.41812e-092	1.88281e-187	0	1.16347e-006	1
1.47	21	4.58258	1.38685e-006	3.44998e-092	8.84775e-187	0	1.38685e-006	1
1.49	16	4	1.96525e-006	2.03082e-091	1.93776e-185	0	1.96525e-006	1
1.5	16	4	2.33633e-006	4.91388e-091	9.03112e-185	0	2.33633e-006	1
1.52	15	3.87298	3.29313e-006	2.86139e-090	1.94554e-183	0	3.29313e-006	1
1.54	15	3.87298	4.62532e-006	1.65422e-089	4.14534e-182	0	4.62532e-006	1
1.55	13	3.60555	5.47431e-006	3.96668e-089	1.90559e-181	0	5.47431e-006	1
1.57	16	4	7.64801e-006	2.26851e-088	3.99375e-180	0	7.64801e-006	1
1.58	15	3.87298	9.02775e-006	5.41032e-088	1.82081e-179	0	9.02775e-006	1
1.6	15	3.87298	1.25454e-005	3.06079e-087	3.7536e-178	0	1.25454e-005	1
1.61	14	3.74166	1.47692e-005	7.26046e-087	1.69726e-177	0	1.47692e-005	1
1.63	10	3.16228	2.0415e-005	4.06323e-086	3.44162e-176	0	2.0415e-005	1
1.65	15	3.87298	2.81189e-005	2.25759e-085	6.90238e-175	0	2.81189e-005	1
1.66	19	4.3589	3.29567e-005	5.30707e-085	3.0784e-174	0	3.29567e-005	1
1.68	11	3.31662	4.51522e-005	2.91692e-084	6.07285e-173	0	4.51522e-005	1
1.69	25	5	5.27798e-005	6.81999e-084	2.68618e-172	0	5.27798e-005	1
1.71	17	4.12311	7.19265e-005	3.70809e-083	5.21236e-171	0	7.19265e-005	1
1.73	19	4.3589	9.76714e-005	2.00162e-082	1.00036e-169	0	9.76714e-005	1
1.74	17	4.12311	0.000113665	4.6379e-082	4.36439e-169	0	0.000113665	1
1.76	16	4	0.00015353	2.47656e-081	8.23902e-168	0	0.00015353	1
1.77	12	3.4641	0.000178196	5.70739e-081	3.565e-167	0	0.000178196	1
1.79	17	4.12311	0.000239413	3.01483e-080	6.61979e-166	0	0.000239413	1
1.8	10	3.16228	0.000277137	6.91034e-080	2.84082e-165	0	0.000277137	1
1.82	14	3.74166	0.000370367	3.61095e-079	5.18872e-164	0	0.000370367	1
1.84	15	3.87298	0.000493204	1.8733e-078	9.37339e-163	0	0.000493204	1
1.85	18	4.24264	0.000568389	4.25525e-078	3.96756e-162	0	0.000568389	1
1.87	14	3.74166	0.000752882	2.18378e-077	7.05005e-161	0	0.000752882	1
1.88	12	3.4641	0.000865344	4.93372e-077	2.95961e-160	0	0.000865344	1
1.9	15	3.87298	0.00114013	2.5047e-076	5.17291e-159	0	0.00114013	1
1.92	14	3.74166	0.00149686	1.26241e-075	8.94244e-158	0	0.00149686	1
1.93	13	3.60555	0.00171283	2.82648e-075	3.70275e-157	0	0.00171283	1
1.95	14	3.74166	0.00223679	1.40925e-074	6.29619e-156	0	0.00223679	1
1.96	13	3.60555	0.00255271	3.13822e-074	2.58561e-155	0	0.00255271	1
1.98	15	3.87298	0.00331588	1.54783e-073	4.32462e-154	0	0.00331588	1
1.99	19	4.3589	0.00377415	3.4282e-073	1.76136e-153	0	0.00377415	1
2.01	13	3.60555	0.00487643	1.67264e-072	2.89777e-152	0	0.00487643	1
2.03	12	3.4641	0.00627832	8.10218e-072	4.71522e-151	0	0.00627832	1
2.04	21	4.58258	0.00711435	1.77839e-071	1.89421e-150	0	0.00711435	1
2.06	15	3.87298	0.00911092	8.52165e-071	3.03179e-149	0	0.00911092	1
2.07	17	4.12311	0.0102967	1.86036e-070	1.20793e-148	0	0.0102967	1
2.09	14	3.74166	0.0131163	8.81842e-070	1.9017e-147	0	0.0131163	1
2.11	17	4.12311	0.0166487	4.15001e-069	2.96118e-146	0	0.0166487	1
2.12	10	3.16228	0.0187322	8.97848e-069	1.16368e-145	0	0.0187322	1
2.14	22	4.69042	0.0236507	4.17983e-068	1.78233e-144	0	0.0236507	1
2.15	12	3.4641	0.0265396	8.99416e-068	6.9466e-144	0	0.0265396	1
2.17	20	4.47214	0.0333302	4.14203e-067	1.04655e-142	0	0.0333302	1
2.18	19	4.3589	0.0373019	8.8647e-067	4.04538e-142	0	0.0373019	1
2.2	15	3.87298	0.0465973	4.03844e-066	5.99482e-141	0	0.0465973	1
2.22	16	4	0.0580026	1.82653e-065	8.78647e-140	0	0.0580026	1
2.23	13	3.60555	0.0646267	3.87399e-065	3.34998e-139	0	0.0646267	1
2.25	10	3.16228	0.0800175	1.73328e-064	4.82961e-138	0	0.0800175	1
2.26	15	3.87298	0.0889187	3.65636e-064	1.82623e-137	0	0.0889187	1
2.28	13	3.60555	0.10951	1.61829e-063	2.58974e-136	0	0.10951	1
2.3	18	4.24264	0.134391	7.11099e-063	3.63228e-135	0	0.134391	1
2.31	8	2.82843	0.148679	1.48659e-062	1.35472e-134	0	0.148679	1
2.33	8	2.82843	0.18149	6.4619e-062	1.86898e-133	0	0.18149	1
2.34	16	4	0.200251	1.3436e-061	6.91336e-133	0	0.200251	1
2.36	11	3.31662	0.243144	5.77744e-061	9.38157e-132	0	0.243144	1
2.37	14	3.74166	0.267566	1.19479e-060	3.44173e-131	0	0.267566	1
2.39	19	4.3589	0.323151	5.08225e-060	4.59404e-130	0	0.323151	1
2.41	16	4	0.388901	2.14627e-059	6.06505e-129	0	0.388901	1
2.42	17	4.12311	0.426066	4.39868e-059	2.19463e-128	0	0.426066	1
2.44	8	2.82843	0.51003	1.83758e-058	2.84992e-127	0	0.51003	1
2.45	16	4	0.557284	3.74571e-058	1.02277e-126	0	0.557284	1
2.47	14	3.74166	0.663563	1.54794e-057	1.30641e-125	0	0.663563	1
2.48	13	3.60555	0.723113	3.13827e-057	4.64984e-125	0	0.723113	1
2.5	18	4.24264	0.856442	1.28295e-056	5.84214e-124	0	0.856442	1
2.52	17	4.12311	1.01076	5.20706e-056	7.25985e-123	0	1.01076	1
2.53	12	3.4641	1.09659	1.04618e-055	2.54867e-122	0	1.09659	1
2.55	9	3	1.2873	4.20038e-055	3.1153e-121	0	1.2873	1
2.56	12	3.4641	1.39289	8.39369e-055	1.08468e-120	0	1.39289	1
2.58	17	4.12311	1.62644	3.33373e-054	1.30413e-119	0	1.62644	1
2.6	15	3.87298	1.89242	1.31453e-053	1.55082e-118	0	1.89242	1
2.61	15	3.87298	2.03858	2.60326e-053	5.32584e-118	0	2.03858	1
2.63	17	4.12311	2.35936	1.01544e-052	6.2296e-117	0	2.35936	1
2.64	12	3.4641	2.53483	2.00009e-052	2.1218e-116	0	2.53483	1
2.66	14	3.74166	2.9181	7.71764e-052	2.44122e-115	0	2.9181	1
2.67	18	4.24264	3.12678	1.51191e-051	8.24645e-115	0	3.12678	1
2.69	10	3.16228	3.58042	5.77111e-051	9.33258e-114	0	3.58042	1
2.71	20	4.47214	4.08535	2.18704e-050	1.04462e-112	0	4.08535	1
2.72	12	3.4641	4.35811	4.24599e-050	3.48052e-112	0	4.35811	1
2.74	12	3.4641	4.94629	1.59174e-049	3.83206e-111	0	4.94629	1
2.75	14	3.74166	5.2625	3.07358e-049	1.26629e-110	0	5.2625	1
2.77	10	3.16228	5.941	1.13982e-048	1.37137e-109	0	5.941	1
2.79	18	4.24264	6.6832	4.19654e-048	1.46891e-108	0	6.6832	1
2.8	20	4.47214	7.07895	8.03051e-048	4.78765e-108	0	7.07895	1
2.82	11	3.31662	7.921	2.92479e-047	5.04423e-107	0	7.921	1
2.83	10	3.16228	8.36772	5.56667e-047	1.63057e-106	0	8.36772	1
2.85	17	4.12311	9.31332	2.0056e-046	1.68983e-105	0	9.31332	1
2.86	14	3.74166	9.81239	3.79659e-046	5.41755e-105	0	9.81239	1
2.88	19	4.3589	10.8632	1.35313e-045	5.52254e-104	0	10.8632	1
2.9	18	4.24264	11.9839	4.78797e-045	5.56796e-103	0	11.9839	1
2.91	19	4.3589	12.5702	8.98216e-045	1.76069e-102	0	12.5702	1
2.93	22	4.69042	13.7933	3.14405e-044	1.74611e-101	0	13.7933	1
2.94	14	3.74166	14.4296	5.86634e-044	5.47612e-101	0	14.4296	1
2.96	22	4.69042	15.7495	2.03129e-043	5.34187e-100	0	15.7495	1
2.98	13	3.60555	17.1293	6.98298e-043	5.15389e-099	0	17.1293	1
2.99	17	4.12311	17.84	1.29122e-042	1.59428e-098	0	17.84	1
3.01	27	5.19615	19.2998	4.39103e-042	1.51299e-097	0	19.2998	1
3.02	21	4.58258	20.0472	8.07558e-042	4.64174e-097	0	20.0472	1
3.04	28	5.2915	21.5723	2.71667e-041	4.33297e-096	0	21.5723	1
3.05	22	4.69042	22.3481	4.96927e-041	1.3184e-095	0	22.3481	1
3.07	27	5.19615	23.9205	1.65368e-040	1.21055e-094	0	23.9205	1
3.09	19	4.3589	25.5127	5.46358e-040	1.09936e-093	0	25.5127	1
3.1	23	4.79583	26.3131	9.90408e-040	3.29934e-093	0	26.3131	1
3.12	25	5	27.9155	3.23695e-039	2.94725e-092	0	27.9155	1
3.13	24	4.89898	28.7147	5.83607e-039	8.77241e-092	0	28.7147	1
3.15	32	5.65685	30.3015	1.88686e-038	7.70797e-091	0	30.3015	1
3.17	28	5.2915	31.8626	6.05651e-038	6.69857e-090	0	31.8626	1
3.18	25	5	32.6295	1.08215e-037	1.96658e-089	0	32.6295	1
3.2	33	5.74456	34.1283	3.43612e-037	1.68107e-088	0	34.1283	1
3.21	30	5.47723	34.8568	6.10636e-037	4.89475e-088	0	34.8568	1
3.23	22	4.69042	36.2641	1.91805e-036	4.11562e-087	0	36.2641	1
3.24	38	6.16441	36.9397	3.39018e-036	1.18849e-086	0	36.9397	1
3.26	39	6.245	38.2269	1.05341e-035	9.82955e-086	0	38.2269	1
3.28	34	5.83095	39.4187	3.24964e-035	8.04067e-085	0	39.4187	1
3.29	40	6.32456	39.9752	5.69217e-035	2.29023e-084	0	39.9752	1
3.31	61	7.81025	41.0025	1.73706e-034	1.84276e-083	0	41.0025	1
3.32	37	6.08276	41.4707	3.02626e-034	5.20562e-083	0	41.4707	1
3.34	45	6.7082	42.3104	9.13562e-034	4.11997e-082	0	42.3104	1
3.36	44	6.63325	43.014	2.73801e-033	3.22505e-081	0	43.014	1
3.37	43	6.55744	43.3125	4.72724e-033	8.986e-081	0	43.3125	1
3.39	35	5.91608	43.7989	1.40153e-032	6.91896e-080	0	43.7989	1
3.4	48	6.9282	43.9854	2.4067e-032	1.91199e-079	0	43.9854	1
3.42	35	5.91608	44.243	7.05852e-032	1.44808e-078	0	44.243	1
3.43	39	6.245	44.3133	1.20554e-031	3.96875e-078	0	44.3133	1
3.45	39	6.245	44.3359	3.49761e-031	2.95659e-077	0	44.3359	1
3.47	45	6.7082	44.2013	1.00745e-030	2.17847e-076	0	44.2013	1
3.48	37	6.08276	44.0754	1.70519e-030	5.88896e-076	0	44.0754	1
3.5	51	7.14143	43.7081	4.85873e-030	4.26805e-075	0	43.7081	1
3.51	44	6.63325	43.4677	8.17941e-030	1.14428e-074	0	43.4677	1
3.53	45	6.7082	42.8764	2.30551e-029	8.15746e-074	0	42.8764	1
3.54	33	5.74456	42.5271	3.86025e-029	2.16907e-073	0	42.5271	1
3.56	35	5.91608	41.7257	1.07636e-028	1.521e-072	0	41.7257	1
3.58	35	5.91608	40.7942	2.97966e-028	1.05488e-071	0	40.7942	1
3.59	30	5.47723	40.2827	4.94418e-028	2.76662e-071	0	40.2827	1
3.61	31	5.56776	39.1742	1.35394e-027	1.88737e-070	0	39.1742	1
3.62	37	6.08276	38.58	2.23447e-027	4.90928e-070	0	38.58	1
3.64	29	5.38516	37.319	6.05308e-027	3.29425e-069	0	37.319	1
3.66	37	6.08276	35.9713	1.62796e-026	2.18634e-068	0	35.9713	1
3.67	33	5.74456	35.2687	2.66256e-026	5.60925e-068	0	35.2687	1
3.69	45	6.7082	33.8144	7.08375e-026	3.66181e-067	0	33.8144	1
3.7	25	5	33.0658	1.15231e-025	9.31751e-067	0	33.0658	1
3.72	25	5	31.5338	3.0327e-025	5.98306e-066	0	31.5338	1
3.73	25	5	30.7537	4.90663e-025	1.50988e-065	0	30.7537	1
3.75	39	6.245	29.173	1.27744e-024	9.53669e-065	0	29.173	1
3.77	17	4.12311	27.5755	3.30188e-024	5.95764e-064	0	27.5755	1
3.78	23	4.79583	26.7741	5.29415e-024	1.48293e-063	0	26.7741	1
3.8	31	5.56776	25.1734	1.35368e-023	9.11229e-063	0	25.1734	1
3.81	35	5.91608	24.3769	2.15873e-023	2.24952e-062	0	24.3769	1
3.83	20	4.47214	22.7978	5.46027e-023	1.35966e-061	0	22.7978	1
3.85	23	4.79583	21.2453	1.37118e-022	8.12811e-061	0	21.2453	1
3.86	25	5	20.4819	2.167e-022	1.97915e-060	0	20.4819	1
3.88	17	4.12311	18.9858	5.38313e-022	1.16378e-059	0	18.9858	1
3.89	23	4.79583	18.2549	8.4615e-022	2.81044e-059	0	18.2549	1
3.91	17	4.12311	16.8315	2.07932e-021	1.62554e-058	0	16.8315	1
3.92	13	3.60555	16.1405	3.25074e-021	3.8933e-058	0	16.1405	1
3.94	16	4	14.8029	7.90229e-021	2.215e-057	0	14.8029	1
3.96	14	3.74166	13.528	1.90717e-020	1.24638e-056	0	13.528	1
3.97	12	3.4641	12.9151	2.95481e-020	2.9444e-056	0	12.9151	1
3.99	18	4.24264	11.7401	7.05444e-020	1.62969e-055	0	11.7401	1
4	16	4	11.1785	1.08706e-019	3.81828e-055	0	11.1785	1
4.02	19	4.3589	10.1075	2.56733e-019	2.07878e-054	0	10.1075	1
4.04	18	4.24264	9.10666	6.01971e-019	1.11936e-053	0	9.10666	1
4.05	19	4.3589	8.63256	9.19278e-019	2.58677e-053	0	8.63256	1
4.07	33	5.74456	7.73648	2.13225e-018	1.3701e-052	0	7.73648	1
4.08	20	4.47214	7.3142	3.2386e-018	3.14019e-052	0	7.3142	1
4.1	16	4	6.52013	7.43096e-018	1.63599e-051	0	6.52013	1
4.11	15	3.87298	6.14785	1.12257e-017	3.71878e-051	0	6.14785	1
4.13	23	4.79583	5.45129	2.54799e-017	1.90571e-050	0	5.45129	1
4.15	17	4.12311	4.81652	5.74178e-017	9.65906e-050	0	4.81652	1
4.16	15	3.87298	4.52138	8.59598e-017	2.16562e-049	0	4.52138	1
4.18	14	3.74166	3.97366	1.9162e-016	1.07967e-048	0	3.97366	1
4.19	19	4.3589	3.72025	2.85324e-016	2.40079e-048	0	3.72025	1
4.21	17	4.12311	3.25221	6.29189e-016	1.17732e-047	0	3.25221	1
4.23	22	4.69042	2.83297	1.37749e-015	5.71027e-047	0	2.83297	1
4.24	14	3.74166	2.64056	2.03267e-015	1.25241e-046	0	2.64056	1
4.26	19	4.3589	2.28794	4.40222e-015	5.97502e-046	0	2.28794	1
4.27	20	4.47214	2.12687	6.46097e-015	1.2997e-045	0	2.12687	1
4.29	26	5.09902	1.83307	1.3842e-014	6.09916e-045	0	1.83307	1
4.3	24	4.89898	1.69949	2.02057e-014	1.3158e-044	0	1.69949	1
4.32	22	4.69042	1.45693	4.28226e-014	6.07362e-044	0	1.45693	1
4.34	18	4.24264	1.24457	9.01022e-014	2.77285e-043	0	1.24457	1
4.35	18	4.24264	1.14876	1.30344e-013	5.90029e-043	0	1.14876	1
4.37	25	5	0.976106	2.71301e-013	2.64962e-042	0	0.976106	1
4.38	28	5.2915	0.898569	3.90351e-013	5.59173e-042	0	0.898569	1
4.4	23	4.79583	0.759458	8.03733e-013	2.46995e-041	0	0.759458	1
4.42	21	4.58258	0.639607	1.64298e-012	1.07907e-040	0	0.639607	1
4.43	16	4	0.586191	2.34271e-012	2.24616e-040	0	0.586191	1
4.45	23	4.79583	0.491061	4.73736e-012	9.65238e-040	0	0.491061	1
4.46	19	4.3589	0.448854	6.71846e-012	1.99269e-039	0	0.448854	1
4.48	24	4.89898	0.374013	1.34396e-011	8.42299e-039	0	0.374013	1
4.49	15	3.87298	0.340957	1.89569e-011	1.72459e-038	0	0.340957	1
4.51	18	4.24264	0.282597	3.75128e-011	7.17043e-038	0	0.282597	1
4.53	29	5.38516	0.233396	7.3698e-011	2.94866e-037	0	0.233396	1
4.54	25	5	0.211825	1.03019e-010	5.95486e-037	0	0.211825	1
4.56	34	5.83095	0.174016	2.00213e-010	2.4087e-036	0	0.174016	1
4.57	31	5.56776	0.157513	2.78358e-010	4.82443e-036	0	0.157513	1
4.59	21	4.58258	0.128711	5.35148e-010	1.9195e-035	0	0.128711	1
4.6	29	5.38516	0.116195	7.40003e-010	3.813e-035	0	0.116195	1
4.62	25	5	0.0944432	1.40735e-009	1.49225e-034	0	0.0944432	1
4.64	32	5.65685	0.0764914	2.65725e-009	5.77613e-034	0	0.0764914	1
4.65	29	5.38516	0.0687473	3.64144e-009	1.13173e-033	0	0.0687472	1
4.67	24	4.89898	0.0553839	6.80146e-009	4.30893e-033	0	0.0553839	1
4.68	31	5.56776	0.0496443	9.27024e-009	8.37319e-033	0	0.0496443	1
4.7	26	5.09902	0.0397817	1.71284e-008	3.13581e-032	0	0.0397817	1
4.72	28	5.2915	0.0317655	3.14201e-008	1.16153e-031	0	0.0317655	1
4.73	24	4.89898	0.0283474	4.24401e-008	2.22627e-031	0	0.0283474	1
4.75	29	5.38516	0.022515	7.70131e-008	8.11127e-031	0	0.0225149	1
4.76	34	5.83095	0.0200389	1.03462e-007	1.54189e-030	0	0.0200388	1
4.78	28	5.2915	0.0158315	1.85723e-007	5.52581e-030	0	0.0158313	1
4.79	30	5.47723	0.0140529	2.48161e-007	1.04178e-029	0	0.0140527	1
4.81	30	5.47723	0.0110435	4.40671e-007	3.6724e-029	0	0.0110431	1
4.83	50	7.07107	0.00864802	7.76891e-007	1.2804e-028	0	0.00864725	1
4.84	16	4	0.00764279	1.02874e-006	2.38096e-028	0	0.00764176	1
4.86	27	5.19615	0.00595386	1.79412e-006	8.16544e-028	0	0.00595206	1
4.87	17	4.12311	0.00524834	2.3629e-006	1.50592e-027	0	0.00524598	1
4.89	21	4.58258	0.00406838	4.07648e-006	5.07997e-027	0	0.00406431	1
4.91	28	5.2915	0.00314463	6.98216e-006	1.69489e-026	0	0.00313765	1
4.92	21	4.58258	0.0027623	9.11311e-006	3.08312e-026	0	0.00275318	1
4.94	24	4.89898	0.00212961	1.54407e-005	1.01182e-025	0	0.00211417	1
4.95	27	5.19615	0.00187022	2.00444e-005	1.82543e-025	0	0.00185017	1
4.97	23	4.79583	0.00144679	3.35962e-005	5.89264e-025	0	0.0014132	1
4.98	23	4.79583	0.00127682	4.33775e-005	1.05436e-024	0	0.00123345	1
5	28	5.2915	0.00100904	7.19216e-005	3.34785e-024	0	0.000937123	1
5.02	26	5.09902	0.000827855	0.000118391	1.05139e-023	0	0.000709464	1
5.03	24	4.89898	0.000767966	0.000151486	1.85553e-023	0	0.00061648	1
5.05	28	5.2915	0.000710914	0.000246678	5.73188e-023	0	0.000464237	1
5.06	11	3.31662	0.000716249	0.00031393	1.00327e-022	0	0.000402319	1
5.08	37	6.08276	0.000807046	0.000505692	3.04845e-022	0	0.000301354	1
5.1	24	4.89898	0.00103366	0.000808731	9.16138e-022	0	0.000224927	1
5.11	26	5.09902	0.00121403	0.00101997	1.58165e-021	0	0.000194064	1
5.13	25	5	0.0017577	0.00161362	4.67544e-021	0	0.000144077	1
5.14	32	5.65685	0.00214809	0.00202411	8.00547e-021	0	0.000123977	1
5.16	17	4.12311	0.00325927	0.00316772	2.32772e-020	0	9.15542e-005	1
5.17	27	5.19615	0.00403066	0.00395209	3.95286e-020	0	7.8572e-005	1
5.19	23	4.79583	0.00617608	0.00611836	1.13055e-019	0	5.77153e-005	1
5.21	33	5.74456	0.00944616	0.00940392	3.19805e-019	0	4.22446e-005	1
5.22	30	5.47723	0.0116631	0.0116271	5.35664e-019	0	3.60938e-005	1
5.24	32	5.65685	0.0177046	0.0176783	1.49046e-018	0	2.62784e-005	1
5.25	26	5.09902	0.0217619	0.0217395	2.47596e-018	0	2.23925e-005	1
5.27	44	6.63325	0.0327139	0.0326977	6.77649e-018	0	1.62165e-005	1
5.29	32	5.65685	0.0488375	0.0488258	1.83437e-017	0	1.17022e-005	1
5.3	39	6.245	0.059513	0.059503	3.00563e-017	0	9.92756e-006	1
5.32	25	5	0.0879029	0.0878958	8.00295e-017	0	7.12588e-006	1
5.33	46	6.78233	0.106545	0.106539	1.30051e-016	0	6.02918e-006	1
5.35	33	5.74456	0.155684	0.15568	3.40612e-016	0	4.30468e-006	1
5.36	31	5.56776	0.187684	0.187681	5.4896e-016	0	3.63248e-006	1
5.38	59	7.68115	0.271298	0.271295	1.41422e-015	0	2.57972e-006	1
5.4	37	6.08276	0.389343	0.389341	3.60343e-015	0	1.82557e-006	1
5.41	34	5.83095	0.465157	0.465155	5.72827e-015	0	1.53367e-006	1
5.43	46	6.78233	0.660363	0.660362	1.43567e-014	0	1.07956e-006	1
5.44	34	5.83095	0.784691	0.78469	2.26348e-014	0	9.04531e-007	1
5.46	50	7.07107	1.102	1.10199	5.58005e-014	0	6.33318e-007	1
5.48	46	6.78233	1.53647	1.53647	1.36057e-013	0	4.41853e-007	1
5.49	37	6.08276	1.80935	1.80935	2.11578e-013	0	3.68576e-007	1
5.51	45	6.7082	2.49554	2.49554	5.0744e-013	0	2.55782e-007	1
5.52	37	6.08276	2.92288	2.92288	7.82617e-013	0	2.12796e-007	1
5.54	49	7	3.98796	3.98796	1.84627e-012	0	1.4689e-007	1
5.55	46	6.78233	4.64563	4.64563	2.82408e-012	0	1.21878e-007	1
5.57	53	7.28011	6.27019	6.27019	6.55322e-012	0	8.36839e-008	1
5.59	56	7.48331	8.40199	8.40199	1.50402e-011	0	5.72551e-008	1
5.6	36	6	9.69967	9.69967	2.26914e-011	0	4.72957e-008	1
5.62	43	6.55744	12.8574	12.8574	5.12262e-011	0	3.2187e-008	1
5.63	65	8.06226	14.7631	14.7631	7.66505e-011	0	2.65174e-008	1
5.65	43	6.55744	19.3586	19.3586	1.70207e-010	0	1.79505e-008	1
5.67	70	8.3666	25.2019	25.2019	3.73819e-010	0	1.21081e-008	1
5.68	60	7.74597	28.6772	28.6772	5.5171e-010	0	9.93117e-009	1
5.7	83	9.11043	36.9312	36.9312	1.19186e-009	0	6.66329e-009	1
5.71	88	9.38083	41.7971	41.7971	1.74458e-009	0	5.45073e-009	1
5.73	76	8.7178	53.2475	53.2475	3.70713e-009	0	3.63772e-009	1
5.74	88	9.38083	59.9377	59.9377	5.3817e-009	0	2.96782e-009	1
5.76	91	9.53939	75.5354	75.5354	1.12486e-008	0	1.97015e-009	1
5.78	137	11.7047	94.5073	94.5073	2.3254e-008	0	1.30322e-009	1
5.79	133	11.5326	105.426	105.426	3.32971e-008	0	1.05852e-009	1
5.81	156	12.49	130.484	130.484	6.77076e-008	0	6.9647e-010	1
5.82	143	11.9583	144.773	144.773	9.61526e-008	0	5.64191e-010	1
5.84	212	14.5602	177.255	177.255	1.9232e-007	0	3.69247e-010	1
5.85	158	12.5698	195.603	195.603	2.70872e-007	0	2.98321e-010	1
5.87	244	15.6205	236.909	236.909	5.32916e-007	0	1.94205e-010	1
5.89	266	16.3095	284.874	284.874	1.03699e-006	0	1.25978e-010	1
5.9	308	17.5499	311.539	311.539	1.44059e-006	0	1.01329e-010	1
5.92	358	18.9209	370.578	370.578	2.75733e-006	0	6.53814e-011	1
5.93	399	19.975	403.076	403.076	3.799e-006	0	5.24489e-011	1
5.95	430	20.7364	474.298	474.298	7.15236e-006	0	3.36623e-011	1
5.97	517	22.7376	554.089	554.089	1.33183e-005	0	2.15282e-011	1
5.98	520	22.8035	597.267	597.267	1.80991e-005	0	1.71934e-011	1
6	679	26.0576	690.231	690.231	3.31505e-005	0	1.09373e-011	1
6.01	643	25.3574	739.999	739.999	4.46801e-005	0	8.71182e-012	1
6.03	771	27.7669	845.968	845.968	8.04967e-005	0	5.51246e-012	1
6.04	864	29.3939	902.068	902.068	0.000107601	0	4.37911e-012	1
6.06	945	30.7409	1020.14	1020.14	0.000190684	0	2.75619e-012	1
6.08	1086	32.9545	1145.36	1145.36	0.000334218	0	1.72858e-012	1
6.09	1380	37.1484	1210.35	1210.35	0.000440653	0	1.3671e-012	1
6.11	1193	34.5398	1344.28	1344.28	0.000759705	0	8.5284e-013	1
6.12	1421	37.6962	1412.88	1412.88	0.000993406	0	6.72701e-013	1
6.14	1520	38.9872	1552.33	1552.33	0.00168464	0	4.17422e-013	1
6.16	1638	40.4722	1693.27	1693.27	0.00282558	0	2.58099e-013	1
6.17	1722	41.497	1763.69	1763.69	0.00364432	0	2.02681e-013	1
6.19	1769	42.0595	1903.1	1903.1	0.00601243	0	1.24655e-013	1
6.2	2099	45.8148	1971.54	1971.54	0.00769085	0	9.7629e-014	1
6.22	2191	46.8081	2104.47	2104.46	0.0124807	0	5.97258e-014	1
6.23	2066	45.4533	2168.39	2168.37	0.0158336	0	4.66525e-014	1
6.25	2383	48.816	2289.66	2289.64	0.0252741	0	2.83886e-014	1
6.27	2255	47.4868	2400.34	2400.3	0.0399018	0	1.72135e-014	1
6.28	2635	51.3323	2451.02	2450.97	0.0499298	0	1.33861e-014	1
6.3	2560	50.5964	2541.83	2541.75	0.0775369	0	8.07361e-015	1
6.31	2752	52.4595	2581.49	2581.39	0.0962257	0	6.26175e-015	1
6.33	2642	51.4004	2648.32	2648.17	0.146985	0	3.7566e-015	1
6.35	2929	54.1202	2697.36	2697.13	0.222062	0	2.2457e-015	1
6.36	2554	50.5371	2714.87	2714.59	0.271821	0	1.73401e-015	1
6.38	2814	53.0471	2735.41	2735.01	0.40394	0	1.03108e-015	1
6.39	2762	52.5547	2738.34	2737.85	0.49039	0	7.9403e-016	1
6.41	2796	52.8772	2729.44	2728.72	0.716814	0	4.69641e-016	1
6.42	2825	53.1507	2717.67	2716.81	0.863073	0	3.60705e-016	1
6.44	2607	51.0588	2679.83	2678.59	1.24092	0	2.12211e-016	1
6.46	2915	53.9907	2915	2621.91	1.76467	291.327	1.24405e-016	1
6.47	2641	51.3907	2589.1	2587.01	2.0957	0	9.51256e-017	1
6.49	2477	49.7695	2507.92	2504.99	2.93143	0	5.54698e-017	1
6.5	2582	50.8134	2461.75	2458.3	3.45273	0	4.23016e-017	1
6.52	2347	48.4458	2359.48	2354.73	4.75055	0	2.45359e-017	1
6.54	2384	48.8262	2245.76	2239.29	6.46467	0	1.41809e-017	1
6.55	2294	47.8957	2185.32	2177.81	7.51028	0	1.07666e-017	1
6.57	2089	45.7056	2058.79	2048.74	10.0529	0	6.18965e-018	1
6.58	2001	44.7325	1993.31	1981.73	11.5829	0	4.68686e-018	1
6.6	2060	45.3872	1859.45	1844.2	15.2504	0	2.68014e-018	1
6.61	1661	40.7554	1791.68	1774.25	17.427	0	2.02403e-018	1
6.63	1627	40.3361	1655.91	1633.34	22.5694	0	1.15127e-018	1
6.65	1514	38.9102	1521.71	1492.8	28.9094	0	6.52524e-019	1
6.66	1523	39.0256	1455.86	1423.27	32.5842	0	4.906e-019	1
6.68	1239	35.1994	1327.85	1286.8	41.0542	0	2.76587e-019	1
6.69	1148	33.8821	1266.14	1220.24	45.8924	0	2.07399e-019	1
6.71	1136	33.7046	1148.23	1091.35	56.8752	0	1.16305e-019	1
6.73	1075	32.7872	1038.77	969.058	69.715	0	6.49899e-020	1
6.74	863	29.3769	987.547	910.681	76.8663	0	4.85167e-020	1
6.76	911	30.1828	892.598	799.921	92.6769	0	2.69666e-020	1
6.77	764	27.6405	849.017	747.673	101.344	0	2.00778e-020	1
6.79	789	28.0891	769.854	649.665	120.189	0	1.11003e-020	1
6.8	686	26.1916	734.301	603.952	130.348	0	8.24268e-021	1
6.82	638	25.2587	671.188	519.132	152.056	0	4.5329e-021	1
6.84	607	24.6374	618.451	443.013	175.438	0	2.48394e-021	1
6.85	612	24.7386	595.81	408.141	187.668	0	1.8363e-021	1
6.87	516	22.7156	557.528	344.546	212.982	0	1.00091e-021	1
6.88	571	23.8956	541.668	315.711	225.957	0	7.37976e-022	1
6.9	517	22.7376	515.884	263.647	252.237	0	4.0011e-022	1
6.91	496	22.2711	505.682	240.278	265.405	0	2.94218e-022	1
6.93	486	22.0454	489.915	198.492	291.423	0	1.58669e-022	1
6.95	530	23.0217	479.283	162.794	316.489	0	8.52656e-023	1
6.96	511	22.6053	475.493	147.031	328.462	0	6.24218e-023	1
6.98	528	22.9783	470.164	119.289	350.875	0	3.33659e-023	1
6.99	486	22.0454	468.313	107.157	361.156	0	2.43617e-023	1
7.01	488	22.0907	465.486	86.0023	379.484	0	1.29527e-023	1
7.03	459	21.4243	462.907	68.5272	394.379	0	6.86234e-024	1
7.04	424	20.5913	461.394	61.0048	400.389	0	4.98826e-024	1
7.06	470	21.6795	457.379	48.0855	409.293	0	2.62873e-024	1
7.07	451	21.2368	454.691	42.5759	412.115	0	1.90575e-024	1
7.09	457	21.3776	447.581	33.1979	414.383	0	9.98964e-025	1
7.1	508	22.5389	443.046	29.2353	413.811	0	7.22292e-025	1
7.12	438	20.9284	431.827	22.5503	409.277	0	3.76602e-025	1
7.14	398	19.9499	417.632	17.2687	400.363	0	1.95663e-025	1
7.15	364	19.0788	409.42	15.0709	394.349	0	1.40846e-025	1
7.17	386	19.6469	390.862	11.4168	379.445	0	7.27876e-026	1
7.18	324	18	380.583	9.90995	370.673	0	5.22559e-026	1
7.2	349	18.6815	358.252	7.42632	350.825	0	2.68618e-026	1
7.22	405	20.1246	333.932	5.52511	328.407	0	1.37592e-026	1
7.23	349	18.6815	321.185	4.75279	316.432	0	9.83426e-027	1
7.25	297	17.2337	294.86	3.49794	291.362	0	5.01054e-027	1
7.26	242	15.5563	281.424	2.99274	278.431	0	3.57173e-027	1
7.28	278	16.6733	254.354	2.17886	252.175	0	1.81012e-027	1
7.29	232	15.2315	240.857	1.8541	239.003	0	1.2869e-027	1
7.31	192	13.8564	214.257	1.33534	212.921	0	6.48723e-028	1
7.33	175	13.2288	188.565	0.954804	187.61	0	3.25861e-028	1
7.34	153	12.3693	176.186	0.805192	175.381	0	2.30643e-028	1
7.36	171	13.0767	152.572	0.569533	152.003	0	1.15239e-028	1
7.37	128	11.3137	141.405	0.477697	140.927	0	8.13487e-029	1
7.39	142	11.9164	120.476	0.334248	120.142	0	4.04293e-029	1
7.41	114	10.6771	101.534	0.232193	101.302	0	2.00216e-029	1
7.42	92	9.59166	92.8303	0.193003	92.6373	0	1.40709e-029	1
7.44	89	9.43398	76.9642	0.13263	76.8315	0	6.93124e-030	1
7.45	78	8.83176	69.7922	0.109649	69.6826	0	4.85822e-030	1
7.47	66	8.12404	56.9218	0.0745383	56.8473	0	2.38041e-030	1
7.48	39	6.245	51.1953	0.0612902	51.134	0	1.66403e-030	1
7.5	40	6.32456	41.0736	0.0412157	41.0324	0	8.11005e-031	1
7.52	42	6.48074	32.5936	0.0275169	32.5661	0	3.93861e-031	1
7.53	29	5.38516	28.9154	0.0224229	28.893	0	2.74109e-031	1
7.55	26	5.09902	22.5708	0.0148089	22.556	0	1.32412e-031	1
7.56	22	4.69042	19.8595	0.0120023	19.8475	0	9.19079e-032	1
7.58	23	4.79583	15.2486	0.00784142	15.2408	0	4.41616e-032	1
7.6	19	4.3589	11.5803	0.00508615	11.5752	0	2.11443e-032	1
7.61	14	3.74166	10.0502	0.00408518	10.0461	0	1.46113e-032	1
7.63	7	2.64575	7.50766	0.00262121	7.50504	0	6.95865e-033	1
7.64	2	1.41421	6.46217	0.00209398	6.46008	0	4.79583e-033	1
7.66	6	2.44949	4.74838	0.00132911	4.74705	0	2.27188e-033	1
7.67	2	1.41421	4.05357	0.00105604	4.05252	0	1.56159e-033	1
7.69	5	2.23607	2.92982	0.000663078	2.92916	0	7.35826e-034	1
7.71	7	2.64575	2.09444	0.000413347	2.09402	0	3.45494e-034	1
7.72	4	2	1.76355	0.000325472	1.76323	0	2.36426e-034	1
7.74	4	2	1.24008	0.000200706	1.23988	0	1.1042e-034	1
7.75	3	1.73205	1.03559	0.000157184	1.03543	0	7.53604e-035	1
7.77	4	2	0.71628	9.58853e-005	0.716184	0	3.50091e-035	1
7.79	2	1.41421	0.490004	5.80712e-005	0.489946	0	1.6206e-035	1
7.8	4	2	0.403614	4.50702e-005	0.403569	0	1.10115e-035	1
7.82	3	1.73205	0.271591	2.70019e-005	0.271564	0	5.07021e-036	1
7.83	5	2.23607	0.22187	2.08435e-005	0.221849	0	3.43588e-036	1
7.85	4	2	0.146853	1.2353e-005	0.14684	0	1.57364e-036	1
7.86	7	2.64575	0.118982	9.48416e-006	0.118972	0	1.06356e-036	1
7.88	2	1.41421	0.0774633	5.5603e-006	0.0774578	0	4.84524e-037	1
7.9	1	1	0.0498807	3.2364e-006	0.0498775	0	2.19951e-037	1
7.91	5	2.23607	0.039862	2.46245e-006	0.0398595	0	1.47997e-037	1
7.93	2	1.41421	0.0252481	1.41784e-006	0.0252466	0	6.68268e-038	1
7.94	2	1.41421	0.0200111	1.07296e-006	0.02001	0	4.48457e-038	1
7.96	3	1.73205	0.0124673	6.1114e-007	0.0124667	0	2.01421e-038	1
7.97	4	2	0.00980009	4.59985e-007	0.00979963	0	1.34809e-038	1
7.99	1	1	0.00600569	2.59178e-007	0.00600543	0	6.02265e-039	1
8.01	3	1.73205	0.00364014	1.44983e-007	0.00363999	0	2.68111e-039	1
8.02	2	1.41421	0.0028223	1.08144e-007	0.00282219	0	1.78649e-039	1
8.04	2	1.41421	0.00168263	5.98435e-008	0.00168257	0	7.91068e-040	1
8.05	3	1.73205	0.00129387	4.43966e-008	0.00129382	0	5.25705e-040	1
8.07	3	1.73205	0.000758767	2.43031e-008	0.000758743	0	2.31548e-040	1
8.09	5	2.23607	0.000440096	1.32081e-008	0.000440083	0	1.01625e-040	1
8.1	2	1.41421	0.000333792	9.71075e-009	0.000333782	0	6.72356e-041	1
8.12	3	1.73205	0.000190435	5.22068e-009	0.00019043	0	2.93523e-041	1
8.13	1	1	0.000143249	3.81759e-009	0.000143245	0	1.93681e-041	1
8.15	1	1	8.03885e-005	2.0303e-009	8.03864e-005	0	8.41038e-042	1
8.16	2	1.41421	5.99726e-005	1.47663e-009	5.99712e-005	0	5.5348e-042	1
8.18	5	2.23607	3.31046e-005	7.76853e-010	3.31038e-005	0	2.39066e-042	1
8.2	3	1.73205	1.80736e-005	4.05762e-010	1.80732e-005	0	1.02894e-042	1
8.21	4	2	1.32993e-005	2.92457e-010	1.32991e-005	0	6.7414e-043	1
8.23	1	1	7.14197e-006	1.5111e-010	7.14182e-006	0	2.88609e-043	1
8.24	3	1.73205	5.21219e-006	1.08326e-010	5.21208e-006	0	1.88587e-043	1
8.26	3	1.73205	2.75321e-006	5.53679e-011	2.75316e-006	0	8.03076e-044	1
8.28	1	1	1.4384e-006	2.80963e-011	1.43838e-006	0	3.40769e-044	1
8.29	6	2.44949	1.0354e-006	1.99604e-011	1.03538e-006	0	2.21683e-044	1
8.31	0	1	5.32086e-007	1.00198e-011	5.32076e-007	0	9.3567e-045	1
8.32	1	1	3.79862e-007	7.07988e-012	3.79855e-007	0	6.0707e-045	1
8.34	4	2	1.92013e-007	3.5157e-012	1.92009e-007	0	2.54868e-045	1
8.35	4	2	1.35953e-007	2.47075e-012	1.35951e-007	0	1.6492e-045	1
8.37	2	1.41421	6.75968e-008	1.2137e-012	6.75956e-008	0	6.8871e-046	1
8.39	2	1.41421	3.32417e-008	5.91912e-013	3.32411e-008	0	2.86586e-046	1
8.4	1	1	2.32151e-008	4.12244e-013	2.32147e-008	0	1.84623e-046	1
8.42	0	1	1.12295e-008	1.98883e-013	1.12293e-008	0	7.64175e-047	1
8.43	0	1	7.77789e-009	1.37767e-013	7.77775e-009	0	4.90984e-047	1
8.45	1	1	3.70069e-009	6.57483e-014	3.70062e-009	0	2.02143e-047	1
8.47	0	1	1.7415e-009	3.11523e-014	1.74147e-009	0	8.29294e-048	1
8.48	4	2	1.18974e-009	2.13854e-014	1.18972e-009	0	5.30462e-048	1
8.5	3	1.73205	5.50715e-010	1.00235e-014	5.50705e-010	0	2.16466e-048	1
8.51	4	2	3.7314e-010	6.84375e-015	3.73133e-010	0	1.38095e-048	1
8.53	1	1	1.69894e-010	3.17317e-015	1.6989e-010	0	5.60533e-049	1
8.54	2	1.41421	1.14166e-010	2.15485e-015	1.14164e-010	0	3.56643e-049	1
8.56	0	1	5.11299e-011	9.88355e-016	5.11289e-011	0	1.43993e-049	1
8.58	0	1	2.26482e-011	4.50063e-016	2.26477e-011	0	5.79305e-050	1
8.59	2	1.41421	1.50114e-011	3.02885e-016	1.50111e-011	0	3.66954e-050	1
8.61	3	1.73205	6.54049e-012	1.36438e-016	6.54035e-012	0	1.46846e-050	1
8.62	2	1.41421	4.29945e-012	9.13247e-017	4.29936e-012	0	9.27707e-051	1
8.64	1	1	1.84262e-012	4.06952e-017	1.84258e-012	0	3.69274e-051	1
8.66	2	1.41421	7.81048e-013	1.80037e-017	7.8103e-013	0	1.46469e-051	1
8.67	4	2	5.06416e-013	1.19425e-017	5.06404e-013	0	9.2122e-052	1
8.69	1	1	2.11146e-013	5.22651e-018	2.1114e-013	0	3.6345e-052	1
8.7	1	1	1.35777e-013	3.44821e-018	1.35774e-013	0	2.27986e-052	1
8.72	1	1	5.56845e-014	1.49282e-018	5.5683e-014	0	8.94696e-053	1
8.73	1	1	3.55137e-014	9.79574e-019	3.55127e-014	0	5.59733e-053	1
8.75	2	1.41421	1.43263e-014	4.19514e-019	1.43259e-014	0	2.18492e-053	1
8.77	2	1.41421	5.71602e-015	1.7837e-019	5.71584e-015	0	8.49859e-054	1
8.78	1	1	3.59568e-015	1.15993e-019	3.59557e-015	0	5.29327e-054	1
8.8	1	1	1.41115e-015	4.8787e-020	1.4111e-015	0	2.04796e-054	1
8.81	0	1	8.80393e-016	3.15547e-020	8.80361e-016	0	1.27216e-054	1
8.83	1	1	3.3986e-016	1.3129e-020	3.39847e-016	0	4.89583e-055	1
8.85	1	1	1.29761e-016	5.42331e-021	1.29756e-016	0	1.87745e-055	1
8.86	2	1.41421	7.985e-017	3.47621e-021	7.98465e-017	0	1.16107e-055	1
8.88	3	1.73205	2.99883e-017	1.42048e-021	2.99869e-017	0	4.42882e-056	1
8.89	2	1.41421	1.8302e-017	9.05575e-022	1.83011e-017	0	2.73164e-056	1
8.91	1	1	6.76093e-018	3.66059e-022	6.76057e-018	0	1.03642e-056	1
8.92	4	2	4.09231e-018	2.32107e-022	4.09208e-018	0	6.37552e-057	1
8.94	5	2.23607	1.487e-018	9.28137e-023	1.4869e-018	0	2.40611e-057	1
8.96	2	1.41421	5.34407e-019	3.68468e-023	5.3437e-019	0	9.04844e-058	1
8.97	2	1.41421	3.19052e-019	2.31536e-023	3.19029e-019	0	5.54146e-058	1
8.99	2	1.41421	1.12786e-019	9.09292e-024	1.12777e-019	0	2.07285e-058	1
9	0	1	6.67824e-020	5.6829e-024	6.67767e-020	0	1.26608e-058	1
9.02	2	1.41421	2.32214e-020	2.20776e-024	2.32192e-020	0	4.71076e-059	1
9.03	3	1.73205	1.36367e-020	1.37236e-024	1.36354e-020	0	2.86964e-059	1
9.05	4	2	4.66413e-021	5.27408e-025	4.66361e-021	0	1.06205e-059	1
9.07	3	1.73205	1.5778e-021	2.01229e-025	1.5776e-021	0	3.91668e-060	1
9.08	2	1.41421	9.13908e-022	1.23961e-025	9.13784e-022	0	2.37534e-060	1
9.1	1	1	3.04101e-022	4.67871e-026	3.04054e-022	0	8.71338e-061	1
9.11	2	1.41421	1.74696e-022	2.86663e-026	1.74668e-022	0	5.27033e-061	1
9.13	3	1.73205	5.71785e-023	1.07031e-026	5.71678e-023	0	1.92302e-061	1
9.15	1	1	1.85099e-023	3.96744e-027	1.8506e-023	0	6.99178e-062	1
9.16	4	2	1.04882e-023	2.40899e-027	1.04858e-023	0	4.21028e-062	1
9.18	1	1	3.3397e-024	8.83353e-028	3.33881e-024	0	1.52265e-062	1
9.19	0	1	1.87681e-024	5.33468e-028	1.87627e-024	0	9.14467e-063	1
9.21	1	1	5.87845e-025	1.9351e-028	5.87651e-025	0	3.28961e-063	1
9.22	0	1	3.27637e-025	1.16232e-028	3.27521e-025	0	1.9704e-063	1
9.24	4	2	1.00943e-025	4.17079e-029	1.00901e-025	0	7.05044e-064	1
9.26	2	1.41421	3.07596e-026	1.48585e-029	3.07448e-026	0	2.51383e-064	1
9.27	6	2.44949	1.691e-026	8.84462e-030	1.69012e-026	0	1.49905e-064	1
9.29	3	1.73205	5.06866e-027	3.11697e-030	5.06554e-027	0	5.31647e-065	1
9.3	4	2	2.76362e-027	1.84537e-030	2.76177e-027	0	3.1619e-065	1
9.32	1	1	8.14837e-028	6.43333e-031	8.14193e-028	0	1.11542e-065	1
9.34	4	2	2.37627e-028	2.22665e-031	2.37404e-028	0	3.92094e-066	1
9.35	3	1.73205	1.27797e-028	1.30642e-031	1.27667e-028	0	2.3216e-066	1
9.37	3	1.73205	3.66606e-029	4.47297e-032	3.66159e-029	0	8.1175e-067	1
9.38	5	2.23607	1.95548e-029	2.61022e-032	1.95287e-029	0	4.7936e-067	1
9.4	2	1.41421	5.51817e-030	8.8407e-033	5.50933e-030	0	1.66719e-067	1
9.41	7	2.64575	2.91933e-030	5.13116e-033	2.91419e-030	0	9.81899e-068	1
9.43	4	2	8.10395e-031	1.71918e-033	8.08676e-031	0	3.39684e-068	1
9.45	1	1	2.2252e-031	5.71865e-034	2.21948e-031	0	1.17096e-068	1
9.46	4	2	1.16126e-031	3.2893e-034	1.15797e-031	0	6.86587e-069	1
9.48	2	1.41421	3.13696e-032	1.08236e-034	3.12613e-032	0	2.35422e-069	1
9.49	3	1.73205	1.62379e-032	6.19198e-035	1.6176e-032	0	1.37672e-069	1
9.51	1	1	4.31562e-033	2.01555e-035	4.29547e-033	0	4.69552e-070	1
9.53	1	1	1.13468e-033	6.51364e-036	1.12816e-033	0	1.5958e-070	1
9.54	2	1.41421	5.79479e-034	3.69286e-036	5.75786e-034	0	9.29071e-071	1
9.56	1	1	1.4993e-034	1.18056e-036	1.48749e-034	0	3.14073e-071	1
9.57	3	1.73205	7.59595e-035	6.65698e-037	7.52938e-035	0	1.82366e-071	1
9.59	0	1	1.93436e-035	2.10523e-037	1.91331e-035	0	6.13214e-072	1
9.6	2	1.41421	9.72323e-036	1.18069e-037	9.60517e-036	0	3.55114e-072	1
9.62	4	2	2.43777e-036	3.69366e-038	2.40083e-036	0	1.18774e-072	1
9.64	6	2.44949	6.04998e-037	1.14721e-038	5.93526e-037	0	3.95853e-073	1
9.65	0	1	3.00267e-037	6.37615e-039	2.93891e-037	0	2.28224e-073	1
9.67	1	1	7.34245e-038	1.95903e-039	7.14655e-038	0	7.56589e-074	1
9.68	5	2.23607	3.61791e-038	1.08294e-039	3.50961e-038	0	4.35041e-074	1
9.7	1	1	8.72375e-039	3.29143e-040	8.39461e-039	0	1.43455e-074	1
9.72	1	1	2.08524e-039	9.93179e-041	1.98593e-039	0	4.71365e-075	1
9.73	1	1	1.01636e-039	5.44094e-041	9.61949e-040	0	2.69836e-075	1
9.75	1	1	2.40086e-040	1.6241e-041	2.23844e-040	0	8.81917e-076	1
9.76	2	1.41421	1.16385e-040	8.84929e-042	1.07535e-040	0	5.03516e-076	1
9.78	0	1	2.72268e-041	2.61304e-042	2.46137e-041	0	1.63692e-076	1
9.79	1	1	1.31434e-041	1.41608e-042	1.17273e-041	0	9.32086e-077	1
9.81	1	1	3.05396e-042	4.1364e-043	2.64032e-042	0	3.01409e-077	1
9.83	2	1.41421	7.07898e-043	1.19956e-043	5.87942e-043	0	9.71214e-078	1
9.84	2	1.41421	3.40724e-043	6.44236e-044	2.76301e-043	0	5.50574e-078	1
9.86	2	1.41421	7.90007e-044	1.84816e-044	6.05191e-044	0	1.76465e-078	1
9.87	0	1	3.80791e-044	9.87217e-045	2.82069e-044	0	9.97708e-079	1
9.89	0	1	8.87871e-045	2.80159e-045	6.07712e-045	0	3.18078e-079	1
9.91	3	1.73205	2.08431e-045	7.89337e-046	1.29497e-045	0	1.01047e-079	1
9.92	1	1	1.01316e-045	4.17845e-046	5.9532e-046	0	5.68771e-080	1
9.94	1	1	2.41238e-046	1.16458e-046	1.2478e-046	0	1.79726e-080	1
9.95	5	2.23607	1.18207e-046	6.13156e-047	5.68919e-047	0	1.00895e-080	1
9.97	1	1	2.86347e-047	1.69053e-047	1.17294e-047	0	3.17125e-081	1
9.98	3	1.73205	1.41566e-047	8.85261e-048	5.30394e-048	0	1.77555e-081	1
10	4	2	3.49007e-048	2.41446e-048	1.07562e-048	0	5.5511e-082	1
10.02	2	1.41421	8.69523e-049	6.53781e-049	2.15743e-049	0	1.72935e-082	1
10.03	2	1.41421	4.35507e-049	3.39283e-049	9.62241e-050	0	9.63954e-083	1
10.05	2	1.41421	1.09865e-049	9.08808e-050	1.89843e-050	0	2.98708e-083	1
10.06	4	2	5.53061e-050	4.69084e-050	8.39767e-051	0	1.66059e-083	1
10.08	2	1.41421	1.40593e-050	1.24296e-050	1.62968e-051	0	5.11847e-084	1
10.1	0	1	3.58265e-051	3.26985e-051	3.12799e-052	0	1.57208e-084	1
10.11	3	1.73205	1.80906e-051	1.67258e-051	1.36476e-052	0	8.70087e-085	1
10.13	0	1	4.61034e-052	4.35267e-052	2.57662e-053	0	2.65817e-085	1
10.14	9	3	2.32594e-052	2.21444e-052	1.11495e-053	0	1.46729e-085	1
10.16	5	2.23607	5.90777e-053	5.70071e-053	2.07054e-054	0	4.45883e-086	1
10.17	3	1.73205	2.97346e-053	2.8846e-053	8.88599e-055	0	2.45469e-086	1
10.19	3	1.73205	7.50826e-054	7.34594e-054	1.62317e-055	0	7.41974e-087	1
10.21	8	2.82843	1.88659e-054	1.85727e-054	2.93255e-056	0	2.2348e-087	1
10.22	1	1	9.4376e-055	9.31347e-055	1.24135e-056	0	1.22486e-087	1
10.24	4	2	2.35141e-055	2.32935e-055	2.206e-057	0	3.66963e-088	1
10.25	3	1.73205	1.17103e-055	1.16177e-055	9.26124e-058	0	2.00591e-088	1
10.27	2	1.41421	2.89055e-056	2.87436e-056	1.61887e-058	0	5.9777e-089	1
10.28	3	1.73205	1.43259e-056	1.42585e-056	6.74051e-059	0	3.25887e-089	1
10.3	1	1	3.50132e-057	3.48973e-057	1.15896e-059	0	9.65997e-090	1
10.32	0	1	8.49928e-058	8.47957e-058	1.9709e-060	0	2.85326e-090	1
10.33	2	1.41421	4.17668e-058	4.16859e-058	8.09413e-061	0	1.54863e-090	1
10.35	4	2	1.00335e-058	1.002e-058	1.35394e-061	0	4.54987e-091	1
10.36	2	1.41421	4.90478e-059	4.89927e-059	5.51468e-062	0	2.4629e-091	1
10.38	8	2.82843	1.16586e-059	1.16495e-059	9.07361e-063	0	7.19757e-092	1
10.4	5	2.23607	2.75157e-060	2.75009e-060	1.47659e-063	0	2.09596e-092	1
10.41	2	1.41421	1.33317e-060	1.33257e-060	5.93212e-064	0	1.12954e-092	1
10.43	2	1.41421	3.11287e-061	3.11192e-061	9.4956e-065	0	3.27178e-093	1
10.44	6	2.44949	1.50014e-061	1.49976e-061	3.78344e-065	0	1.75852e-093	1
10.46	4	2	3.46521e-062	3.46462e-062	5.95705e-066	0	5.06659e-094	1
10.47	5	2.23607	1.66096e-062	1.66072e-062	2.35402e-066	0	2.71595e-094	1
10.49	5	2.23607	3.7955e-063	3.79514e-063	3.64575e-067	0	7.78353e-095	1
10.51	3	1.73205	8.61095e-064	8.6104e-064	5.5845e-068	0	2.22274e-095	1
10.52	3	1.73205	4.09042e-064	4.09021e-064	2.17666e-068	0	1.18622e-095	1
10.54	3	1.73205	9.18022e-065	9.17989e-065	3.27959e-069	0	3.3695e-096	1
10.55	4	2	4.33731e-065	4.33719e-065	1.26777e-069	0	1.79344e-096	1
10.57	2	1.41421	9.62955e-066	9.62936e-066	1.8789e-070	0	5.06723e-097	1
10.59	3	1.73205	2.12255e-066	2.12252e-066	2.75413e-071	0	1.42664e-097	1
10.6	2	1.41421	9.93819e-067	9.93808e-067	1.05011e-071	0	7.55972e-098	1
10.62	2	1.41421	2.16699e-067	2.16697e-067	1.51407e-072	0	2.11706e-098	1
10.63	2	1.41421	1.00915e-067	1.00914e-067	5.72547e-073	0	1.11885e-098	1
10.65	1	1	2.17672e-068	2.17671e-068	8.12e-074	0	3.11663e-099	1
10.66	2	1.41421	1.00821e-068	1.00821e-068	3.04535e-074	0	1.64272e-099	1
10.68	1	1	2.15127e-069	2.15127e-069	4.24828e-075	0	4.5516e-100	1
10.7	1	1	4.55726e-070	4.55726e-070	5.86153e-076	0	1.25667e-100	1
10.71	4	2	2.09186e-070	2.09186e-070	2.16829e-076	0	6.59438e-101	1
10.73	0	1	4.38368e-071	4.38368e-071	2.94271e-077	0	1.811e-101	1
10.74	6	2.44949	2.00132e-071	2.00132e-071	1.07962e-077	0	9.4779e-102	1
10.76	2	1.41421	4.14877e-072	4.14877e-072	1.44123e-078	0	2.58907e-102	1
10.78	2	1.41421	8.53861e-073	8.5386e-073	1.90289e-079	0	7.04744e-103	1
10.79	3	1.73205	3.86318e-073	3.86318e-073	6.88594e-080	0	3.67195e-103	1
10.81	4	2	7.8652e-074	7.8652e-074	8.94288e-081	0	9.94195e-104	1
10.82	4	2	3.53929e-074	3.53929e-074	3.20954e-081	0	5.16631e-104	1
10.84	3	1.73205	7.12817e-075	7.12817e-075	4.10004e-082	0	1.39137e-104	1
10.85	5	2.23607	3.19031e-075	3.19031e-075	1.45938e-082	0	7.21096e-105	1
10.87	3	1.73205	6.35611e-076	6.35611e-076	1.83378e-083	0	1.9317e-105	1
10.89	9	3	1.25723e-076	1.25723e-076	2.27901e-084	0	5.15638e-106	1
10.9	1	1	5.57636e-077	5.57636e-077	8.00116e-085	0	2.66053e-106	1
10.92	1	1	1.09112e-077	1.09112e-077	9.781e-086	0	7.06414e-107	1
10.93	5	2.23607	4.81343e-078	4.81343e-078	3.4057e-086	0	3.63518e-107	1
10.95	1	1	9.31691e-079	9.31691e-079	4.09514e-087	0	9.60071e-108	1
10.97	4	2	1.79041e-079	1.79041e-079	4.87025e-088	0	2.52661e-108	1
10.98	5	2.23607	7.82742e-080	7.82742e-080	1.67263e-088	0	1.29442e-108	1
11	2	1.41421	1.48798e-080	1.48798e-080	1.95666e-089	0	3.38842e-109	1
11.01	2	1.41421	6.47009e-081	6.47009e-081	6.66471e-090	0	1.73133e-109	1
11.03	1	1	1.21671e-081	1.21671e-081	7.66881e-091	0	4.50802e-110	1
11.04	3	1.73205	5.26197e-082	5.26197e-082	2.59065e-091	0	2.29726e-110	1
11.06	3	1.73205	9.7886e-083	9.7886e-083	2.93216e-092	0	5.94982e-111	1
11.08	5	2.23607	1.80783e-083	1.80783e-083	3.28236e-093	0	1.53552e-111	1
11.09	2	1.41421	7.74819e-084	7.74819e-084	1.09369e-093	0	7.79024e-112	1
11.11	4	2	1.41558e-084	1.41558e-084	1.20427e-094	0	1.99981e-112	1
11.12	1	1	6.03428e-085	6.03428e-085	3.97969e-095	0	1.01188e-112	1
11.14	5	2.23607	1.09058e-085	1.09058e-085	4.31034e-096	0	2.58375e-113	1
11.16	6	2.44949	1.95682e-086	1.95682e-086	4.61738e-097	0	6.57402e-114	1
11.17	3	1.73205	8.26653e-087	8.26653e-087	1.50503e-097	0	3.31164e-114	1
11.19	6	2.44949	1.46729e-087	1.46729e-087	1.58585e-098	0	8.38127e-115	1
11.2	5	2.23607	6.16504e-088	6.16504e-088	5.12657e-099	0	4.2108e-115	1
11.22	10	3.16228	1.08249e-088	1.08249e-088	5.31342e-100	0	1.06003e-115	1
11.23	0	1	4.5237e-089	4.5237e-089	1.70355e-100	0	5.31148e-116	1
11.25	3	1.73205	7.85743e-090	7.85743e-090	1.73674e-101	0	1.33001e-116	1
11.27	6	2.44949	1.35497e-090	1.35497e-090	1.7512e-102	0	3.31857e-117	1
11.28	7	2.64575	5.61152e-091	5.61152e-091	5.53787e-103	0	1.65547e-117	1
11.3	4	2	9.57257e-092	9.57257e-092	5.49256e-104	0	4.1087e-118	1
11.31	6	2.44949	3.943e-092	3.943e-092	1.72266e-104	0	2.04417e-118	1
11.33	3	1.73205	6.65382e-093	6.65382e-093	1.68059e-105	0	5.04645e-119	1
11.34	6	2.44949	2.72595e-093	2.72595e-093	5.22759e-106	0	2.50404e-119	1
11.36	3	1.73205	4.5505e-094	4.5505e-094	5.01646e-107	0	6.1489e-120	1
11.38	1	1	7.54163e-095	7.54163e-095	4.76117e-108	0	1.50456e-120	1
11.39	5	2.23607	3.06191e-095	3.06191e-095	1.46076e-108	0	7.43255e-121	1
11.41	3	1.73205	5.01991e-096	5.01991e-096	1.36373e-109	0	1.80899e-121	1
11.42	5	2.23607	2.02708e-096	2.02708e-096	4.14963e-110	0	8.91268e-122	1
11.44	3	1.73205	3.28754e-097	3.28754e-097	3.81056e-111	0	2.15771e-122	1
11.46	2	1.41421	5.29342e-098	5.29342e-098	3.46091e-112	0	5.20518e-123	1
11.47	4	2	2.11833e-098	2.11833e-098	1.03872e-112	0	2.55316e-123	1
11.49	4	2	3.37407e-099	3.37407e-099	9.27964e-114	0	6.12643e-124	1
11.5	3	1.73205	1.34295e-099	1.34295e-099	2.7622e-114	0	2.99705e-124	1
11.52	1	1	2.11601e-100	2.11601e-100	2.42728e-115	0	7.15334e-125	1
11.53	5	2.23607	8.37666e-101	8.37666e-101	7.16572e-116	0	3.4901e-125	1
11.55	3	1.73205	1.30565e-101	1.30565e-101	6.19378e-117	0	8.28589e-126	1
11.57	2	1.41421	2.02044e-102	2.02044e-102	5.29508e-118	0	1.96019e-126	1
11.58	2	1.41421	7.92648e-103	7.92648e-103	1.54184e-118	0	9.52136e-127	1
11.6	6	2.44949	1.21338e-103	1.21338e-103	1.29655e-119	0	2.2405e-127	1
11.61	6	2.44949	4.73457e-104	4.73457e-104	3.7443e-120	0	1.0854e-127	1
11.63	3	1.73205	7.16958e-105	7.16958e-105	3.09707e-121	0	2.5405e-128	1
11.65	2	1.41421	1.07788e-105	1.07788e-105	2.53368e-122	0	5.92527e-129	1
11.66	2	1.41421	4.16808e-106	4.16808e-106	7.21708e-123	0	2.85775e-129	1
11.68	1	1	6.19885e-107	6.19885e-107	5.80757e-124	0	6.62978e-130	1
11.69	1	1	2.38409e-107	2.38409e-107	1.64066e-124	0	3.18903e-130	1
11.71	2	1.41421	3.50748e-108	3.50748e-108	1.29863e-125	0	7.35901e-131	1
11.72	4	2	1.3417e-108	1.3417e-108	3.63852e-126	0	3.53038e-131	1
11.74	0	1	1.95265e-109	1.95265e-109	2.83284e-127	0	8.10343e-132	1
11.76	2	1.41421	2.82136e-110	2.82136e-110	2.18142e-128	0	1.85342e-132	1
11.77	2	1.41421	1.06955e-110	1.06955e-110	6.02846e-129	0	8.85213e-133	1
11.79	2	1.41421	1.52873e-111	1.52873e-111	4.56621e-130	0	2.0139e-133	1
11.8	4	2	5.76395e-112	5.76395e-112	1.25152e-130	0	9.59303e-134	1
11.82	0	1	8.14981e-113	8.14981e-113	9.32437e-132	0	2.17087e-134	1
11.84	1	1	1.14404e-113	1.14404e-113	6.87103e-133	0	4.89517e-135	1
11.85	2	1.41421	4.27474e-114	4.27474e-114	1.85751e-133	0	2.32144e-135	1
11.87	0	1	5.93607e-115	5.93607e-115	1.34637e-134	0	5.20688e-136	1
11.88	2	1.41421	2.20606e-115	2.20606e-115	3.60986e-135	0	2.46269e-136	1
11.9	2	1.41421	3.03043e-116	3.03043e-116	2.57369e-136	0	5.49436e-137	1
11.91	3	1.73205	1.12014e-116	1.12014e-116	6.84379e-137	0	2.59175e-137	1
11.93	4	2	1.52214e-117	1.52214e-117	4.79948e-138	0	5.75156e-138	1
11.95	1	1	2.05353e-118	2.05353e-118	3.32899e-139	0	1.27185e-138	1
11.96	0	1	7.52229e-119	7.52229e-119	8.73132e-140	0	5.97288e-139	1
11.98	2	1.41421	1.00391e-119	1.00391e-119	5.95704e-141	0	1.31378e-139	1
11.99	4	2	3.65755e-120	3.65755e-120	1.54958e-141	0	6.15334e-140	1
12.01	4	2	4.82872e-121	4.82872e-121	1.03991e-142	0	1.34628e-140	1
12.03	3	1.73205	6.32905e-122	6.32905e-122	6.90237e-144	0	2.93505e-141	1
12.04	3	1.73205	2.28515e-122	2.28515e-122	1.77096e-144	0	1.3686e-141	1
12.06	1	1	2.96291e-123	2.96291e-123	1.15623e-145	0	2.96787e-142	1
12.07	2	1.41421	1.06401e-123	1.06401e-123	2.94217e-146	0	1.38022e-142	1
12.09	1	1	1.36472e-124	1.36472e-124	1.88945e-147	0	2.97716e-143	1
12.1	3	1.73205	4.87437e-125	4.87437e-125	4.76843e-148	0	1.38086e-143	1
12.12	4	2	6.18465e-126	6.18465e-126	3.01213e-149	0	2.96272e-144	1
12.14	1	1	7.7907e-127	7.7907e-127	1.88189e-150	0	6.33414e-145	1
12.15	1	1	2.7576e-127	2.7576e-127	4.68447e-151	0	2.92488e-145	1
12.17	1	1	3.43629e-128	3.43629e-128	2.8788e-152	0	6.22001e-146	1
12.18	4	2	1.20974e-128	1.20974e-128	7.10715e-153	0	2.86453e-146	1
12.2	1	1	1.49124e-129	1.49124e-129	4.29614e-154	0	6.05931e-147	1
12.22	2	1.41421	1.82502e-130	1.82502e-130	2.56851e-155	0	1.27717e-147	1
12.23	3	1.73205	6.36725e-131	6.36725e-131	6.25449e-156	0	5.85579e-148	1
12.25	2	1.41421	7.70848e-132	7.70848e-132	3.67813e-157	0	1.22772e-148	1
12.26	2	1.41421	2.67486e-132	2.67486e-132	8.88286e-158	0	5.61405e-149	1
12.28	2	1.41421	3.20343e-133	3.20343e-133	5.13831e-159	0	1.17078e-149	1
12.29	1	1	1.1056e-133	1.1056e-133	1.23073e-159	0	5.33946e-150	1
12.31	2	1.41421	1.30981e-134	1.30981e-134	7.00262e-161	0	1.1076e-150	1
12.33	1	1	1.54057e-135	1.54057e-135	3.94077e-162	0	2.28942e-151	1
12.34	1	1	5.26919e-136	5.26919e-136	9.30998e-163	0	1.03949e-151	1
12.36	3	1.73205	6.13078e-137	6.13078e-137	5.15348e-164	0	2.13722e-152	1
12.37	1	1	2.08558e-137	2.08558e-137	1.20749e-164	0	9.67797e-153	1
12.39	5	2.23607	2.40046e-138	2.40046e-138	6.57458e-166	0	1.97925e-153	1
12.4	3	1.73205	8.12183e-139	8.12183e-139	1.5278e-166	0	8.9388e-154	1
12.42	4	2	9.2474e-140	9.2474e-140	8.18244e-168	0	1.81836e-154	1
12.44	5	2.23607	1.04532e-140	1.04532e-140	4.3343e-169	0	3.68587e-155	1
12.45	3	1.73205	3.50502e-141	3.50502e-141	9.93448e-170	0	1.65726e-155	1
12.47	2	1.41421	3.91938e-142	3.91938e-142	5.17622e-171	0	3.34146e-156	1
12.48	5	2.23607	1.30709e-142	1.30709e-142	1.17667e-171	0	1.49841e-156	1
12.5	2	1.41421	1.44587e-143	1.44587e-143	6.03052e-173	0	3.00513e-157	1
12.52	4	2	1.58788e-144	1.58788e-144	3.05686e-174	0	6.00554e-158	1
12.53	3	1.73205	5.24792e-145	5.24792e-145	6.854e-175	0	2.68113e-158	1
12.55	8	2.82843	5.70129e-146	5.70129e-146	3.4174e-176	0	5.32958e-159	1
12.56	2	1.41421	1.87409e-146	1.87409e-146	7.59942e-177	0	2.37303e-159	1
12.58	8	2.82843	2.01406e-147	2.01406e-147	3.72705e-178	0	4.69207e-160	1
12.59	4	2	6.58475e-148	6.58475e-148	8.21987e-179	0	2.08361e-160	1
12.61	1	1	7.00034e-149	7.00034e-149	3.96534e-180	0	4.09793e-161	1
12.63	4	2	7.38862e-150	7.38862e-150	1.89199e-181	0	8.031e-162	1
12.64	6	2.44949	2.39392e-150	2.39392e-150	4.1157e-182	0	3.55053e-162	1
12.66	5	2.23607	2.49949e-151	2.49949e-151	1.93158e-183	0	6.92126e-163	1
12.67	3	1.73205	8.05463e-152	8.05463e-152	4.1673e-184	0	3.05177e-163	1
12.69	2	1.41421	8.31925e-153	8.31925e-153	1.92378e-185	0	5.91739e-164	1
12.71	2	1.41421	8.53074e-154	8.53074e-154	8.78369e-187	0	1.14331e-164	1
12.72	6	2.44949	2.72435e-154	2.72435e-154	1.86916e-187	0	5.01885e-165	1
12.74	4	2	2.76352e-155	2.76352e-155	8.39458e-189	0	9.64553e-166	1
12.75	2	1.41421	8.77781e-156	8.77781e-156	1.77167e-189	0	4.22287e-166	1
12.77	4	2	8.80811e-157	8.80811e-157	7.82652e-191	0	8.07264e-167	1
12.78	4	2	2.78263e-157	2.78263e-157	1.63821e-191	0	3.52485e-167	1
12.8	2	1.41421	2.76216e-158	2.76216e-158	7.11845e-193	0	6.70247e-168	1
12.82	3	1.73205	2.72212e-159	2.72212e-159	3.05931e-194	0	1.26995e-168	1
12.83	4	2	8.52237e-160	8.52237e-160	6.31612e-195	0	5.52057e-169	1
12.85	0	1	8.30836e-161	8.30836e-161	2.67005e-196	0	1.04045e-169	1
12.86	1	1	2.58712e-161	2.58712e-161	5.46717e-197	0	4.51088e-170	1
12.88	1	1	2.49499e-162	2.49499e-162	2.27334e-198	0	8.45639e-171	1
12.9	2	1.41421	2.38883e-163	2.38883e-163	9.34945e-200	0	1.57967e-171	1
12.91	3	1.73205	7.37171e-164	7.37171e-164	1.88823e-200	0	6.81834e-172	1
12.93	5	2.23607	6.98204e-165	6.98204e-165	7.63852e-202	0	1.26691e-172	1
12.94	3	1.73205	2.14295e-165	2.14295e-165	1.53001e-202	0	5.45383e-173	1
12.96	7	2.64575	2.00781e-166	2.00781e-166	6.08807e-204	0	1.00799e-173	1
12.97	1	1	6.12919e-167	6.12919e-167	1.20943e-204	0	4.32766e-174	1
12.99	4	2	5.68081e-168	5.68081e-168	4.73367e-206	0	7.95597e-175	1
13.01	2	1.41421	5.22736e-169	5.22736e-169	1.83247e-207	0	1.45744e-175	1
13.02	2	1.41421	1.5814e-169	1.5814e-169	3.59057e-208	0	6.22961e-176	1
13.04	6	2.44949	1.4395e-170	1.4395e-170	1.36721e-209	0	1.13513e-176	1
13.05	3	1.73205	4.33132e-171	4.33132e-171	2.65691e-210	0	4.83903e-177	1
13.07	3	1.73205	3.9002e-172	3.90019e-172	9.95127e-212	0	8.77057e-178	1
13.09	1	1	3.48673e-173	3.48671e-173	3.68639e-213	0	1.584e-178	1
13.1	1	1	1.0397e-173	1.03969e-173	7.06596e-214	0	6.72265e-179	1
13.12	3	1.73205	9.19473e-175	9.19461e-175	2.5747e-215	0	1.20769e-179	1
13.13	3	1.73205	2.72696e-175	2.72691e-175	4.89453e-216	0	5.1119e-180	1
13.15	4	2	2.38568e-176	2.38559e-176	1.75427e-217	0	9.13444e-181	1
13.16	2	1.41421	7.03729e-177	7.0369e-177	3.30749e-218	0	3.85615e-181	1
13.18	4	2	6.09048e-178	6.0898e-178	1.16605e-219	0	6.85392e-182	1
13.2	3	1.73205	5.23347e-179	5.23225e-179	4.0659e-221	0	1.2139e-182	1
13.21	2	1.41421	1.53003e-179	1.52952e-179	7.56108e-222	0	5.10183e-183	1
13.23	2	1.41421	1.30088e-180	1.29999e-180	2.59331e-223	0	8.98785e-184	1
13.24	4	2	3.78344e-181	3.77967e-181	4.78298e-224	0	3.7674e-184	1
13.26	0	1	3.18445e-182	3.17785e-182	1.61362e-225	0	6.60173e-185	1
13.28	1	1	2.66416e-183	2.65264e-183	5.38424e-227	0	1.15274e-185	1
13.29	2	1.41421	7.69129e-184	7.64318e-184	9.79477e-228	0	4.81049e-186	1
13.31	1	1	6.3948e-185	6.31125e-185	3.21477e-229	0	8.35505e-187	1
13.32	0	1	1.84345e-185	1.80867e-185	5.8001e-230	0	3.47737e-187	1
13.34	5	2.23607	1.53748e-186	1.4774e-186	1.8725e-231	0	6.00754e-188	1
13.35	1	1	4.46043e-187	4.21106e-187	3.35061e-232	0	2.49368e-188	1
13.37	1	1	3.83124e-188	3.40272e-188	1.064e-233	0	4.28522e-189	1
13.39	2	1.41421	3.46354e-189	2.72977e-189	3.34182e-235	0	7.33774e-190	1
13.4	2	1.41421	1.07432e-189	7.71081e-190	5.89809e-236	0	3.03235e-190	1
13.42	3	1.73205	1.1284e-190	6.11923e-191	1.82214e-237	0	5.16481e-191	1
13.43	5	2.23607	3.84787e-191	1.71917e-191	3.18953e-238	0	2.1287e-191	1
13.45	0	1	4.95604e-192	1.34962e-192	9.69237e-240	0	3.60642e-192	1
13.46	2	1.41421	1.85957e-192	3.77123e-193	1.68263e-240	0	1.48244e-192	1
13.48	3	1.73205	2.79107e-193	2.92869e-194	5.0295e-242	0	2.4982e-193	1
13.5	4	2	4.4208e-194	2.25803e-195	1.4869e-243	0	4.195e-194	1
13.51	2	1.41421	1.77928e-194	6.25289e-196	2.54605e-244	0	1.71675e-194	1
13.53	4	2	2.91516e-195	4.76906e-197	7.4038e-246	0	2.86747e-195	1
13.54	0	1	1.18349e-195	1.31351e-197	1.25735e-246	0	1.17035e-195	1
13.56	2	1.41421	1.95435e-196	9.91018e-199	3.59647e-248	0	1.94444e-196	1
13.58	1	1	3.22649e-197	7.42326e-200	1.01746e-249	0	3.21906e-197	1
13.59	3	1.73205	1.31006e-197	2.02617e-200	1.7043e-250	0	1.30803e-197	1
13.61	2	1.41421	2.15548e-198	1.50136e-201	4.74261e-252	0	2.15398e-198	1
13.62	7	2.64575	8.73325e-199	4.07582e-202	7.87883e-253	0	8.72918e-199	1
13.64	1	1	1.43012e-199	2.9876e-203	2.15658e-254	0	1.42982e-199	1
13.65	3	1.73205	5.77986e-200	8.06679e-204	3.55325e-255	0	5.77905e-200	1
13.67	2	1.41421	9.41625e-201	5.84931e-205	9.5667e-257	0	9.41567e-201	1
13.69	2	1.41421	1.52867e-201	4.21089e-206	2.54753e-258	0	1.52863e-201	1
13.7	2	1.41421	6.15118e-202	1.12676e-206	4.14005e-259	0	6.15106e-202	1
13.72	2	1.41421	9.93326e-203	8.02413e-208	1.08441e-260	0	9.93318e-203	1
13.73	7	2.64575	3.9864e-203	2.13553e-208	1.74782e-261	0	3.98638e-203	1
13.75	1	1	6.4033e-204	1.50441e-209	4.50315e-263	0	6.40328e-204	1
13.77	3	1.73205	1.02491e-204	1.05219e-210	1.14751e-264	0	1.02491e-204	1
13.78	2	1.41421	4.09494e-205	2.77512e-211	1.82426e-265	0	4.09493e-205	1
13.8	3	1.73205	6.51951e-206	1.92002e-212	4.57257e-267	0	6.51951e-206	1
13.81	2	1.41421	2.59789e-206	5.03666e-213	7.20949e-268	0	2.59789e-206	1
13.83	5	2.23607	4.11409e-207	3.44718e-214	1.7775e-269	0	4.11409e-207	1
13.84	3	1.73205	1.63502e-207	8.99391e-215	2.77952e-270	0	1.63502e-207	1
13.86	4	2	2.57551e-208	6.08929e-216	6.74072e-272	0	2.57551e-208	1
13.88	4	2	4.0426e-209	4.09307e-217	1.61683e-273	0	4.0426e-209	1
13.89	2	1.41421	1.59949e-209	1.05831e-217	2.49374e-274	0	1.59949e-209	1
13.91	4	2	2.49727e-210	7.03711e-219	5.88356e-276	0	2.49727e-210	1
13.92	5	2.23607	9.85437e-211	1.80971e-219	9.00001e-277	0	9.85437e-211	1
13.94	3	1.73205	1.53038e-211	1.19038e-220	2.08864e-278	0	1.53038e-211	1
13.96	4	2	2.36825e-212	7.77366e-222	4.79409e-280	0	2.36825e-212	1
13.97	4	2	9.30384e-213	1.98116e-222	7.23328e-281	0	9.30384e-213	1
13.99	2	1.41421	1.43211e-213	1.27985e-223	1.63309e-282	0	1.43211e-213	1
14	2	1.41421	5.61119e-214	3.24416e-224	2.44373e-283	0	5.61119e-214	1
14.02	4	2	8.59122e-215	2.07318e-225	5.427e-285	0	8.59122e-215	1
14.03	1	1	3.35719e-215	5.22671e-226	8.05416e-286	0	3.35719e-215	1
14.05	6	2.44949	5.11285e-216	3.30415e-227	1.75937e-287	0	5.11285e-216	1
14.07	4	2	7.75902e-217	2.07375e-228	3.80116e-289	0	7.75902e-217	1
14.08	5	2.23607	3.01856e-217	5.18118e-229	5.56421e-290	0	3.01856e-217	1
14.1	2	1.41421	4.55649e-218	3.21678e-230	1.18248e-291	0	4.55649e-218	1
14.11	2	1.41421	1.76794e-218	7.99361e-231	1.71671e-292	0	1.76794e-218	1
14.13	4	2	2.6545e-219	4.90945e-232	3.58854e-294	0	2.6545e-219	1
14.15	3	1.73205	3.97152e-220	2.99356e-233	7.41927e-296	0	3.97152e-220	1
14.16	4	2	1.53414e-220	7.37207e-234	1.06241e-296	0	1.53414e-220	1
14.18	2	1.41421	2.2831e-221	4.44674e-235	2.16056e-298	0	2.2831e-221	1
14.19	3	1.73205	8.79583e-222	1.08916e-235	3.06839e-299	0	8.79583e-222	1
14.21	0	1	1.30204e-222	6.4989e-237	6.13786e-301	0	1.30204e-222	1
14.22	0	1	5.00285e-223	1.58321e-237	8.64526e-302	0	5.00285e-223	1
14.24	3	1.73205	7.36631e-224	9.34511e-239	1.70105e-303	0	7.36631e-224	1
14.26	4	2	1.08079e-224	5.47639e-240	3.31036e-305	0	1.08079e-224	1
14.27	0	1	4.13434e-225	1.32213e-240	4.59899e-306	0	4.13434e-225	1
14.29	1	1	6.03368e-226	7.66445e-242	8.80347e-308	0	6.03368e-226	1
14.3	4	2	2.30193e-226	1.84038e-242	1.21299e-308	0	2.30193e-226	1
14.32	3	1.73205	3.3416e-227	1.05539e-243	2.28391e-310	0	3.3416e-227	1
14.34	1	1	4.83364e-228	6.00871e-245	4.25328e-312	0	4.83364e-228	1
14.35	7	2.64575	1.83593e-228	1.42985e-245	5.78034e-313	0	1.83593e-228	1
14.37	1	1	2.64157e-229	8.05296e-247	1.05884e-314	0	2.64157e-229	1
14.38	3	1.73205	1.00066e-229	1.90595e-247	1.42716e-315	0	1.00066e-229	1
14.4	2	1.41421	1.43212e-230	1.06188e-248	2.57144e-317	0	1.43212e-230	1
14.41	1	1	5.41061e-231	2.49966e-249	3.43746e-318	0	5.41061e-231	1
14.43	2	1.41421	7.70238e-232	1.37765e-250	5.93719e-320	0	7.70238e-232	1
14.45	3	1.73205	1.0926e-232	7.53813e-252	0	0	1.0926e-232	1
14.46	2	1.41421	4.10961e-233	1.75853e-252	0	0	4.10961e-233	1
14.48	6	2.44949	5.79859e-234	9.51855e-254	0	0	5.79859e-234	1
14.49	3	1.73205	2.17523e-234	2.20854e-254	0	0	2.17523e-234	1
14.51	5	2.23607	3.05291e-235	1.18256e-255	0	0	3.05291e-235	1
14.53	3	1.73205	4.26952e-236	6.28646e-257	0	0	4.26952e-236	1
14.54	7	2.64575	1.59453e-236	1.44551e-257	0	0	1.59453e-236	1
14.56	3	1.73205	2.21813e-237	7.60153e-259	0	0	2.21813e-237	1
14.57	5	2.23607	8.26197e-238	1.73846e-259	0	0	8.26197e-238	1
14.59	0	1	1.1432e-238	9.04359e-261	0	0	1.1432e-238	1
14.6	5	2.23607	4.24681e-239	2.05709e-261	0	0	4.24681e-239	1
14.62	0	1	5.84504e-240	1.05859e-262	0	0	5.84504e-240	1
14.64	1	1	8.01622e-241	5.40834e-264	0	0	8.01622e-241	1
14.65	1	1	2.96471e-241	1.21915e-264	0	0	2.96471e-241	1
14.67	1	1	4.04436e-242	6.16158e-266	0	0	4.04436e-242	1
14.68	3	1.73205	1.49178e-242	1.38145e-266	0	0	1.49178e-242	1
14.7	2	1.41421	2.02423e-243	6.90662e-268	0	0	2.02423e-243	1
14.71	2	1.41421	7.44662e-244	1.54012e-268	0	0	7.44662e-244	1
14.73	3	1.73205	1.00508e-244	7.617e-270	0	0	1.00508e-244	1
14.75	3	1.73205	1.35175e-245	3.74005e-271	0	0	1.35175e-245	1
14.76	4	2	4.95072e-246	8.2651e-272	0	0	4.95072e-246	1
14.78	3	1.73205	6.62297e-247	4.01456e-273	0	0	6.62297e-247	1
14.79	3	1.73205	2.41917e-247	8.82384e-274	0	0	2.41917e-247	1
14.81	4	2	3.21912e-248	4.23979e-275	0	0	3.21912e-248	1
14.83	2	1.41421	4.2684e-249	2.02254e-276	0	0	4.2684e-249	1
14.84	8	2.82843	1.55221e-249	4.40551e-277	0	0	1.55221e-249	1
14.86	4	2	2.04722e-250	2.07895e-278	0	0	2.04722e-250	1
14.87	2	1.41421	7.42496e-251	4.50395e-279	0	0	7.42496e-251	1
14.89	1	1	9.7408e-252	2.10251e-280	0	0	9.7408e-252	1
14.9	3	1.73205	3.52344e-252	4.53039e-281	0	0	3.52344e-252	1
14.92	5	2.23607	4.59783e-253	2.09208e-282	0	0	4.59783e-253	1
14.94	1	1	5.97857e-254	9.59146e-284	0	0	5.97857e-254	1
14.95	3	1.73205	2.15299e-254	2.04815e-284	0	0	2.15299e-254	1
14.97	2	1.41421	2.78466e-255	9.28895e-286	0	0	2.78466e-255	1
14.98	7	2.64575	1.00013e-255	1.97284e-286	0	0	1.00013e-255	1
15	10	3.16228	1.28669e-256	8.85102e-288	0	0	1.28669e-256	1
15.02	4	2	1.64949e-257	3.94238e-289	0	0	1.64949e-257	1
15.03	1	1	5.89804e-258	8.29786e-290	0	0	5.89804e-258	1
15.05	2	1.41421	7.52087e-259	3.65619e-291	0	0	7.52087e-259	1
15.06	4	2	2.68207e-259	7.65392e-292	0	0	2.68207e-259	1
15.08	5	2.23607	3.40186e-260	3.33613e-293	0	0	3.40186e-260	1
15.09	6	2.44949	1.20993e-260	6.94619e-294	0	0	1.20993e-260	1
15.11	1	1	1.52649e-261	2.99504e-295	0	0	1.52649e-261	1
15.13	1	1	1.91904e-262	1.28211e-296	0	0	1.91904e-262	1
15.14	3	1.73205	6.79518e-263	2.6455e-297	0	0	6.79518e-263	1
15.16	2	1.41421	8.49724e-264	1.12028e-298	0	0	8.49724e-264	1
15.17	7	2.64575	3.0008e-264	2.29911e-299	0	0	3.0008e-264	1
15.19	6	2.44949	3.7325e-265	9.63105e-301	0	0	3.7325e-265	1
15.21	4	2	4.62616e-266	4.00547e-302	0	0	4.62616e-266	1
15.22	5	2.23607	1.62649e-266	8.14642e-303	0	0	1.62649e-266	1
15.24	2	1.41421	2.0052e-267	3.35153e-304	0	0	2.0052e-267	1
15.25	1	1	7.03126e-268	6.77962e-305	0	0	7.03126e-268	1
15.27	3	1.73205	8.62236e-269	2.75917e-306	0	0	8.62236e-269	1
15.28	3	1.73205	3.01539e-269	5.55123e-307	0	0	3.01539e-269	1
15.3	7	2.64575	3.67809e-270	2.23491e-308	0	0	3.67809e-270	1
15.32	4	2	4.47053e-271	8.93293e-310	0	0	4.47053e-271	1
15.33	1	1	1.5565e-271	1.78109e-310	0	0	1.5565e-271	1
15.35	4	2	1.88179e-272	7.04234e-312	0	0	1.88179e-272	1
15.36	6	2.44949	6.53438e-273	1.39655e-312	0	0	6.53438e-273	1
15.38	4	2	7.85802e-274	5.46242e-314	0	0	7.85802e-274	1
15.4	6	2.44949	9.41628e-275	2.12118e-315	0	0	9.41628e-275	1
15.41	0	1	3.25525e-275	4.16856e-316	0	0	3.25525e-275	1
15.43	2	1.41421	3.88004e-276	1.60022e-317	0	0	3.88004e-276	1
15.44	3	1.73205	1.33778e-276	3.1247e-318	0	0	1.33778e-276	1
15.46	3	1.73205	1.58607e-277	1.08215e-319	0	0	1.58607e-277	1
15.47	3	1.73205	5.45398e-278	1.35275e-320	0	0	5.45398e-278	1
15.49	3	1.73205	6.43189e-279	0	0	0	6.43189e-279	1
15.51	0	1	7.55825e-280	0	0	0	7.55825e-280	1
15.52	2	1.41421	2.58752e-280	0	0	0	2.58752e-280	1
15.54	3	1.73205	3.02449e-281	0	0	0	3.02449e-281	1
15.55	2	1.41421	1.03266e-281	0	0	0	1.03266e-281	1
15.57	2	1.41421	1.20064e-282	0	0	0	1.20064e-282	1
15.59	3	1.73205	1.391e-283	0	0	0	1.391e-283	1
15.6	0	1	4.72828e-284	0	0	0	4.72828e-284	1
15.62	2	1.41421	5.44881e-285	0	0	0	5.44881e-285	1
15.63	4	2	1.84724e-285	0	0	0	1.84724e-285	1
15.65	3	1.73205	2.11742e-286	0	0	0	2.11742e-286	1
15.66	0	1	7.15932e-287	0	0	0	7.15932e-287	1
15.68	1	1	8.16286e-288	0	0	0	8.16286e-288	1
15.7	4	2	9.27408e-289	0	0	0	9.27408e-289	1
15.71	5	2.23607	3.12181e-289	0	0	0	3.12181e-289	1
15.73	3	1.73205	3.52794e-290	0	0	0	3.52794e-290	1
15.74	1	1	1.18441e-290	0	0	0	1.18441e-290	1
15.76	4	2	1.33138e-291	0	0	0	1.33138e-291	1
15.77	1	1	4.45783e-292	0	0	0	4.45783e-292	1
15.79	3	1.73205	4.98437e-293	0	0	0	4.98437e-293	1
15.81	0	1	5.55335e-294	0	0	0	5.55335e-294	1
15.82	2	1.41421	1.85118e-294	0	0	0	1.85118e-294	1
15.84	2	1.41421	2.05154e-295	0	0	0	2.05154e-295	1
15.85	1	1	6.82051e-296	0	0	0	6.82051e-296	1
15.87	1	1	7.51855e-297	0	0	0	7.51855e-297	1
15.89	0	1	8.25864e-298	0	0	0	8.25864e-298	1
15.9	3	1.73205	2.73349e-298	0	0	0	2.73349e-298	1
15.92	2	1.41421	2.98661e-299	0	0	0	2.98661e-299	1
15.93	1	1	9.85893e-300	0	0	0	9.85893e-300	1
15.95	3	1.73205	1.07146e-300	0	0	0	1.07146e-300	1
15.96	2	1.41421	3.52754e-301	0	0	0	3.52754e-301	1
15.98	0	1	3.81334e-302	0	0	0	3.81334e-302	1
16	0	1	4.10767e-303	0	0	0	4.10767e-303	1
16.01	2	1.41421	1.34636e-303	0	0	0	1.34636e-303	1
16.03	1	1	1.44258e-304	0	0	0	1.44258e-304	1
16.04	3	1.73205	4.71574e-305	0	0	0	4.71574e-305	1
16.06	1	1	5.02589e-306	0	0	0	5.02589e-306	1
16.08	3	1.73205	5.33745e-307	0	0	0	5.33745e-307	1
16.09	4	2	1.73706e-307	0	0	0	1.73706e-307	1
16.11	2	1.41421	1.83494e-308	0	0	0	1.83494e-308	1
16.12	4	2	5.9559e-309	0	0	0	5.9559e-309	1
16.14	1	1	6.25807e-310	0	0	0	6.25807e-310	1
16.15	3	1.73205	2.02585e-310	0	0	0	2.02585e-310	1
16.17	3	1.73205	2.11732e-311	0	0	0	2.11732e-311	1
16.19	2	1.41421	2.20508e-312	0	0	0	2.20508e-312	1
16.2	1	1	7.10664e-313	0	0	0	7.10664e-313	1
16.22	3	1.73205	7.36185e-314	0	0	0	7.36185e-314	1
16.23	4	2	2.3663e-314	0	0	0	2.3663e-314	1
16.25	1	1	2.43826e-315	0	0	0	2.43826e-315	1
16.27	4	2	2.50349e-316	0	0	0	2.50349e-316	1
16.28	1	1	8.01125e-317	0	0	0	8.01125e-317	1
16.3	3	1.73205	8.18178e-318	0	0	0	8.18178e-318	1
16.31	1	1	2.61121e-318	0	0	0	2.61121e-318	1
16.33	2	1.41421	2.65111e-319	0	0	0	2.65111e-319	1
16.34	2	1.41421	8.43518e-320	0	0	0	8.43518e-320	1
16.36	0	1	8.32501e-321	0	0	0	8.32501e-321	1
16.38	2	1.41421	6.57107e-322	0	0	0	6.57107e-322	1
16.39	2	1.41421	2.17389e-322	0	0	0	2.17389e-322	1
16.41	3	1.73205	0	0	0	0	0	1
16.42	3	1.73205	0	0	0	0	0	1
16.44	0	1	0	0	0	0	0	1
16.46	5	2.23607	0	0	0	0	0	1
16.47	1	1	0	0	0	0	0	1
16.49	1	1	0	0	0	0	0	1
16.5	2	1.41421	0	0	0	0	0	1
16.52	0	1	0	0	0	0	0	1
16.53	2	1.41421	0	0	0	0	0	1
16.55	4	2	0	0	0	0	0	1
16.57	1	1	0	0	0	0	0	1
16.58	1	1	0	0	0	0	0	1
16.6	2	1.41421	0	0	0	0	0	1
16.61	2	1.41421	0	0	0	0	0	1
16.63	2	1.41421	0	0	0	0	0	1
16.65	2	1.41421	0	0	0	0	0	1
16.66	1	1	0	0	0	0	0	1
16.68	1	1	0	0	0	0	0	1
16.69	1	1	0	0	0	0	0	1
16.71	1	1	0	0	0	0	0	1
16.72	3	1.73205	0	0	0	0	0	1
16.74	3	1.73205	0	0	0	0	0	1
16.76	0	1	0	0	0	0	0	1
16.77	2	1.41421	0	0	0	0	0	1
16.79	2	1.41421	0	0	0	0	0	1
16.8	5	2.23607	0	0	0	0	0	1
16.82	6	2.44949	0	0	0	0	0	1
16.83	1	1	0	0	0	0	0	1
16.85	3	1.73205	0	0	0	0	0	1
16.87	2	1.41421	0	0	0	0	0	1
16.88	5	2.23607	0	0	0	0	0	1
16.9	2	1.41421	0	0	0	0	0	1
16.91	1	1	0	0	0	0	0	1
16.93	1	1	0	0	0	0	0	1
16.95	2	1.41421	0	0	0	0	0	1
16.96	4	2	0	0	0	0	0	1
16.98	0	1	0	0	0	0	0	1
16.99	3	1.73205	0	0	0	0	0	1
17.01	3	1.73205	0	0	0	0	0	1
17.02	0	1	0	0	0	0	0	1
17.04	1	1	0	0	0	0	0	1
17.06	1	1	0	0	0	0	0	1
17.07	3	1.73205	0	0	0	0	0	1
17.09	2	1.41421	0	0	0	0	0	1
17.1	2	1.41421	0	0	0	0	0	1
17.12	2	1.41421	0	0	0	0	0	1
17.14	1	1	0	0	0	0	0	1
17.15	0	1	0	0	0	0	0	1
17.17	0	1	0	0	0	0	0	1
17.18	4	2	0	0	0	0	0	1
17.2	1	1	0	0	0	0	0	1
17.21	4	2	0	0	0	0	0	1
17.23	0	1	0	0	0	0	0	1
17.25	2	1.41421	0	0	0	0	0	1
17.26	2	1.41421	0	0	0	0	0	1
17.28	2	1.41421	0	0	0	0	0	1
17.29	3	1.73205	0	0	0	0	0	1
17.31	1	1	0	0	0	0	0	1
17.33	2	1.41421	0	0	0	0	0	1
17.34	0	1	0	0	0	0	0	1
17.36	2	1.41421	0	0	0	0	0	1
17.37	5	2.23607	0	0	0	0	0	1
17.39	1	1	0	0	0	0	0	1
17.4	1	1	0	0	0	0	0	1
17.42	1	1	0	0	0	0	0	1
17.44	2	1.41421	0	0	0	0	0	1
17.45	0	1	0	0	0	0	0	1
17.47	2	1.41421	0	0	0	0	0	1
17.48	1	1	0	0	0	0	0	1
17.5	4	2	0	0	0	0	0	1
17.52	4	2	0	0	0	0	0	1
17.53	4	2	0	0	0	0	0	1
17.55	0	1	0	0	0	0	0	1
17.56	1	1	0	0	0	0	0	1
17.58	2	1.41421	0	0	0	0	0	1
17.59	0	1	0	0	0	0	0	1
17.61	0	1	0	0	0	0	0	1
17.63	2	1.41421	0	0	0	0	0	1
17.64	0	1	0	0	0	0	0	1
17.66	2	1.41421	0	0	0	0	0	1
17.67	2	1.41421	0	0	0	0	0	1
17.69	3	1.73205	0	0	0	0	0	1
17.71	4	2	0	0	0	0	0	1
17.72	0	1	0	0	0	0	0	1
17.74	3	1.73205	0	0	0	0	0	1
17.75	1	1	0	0	0	0	0	1
17.77	1	1	0	0	0	0	0	1
17.78	3	1.73205	0	0	0	0	0	1
17.8	4	2	0	0	0	0	0	1
17.82	3	1.73205	0	0	0	0	0	1
17.83	2	1.41421	0	0	0	0	0	1
17.85	4	2	0	0	0	0	0	1
17.86	2	1.41421	0	0	0	0	0	1
17.88	0	1	0	0	0	0	0	1
17.89	3	1.73205	0	0	0	0	0	1
17.91	4	2	0	0	0	0	0	1
17.93	2	1.41421	0	0	0	0	0	1
17.94	2	1.41421	0	0	0	0	0	1
17.96	5	2.23607	0	0	0	0	0	1
17.97	1	1	0	0	0	0	0	1
17.99	2	1.41421	0	0	0	0	0	1
18.01	2	1.41421	0	0	0	0	0	1
18.02	3	1.73205	0	0	0	0	0	1
18.04	2	1.41421	0	0	0	0	0	1
18.05	0	1	0	0	0	0	0	1
18.07	2	1.41421	0	0	0	0	0	1
18.08	1	1	0	0	0	0	0	1
18.1	1	1	0	0	0	0	0	1
18.12	2	1.41421	0	0	0	0	0	1
18.13	3	1.73205	0	0	0	0	0	1
18.15	5	2.23607	0	0	0	0	0	1
18.16	1	1	0	0	0	0	0	1
18.18	2	1.41421	0	0	0	0	0	1
18.2	4	2	0	0	0	0	0	1
18.21	1	1	0	0	0	0	0	1
18.23	6	2.44949	0	0	0	0	0	1
18.24	3	1.73205	0	0	0	0	0	1
18.26	3	1.73205	0	0	0	0	0	1
18.27	1	1	0	0	0	0	0	1
18.29	1	1	0	0	0	0	0	1
18.31	3	1.73205	0	0	0	0	0	1
18.32	1	1	0	0	0	0	0	1
18.34	2	1.41421	0	0	0	0	0	1
18.35	1	1	0	0	0	0	0	1
18.37	2	1.41421	0	0	0	0	0	1
18.39	1	1	0	0	0	0	0	1
18.4	1	1	0	0	0	0	0	1
18.42	0	1	0	0	0	0	0	1
18.43	2	1.41421	0	0	0	0	0	1
18.45	1	1	0	0	0	0	0	1
18.46	4	2	0	0	0	0	0	1
18.48	3	1.73205	0	0	0	0	0	1
18.5	4	2	0	0	0	0	0	1
18.51	2	1.41421	0	0	0	0	0	1
18.53	3	1.73205	0	0	0	0	0	1
18.54	1	1	0	0	0	0	0	1
18.56	5	2.23607	0	0	0	0	0	1
18.58	2	1.41421	0	0	0	0	0	1
18.59	0	1	0	0	0	0	0	1
18.61	4	2	0	0	0	0	0	1
18.62	1	1	0	0	0	0	0	1
18.64	0	1	0	0	0	0	0	1
18.65	2	1.41421	0	0	0	0	0	1
18.67	2	1.41421	0	0	0	0	0	1
18.69	0	1	0	0	0	0	0	1
18.7	2	1.41421	0	0	0	0	0	1
18.72	2	1.41421	0	0	0	0	0	1
18.73	3	1.73205	0	0	0	0	0	1
18.75	6	2.44949	0	0	0	0	0	1
18.77	1	1	0	0	0	0	0	1
18.78	0	1	0	0	0	0	0	1
18.8	2	1.41421	0	0	0	0	0	1
18.81	1	1	0	0	0	0	0	1
18.83	1	1	0	0	0	0	0	1
18.84	3	1.73205	0	0	0	0	0	1
18.86	2	1.41421	0	0	0	0	0	1
18.88	5	2.23607	0	0	0	0	0	1
18.89	3	1.73205	0	0	0	0	0	1
18.91	2	1.41421	0	0	0	0	0	1
18.92	4	2	0	0	0	0	0	1
18.94	2	1.41421	0	0	0	0	0	1
18.95	1	1	0	0	0	0	0	1
18.97	1	1	0	0	0	0	0	1
18.99	0	1	0	0	0	0	0	1
19	1	1	0	0	0	0	0	1
19.02	2	1.41421	0	0	0	0	0	1
19.03	1	1	0	0	0	0	0	1
19.05	2	1.41421	0	0	0	0	0	1
19.07	3	1.73205	0	0	0	0	0	1
19.08	1	1	0	0	0	0	0	1
19.1	0	1	0	0	0	0	0	1
19.11	2	1.41421	0	0	0	0	0	1
19.13	1	1	0	0	0	0	0	1
19.14	2	1.41421	0	0	0	0	0	1
19.16	0	1	0	0	0	0	0	1
19.18	3	1.73205	0	0	0	0	0	1
19.19	1	1	0	0	0	0	0	1
19.21	4	2	0	0	0	0	0	1
19.22	1	1	0	0	0	0	0	1
19.24	3	1.73205	0	0	0	0	0	1
19.26	6	2.44949	0	0	0	0	0	1
19.27	1	1	0	0	0	0	0	1
19.29	0	1	0	0	0	0	0	1
19.3	3	1.73205	0	0	0	0	0	1
19.32	1	1	0	0	0	0	0	1
19.33	1	1	0	0	0	0	0	1
19.35	2	1.41421	0	0	0	0	0	1
19.37	1	1	0	0	0	0	0	1
19.38	0	1	0	0	0	0	0	1
19.4	0	1	0	0	0	0	0	1
19.41	3	1.73205	0	0	0	0	0	1
19.43	3	1.73205	0	0	0	0	0	1
19.45	4	2	0	0	0	0	0	1
19.46	1	1	0	0	0	0	0	1
19.48	1	1	0	0	0	0	0	1
19.49	4	2	0	0	0	0	0	1
19.51	3	1.73205	0	0	0	0	0	1
19.52	0	1	0	0	0	0	0	1
19.54	2	1.41421	0	0	0	0	0	1
19.56	1	1	0	0	0	0	0	1
19.57	2	1.41421	0	0	0	0	0	1
19.59	4	2	0	0	0	0	0	1
19.6	1	1	0	0	0	0	0	1
19.62	2	1.41421	0	0	0	0	0	1
19.64	2	1.41421	0	0	0	0	0	1
19.65	2	1.41421	0	0	0	0	0	1
19.67	0	1	0	0	0	0	0	1
19.68	2	1.41421	0	0	0	0	0	1
19.7	0	1	0	0	0	0	0	1
19.71	2	1.41421	0	0	0	0	0	1
19.73	1	1	0	0	0	0	0	1
19.75	1	1	0	0	0	0	0	1
19.76	1	1	0	0	0	0	0	1
19.78	0	1	0	0	0	0	0	1
19.79	1	1	0	0	0	0	0	1
19.81	3	1.73205	0	0	0	0	0	1
19.83	1	1	0	0	0	0	0	1
19.84	1	1	0	0	0	0	0	1
19.86	1	1	0	0	0	0	0	1
19.87	1	1	0	0	0	0	0	1
19.89	1	1	0	0	0	0	0	1
19.9	0	1	0	0	0	0	0	1
19.92	1	1	0	0	0	0	0	1
19.94	1	1	0	0	0	0	0	1
19.95	2	1.41421	0	0	0	0	0	1
19.97	2	1.41421	0	0	0	0	0	1
19.98	1	1	0	0	0	0	0	1
20	5	2.23607	0	0	0	0	0	1
20.02	0	1	0	0	0	0	0	1
20.03	5	2.23607	0	0	0	0	0	1
20.05	2	1.41421	0	0	0	0	0	1
20.06	0	1	0	0	0	0	0	1
20.08	4	2	0	0	0	0	0	1
20.09	1	1	0	0	0	0	0	1
20.11	1	1	0	0	0	0	0	1
20.13	3	1.73205	0	0	0	0	0	1
20.14	1	1	0	0	0	0	0	1
20.16	0	1	0	0	0	0	0	1
20.17	1	1	0	0	0	0	0	1
20.19	0	1	0	0	0	0	0	1
20.2	1	1	0	0	0	0	0	1
20.22	4	2	0	0	0	0	0	1
20.24	1	1	0	0	0	0	0	1
20.25	1	1	0	0	0	0	0	1
20.27	0	1	0	0	0	0	0	1
20.28	0	1	0	0	0	0	0	1
20.3	2	1.41421	0	0	0	0	0	1
20.32	3	1.73205	0	0	0	0	0	1
20.33	1	1	0	0	0	0	0	1
20.35	2	1.41421	0	0	0	0	0	1
20.36	2	1.41421	0	0	0	0	0	1
20.38	2	1.41421	0	0	0	0	0	1
20.39	2	1.41421	0	0	0	0	0	1
20.41	0	1	0	0	0	0	0	1
20.43	1	1	0	0	0	0	0	1
20.44	2	1.41421	0	0	0	0	0	1
20.46	1	1	0	0	0	0	0	1
20.47	1	1	0	0	0	0	0	1
20.49	2	1.41421	0	0	0	0	0	1
20.51	0	1	0	0	0	0	0	1
20.52	5	2.23607	0	0	0	0	0	1
20.54	0	1	0	0	0	0	0	1
20.55	0	1	0	0	0	0	0	1
20.57	1	1	0	0	0	0	0	1
20.58	2	1.41421	0	0	0	0	0	1
20.6	2	1.41421	0	0	0	0	0	1
20.62	1	1	0	0	0	0	0	1
20.63	2	1.41421	0	0	0	0	0	1
20.65	3	1.73205	0	0	0	0	0	1
20.66	0	1	0	0	0	0	0	1
20.68	1	1	0	0	0	0	0	1
20.7	1	1	0	0	0	0	0	1
20.71	1	1	0	0	0	0	0	1
20.73	3	1.73205	0	0	0	0	0	1
20.74	0	1	0	0	0	0	0	1
20.76	2	1.41421	0	0	0	0	0	1
20.77	1	1	0	0	0	0	0	1
20.79	0	1	0	0	0	0	0	1
20.81	1	1	0	0	0	0	0	1
20.82	6	2.44949	0	0	0	0	0	1
20.84	0	1	0	0	0	0	0	1
20.85	2	1.41421	0	0	0	0	0	1
20.87	2	1.41421	0	0	0	0	0	1
20.89	4	2	0	0	0	0	0	1
20.9	1	1	0	0	0	0	0	1
20.92	3	1.73205	0	0	0	0	0	1
20.93	0	1	0	0	0	0	0	1
20.95	2	1.41421	0	0	0	0	0	1
20.96	1	1	0	0	0	0	0	1
20.98	1	1	0	0	0	0	0	1
21	3	1.73205	0	0	0	0	0	1
21.01	1	1	0	0	0	0	0	1
21.03	0	1	0	0	0	0	0	1
21.04	2	1.41421	0	0	0	0	0	1
21.06	2	1.41421	0	0	0	0	0	1
21.08	2	1.41421	0	0	0	0	0	1
21.09	4	2	0	0	0	0	0	1
21.11	0	1	0	0	0	0	0	1
21.12	1	1	0	0	0	0	0	1
21.14	2	1.41421	0	0	0	0	0	1
21.15	1	1	0	0	0	0	0	1
21.17	3	1.73205	0	0	0	0	0	1
21.19	1	1	0	0	0	0	0	1
21.2	1	1	0	0	0	0	0	1
21.22	3	1.73205	0	0	0	0	0	1
21.23	5	2.23607	0	0	0	0	0	1
21.25	0	1	0	0	0	0	0	1
21.26	1	1	0	0	0	0	0	1
21.28	1	1	0	0	0	0	0	1
21.3	2	1.41421	0	0	0	0	0	1
21.31	1	1	0	0	0	0	0	1
21.33	0	1	0	0	0	0	0	1
21.34	1	1	0	0	0	0	0	1
21.36	1	1	0	0	0	0	0	1
21.38	0	1	0	0	0	0	0	1
21.39	2	1.41421	0	0	0	0	0	1
21.41	2	1.41421	0	0	0	0	0	1
21.42	3	1.73205	0	0	0	0	0	1
21.44	3	1.73205	0	0	0	0	0	1
21.45	1	1	0	0	0	0	0	1
21.47	1	1	0	0	0	0	0	1
21.49	1	1	0	0	0	0	0	1
21.5	0	1	0	0	0	0	0	1
21.52	3	1.73205	0	0	0	0	0	1
21.53	1	1	0	0	0	0	0	1
21.55	1	1	0	0	0	0	0	1
21.57	2	1.41421	0	0	0	0	0	1
21.58	0	1	0	0	0	0	0	1
21.6	2	1.41421	0	0	0	0	0	1
21.61	2	1.41421	0	0	0	0	0	1
21.63	0	1	0	0	0	0	0	1
21.64	3	1.73205	0	0	0	0	0	1
21.66	0	1	0	0	0	0	0	1
21.68	1	1	0	0	0	0	0	1
21.69	1	1	0	0	0	0	0	1
21.71	0	1	0	0	0	0	0	1
21.72	1	1	0	0	0	0	0	1
21.74	3	1.73205	0	0	0	0	0	1
21.76	2	1.41421	0	0	0	0	0	1
21.77	0	1	0	0	0	0	0	1
21.79	1	1	0	0	0	0	0	1
21.8	2	1.41421	0	0	0	0	0	1
21.82	0	1	0	0	0	0	0	1
21.83	0	1	0	0	0	0	0	1
21.85	1	1	0	0	0	0	0	1
21.87	2	1.41421	0	0	0	0	0	1
21.88	0	1	0	0	0	0	0	1
21.9	2	1.41421	0	0	0	0	0	1
21.91	2	1.41421	0	0	0	0	0	1
21.93	1	1	0	0	0	0	0	1
21.95	4	2	0	0	0	0	0	1
21.96	1	1	0	0	0	0	0	1
21.98	1	1	0	0	0	0	0	1
21.99	0	1	0	0	0	0	0	1
22.01	1	1	0	0	0	0	0	1
22.02	3	1.73205	0	0	0	0	0	1
22.04	3	1.73205	0	0	0	0	0	1
22.06	0	1	0	0	0	0	0	1
22.07	2	1.41421	0	0	0	0	0	1
22.09	2	1.41421	0	0	0	0	0	1
22.1	1	1	0	0	0	0	0	1
22.12	2	1.41421	0	0	0	0	0	1
22.14	0	1	0	0	0	0	0	1
22.15	2	1.41421	0	0	0	0	0	1
22.17	2	1.41421	0	0	0	0	0	1
22.18	3	1.73205	0	0	0	0	0	1
22.2	0	1	0	0	0	0	0	1
22.21	2	1.41421	0	0	0	0	0	1
22.23	1	1	0	0	0	0	0	1
22.25	4	2	0	0	0	0	0	1
22.26	2	1.41421	0	0	0	0	0	1
22.28	2	1.41421	0	0	0	0	0	1
22.29	0	1	0	0	0	0	0	1
22.31	0	1	0	0	0	0	0	1
22.32	4	2	0	0	0	0	0	1
22.34	1	1	0	0	0	0	0	1
22.36	2	1.41421	0	0	0	0	0	1
22.37	0	1	0	0	0	0	0	1
22.39	0	1	0	0	0	0	0	1
22.4	2	1.41421	0	0	0	0	0	1
22.42	0	1	0	0	0	0	0	1
22.44	0	1	0	0	0	0	0	1
22.45	0	1	0	0	0	0	0	1
22.47	2	1.41421	0	0	0	0	0	1
22.48	1	1	0	0	0	0	0	1
22.5	1	1	0	0	0	0	0	1
22.51	0	1	0	0	0	0	0	1
22.53	1	1	0	0	0	0	0	1
22.55	0	1	0	0	0	0	0	1
22.56	0	1	0	0	0	0	0	1
22.58	2	1.41421	0	0	0	0	0	1
22.59	1	1	0	0	0	0	0	1
22.61	1	1	0	0	0	0	0	1
22.63	0	1	0	0	0	0	0	1
22.64	0	1	0	0	0	0	0	1
22.66	2	1.41421	0	0	0	0	0	1
22.67	1	1	0	0	0	0	0	1
22.69	0	1	0	0	0	0	0	1
22.7	0	1	0	0	0	0	0	1
22.72	0	1	0	0	0	0	0	1
22.74	0	1	0	0	0	0	0	1
22.75	3	1.73205	0	0	0	0	0	1
22.77	0	1	0	0	0	0	0	1
22.78	0	1	0	0	0	0	0	1
22.8	0	1	0	0	0	0	0	1
22.82	2	1.41421	0	0	0	0	0	1
22.83	2	1.41421	0	0	0	0	0	1
22.85	1	1	0	0	0	0	0	1
22.86	3	1.73205	0	0	0	0	0	1
22.88	0	1	0	0	0	0	0	1
22.89	1	1	0	0	0	0	0	1
22.91	2	1.41421	0	0	0	0	0	1
22.93	0	1	0	0	0	0	0	1
22.94	2	1.41421	0	0	0	0	0	1
22.96	0	1	0	0	0	0	0	1
22.97	1	1	0	0	0	0	0	1
22.99	0	1	0	0	0	0	0	1
23.01	1	1	0	0	0	0	0	1
23.02	1	1	0	0	0	0	0	1
23.04	1	1	0	0	0	0	0	1
23.05	0	1	0	0	0	0	0	1
23.07	2	1.41421	0	0	0	0	0	1
23.08	0	1	0	0	0	0	0	1
23.1	0	1	0	0	0	0	0	1
23.12	0	1	0	0	0	0	0	1
23.13	3	1.73205	0	0	0	0	0	1
23.15	0	1	0	0	0	0	0	1
23.16	0	1	0	0	0	0	0	1
23.18	1	1	0	0	0	0	0	1
23.2	0	1	0	0	0	0	0	1
23.21	0	1	0	0	0	0	0	1
23.23	0	1	0	0	0	0	0	1
23.24	0	1	0	0	0	0	0	1
23.26	0	1	0	0	0	0	0	1
23.27	1	1	0	0	0	0	0	1
23.29	1	1	0	0	0	0	0	1
23.31	0	1	0	0	0	0	0	1
23.32	0	1	0	0	0	0	0	1
23.34	0	1	0	0	0	0	0	1
23.35	2	1.41421	0	0	0	0	0	1
23.37	0	1	0	0	0	0	0	1
23.38	3	1.73205	0	0	0	0	0	1
23.4	1	1	0	0	0	0	0	1
23.42	2	1.41421	0	0	0	0	0	1
23.43	1	1	0	0	0	0	0	1
23.45	0	1	0	0	0	0	0	1
23.46	0	1	0	0	0	0	0	1
23.48	0	1	0	0	0	0	0	1
23.5	1	1	0	0	0	0	0	1
23.51	2	1.41421	0	0	0	0	0	1
23.53	2	1.41421	0	0	0	0	0	1
23.54	1	1	0	0	0	0	0	1
23.56	0	1	0	0	0	0	0	1
23.57	0	1	0	0	0	0	0	1
23.59	1	1	0	0	0	0	0	1
23.61	2	1.41421	0	0	0	0	0	1
23.62	1	1	0	0	0	0	0	1
23.64	0	1	0	0	0	0	0	1
23.65	1	1	0	0	0	0	0	1
23.67	0	1	0	0	0	0	0	1
23.69	2	1.41421	0	0	0	0	0	1
23.7	0	1	0	0	0	0	0	1
23.72	2	1.41421	0	0	0	0	0	1
23.73	0	1	0	0	0	0	0	1
23.75	1	1	0	0	0	0	0	1
23.76	3	1.73205	0	0	0	0	0	1
23.78	1	1	0	0	0	0	0	1
23.8	2	1.41421	0	0	0	0	0	1
23.81	0	1	0	0	0	0	0	1
23.83	0	1	0	0	0	0	0	1
23.84	0	1	0	0	0	0	0	1
23.86	0	1	0	0	0	0	0	1
23.88	0	1	0	0	0	0	0	1
23.89	1	1	0	0	0	0	0	1
23.91	1	1	0	0	0	0	0	1
23.92	0	1	0	0	0	0	0	1
23.94	3	1.73205	0	0	0	0	0	1
23.95	0	1	0	0	0	0	0	1
23.97	2	1.41421	0	0	0	0	0	1
23.99	0	1	0	0	0	0	0	1
24	1	1	0	0	0	0	0	1
24.02	0	1	0	0	0	0	0	1
24.03	1	1	0	0	0	0	0	1
24.05	0	1	0	0	0	0	0	1
24.07	0	1	0	0	0	0	0	1
24.08	0	1	0	0	0	0	0	1
24.1	0	1	0	0	0	0	0	1
24.11	0	1	0	0	0	0	0	1
24.13	2	1.41421	0	0	0	0	0	1
24.14	1	1	0	0	0	0	0	1
24.16	2	1.41421	0	0	0	0	0	1
24.18	0	1	0	0	0	0	0	1
24.19	1	1	0	0	0	0	0	1
24.21	1	1	0	0	0	0	0	1
24.22	0	1	0	0	0	0	0	1
24.24	1	1	0	0	0	0	0	1
24.26	0	1	0	0	0	0	0	1
24.27	0	1	0	0	0	0	0	1
24.29	0	1	0	0	0	0	0	1
24.3	1	1	0	0	0	0	0	1
24.32	3	1.73205	0	0	0	0	0	1
24.33	4	2	0	0	0	0	0	1
24.35	2	1.41421	0	0	0	0	0	1
24.37	1	1	0	0	0	0	0	1
24.38	0	1	0	0	0	0	0	1
24.4	1	1	0	0	0	0	0	1
24.41	2	1.41421	0	0	0	0	0	1
24.43	0	1	0	0	0	0	0	1
24.45	0	1	0	0	0	0	0	1
24.46	5	2.23607	0	0	0	0	0	1
24.48	0	1	0	0	0	0	0	1
24.49	0	1	0	0	0	0	0	1
24.51	0	1	0	0	0	0	0	1
24.52	2	1.41421	0	0	0	0	0	1
24.54	1	1	0	0	0	0	0	1
24.56	2	1.41421	0	0	0	0	0	1
24.57	1	1	0	0	0	0	0	1
24.59	1	1	0	0	0	0	0	1
24.6	0	1	0	0	0	0	0	1
24.62	1	1	0	0	0	0	0	1
24.63	1	1	0	0	0	0	0	1
24.65	1	1	0	0	0	0	0	1
24.67	3	1.73205	0	0	0	0	0	1
24.68	0	1	0	0	0	0	0	1
24.7	0	1	0	0	0	0	0	1
24.71	2	1.41421	0	0	0	0	0	1
24.73	4	2	0	0	0	0	0	1
24.75	1	1	0	0	0	0	0	1
24.76	0	1	0	0	0	0	0	1
24.78	0	1	0	0	0	0	0	1
24.79	0	1	0	0	0	0	0	1
24.81	1	1	0	0	0	0	0	1
24.82	1	1	0	0	0	0	0	1
24.84	0	1	0	0	0	0	0	1
24.86	0	1	0	0	0	0	0	1
24.87	1	1	0	0	0	0	0	1
24.89	1	1	0	0	0	0	0	1
24.9	0	1	0	0	0	0	0	1
24.92	1	1	0	0	0	0	0	1
24.94	1	1	0	0	0	0	0	1
24.95	0	1	0	0	0	0	0	1
24.97	2	1.41421	0	0	0	0	0	1
24.98	1	1	0	0	0	0	0	1
25	1	1	0	0	0	0	0	1
25.01	0	1	0	0	0	0	0	1
25.03	2	1.41421	0	0	0	0	0	1
25.05	0	1	0	0	0	0	0	1
25.06	0	1	0	0	0	0	0	1
25.08	0	1	0	0	0	0	0	1
25.09	1	1	0	0	0	0	0	1
25.11	0	1	0	0	0	0	0	1
25.13	1	1	0	0	0	0	0	1
25.14	0	1	0	0	0	0	0	1
25.16	0	1	0	0	0	0	0	1
25.17	1	1	0	0	0	0	0	1
25.19	0	1	0	0	0	0	0	1
25.2	1	1	0	0	0	0	0	1
25.22	1	1	0	0	0	0	0	1
25.24	3	1.73205	0	0	0	0	0	1
25.25	1	1	0	0	0	0	0	1
25.27	0	1	0	0	0	0	0	1
25.28	2	1.41421	0	0	0	0	0	1
25.3	0	1	0	0	0	0	0	1
25.32	0	1	0	0	0	0	0	1
25.33	0	1	0	0	0	0	0	1
25.35	3	1.73205	0	0	0	0	0	1
25.36	0	1	0	0	0	0	0	1
25.38	1	1	0	0	0	0	0	1
25.39	0	1	0	0	0	0	0	1
25.41	1	1	0	0	0	0	0	1
25.43	1	1	0	0	0	0	0	1
25.44	0	1	0	0	0	0	0	1
25.46	1	1	0	0	0	0	0	1
25.47	0	1	0	0	0	0	0	1
25.49	0	1	0	0	0	0	0	1
25.51	2	1.41421	0	0	0	0	0	1
25.52	2	1.41421	0	0	0	0	0	1
25.54	0	1	0	0	0	0	0	1
25.55	1	1	0	0	0	0	0	1
25.57	1	1	0	0	0	0	0	1
25.58	1	1	0	0	0	0	0	1
25.6	1	1	0	0	0	0	0	1
25.62	0	1	0	0	0	0	0	1
25.63	0	1	0	0	0	0	0	1
25.65	0	1	0	0	0	0	0	1
25.66	2	1.41421	0	0	0	0	0	1
25.68	0	1	0	0	0	0	0	1
25.69	1	1	0	0	0	0	0	1
25.71	0	1	0	0	0	0	0	1
25.73	0	1	0	0	0	0	0	1
25.74	0	1	0	0	0	0	0	1
25.76	2	1.41421	0	0	0	0	0	1
25.77	0	1	0	0	0	0	0	1
25.79	1	1	0	0	0	0	0	1
25.81	0	1	0	0	0	0	0	1
25.82	0	1	0	0	0	0	0	1
25.84	0	1	0	0	0	0	0	1
25.85	1	1	0	0	0	0	0	1
25.87	1	1	0	0	0	0	0	1
25.88	1	1	0	0	0	0	0	1
25.9	2	1.41421	0	0	0	0	0	1
25.92	0	1	0	0	0	0	0	1
25.93	0	1	0	0	0	0	0	1
25.95	1	1	0	0	0	0	0	1
25.96	0	1	0	0	0	0	0	1
25.98	2	1.41421	0	0	0	0	0	1
26	0	1	0	0	0	0	0	1
26.01	1	1	0	0	0	0	0	1
26.03	0	1	0	0	0	0	0	1
26.04	0	1	0	0	0	0	0	1
26.06	2	1.41421	0	0	0	0	0	1
26.07	1	1	0	0	0	0	0	1
26.09	0	1	0	0	0	0	0	1
26.11	0	1	0	0	0	0	0	1
26.12	0	1	0	0	0	0	0	1
26.14	0	1	0	0	0	0	0	1
26.15	0	1	0	0	0	0	0	1
26.17	0	1	0	0	0	0	0	1
26.19	1	1	0	0	0	0	0	1
26.2	2	1.41421	0	0	0	0	0	1
26.22	1	1	0	0	0	0	0	1
26.23	1	1	0	0	0	0	0	1
26.25	3	1.73205	0	0	0	0	0	1
26.26	0	1	0	0	0	0	0	1
26.28	1	1	0	0	0	0	0	1
26.3	2	1.41421	0	0	0	0	0	1
26.31	1	1	0	0	0	0	0	1
26.33	0	1	0	0	0	0	0	1
26.34	0	1	0	0	0	0	0	1
26.36	0	1	0	0	0	0	0	1
26.38	1	1	0	0	0	0	0	1
26.39	0	1	0	0	0	0	0	1
26.41	0	1	0	0	0	0	0	1
26.42	2	1.41421	0	0	0	0	0	1
26.44	1	1	0	0	0	0	0	1
26.45	0	1	0	0	0	0	0	1
26.47	0	1	0	0	0	0	0	1
26.49	2	1.41421	0	0	0	0	0	1
26.5	1	1	0	0	0	0	0	1
26.52	0	1	0	0	0	0	0	1
26.53	0	1	0	0	0	0	0	1
26.55	0	1	0	0	0	0	0	1
26.57	1	1	0	0	0	0	0	1
26.58	1	1	0	0	0	0	0	1
26.6	0	1	0	0	0	0	0	1
26.61	0	1	0	0	0	0	0	1
26.63	0	1	0	0	0	0	0	1
26.64	0	1	0	0	0	0	0	1
26.66	1	1	0	0	0	0	0	1
26.68	0	1	0	0	0	0	0	1
26.69	0	1	0	0	0	0	0	1
26.71	1	1	0	0	0	0	0	1
26.72	0	1	0	0	0	0	0	1
26.74	0	1	0	0	0	0	0	1
26.75	1	1	0	0	0	0	0	1
26.77	0	1	0	0	0	0	0	1
26.79	1	1	0	0	0	0	0	1
26.8	1	1	0	0	0	0	0	1
26.82	0	1	0	0	0	0	0	1
26.83	1	1	0	0	0	0	0	1
26.85	1	1	0	0	0	0	0	1
26.87	0	1	0	0	0	0	0	1
26.88	0	1	0	0	0	0	0	1
26.9	0	1	0	0	0	0	0	1
26.91	1	1	0	0	0	0	0	1
26.93	1	1	0	0	0	0	0	1
26.94	1	1	0	0	0	0	0	1
26.96	1	1	0	0	0	0	0	1
26.98	3	1.73205	0	0	0	0	0	1
26.99	1	1	0	0	0	0	0	1
27.01	0	1	0	0	0	0	0	1
27.02	0	1	0	0	0	0	0	1
27.04	1	1	0	0	0	0	0	1
27.06	1	1	0	0	0	0	0	1
27.07	0	1	0	0	0	0	0	1
27.09	1	1	0	0	0	0	0	1
27.1	0	1	0	0	0	0	0	1
27.12	0	1	0	0	0	0	0	1
27.13	1	1	0	0	0	0	0	1
27.15	0	1	0	0	0	0	0	1
27.17	1	1	0	0	0	0	0	1
27.18	0	1	0	0	0	0	0	1
27.2	1	1	0	0	0	0	0	1
27.21	0	1	0	0	0	0	0	1
27.23	0	1	0	0	0	0	0	1
27.25	0	1	0	0	0	0	0	1
27.26	0	1	0	0	0	0	0	1
27.28	0	1	0	0	0	0	0	1
27.29	0	1	0	0	0	0	0	1
27.31	0	1	0	0	0	0	0	1
27.32	0	1	0	0	0	0	0	1
27.34	0	1	0	0	0	0	0	1
27.36	0	1	0	0	0	0	0	1
27.37	0	1	0	0	0	0	0	1
27.39	0	1	0	0	0	0	0	1
27.4	1	1	0	0	0	0	0	1
27.42	0	1	0	0	0	0	0	1
27.44	0	1	0	0	0	0	0	1
27.45	0	1	0	0	0	0	0	1
27.47	0	1	0	0	0	0	0	1
27.48	0	1	0	0	0	0	0	1
27.5	0	1	0	0	0	0	0	1
27.51	0	1	0	0	0	0	0	1
27.53	1	1	0	0	0	0	0	1
27.55	0	1	0	0	0	0	0	1
27.56	0	1	0	0	0	0	0	1
27.58	0	1	0	0	0	0	0	1
27.59	0	1	0	0	0	0	0	1
27.61	0	1	0	0	0	0	0	1
27.63	0	1	0	0	0	0	0	1
27.64	0	1	0	0	0	0	0	1
27.66	0	1	0	0	0	0	0	1
27.67	0	1	0	0	0	0	0	1
27.69	0	1	0	0	0	0	0	1
27.7	0	1	0	0	0	0	0	1
27.72	0	1	0	0	0	0	0	1
27.74	1	1	0	0	0	0	0	1
27.75	0	1	0	0	0	0	0	1
27.77	0	1	0	0	0	0	0	1
27.78	0	1	0	0	0	0	0	1
27.8	0	1	0	0	0	0	0	1
27.81	1	1	0	0	0	0	0	1
27.83	0	1	0	0	0	0	0	1
27.85	0	1	0	0	0	0	0	1
27.86	0	1	0	0	0	0	0	1
27.88	0	1	0	0	0	0	0	1
27.89	0	1	0	0	0	0	0	1
27.91	0	1	0	0	0	0	0	1
27.93	1	1	0	0	0	0	0	1
27.94	0	1	0	0	0	0	0	1
27.96	0	1	0	0	0	0	0	1
27.97	0	1	0	0	0	0	0	1
27.99	0	1	0	0	0	0	0	1
28	0	1	0	0	0	0	0	1
28.02	0	1	0	0	0	0	0	1
28.04	0	1	0	0	0	0	0	1
28.05	0	1	0	0	0	0	0	1
28.07	1	1	0	0	0	0	0	1
28.08	1	1	0	0	0	0	0	1
28.1	0	1	0	0	0	0	0	1
28.12	0	1	0	0	0	0	0	1
28.13	0	1	0	0	0	0	0	1
28.15	0	1	0	0	0	0	0	1
28.16	0	1	0	0	0	0	0	1
28.18	0	1	0	0	0	0	0	1
28.19	1	1	0	0	0	0	0	1
28.21	0	1	0	0	0	0	0	1
28.23	0	1	0	0	0	0	0	1
28.24	0	1	0	0	0	0	0	1
28.26	1	1	0	0	0	0	0	1
28.27	1	1	0	0	0	0	0	1
28.29	1	1	0	0	0	0	0	1
28.31	0	1	0	0	0	0	0	1
28.32	0	1	0	0	0	0	0	1
28.34	0	1	0	0	0	0	0	1
28.35	1	1	0	0	0	0	0	1
28.37	2	1.41421	0	0	0	0	0	1
28.38	0	1	0	0	0	0	0	1
28.4	1	1	0	0	0	0	0	1
28.42	0	1	0	0	0	0	0	1
28.43	0	1	0	0	0	0	0	1
28.45	0	1	0	0	0	0	0	1
28.46	0	1	0	0	0	0	0	1
28.48	1	1	0	0	0	0	0	1
28.5	0	1	0	0	0	0	0	1
28.51	0	1	0	0	0	0	0	1
28.53	0	1	0	0	0	0	0	1
28.54	0	1	0	0	0	0	0	1
28.56	0	1	0	0	0	0	0	1
28.57	0	1	0	0	0	0	0	1
28.59	0	1	0	0	0	0	0	1
28.61	1	1	0	0	0	0	0	1
28.62	0	1	0	0	0	0	0	1
28.64	1	1	0	0	0	0	0	1
28.65	0	1	0	0	0	0	0	1
28.67	1	1	0	0	0	0	0	1
28.69	0	1	0	0	0	0	0	1
28.7	0	1	0	0	0	0	0	1
28.72	0	1	0	0	0	0	0	1
28.73	0	1	0	0	0	0	0	1
28.75	0	1	0	0	0	0	0	1
28.76	0	1	0	0	0	0	0	1
28.78	0	1	0	0	0	0	0	1
28.8	0	1	0	0	0	0	0	1
28.81	0	1	0	0	0	0	0	1
28.83	0	1	0	0	0	0	0	1
28.84	0	1	0	0	0	0	0	1
28.86	1	1	0	0	0	0	0	1
28.88	0	1	0	0	0	0	0	1
28.89	0	1	0	0	0	0	0	1
28.91	1	1	0	0	0	0	0	1
28.92	0	1	0	0	0	0	0	1
28.94	0	1	0	0	0	0	0	1
28.95	0	1	0	0	0	0	0	1
28.97	2	1.41421	0	0	0	0	0	1
28.99	0	1	0	0	0	0	0	1
29	1	1	0	0	0	0	0	1
29.02	0	1	0	0	0	0	0	1
29.03	0	1	0	0	0	0	0	1
29.05	0	1	0	0	0	0	0	1
29.06	0	1	0	0	0	0	0	1
29.08	0	1	0	0	0	0	0	1
29.1	0	1	0	0	0	0	0	1
29.11	0	1	0	0	0	0	0	1
29.13	0	1	0	0	0	0	0	1
29.14	0	1	0	0	0	0	0	1
29.16	0	1	0	0	0	0	0	1
29.18	0	1	0	0	0	0	0	1
29.19	0	1	0	0	0	0	0	1
29.21	1	1	0	0	0	0	0	1
29.22	0	1	0	0	0	0	0	1
29.24	0	1	0	0	0	0	0	1
29.25	0	1	0	0	0	0	0	1
29.27	0	1	0	0	0	0	0	1
29.29	2	1.41421	0	0	0	0	0	1
29.3	0	1	0	0	0	0	0	1
29.32	0	1	0	0	0	0	0	1
29.33	0	1	0	0	0	0	0	1
29.35	0	1	0	0	0	0	0	1
29.37	2	1.41421	0	0	0	0	0	1
29.38	0	1	0	0	0	0	0	1
29.4	0	1	0	0	0	0	0	1
29.41	0	1	0	0	0	0	0	1
29.43	0	1	0	0	0	0	0	1
29.44	1	1	0	0	0	0	0	1
29.46	0	1	0	0	0	0	0	1
29.48	0	1	0	0	0	0	0	1
29.49	1	1	0	0	0	0	0	1
29.51	0	1	0	0	0	0	0	1
29.52	0	1	0	0	0	0	0	1
29.54	0	1	0	0	0	0	0	1
29.56	0	1	0	0	0	0	0	1
29.57	0	1	0	0	0	0	0	1
29.59	0	1	0	0	0	0	0	1
29.6	0	1	0	0	0	0	0	1
29.62	0	1	0	0	0	0	0	1
29.63	1	1	0	0	0	0	0	1
29.65	0	1	0	0	0	0	0	1
29.67	0	1	0	0	0	0	0	1
29.68	0	1	0	0	0	0	0	1
29.7	0	1	0	0	0	0	0	1
29.71	0	1	0	0	0	0	0	1
29.73	1	1	0	0	0	0	0	1
29.75	0	1	0	0	0	0	0	1
29.76	0	1	0	0	0	0	0	1
29.78	1	1	0	0	0	0	0	1
29.79	0	1	0	0	0	0	0	1
29.81	0	1	0	0	0	0	0	1
29.82	0	1	0	0	0	0	0	1
29.84	1	1	0	0	0	0	0	1
29.86	1	1	0	0	0	0	0	1
29.87	0	1	0	0	0	0	0	1
29.89	0	1	0	0	0	0	0	1
29.9	0	1	0	0	0	0	0	1
29.92	0	1	0	0	0	0	0	1
29.94	0	1	0	0	0	0	0	1
29.95	0	1	0	0	0	0	0	1
29.97	0	1	0	0	0	0	0	1
29.98	0	1	0	0	0	0	0	1
30	0	1	0	0	0	0	0	1
30.01	0	1	0	0	0	0	0	1
30.03	0	1	0	0	0	0	0	1
30.05	0	1	0	0	0	0	0	1
30.06	0	1	0	0	0	0	0	1
30.08	0	1	0	0	0	0	0	1
30.09	0	1	0	0	0	0	0	1
30.11	0	1	0	0	0	0	0	1
30.12	0	1	0	0	0	0	0	1
30.14	1	1	0	0	0	0	0	1
30.16	0	1	0	0	0	0	0	1
30.17	0	1	0	0	0	0	0	1
30.19	0	1	0	0	0	0	0	1
30.2	0	1	0	0	0	0	0	1
30.22	0	1	0	0	0	0	0	1
30.24	0	1	0	0	0	0	0	1
30.25	0	1	0	0	0	0	0	1
30.27	0	1	0	0	0	0	0	1
30.28	1	1	0	0	0	0	0	1
30.3	0	1	0	0	0	0	0	1
30.31	0	1	0	0	0	0	0	1
30.33	0	1	0	0	0	0	0	1
30.35	0	1	0	0	0	0	0	1
30.36	0	1	0	0	0	0	0	1
30.38	1	1	0	0	0	0	0	1
30.39	1	1	0	0	0	0	0	1
30.41	0	1	0	0	0	0	0	1
30.43	0	1	0	0	0	0	0	1
30.44	0	1	0	0	0	0	0	1
30.46	0	1	0	0	0	0	0	1
30.47	0	1	0	0	0	0	0	1
30.49	0	1	0	0	0	0	0	1
30.5	0	1	0	0	0	0	0	1
30.52	0	1	0	0	0	0	0	1
30.54	0	1	0	0	0	0	0	1
30.55	0	1	0	0	0	0	0	1
30.57	0	1	0	0	0	0	0	1
30.58	0	1	0	0	0	0	0	1
30.6	0	1	0	0	0	0	0	1
30.62	0	1	0	0	0	0	0	1
30.63	0	1	0	0	0	0	0	1
30.65	0	1	0	0	0	0	0	1
30.66	0	1	0	0	0	0	0	1
30.68	0	1	0	0	0	0	0	1
30.69	0	1	0	0	0	0	0	1
30.71	0	1	0	0	0	0	0	1
30.73	0	1	0	0	0	0	0	1
30.74	0	1	0	0	0	0	0	1
30.76	0	1	0	0	0	0	0	1
30.77	0	1	0	0	0	0	0	1
30.79	0	1	0	0	0	0	0	1
30.81	0	1	0	0	0	0	0	1
30.82	1	1	0	0	0	0	0	1
30.84	0	1	0	0	0	0	0	1
30.85	0	1	0	0	0	0	0	1
30.87	0	1	0	0	0	0	0	1
30.88	1	1	0	0	0	0	0	1
30.9	0	1	0	0	0	0	0	1
30.92	0	1	0	0	0	0	0	1
30.93	0	1	0	0	0	0	0	1
30.95	0	1	0	0	0	0	0	1
30.96	0	1	0	0	0	0	0	1
30.98	0	1	0	0	0	0	0	1
31	0	1	0	0	0	0	0	1
31.01	1	1	0	0	0	0	0	1
31.03	0	1	0	0	0	0	0	1
31.04	0	1	0	0	0	0	0	1
31.06	0	1	0	0	0	0	0	1
31.07	1	1	0	0	0	0	0	1
31.09	0	1	0	0	0	0	0	1
31.11	0	1	0	0	0	0	0	1
31.12	0	1	0	0	0	0	0	1
31.14	0	1	0	0	0	0	0	1
31.15	0	1	0	0	0	0	0	1
31.17	0	1	0	0	0	0	0	1
31.18	0	1	0	0	0	0	0	1
31.2	0	1	0	0	0	0	0	1
31.22	0	1	0	0	0	0	0	1
31.23	0	1	0	0	0	0	0	1
31.25	0	1	0	0	0	0	0	1
31.26	0	1	0	0	0	0	0	1
31.28	0	1	0	0	0	0	0	1
31.3	0	1	0	0	0	0	0	1
31.31	0	1	0	0	0	0	0	1
31.33	1	1	0	0	0	0	0	1
31.34	0	1	0	0	0	0	0	1
31.36	0	1	0	0	0	0	0	1
31.37	1	1	0	0	0	0	0	1
31.39	0	1	0	0	0	0	0	1
31.41	0	1	0	0	0	0	0	1
31.42	0	1	0	0	0	0	0	1
31.44	0	1	0	0	0	0	0	1
31.45	0	1	0	0	0	0	0	1
31.47	0	1	0	0	0	0	0	1
31.49	0	1	0	0	0	0	0	1
31.5	0	1	0	0	0	0	0	1
31.52	0	1	0	0	0	0	0	1
31.53	0	1	0	0	0	0	0	1
31.55	0	1	0	0	0	0	0	1
31.56	0	1	0	0	0	0	0	1
31.58	0	1	0	0	0	0	0	1
31.6	0	1	0	0	0	0	0	1
31.61	0	1	0	0	0	0	0	1
31.63	0	1	0	0	0	0	0	1
31.64	0	1	0	0	0	0	0	1
31.66	0	1	0	0	0	0	0	1
31.68	0	1	0	0	0	0	0	1
31.69	0	1	0	0	0	0	0	1
31.71	0	1	0	0	0	0	0	1
31.72	0	1	0	0	0	0	0	1
31.74	0	1	0	0	0	0	0	1
31.75	0	1	0	0	0	0	0	1
31.77	0	1	0	0	0	0	0	1
31.79	0	1	0	0	0	0	0	1
31.8	0	1	0	0	0	0	0	1
31.82	0	1	0	0	0	0	0	1
31.83	0	1	0	0	0	0	0	1
31.85	0	1	0	0	0	0	0	1
31.87	1	1	0	0	0	0	0	1
31.88	0	1	0	0	0	0	0	1
31.9	0	1	0	0	0	0	0	1
31.91	0	1	0	0	0	0	0	1
31.93	0	1	0	0	0	0	0	1
31.94	0	1	0	0	0	0	0	1
31.96	0	1	0	0	0	0	0	1
31.98	0	1	0	0	0	0	0	1
31.99	0	1	0	0	0	0	0	1
32.01	0	1	0	0	0	0	0	1
32.02	0	1	0	0	0	0	0	1
32.04	0	1	0	0	0	0	0	1
32.06	0	1	0	0	0	0	0	1
32.07	0	1	0	0	0	0	0	1
32.09	0	1	0	0	0	0	0	1
32.1	0	1	0	0	0	0	0	1
32.12	0	1	0	0	0	0	0	1
32.13	0	1	0	0	0	0	0	1
32.15	0	1	0	0	0	0	0	1
32.17	0	1	0	0	0	0	0	1
32.18	0	1	0	0	0	0	0	1
32.2	0	1	0	0	0	0	0	1
32.21	0	1	0	0	0	0	0	1
32.23	0	1	0	0	0	0	0	1
32.24	0	1	0	0	0	0	0	1
32.26	0	1	0	0	0	0	0	1
32.28	0	1	0	0	0	0	0	1
32.29	0	1	0	0	0	0	0	1
32.31	0	1	0	0	0	0	0	1
32.32	1	1	0	0	0	0	0	1
32.34	0	1	0	0	0	0	0	1
32.36	0	1	0	0	0	0	0	1
32.37	0	1	0	0	0	0	0	1
32.39	0	1	0	0	0	0	0	1
32.4	0	1	0	0	0	0	0	1
32.42	0	1	0	0	0	0	0	1
32.43	-1	1	0	0	0	0	0	1
