# exported by fityk 0.8.7
#20-Kronkorken:x	20-Kronkorken:y	20-Kronkorken:s	20-Kronkorken:F(x)	20-Kronkorken:%_1(x)	20-Kronkorken:%_2(x)	20-Kronkorken:%_4(x)	20-Kronkorken:a
0.79	0	1	3.33248e-031	9.33255e-132	1.33963e-196	3.33248e-031	1
0.81	0	1	7.39511e-031	8.5701e-131	2.48656e-195	7.39511e-031	1
0.82	0	1	1.09986e-030	2.58928e-130	1.06753e-194	1.09986e-030	1
0.84	0	1	2.42507e-030	2.34945e-129	1.95384e-193	2.42507e-030	1
0.86	0	1	5.32416e-030	2.1149e-128	3.54264e-192	5.32416e-030	1
0.87	0	1	7.87622e-030	6.32635e-128	1.50321e-191	7.87622e-030	1
0.89	0	1	1.71813e-029	5.62703e-127	2.68753e-190	1.71813e-029	1
0.9	0	1	2.53355e-029	1.67318e-126	1.13239e-189	2.53355e-029	1
0.92	0	1	5.49133e-029	1.47053e-125	1.99629e-188	5.49133e-029	1
0.93	0	1	8.07152e-029	4.34648e-125	8.35241e-188	8.07152e-029	1
0.95	0	1	1.73826e-028	3.77459e-124	1.4519e-186	1.73826e-028	1
0.97	0	1	3.72748e-028	3.2519e-123	2.50029e-185	3.72748e-028	1
0.98	0	1	5.44964e-028	9.51639e-123	1.03393e-184	5.44964e-028	1
1	0	1	1.16113e-027	8.10107e-122	1.75566e-183	1.16113e-027	1
1.01	0	1	1.69214e-027	2.35656e-121	7.20925e-183	1.69214e-027	1
1.03	0	1	3.58227e-027	1.98222e-120	1.20708e-181	3.58227e-027	1
1.05	0	1	7.55128e-027	1.6541e-119	2.00221e-180	7.55128e-027	1
1.06	0	1	1.0946e-026	4.76393e-119	8.12591e-180	1.0946e-026	1
1.08	0	1	2.29259e-026	3.92805e-118	1.32905e-178	2.29259e-026	1
1.09	0	1	3.31258e-026	1.12456e-117	5.35613e-178	3.31258e-026	1
1.11	0	1	6.89365e-026	9.16217e-117	8.63807e-177	6.89365e-026	1
1.12	0	1	9.92873e-026	2.60739e-116	3.45679e-176	9.92873e-026	1
1.14	1	1	2.05299e-025	2.09906e-115	5.49711e-175	2.05299e-025	1
1.16	0	1	4.2269e-025	1.6764e-114	8.66015e-174	4.2269e-025	1
1.17	1	1	6.05539e-025	4.72339e-114	3.42527e-173	6.05539e-025	1
1.19	0	1	1.23876e-024	3.72743e-113	5.32085e-172	1.23876e-024	1
1.2	2	1.41421	1.76894e-024	1.04397e-112	2.08977e-171	1.76894e-024	1
1.22	3	1.73205	3.59557e-024	8.14042e-112	3.20096e-170	3.59557e-024	1
1.24	8	2.82843	7.27719e-024	6.2971e-111	4.85726e-169	7.27719e-024	1
1.25	15	3.87298	1.03363e-023	1.74618e-110	1.88548e-168	1.03363e-023	1
1.27	16	4	2.0786e-023	1.33471e-109	2.82116e-167	2.0786e-023	1
1.28	18	4.24264	2.94291e-023	3.67904e-109	1.08744e-166	2.94291e-023	1
1.3	18	4.24264	5.88023e-023	2.77865e-108	1.60438e-165	5.88023e-023	1
1.31	11	3.31662	8.29862e-023	7.61351e-108	6.14091e-165	8.29862e-023	1
1.33	13	3.60555	1.64753e-022	5.68183e-107	8.93368e-164	1.64753e-022	1
1.35	13	3.60555	3.25688e-022	4.20655e-106	1.28753e-162	3.25688e-022	1
1.36	12	3.4641	4.57182e-022	1.14116e-105	4.87075e-162	4.57182e-022	1
1.38	11	3.31662	8.97983e-022	8.34808e-105	6.92179e-161	8.97983e-022	1
1.39	15	3.87298	1.25649e-021	2.25117e-104	2.60018e-160	1.25649e-021	1
1.41	8	2.82843	2.45217e-021	1.62724e-103	3.64353e-159	2.45217e-021	1
1.42	11	3.31662	3.42017e-021	4.36189e-103	1.35911e-158	3.42017e-021	1
1.44	8	2.82843	6.63205e-021	3.11546e-102	1.87788e-157	6.63205e-021	1
1.46	11	3.31662	1.28053e-020	2.20752e-101	2.57047e-156	1.28053e-020	1
1.47	11	3.31662	1.77648e-020	5.85862e-101	9.47671e-156	1.77648e-020	1
1.49	11	3.31662	3.4081e-020	4.10186e-100	1.27908e-154	3.4081e-020	1
1.5	13	3.60555	4.71293e-020	1.08212e-099	4.68263e-154	4.71293e-020	1
1.52	9	3	8.98366e-020	7.48621e-099	6.23195e-153	8.98366e-020	1
1.54	9	3	1.70512e-019	5.1379e-098	8.21652e-152	1.70512e-019	1
1.55	10	3.16228	2.34536e-019	1.34199e-097	2.97299e-151	2.34536e-019	1
1.57	9	3	4.42306e-019	9.10068e-097	3.86503e-150	4.42306e-019	1
1.58	16	4	6.06432e-019	2.36286e-096	1.3887e-149	6.06432e-019	1
1.6	10	3.16228	1.13633e-018	1.58331e-095	1.78017e-148	1.13633e-018	1
1.61	16	4	1.553e-018	4.08632e-095	6.3513e-148	1.553e-018	1
1.63	16	4	2.89138e-018	2.70561e-094	8.0281e-147	2.89138e-018	1
1.65	13	3.60555	5.36018e-018	1.77718e-093	1.00529e-145	5.36018e-018	1
1.66	10	3.16228	7.28651e-018	4.54116e-093	3.54492e-145	7.28651e-018	1
1.68	13	3.60555	1.34216e-017	2.94739e-092	4.37706e-144	1.34216e-017	1
1.69	14	3.74166	1.81865e-017	7.4864e-092	1.53265e-143	1.81865e-017	1
1.71	11	3.31662	3.32848e-017	4.80116e-091	1.86601e-142	3.32848e-017	1
1.73	15	3.87298	6.06573e-017	3.0546e-090	2.25069e-141	6.06573e-017	1
1.74	7	2.64575	8.1753e-017	7.68175e-090	7.78914e-141	8.1753e-017	1
1.76	15	3.87298	1.4803e-016	4.82916e-089	9.26372e-140	1.4803e-016	1
1.77	12	3.4641	1.98874e-016	1.2072e-088	3.18352e-139	1.98874e-016	1
1.79	10	3.16228	3.57796e-016	7.49881e-088	3.73335e-138	3.57796e-016	1
1.8	10	3.16228	4.79144e-016	1.86338e-087	1.274e-137	4.79144e-016	1
1.82	7	2.64575	8.56515e-016	1.14372e-086	1.47318e-136	8.56515e-016	1
1.84	8	2.82843	1.52456e-015	6.96419e-086	1.68761e-135	1.52456e-015	1
1.85	12	3.4641	2.03072e-015	1.71336e-085	5.69185e-135	2.03072e-015	1
1.87	10	3.16228	3.59145e-015	1.03087e-084	6.42933e-134	3.59145e-015	1
1.88	9	3	4.76851e-015	2.52105e-084	2.15326e-133	4.76851e-015	1
1.9	12	3.4641	8.3794e-015	1.49879e-083	2.3983e-132	8.3794e-015	1
1.92	12	3.4641	1.46617e-014	8.83964e-083	2.64631e-131	1.46617e-014	1
1.93	10	3.16228	1.93629e-014	2.14034e-082	8.75957e-131	1.93629e-014	1
1.95	8	2.82843	3.3663e-014	1.24732e-081	9.53049e-130	3.3663e-014	1
1.96	14	3.74166	4.43145e-014	3.00212e-081	3.1326e-129	4.43145e-014	1
1.98	11	3.31662	7.65487e-014	1.72873e-080	3.36073e-128	7.65487e-014	1
1.99	8	2.82843	1.00447e-013	4.13598e-080	1.09691e-127	1.00447e-013	1
2.01	13	3.60555	1.72401e-013	2.35332e-079	1.16036e-126	1.72401e-013	1
2.03	11	3.31662	2.94633e-013	1.32837e-078	1.21604e-125	2.94633e-013	1
2.04	18	4.24264	3.84553e-013	3.14658e-078	3.92282e-125	3.84553e-013	1
2.06	11	3.31662	6.52994e-013	1.75501e-077	4.05365e-124	6.52994e-013	1
2.07	15	3.87298	8.4955e-013	4.13239e-077	1.29851e-123	8.4955e-013	1
2.09	15	3.87298	1.43335e-012	2.27743e-076	1.32309e-122	1.43335e-012	1
2.11	7	2.64575	2.40801e-012	1.24516e-075	1.33556e-121	2.40801e-012	1
2.12	11	3.31662	3.11611e-012	2.90278e-075	4.22837e-121	3.11611e-012	1
2.14	10	3.16228	5.20149e-012	1.56818e-074	4.20865e-120	5.20149e-012	1
2.15	16	4	6.70947e-012	3.63403e-074	1.32313e-119	6.70947e-012	1
2.17	18	4.24264	1.11279e-011	1.93988e-073	1.29857e-118	1.11279e-011	1
2.18	6	2.44949	1.4308e-011	4.46855e-073	4.05389e-118	1.4308e-011	1
2.2	16	4	2.35785e-011	2.35698e-072	3.92312e-117	2.35785e-011	1
2.22	10	3.16228	3.86895e-011	1.23333e-071	3.76116e-116	3.86895e-011	1
2.23	9	3	4.94805e-011	2.81281e-071	1.16049e-115	4.94805e-011	1
2.25	9	3	8.06718e-011	1.45434e-070	1.09705e-114	8.06718e-011	1
2.26	12	3.4641	1.02842e-010	3.29709e-070	3.36118e-114	1.02842e-010	1
2.28	5	2.23607	1.66597e-010	1.68446e-069	3.13308e-113	1.66597e-010	1
2.3	16	4	2.68723e-010	8.53738e-069	2.89323e-112	2.68723e-010	1
2.31	7	2.64575	3.40743e-010	1.91627e-068	8.76116e-112	3.40743e-010	1
2.33	10	3.16228	5.46106e-010	9.59677e-068	7.97751e-111	5.46106e-010	1
2.34	14	3.74166	6.90246e-010	2.14121e-067	2.3988e-110	6.90246e-010	1
2.36	9	3	1.09917e-009	1.05957e-066	2.15375e-109	1.09917e-009	1
2.37	15	3.87298	1.38483e-009	2.34999e-066	6.43087e-109	1.38483e-009	1
2.39	5	2.23607	2.19113e-009	1.14905e-065	5.69332e-108	2.19113e-009	1
2.41	18	4.24264	3.45206e-009	5.57375e-065	4.99335e-107	3.45206e-009	1
2.42	8	2.82843	4.326e-009	1.22392e-064	1.4736e-106	4.326e-009	1
2.44	11	3.31662	6.77186e-009	5.8663e-064	1.27439e-105	6.77186e-009	1
2.45	9	3	8.45905e-009	1.28047e-063	3.73453e-105	8.45905e-009	1
2.47	11	3.31662	1.31569e-008	6.06436e-063	3.18458e-104	1.31569e-008	1
2.48	14	3.74166	1.63822e-008	1.31581e-062	9.26691e-104	1.63822e-008	1
2.5	9	3	2.53172e-008	6.15758e-062	7.79197e-103	2.53172e-008	1
2.52	13	3.60555	3.89582e-008	2.85866e-061	6.49067e-102	3.89582e-008	1
2.53	7	2.64575	4.82496e-008	6.14101e-061	1.86674e-101	4.82496e-008	1
2.55	15	3.87298	7.37713e-008	2.81706e-060	1.53328e-100	7.37713e-008	1
2.56	5	2.23607	9.10724e-008	6.01553e-060	4.3789e-100	9.10724e-008	1
2.58	9	3	1.38354e-007	2.72667e-059	3.54648e-099	1.38354e-007	1
2.6	6	2.44949	2.09284e-007	1.2261e-058	2.84552e-098	2.09284e-007	1
2.61	13	3.60555	2.56987e-007	2.59223e-058	8.03186e-098	2.56987e-007	1
2.63	15	3.87298	3.86249e-007	1.15178e-057	6.3544e-097	3.86249e-007	1
2.64	14	3.74166	4.72768e-007	2.42058e-057	1.78106e-096	4.72768e-007	1
2.66	12	3.4641	7.06016e-007	1.06272e-056	1.38941e-095	7.06016e-007	1
2.67	15	3.87298	8.61391e-007	2.22009e-056	3.86707e-095	8.61391e-007	1
2.69	9	3	1.27814e-006	9.63104e-056	2.97461e-094	1.27814e-006	1
2.71	12	3.4641	1.8884e-006	4.14487e-055	2.26678e-093	1.8884e-006	1
2.72	9	3	2.29169e-006	8.57296e-055	6.23552e-093	2.29169e-006	1
2.74	11	3.31662	3.36422e-006	3.64562e-054	4.6854e-092	3.36422e-006	1
2.75	16	4	4.06959e-006	7.49537e-054	1.27985e-091	4.06959e-006	1
2.77	16	4	5.93594e-006	3.14947e-053	9.4826e-091	5.93594e-006	1
2.79	4	2	8.62122e-006	1.31285e-052	6.96028e-090	8.62122e-006	1
2.8	8	2.82843	1.03732e-005	2.67243e-052	1.8791e-089	1.03732e-005	1
2.82	11	3.31662	1.49693e-005	1.10075e-051	1.36002e-088	1.49693e-005	1
2.83	14	3.74166	1.79535e-005	2.22731e-051	3.646e-088	1.79535e-005	1
2.85	10	3.16228	2.57424e-005	9.06495e-051	2.602e-087	2.57424e-005	1
2.86	6	2.44949	3.07752e-005	1.8233e-050	6.92669e-087	3.07752e-005	1
2.88	6	2.44949	4.38442e-005	7.3324e-050	4.87429e-086	4.38442e-005	1
2.9	11	3.31662	6.21962e-005	2.92529e-049	3.39803e-085	6.21962e-005	1
2.91	5	2.23607	7.39592e-005	5.82548e-049	8.94043e-085	7.39592e-005	1
2.93	13	3.60555	0.000104245	2.29646e-048	6.14567e-084	0.000104245	1
2.94	10	3.16228	0.000123563	4.54592e-048	1.60564e-083	0.000123563	1
2.96	9	3	0.000173046	1.77073e-047	1.08831e-082	0.000173046	1
2.98	7	2.64575	0.000241309	6.84251e-047	7.30787e-082	0.000241309	1
2.99	9	3	0.000284501	1.34106e-046	1.88705e-081	0.000284501	1
3.01	11	3.31662	0.000394192	5.12054e-046	1.24944e-080	0.000394192	1
3.02	15	3.87298	0.000463257	9.97586e-046	3.20371e-080	0.000463257	1
3.04	9	3	0.000637759	3.76375e-045	2.09161e-079	0.000637759	1
3.05	11	3.31662	0.000747096	7.28881e-045	5.32559e-079	0.000747096	1
3.07	11	3.31662	0.00102193	2.71725e-044	3.42838e-078	0.00102193	1
3.09	14	3.74166	0.0013919	1.00494e-043	2.18646e-077	0.0013919	1
3.1	14	3.74166	0.00162182	1.92683e-043	5.50226e-077	0.00162182	1
3.12	8	2.82843	0.00219482	7.04133e-043	3.4601e-076	0.00219482	1
3.13	11	3.31662	0.00254917	1.34203e-042	8.64642e-076	0.00254917	1
3.15	11	3.31662	0.00342773	4.84591e-042	5.36141e-075	0.00342773	1
3.17	15	3.87298	0.00458937	1.7359e-041	3.29345e-074	0.00458937	1
3.18	17	4.12311	0.00530188	3.27567e-041	8.13414e-074	0.00530188	1
3.2	19	4.3589	0.00705322	1.15945e-040	4.92697e-073	0.00705322	1
3.21	15	3.87298	0.00812211	2.17486e-040	1.20834e-072	0.00812211	1
3.23	16	4	0.0107359	7.60652e-040	7.21691e-072	0.0107359	1
3.24	14	3.74166	0.0123232	1.41829e-039	1.75755e-071	0.0123232	1
3.26	20	4.47214	0.0161847	4.90143e-039	1.03506e-070	0.0161847	1
3.28	23	4.79583	0.0211652	1.68042e-038	6.03884e-070	0.0211652	1
3.29	23	4.79583	0.0241649	3.10216e-038	1.45352e-069	0.0241649	1
3.31	29	5.38516	0.031399	1.0509e-037	8.36192e-069	0.031399	1
3.32	18	4.24264	0.0357342	1.92846e-037	1.99858e-068	0.0357342	1
3.34	18	4.24264	0.0461344	6.45521e-037	1.13371e-067	0.0461344	1
3.36	21	4.58258	0.059307	2.14361e-036	6.37104e-067	0.059307	1
3.37	18	4.24264	0.067135	3.8946e-036	1.50501e-066	0.067135	1
3.39	26	5.09902	0.0857514	1.27791e-035	8.33956e-066	0.0857514	1
3.4	26	5.09902	0.0967586	2.30792e-035	1.95623e-065	0.0967586	1
3.42	25	5	0.122798	7.48276e-035	1.06886e-064	0.122798	1
3.43	22	4.69042	0.138117	1.34333e-034	2.48968e-064	0.138117	1
3.45	24	4.89898	0.174164	4.30355e-034	1.34134e-063	0.174164	1
3.47	20	4.47214	0.218682	1.36775e-033	7.15918e-063	0.218682	1
3.48	26	5.09902	0.244648	2.43106e-033	1.64816e-062	0.244648	1
3.5	33	5.74456	0.305216	7.63446e-033	8.67402e-062	0.305216	1
3.51	22	4.69042	0.340362	1.34887e-032	1.98292e-061	0.340362	1
3.53	16	4	0.421907	4.18557e-032	1.02901e-060	0.421907	1
3.54	25	5	0.468982	7.35103e-032	2.33589e-060	0.468982	1
3.56	30	5.47723	0.57762	2.25391e-031	1.19526e-059	0.57762	1
3.58	29	5.38516	0.708383	6.85581e-031	6.05905e-059	0.708383	1
3.59	24	4.89898	0.78322	1.19212e-030	1.3594e-058	0.78322	1
3.61	32	5.65685	0.954378	3.58301e-030	6.79493e-058	0.954378	1
3.62	23	4.79583	1.05182	6.19315e-030	1.51383e-057	1.05182	1
3.64	19	4.3589	1.27347	1.83925e-029	7.4612e-057	1.27347	1
3.66	16	4	1.53524	5.41882e-029	3.6431e-056	1.53524	1
3.67	28	5.2915	1.68296	9.27337e-029	8.02187e-056	1.68296	1
3.69	26	5.09902	2.01591	2.69963e-028	3.86218e-055	2.01591	1
3.7	34	5.83095	2.20279	4.5924e-028	8.44472e-055	2.20279	1
3.72	22	4.69042	2.62169	1.32102e-027	4.00901e-054	2.62169	1
3.73	16	4	2.85555	2.23381e-027	8.70437e-054	2.85555	1
3.75	32	5.65685	3.37683	6.34919e-027	4.0746e-053	3.37683	1
3.77	16	4	3.9762	1.79031e-026	1.88957e-052	3.9762	1
3.78	26	5.09902	4.30776	2.99731e-026	4.05486e-052	4.30776	1
3.8	24	4.89898	5.0399	8.3511e-026	1.85417e-051	5.0399	1
3.81	19	4.3589	5.44265	1.38979e-025	3.95102e-051	5.44265	1
3.83	23	4.79583	6.32691	3.82617e-025	1.78146e-050	6.32691	1
3.85	26	5.09902	7.32341	1.04499e-024	7.95748e-050	7.32341	1
3.86	18	4.24264	7.86641	1.72183e-024	1.6759e-049	7.86641	1
3.88	20	4.47214	9.04709	4.64667e-024	7.38146e-049	9.04709	1
3.89	18	4.24264	9.68675	7.6106e-024	1.5437e-048	9.68675	1
3.91	24	4.89898	11.0693	2.02943e-023	6.70428e-048	11.0693	1
3.92	30	5.47723	11.8139	3.3041e-023	1.39226e-047	11.8139	1
3.94	20	4.47214	13.4137	8.70586e-023	5.96217e-047	13.4137	1
3.96	25	5	15.165	2.27565e-022	2.52941e-046	15.165	1
3.97	19	4.3589	16.0988	3.6682e-022	5.19158e-046	16.0988	1
3.99	25	5	18.0841	9.47435e-022	2.17175e-045	18.0841	1
4	23	4.79583	19.1361	1.51809e-021	4.42627e-045	19.1361	1
4.02	18	4.24264	21.3584	3.87435e-021	1.82576e-044	21.3584	1
4.04	19	4.3589	23.7369	9.80919e-021	7.46067e-044	23.7369	1
4.05	18	4.24264	24.9835	1.55615e-020	1.50286e-043	24.9835	1
4.07	29	5.38516	27.588	3.89304e-020	6.05549e-043	27.588	1
4.08	31	5.56776	28.9439	6.13916e-020	1.21126e-042	28.9439	1
4.1	20	4.47214	31.7566	1.51757e-019	4.81242e-042	31.7566	1
4.11	30	5.47723	33.2104	2.37887e-019	9.55874e-042	33.2104	1
4.13	40	6.32456	36.2045	5.81052e-019	3.74474e-041	36.2045	1
4.15	29	5.38516	39.2998	1.40797e-018	1.45336e-040	39.2998	1
4.16	35	5.91608	40.8797	2.18516e-018	2.85313e-040	40.8797	1
4.18	36	6	44.0906	5.23198e-018	1.09186e-039	44.0906	1
4.19	30	5.47723	45.716	8.07156e-018	2.12846e-039	45.716	1
4.21	50	7.07107	48.9911	1.9096e-017	8.03167e-039	48.9911	1
4.23	43	6.55744	52.2766	4.48191e-017	3.00246e-038	52.2766	1
4.24	49	7	53.9144	6.84579e-017	5.78479e-038	53.9144	1
4.26	57	7.54983	57.1617	1.58762e-016	2.13233e-037	57.1617	1
4.27	52	7.2111	58.7636	2.41051e-016	4.07954e-037	58.7636	1
4.29	45	6.7082	61.9041	5.52376e-016	1.48277e-036	61.9041	1
4.3	73	8.544	63.4348	8.33679e-016	2.81694e-036	63.4348	1
4.32	75	8.66025	66.3972	1.88768e-015	1.00957e-035	66.3972	1
4.34	51	7.14143	69.2009	4.24026e-015	3.58446e-035	69.2009	1
4.35	70	8.3666	70.5335	6.33614e-015	6.7304e-035	70.5335	1
4.37	85	9.21954	73.0413	1.40635e-014	2.35626e-034	73.0413	1
4.38	82	9.05539	74.2091	2.08894e-014	4.39328e-034	74.2091	1
4.4	86	9.27362	76.3556	4.58139e-014	1.51659e-033	76.3556	1
4.42	69	8.30662	78.2285	9.96787e-014	5.18651e-033	78.2285	1
4.43	83	9.11043	79.055	1.4659e-013	9.55769e-033	79.055	1
4.45	93	9.64365	80.4755	3.15148e-013	3.22297e-032	80.4755	1
4.46	90	9.48683	81.0651	4.60701e-013	5.89769e-032	81.0651	1
4.48	87	9.32738	81.9934	9.78657e-013	1.96101e-031	81.9934	1
4.49	78	8.83176	82.3293	1.42212e-012	3.56331e-031	82.3293	1
4.51	98	9.89949	82.739	2.98505e-012	1.16828e-030	82.739	1
4.53	98	9.89949	82.7954	6.21585e-012	3.79465e-030	82.7954	1
4.54	95	9.74679	82.6908	8.94286e-012	6.81487e-030	82.6908	1
4.56	88	9.38083	82.2175	1.84005e-011	2.18261e-029	82.2175	1
4.57	73	8.544	81.8503	2.63152e-011	3.89234e-029	81.8503	1
4.59	95	9.74679	80.8607	5.35009e-011	1.22921e-028	80.8607	1
4.6	74	8.60233	80.2415	7.60571e-011	2.17674e-028	80.2415	1
4.62	76	8.7178	78.7639	1.52791e-010	6.77822e-028	78.7639	1
4.64	83	9.11043	76.9832	3.04503e-010	2.09101e-027	76.9832	1
4.65	78	8.83176	75.9859	4.28588e-010	3.65974e-027	75.9859	1
4.67	65	8.06226	73.7925	8.43988e-010	1.11323e-026	73.7925	1
4.68	74	8.60233	72.603	1.18082e-009	1.93476e-026	72.603	1
4.7	69	8.30662	70.0558	2.29765e-009	5.80306e-026	70.0558	1
4.72	75	8.66025	67.3092	4.43527e-009	1.72432e-025	67.3092	1
4.73	60	7.74597	65.8707	6.14381e-009	2.96191e-025	65.8707	1
4.75	70	8.3666	62.883	1.17186e-008	8.67816e-025	62.883	1
4.76	58	7.61577	61.3418	1.6136e-008	1.48023e-024	61.3418	1
4.78	56	7.48331	58.1846	3.04114e-008	4.27642e-024	58.1846	1
4.79	63	7.93725	56.5766	4.16253e-008	7.24319e-024	56.5766	1
4.81	40	6.32456	53.3211	7.75177e-008	2.06337e-023	53.3211	1
4.83	59	7.68115	50.0382	1.43212e-007	5.82308e-023	50.0382	1
4.84	27	5.19615	48.3955	1.94075e-007	9.74799e-023	48.3955	1
4.86	37	6.08276	45.1252	3.54284e-007	2.71261e-022	45.1251	1
4.87	41	6.40312	43.5039	4.77247e-007	4.50917e-022	43.5039	1
4.89	44	6.63325	40.3043	8.60852e-007	1.23727e-021	40.3043	1
4.91	25	5	37.1806	1.54045e-006	3.36327e-021	37.1806	1
4.92	20	4.47214	35.6534	2.05452e-006	5.52565e-021	35.6534	1
4.94	34	5.83095	32.6796	3.63272e-006	1.48107e-020	32.6796	1
4.95	23	4.79583	31.2368	4.81609e-006	2.41627e-020	31.2368	1
4.97	24	4.89898	28.448	8.41435e-006	6.38607e-020	28.448	1
4.98	36	6	27.1049	1.10888e-005	1.03455e-019	27.1049	1
5	19	4.3589	24.527	1.91432e-005	2.69609e-019	24.527	1
5.02	24	4.89898	22.0994	3.27852e-005	6.96062e-019	22.0994	1
5.03	21	4.58258	20.9436	4.2777e-005	1.1145e-018	20.9436	1
5.05	27	5.19615	18.75	7.23899e-005	2.83718e-018	18.7499	1
5.06	21	4.58258	17.7124	9.38885e-005	4.51091e-018	17.7123	1
5.08	24	4.89898	15.7557	0.000156994	1.13232e-017	15.7555	1
5.1	18	4.24264	13.9553	0.000260428	2.8158e-017	13.9551	1
5.11	22	4.69042	13.1128	0.000334419	4.42479e-017	13.1124	1
5.13	18	4.24264	11.5402	0.00054815	1.08498e-016	11.5396	1
5.14	31	5.56776	10.8088	0.000699688	1.69301e-016	10.8081	1
5.16	17	4.12311	9.45195	0.00113322	4.0934e-016	9.45082	1
5.17	19	4.3589	8.82475	0.00143788	6.34265e-016	8.82331	1
5.19	28	5.2915	7.66818	0.0023011	1.51213e-015	7.66588	1
5.21	20	4.47214	6.63548	0.00365331	3.57141e-015	6.63182	1
5.22	21	4.58258	6.16303	0.00458946	5.46939e-015	6.15844	1
5.24	22	4.69042	5.30081	0.00719969	1.27375e-014	5.29361	1
5.25	16	4	4.90899	0.00899065	1.937e-014	4.9	1
5.27	25	5	4.19886	0.0139363	4.44806e-014	4.18493	1
5.29	19	4.3589	3.58037	0.0214307	1.01191e-013	3.55894	1
5.3	25	5	3.30321	0.0264962	1.5209e-013	3.27672	1
5.32	18	4.24264	2.809	0.0402603	3.41166e-013	2.76874	1
5.33	25	5	2.59049	0.0494794	5.09181e-013	2.54101	1
5.35	19	4.3589	2.20763	0.0742884	1.12624e-012	2.13334	1
5.36	33	5.74456	2.04235	0.0907549	1.66912e-012	1.95159	1
5.38	16	4	1.76264	0.134639	3.64035e-012	1.628	1
5.4	13	3.60555	1.55041	0.198155	7.86556e-012	1.35226	1
5.41	19	4.3589	1.47012	0.239675	1.15212e-011	1.23045	1
5.43	17	4.12311	1.36404	0.348546	2.45459e-011	1.0155	1
5.44	25	5	1.34013	0.419063	3.5702e-011	0.921064	1
5.46	23	4.79583	1.35747	0.602172	7.50014e-011	0.755294	1
5.48	25	5	1.47513	0.858413	1.56091e-010	0.616712	1
5.49	18	4.24264	1.57822	1.02185	2.2439e-010	0.556376	1
5.51	20	4.47214	1.89073	1.43934	4.60475e-010	0.451383	1
5.52	10	3.16228	2.10907	1.70316	6.57326e-010	0.405917	1
5.54	21	4.58258	2.69769	2.37048	1.33008e-009	0.327208	1
5.55	27	5.19615	3.08153	2.78823	1.88539e-009	0.293306	1
5.57	26	5.09902	4.06945	3.83453	3.76178e-009	0.23492	1
5.59	25	5	5.41893	5.23158	7.43561e-009	0.187352	1
5.6	18	4.24264	6.25952	6.09247	1.04172e-008	0.167044	1
5.62	31	5.56776	8.34565	8.21328	2.03035e-008	0.132367	1
5.63	31	5.56776	9.62541	9.50777	2.82457e-008	0.117641	1
5.65	27	5.19615	12.7576	12.665	5.42833e-008	0.0926227	1
5.67	23	4.79583	16.8092	16.7366	1.0335e-007	0.0726136	1
5.68	39	6.245	19.2463	19.1822	1.42104e-007	0.0641906	1
5.7	40	6.32456	25.0973	25.0473	2.66775e-007	0.0500014	1
5.71	43	6.55744	28.5801	28.5361	3.6424e-007	0.0440596	1
5.73	46	6.78233	36.8522	36.8181	6.74251e-007	0.0341006	1
5.74	50	7.07107	41.7261	41.6961	9.1414e-007	0.029952	1
5.76	61	7.81025	53.1807	53.1577	1.66856e-006	0.0230334	1
5.78	73	8.544	67.2489	67.2313	3.01718e-006	0.0176373	1
5.79	87	9.32738	75.3986	75.3832	4.04301e-006	0.0154089	1
5.81	94	9.69536	94.2187	94.207	7.20875e-006	0.0117234	1
5.82	103	10.1489	105.01	105	9.59204e-006	0.0102094	1
5.84	151	12.2882	129.666	129.658	1.6864e-005	0.00771779	1
5.85	119	10.9087	143.657	143.65	2.22823e-005	0.0066995	1
5.87	170	13.0384	175.28	175.275	3.86282e-005	0.00503208	1
5.89	193	13.8924	212.167	212.163	6.63407e-005	0.00376351	1
5.9	246	15.6844	232.729	232.726	8.66347e-005	0.00324951	1
5.92	275	16.5831	278.356	278.354	0.000146711	0.00241476	1
5.93	284	16.8523	303.513	303.511	0.000190249	0.00207828	1
5.95	391	19.7737	358.7	358.698	0.000317678	0.00153451	1
5.97	389	19.7231	420.554	420.552	0.000525513	0.00112818	1
5.98	398	19.9499	454.012	454.011	0.000673528	0.000965793	1
6	523	22.8692	525.97	525.969	0.00109862	0.000705508	1
6.01	529	23	564.428	564.426	0.00139819	0.000602023	1
6.03	582	24.1247	646.109	646.106	0.00224881	0.00043696	1
6.04	706	26.5707	689.215	689.212	0.00284197	0.000371671	1
6.06	786	28.0357	779.57	779.565	0.00450715	0.000268039	1
6.08	768	27.7128	874.764	874.756	0.00708131	0.000192476	1
6.09	1057	32.5115	923.867	923.858	0.00884491	0.000162843	1
6.11	897	29.95	1024.35	1024.34	0.0137025	0.000116187	1
6.12	1141	33.7787	1075.4	1075.38	0.0169953	9.79843e-005	1
6.14	1203	34.6843	1178.18	1178.16	0.0259616	6.94636e-005	1
6.16	1309	36.1801	1280.54	1280.5	0.0392883	4.90341e-005	1
6.17	1301	36.0694	1331.02	1330.97	0.0481619	4.11312e-005	1
6.19	1399	37.4032	1429.45	1429.38	0.0718673	2.88485e-005	1
6.2	1513	38.8973	1476.94	1476.85	0.0874821	2.41213e-005	1
6.22	1450	38.0789	1567.31	1567.18	0.128719	1.68098e-005	1
6.23	1600	40	1609.73	1609.57	0.155589	1.40103e-005	1
6.25	1740	41.7133	1687.92	1687.7	0.225733	9.70109e-006	1
6.27	1658	40.7185	1755.88	1755.56	0.324448	6.68858e-006	1
6.28	1893	43.5086	1785.54	1785.15	0.387608	5.54489e-006	1
6.3	1846	42.9651	1835.39	1834.84	0.549334	3.79854e-006	1
6.31	1973	44.4185	1855.3	1854.65	0.651677	3.13893e-006	1
6.33	1880	43.359	1884.5	1883.59	0.910691	2.13657e-006	1
6.35	2029	45.0444	1899.05	1897.79	1.26078	1.44808e-006	1
6.36	1826	42.7317	1900.72	1899.24	1.47825	1.19023e-006	1
6.38	1884	43.4051	1892.81	1890.79	2.01796	8.01526e-007	1
6.39	1958	44.2493	1883.3	1880.95	2.34947	6.56694e-007	1
6.41	1889	43.4626	1853.47	1850.31	3.16249	4.39399e-007	1
6.42	1860	43.1277	1833.35	1829.69	3.65622	3.58848e-007	1
6.44	1715	41.4126	1783.33	1778.48	4.85275	2.38571e-007	1
6.46	1807	42.5088	1721.34	1714.96	6.38077	1.5793e-007	1
6.47	1799	42.4146	1686.31	1679.02	7.29104	1.28289e-007	1
6.49	1585	39.8121	1609.25	1599.8	9.453	8.43819e-008	1
6.5	1571	39.6358	1567.66	1556.93	10.7259	6.83252e-008	1
6.52	1418	37.6563	1479.53	1465.82	13.7123	4.46529e-008	1
6.54	1444	38	1386.44	1369.08	17.3666	2.90575e-008	1
6.55	1444	38	1338.65	1319.17	19.4756	2.34027e-008	1
6.57	1212	34.8138	1241.77	1217.45	24.3216	1.51316e-008	1
6.58	1194	34.5543	1193.16	1166.07	27.0843	1.21478e-008	1
6.6	1242	35.242	1096.71	1063.36	33.3514	7.80421e-009	1
6.61	893	29.8831	1049.29	1012.41	36.8795	6.2452e-009	1
6.63	922	30.3645	957.023	912.244	44.7793	3.98646e-009	1
6.65	843	29.0345	869.322	815.458	53.864	2.53378e-009	1
6.66	883	29.7153	827.552	768.683	58.8686	2.0168e-009	1
6.68	742	27.2397	748.778	678.955	69.8233	1.27366e-009	1
6.69	667	25.8263	711.969	636.192	75.7762	1.01054e-009	1
6.71	643	25.3574	643.868	555.245	88.6227	6.34098e-010	1
6.73	640	25.2982	583.428	480.747	102.68	3.96186e-010	1
6.74	467	21.6102	556.135	445.998	110.137	3.12661e-010	1
6.76	505	22.4722	507.39	381.565	125.826	1.94101e-010	1
6.77	444	21.0713	485.891	351.873	134.018	1.52689e-010	1
6.79	435	20.8567	448.428	297.457	150.972	9.41828e-011	1
6.8	402	20.0499	432.348	272.674	159.675	7.3851e-011	1
6.82	395	19.8746	405.127	227.763	177.363	4.52618e-011	1
6.84	429	20.7123	383.912	188.738	195.174	2.76215e-011	1
6.85	434	20.8327	375.318	171.297	204.021	2.15431e-011	1
6.87	301	17.3494	361.633	140.258	221.375	1.30627e-011	1
6.88	373	19.3132	356.326	126.537	229.789	1.01555e-011	1
6.9	372	19.2873	348.231	102.376	245.854	6.11838e-012	1
6.91	361	19	345.222	91.8102	253.411	4.74141e-012	1
6.93	374	19.3391	340.74	73.3965	267.344	2.83828e-012	1
6.95	333	18.2483	337.621	58.2097	279.412	1.69177e-012	1
6.96	330	18.1659	336.33	51.684	284.646	1.30403e-012	1
6.98	339	18.412	333.845	40.5023	293.342	7.72303e-013	1
6.99	376	19.3907	332.492	35.7471	296.745	5.93389e-013	1
7.01	349	18.6815	329.222	27.6801	301.542	3.4918e-013	1
7.03	317	17.8045	324.822	21.2632	303.559	2.04597e-013	1
7.04	333	18.2483	322.084	18.5806	303.504	1.5636e-013	1
7.06	325	18.0278	315.372	14.1034	301.269	9.10303e-014	1
7.07	300	17.3205	311.355	12.2506	299.105	6.93456e-014	1
7.09	275	16.5831	301.946	9.18806	292.758	4.01134e-014	1
7.1	294	17.1464	296.553	7.93337	288.619	3.04599e-014	1
7.12	264	16.2481	284.431	5.87933	278.552	1.75069e-014	1
7.14	313	17.6918	270.65	4.32248	266.328	1.00192e-014	1
7.15	250	15.8114	263.2	3.69519	259.505	7.56737e-015	1
7.17	233	15.2643	247.338	2.68438	244.654	4.30306e-015	1
7.18	226	15.0333	238.998	2.28113	236.717	3.23964e-015	1
7.2	212	14.5602	221.692	1.63742	220.054	1.83037e-015	1
7.22	263	16.2173	203.823	1.16602	202.657	1.02973e-015	1
7.23	203	14.2478	194.78	0.981027	193.799	7.71113e-016	1
7.25	160	12.6491	176.676	0.690288	175.986	4.31035e-016	1
7.26	168	12.9615	167.692	0.577306	167.115	3.21745e-016	1
7.28	143	11.9583	150.038	0.401382	149.636	1.78697e-016	1
7.29	125	11.1803	141.432	0.333684	141.098	1.3296e-016	1
7.31	121	11	124.806	0.22924	124.577	7.33732e-017	1
7.33	120	10.9545	109.121	0.156236	108.965	4.03175e-017	1
7.34	106	10.2956	101.679	0.128596	101.551	2.98383e-017	1
7.36	92	9.59166	87.6709	0.0866005	87.5843	1.62907e-017	1
7.37	54	7.34847	81.1243	0.0708546	81.0534	1.20178e-017	1
7.39	68	8.24621	68.9773	0.0471481	68.9301	6.51935e-018	1
7.41	64	8	58.1045	0.031124	58.0734	3.52145e-018	1
7.42	56	7.48331	53.1424	0.0252123	53.1172	2.58394e-018	1
7.44	45	6.7082	44.1428	0.0164455	44.1264	1.38679e-018	1
7.45	46	6.78233	40.091	0.0132424	40.0778	1.01433e-018	1
7.47	37	6.08276	32.8379	0.00853499	32.8294	5.409e-019	1
7.48	35	5.91608	29.6153	0.0068316	29.6084	3.94357e-019	1
7.5	23	4.79583	23.9193	0.00435074	23.9149	2.08948e-019	1
7.52	28	5.2915	19.1388	0.00274877	19.1361	1.10237e-019	1
7.53	16	4	17.0598	0.00217835	17.0576	7.99423e-020	1
7.55	9	3	13.4599	0.0013599	13.4585	4.19061e-020	1
7.56	11	3.31662	11.9138	0.00107126	11.9127	3.02922e-020	1
7.58	13	3.60555	9.26866	0.000660812	9.268	1.57776e-020	1
7.6	9	3	7.14357	0.000404385	7.14316	8.18264e-021	1
7.61	7	2.64575	6.2494	0.000315395	6.24909	5.88332e-021	1
7.63	3	1.73205	4.74935	0.00019071	4.74916	3.03169e-021	1
7.64	12	3.4641	4.12578	0.000147855	4.12563	2.17279e-021	1
7.66	5	2.23607	3.0917	8.83401e-005	3.09162	1.11248e-021	1
7.67	3	1.73205	2.66697	6.80801e-005	2.6669	7.9475e-022	1
7.69	2	1.41421	1.97063	4.01926e-005	1.97059	4.0431e-022	1
7.71	6	2.44949	1.44253	2.354e-005	1.44251	2.04804e-022	1
7.72	2	1.41421	1.22987	1.79613e-005	1.22985	1.4553e-022	1
7.74	3	1.73205	0.887713	1.03945e-005	0.887703	7.32467e-023	1
7.75	1	1	0.751543	7.88379e-006	0.751535	5.18809e-023	1
7.77	3	1.73205	0.534889	4.50819e-006	0.534885	2.5945e-023	1
7.79	5	2.23607	0.377142	2.55743e-006	0.377139	1.29193e-023	1
7.8	5	2.23607	0.315572	1.92046e-006	0.31557	9.10195e-024	1
7.82	1	1	0.219399	1.07649e-006	0.219398	4.5033e-024	1
7.83	2	1.41421	0.182296	8.03553e-007	0.182295	3.16251e-024	1
7.85	1	1	0.124971	4.45064e-007	0.12497	1.55467e-024	1
7.86	3	1.73205	0.103109	3.30238e-007	0.103109	1.08829e-024	1
7.88	1	1	0.0696986	1.80734e-007	0.0696984	5.31573e-025	1
7.9	1	1	0.0466746	9.81262e-008	0.0466745	2.58536e-025	1
7.91	6	2.44949	0.0380612	7.20873e-008	0.0380612	1.80013e-025	1
7.93	1	1	0.0251325	3.8673e-008	0.0251324	8.69905e-026	1
7.94	4	2	0.020351	2.82412e-008	0.0203509	6.03752e-026	1
7.96	3	1.73205	0.0132505	1.49705e-008	0.0132505	2.89893e-026	1
7.97	4	2	0.0106544	1.08671e-008	0.0106544	2.00554e-026	1
7.99	2	1.41421	0.00684026	5.69204e-009	0.00684026	9.56799e-027	1
8.01	1	1	0.00435057	2.95773e-009	0.00435056	4.54518e-027	1
8.02	4	2	0.00345745	2.12571e-009	0.00345745	3.12766e-027	1
8.04	1	1	0.00216832	1.09144e-009	0.00216832	1.47625e-027	1
8.05	3	1.73205	0.00171113	7.79732e-010	0.00171113	1.01259e-027	1
8.07	2	1.41421	0.00105815	3.95587e-010	0.00105815	4.74881e-028	1
8.09	1	1	0.000648245	1.99101e-010	0.000648245	2.21757e-028	1
8.1	1	1	0.000505603	1.40828e-010	0.000505603	1.51296e-028	1
8.12	5	2.23607	0.000305421	7.00365e-011	0.000305421	7.01987e-029	1
8.13	0	1	0.000236547	4.92428e-011	0.000236547	4.77401e-029	1
8.15	4	2	0.000140897	2.4198e-011	0.000140897	2.20088e-029	1
8.16	4	2	0.00010836	1.69122e-011	0.00010836	1.49196e-029	1
8.18	1	1	6.36424e-005	8.21184e-012	6.36424e-005	6.83408e-030	1
8.2	5	2.23607	3.70302e-005	3.95563e-012	3.70302e-005	3.11706e-030	1
8.21	3	1.73205	2.81472e-005	2.73719e-012	2.81472e-005	2.10174e-030	1
8.23	3	1.73205	1.61488e-005	1.30282e-012	1.61488e-005	9.52478e-031	1
8.24	2	1.41421	1.21889e-005	8.96135e-013	1.21889e-005	6.4017e-031	1
8.26	4	2	6.89551e-006	4.21459e-013	6.8955e-006	2.88258e-031	1
8.28	1	1	3.86453e-006	1.9664e-013	3.86453e-006	1.29243e-031	1
8.29	2	1.41421	2.88294e-006	1.33916e-013	2.88294e-006	8.64018e-032	1
8.31	4	2	1.59317e-006	6.17378e-014	1.59317e-006	3.84911e-032	1
8.32	2	1.41421	1.18018e-006	4.17938e-014	1.18018e-006	2.56496e-032	1
8.34	1	1	6.43085e-007	1.90386e-014	6.43085e-007	1.13535e-032	1
8.35	2	1.41421	4.73045e-007	1.28114e-014	4.73045e-007	7.54145e-033	1
8.37	1	1	2.54167e-007	5.76664e-015	2.54167e-007	3.31675e-033	1
8.39	1	1	1.3529e-007	2.57504e-015	1.3529e-007	1.45249e-033	1
8.4	2	1.41421	9.83584e-008	1.7156e-015	9.83584e-008	9.59652e-034	1
8.42	1	1	5.16241e-008	7.5697e-016	5.16241e-008	4.17564e-034	1
8.43	2	1.41421	3.7269e-008	5.01316e-016	3.7269e-008	2.74998e-034	1
8.45	0	1	1.92879e-008	2.18564e-016	1.92879e-008	1.18891e-034	1
8.47	5	2.23607	9.88897e-009	9.45324e-017	9.88897e-009	5.11812e-035	1
8.48	0	1	7.05599e-009	6.19844e-017	7.05599e-009	3.35269e-035	1
8.5	1	1	3.56714e-009	2.64904e-017	3.56714e-009	1.43405e-035	1
8.51	2	1.41421	2.52741e-009	1.7266e-017	2.52741e-009	9.3638e-036	1
8.53	2	1.41421	1.25989e-009	7.2912e-018	1.25989e-009	3.97955e-036	1
8.54	1	1	8.86411e-010	4.72394e-018	8.86411e-010	2.59016e-036	1
8.56	1	1	4.357e-010	1.97113e-018	4.357e-010	1.09375e-036	1
8.58	0	1	2.12163e-010	8.15946e-019	2.12163e-010	4.59888e-037	1
8.59	1	1	1.47532e-010	5.23402e-019	1.47532e-010	2.97729e-037	1
8.61	5	2.23607	7.08375e-011	2.14084e-019	7.08375e-011	1.24384e-037	1
8.62	0	1	4.89132e-011	1.36509e-019	4.89132e-011	8.02673e-038	1
8.64	1	1	2.31579e-011	5.51712e-020	2.31579e-011	3.33191e-038	1
8.66	1	1	1.08618e-011	2.21207e-020	1.08618e-011	1.37717e-038	1
8.67	2	1.41421	7.41274e-012	1.39651e-020	7.41274e-012	8.83969e-039	1
8.69	0	1	3.42829e-012	5.53267e-021	3.42829e-012	3.6303e-039	1
8.7	3	1.73205	2.32327e-012	3.47201e-021	2.32327e-012	2.32272e-039	1
8.72	1	1	1.05948e-012	1.35917e-021	1.05948e-012	9.47792e-040	1
8.73	1	1	7.1296e-013	8.47854e-022	7.1296e-013	6.04468e-040	1
8.75	1	1	3.20593e-013	3.27958e-022	3.20593e-013	2.45075e-040	1
8.77	0	1	1.42815e-013	1.25849e-022	1.42815e-013	9.89387e-041	1
8.78	1	1	9.49854e-014	7.77259e-023	9.49854e-014	6.27628e-041	1
8.8	1	1	4.17226e-014	2.94714e-023	4.17226e-014	2.51756e-041	1
8.81	1	1	2.75551e-014	1.80933e-023	2.75551e-014	1.59192e-041	1
8.83	1	1	1.19347e-014	6.77885e-024	1.19347e-014	6.34467e-042	1
8.85	1	1	5.12097e-015	2.51958e-024	5.12097e-015	2.51789e-042	1
8.86	3	1.73205	3.34269e-015	1.5315e-024	3.34269e-015	1.58363e-042	1
8.88	1	1	1.41427e-015	5.6246e-025	1.41427e-015	6.24444e-043	1
8.89	0	1	9.16691e-016	3.39844e-025	9.16691e-016	3.91485e-043	1
8.91	2	1.41421	3.82431e-016	1.23327e-025	3.82431e-016	1.53379e-043	1
8.92	0	1	2.46146e-016	7.40711e-026	2.46146e-016	9.58502e-044	1
8.94	2	1.41421	1.01255e-016	2.65601e-026	1.01255e-016	3.73124e-044	1
8.96	0	1	4.12643e-017	9.44816e-027	4.12643e-017	1.44629e-044	1
8.97	3	1.73205	2.62498e-017	5.61832e-027	2.62498e-017	8.98994e-045	1
8.99	0	1	1.05482e-017	1.97481e-027	1.05482e-017	3.46233e-045	1
9	2	1.41421	6.6631e-018	1.16731e-027	6.6631e-018	2.14524e-045	1
9.02	0	1	2.64012e-018	4.05424e-028	2.64012e-018	8.20916e-046	1
9.03	4	2	1.65604e-018	2.38216e-028	1.65604e-018	5.07005e-046	1
9.05	3	1.73205	6.47011e-019	8.17518e-029	6.47011e-019	1.92773e-046	1
9.07	2	1.41421	2.50428e-019	2.78329e-029	2.50428e-019	7.29824e-047	1
9.08	0	1	1.55254e-019	1.61916e-029	1.55254e-019	4.4834e-047	1
9.1	3	1.73205	5.9253e-020	5.44695e-030	5.9253e-020	1.68652e-047	1
9.11	4	2	3.64769e-020	3.14982e-030	3.64769e-020	1.03273e-047	1
9.13	0	1	1.37271e-020	1.04702e-030	1.37271e-020	3.85994e-048	1
9.15	3	1.73205	5.11767e-021	3.45267e-031	5.11767e-021	1.43653e-048	1
9.16	1	1	3.11381e-021	1.97677e-031	3.11381e-021	8.74954e-049	1
9.18	1	1	1.14467e-021	6.44113e-032	1.14467e-021	3.23542e-049	1
9.19	1	1	6.91589e-022	3.66577e-032	6.91589e-022	1.96429e-049	1
9.21	6	2.44949	2.50687e-022	1.18025e-032	2.50687e-022	7.21709e-050	1
9.22	1	1	1.50399e-022	6.67695e-033	1.50399e-022	4.3676e-050	1
9.24	1	1	5.37557e-023	2.12417e-033	5.37557e-023	1.59445e-050	1
9.26	3	1.73205	1.90341e-023	6.70403e-034	1.90341e-023	5.79584e-051	1
9.27	4	2	1.12865e-023	3.755e-034	1.12865e-023	3.48878e-051	1
9.29	3	1.73205	3.94062e-024	1.17101e-034	3.94062e-024	1.26006e-051	1
9.3	2	1.41421	2.32028e-024	6.5198e-035	2.32028e-024	7.56053e-052	1
9.32	4	2	7.98802e-025	2.00903e-035	7.98802e-025	2.71319e-052	1
9.34	1	1	2.72438e-025	6.14149e-036	2.72438e-025	9.69504e-053	1
9.35	3	1.73205	1.58546e-025	3.38546e-036	1.58546e-025	5.78611e-053	1
9.37	1	1	5.33189e-026	1.02261e-036	5.33189e-026	2.05431e-053	1
9.38	2	1.41421	3.08118e-026	5.60344e-037	3.08118e-026	1.22211e-053	1
9.4	1	1	1.02173e-026	1.67243e-037	1.02173e-026	4.31121e-054	1
9.41	0	1	5.863e-027	9.10951e-038	5.863e-027	2.5565e-054	1
9.43	1	1	1.91706e-027	2.68653e-038	1.91706e-027	8.96081e-055	1
9.45	1	1	6.20983e-028	7.86001e-039	6.20983e-028	3.12744e-055	1
9.46	0	1	3.52189e-028	4.23877e-039	3.52189e-028	1.84464e-055	1
9.48	1	1	1.12491e-028	1.22539e-039	1.12491e-028	6.39681e-056	1
9.49	0	1	6.3352e-029	6.56889e-040	6.3352e-029	3.7609e-056	1
9.51	1	1	1.99524e-029	1.87642e-040	1.99524e-029	1.29585e-056	1
9.53	3	1.73205	6.22532e-030	5.31744e-041	6.22532e-030	4.44588e-057	1
9.54	0	1	3.46512e-030	2.82221e-041	3.46512e-030	2.59993e-057	1
9.56	1	1	1.06605e-030	7.90251e-042	1.06605e-030	8.86289e-058	1
9.57	4	2	5.89228e-031	4.16921e-042	5.89228e-031	5.16636e-058	1
9.59	3	1.73205	1.78747e-031	1.15354e-042	1.78747e-031	1.74988e-058	1
9.6	1	1	9.8105e-032	6.04954e-043	9.8105e-032	1.01677e-058	1
9.62	0	1	2.93456e-032	1.65388e-043	2.93456e-032	3.42183e-059	1
9.64	1	1	8.6961e-033	4.4856e-044	8.6961e-033	1.14666e-059	1
9.65	2	1.41421	4.71725e-033	2.32905e-044	4.71725e-033	6.62711e-060	1
9.67	3	1.73205	1.37837e-033	6.24165e-045	1.37837e-033	2.20653e-060	1
9.68	4	2	7.42468e-034	3.22151e-045	7.42468e-034	1.27118e-060	1
9.7	2	1.41421	2.13919e-034	8.53066e-046	2.13919e-034	4.20535e-061	1
9.72	1	1	6.10594e-035	2.24099e-046	6.10594e-035	1.38529e-061	1
9.73	1	1	3.2507e-035	1.14517e-046	3.2507e-035	7.93799e-062	1
9.75	0	1	9.14902e-036	2.97257e-047	9.14902e-036	2.59811e-062	1
9.76	5	2.23607	4.83668e-036	1.50995e-047	4.83668e-036	1.484e-062	1
9.78	1	1	1.34227e-036	3.87281e-048	1.34227e-036	4.82606e-063	1
9.79	2	1.41421	7.04628e-037	1.95551e-048	7.04628e-037	2.74773e-063	1
9.81	1	1	1.92818e-037	4.95594e-049	1.92818e-037	8.87858e-064	1
9.83	1	1	5.22717e-038	1.24603e-049	5.22717e-038	2.85662e-064	1
9.84	2	1.41421	2.71206e-038	6.22917e-050	2.71206e-038	1.61775e-064	1
9.86	2	1.41421	7.24957e-039	1.54752e-050	7.24957e-039	5.17166e-065	1
9.87	0	1	3.73502e-039	7.69021e-051	3.73502e-039	2.9194e-065	1
9.89	4	2	9.84468e-040	1.88776e-051	9.84468e-040	9.27307e-066	1
9.91	1	1	2.57064e-040	4.59716e-052	2.57064e-040	2.93288e-066	1
9.92	2	1.41421	1.30898e-040	2.26184e-052	1.30898e-040	1.64677e-066	1
9.94	3	1.73205	3.37029e-041	5.44262e-053	3.37029e-041	5.17505e-067	1
9.95	4	2	1.70415e-041	2.66184e-053	1.70415e-041	2.8964e-067	1
9.97	1	1	4.32651e-042	6.32894e-054	4.32651e-042	9.04379e-068	1
9.98	1	1	2.17233e-042	3.07685e-054	2.17233e-042	5.04544e-068	1
10	4	2	5.43815e-043	7.22868e-055	5.43815e-043	1.56532e-068	1
10.02	5	2.23607	1.34867e-043	1.68479e-055	1.34867e-043	4.83554e-069	1
10.03	3	1.73205	6.69278e-044	8.10943e-056	6.69278e-044	2.6833e-069	1
10.05	3	1.73205	1.63665e-044	1.86759e-056	1.63665e-044	8.23614e-070	1
10.06	6	2.44949	8.06502e-045	8.93566e-057	8.06502e-045	4.55568e-070	1
10.08	2	1.41421	1.94469e-045	2.03339e-057	1.94469e-045	1.38937e-070	1
10.1	5	2.23607	4.64543e-046	4.59038e-058	4.64543e-046	4.21913e-071	1
10.11	4	2	2.2625e-046	2.17452e-058	2.2625e-046	2.32128e-071	1
10.13	3	1.73205	5.32916e-047	4.8506e-059	5.32916e-047	7.00397e-072	1
10.14	3	1.73205	2.57732e-047	2.28408e-059	2.57732e-047	3.84109e-072	1
10.16	3	1.73205	5.98595e-048	5.03438e-060	5.98595e-048	1.15155e-072	1
10.17	1	1	2.87468e-048	2.35648e-060	2.87468e-048	6.29502e-073	1
10.19	3	1.73205	6.58342e-049	5.13217e-061	6.58342e-049	1.87514e-073	1
10.21	5	2.23607	1.49363e-049	1.10885e-061	1.49363e-049	5.56175e-074	1
10.22	9	3	7.08944e-050	5.13879e-062	7.08944e-050	3.02415e-074	1
10.24	3	1.73205	1.58598e-050	1.09708e-062	1.58598e-050	8.91232e-075	1
10.25	7	2.64575	7.47508e-051	5.05388e-063	7.47508e-051	4.83045e-075	1
10.27	8	2.82843	1.64891e-051	1.06611e-063	1.64891e-051	1.41445e-075	1
10.28	7	2.64575	7.71724e-052	4.88196e-064	7.71724e-052	7.64167e-076	1
10.3	4	2	1.67857e-052	1.0176e-064	1.67857e-052	2.2233e-076	1
10.32	5	2.23607	3.61698e-053	2.10422e-065	3.61698e-053	6.44091e-077	1
10.33	7	2.64575	1.67311e-053	9.54006e-066	1.67311e-053	3.46119e-077	1
10.35	4	2	3.55489e-054	1.94927e-066	3.55489e-054	9.96289e-078	1
10.36	4	2	1.63287e-054	8.78479e-067	1.63287e-054	5.33664e-078	1
10.38	2	1.41421	3.42097e-055	1.77359e-067	3.42097e-055	1.5263e-078	1
10.4	5	2.23607	7.10031e-056	3.55232e-068	7.10031e-056	4.34661e-079	1
10.41	4	2	3.2234e-056	1.58505e-068	3.2234e-056	2.31584e-079	1
10.43	4	2	6.59687e-057	3.13692e-069	6.59687e-057	6.55287e-080	1
10.44	2	1.41421	2.97388e-057	1.39134e-069	2.97388e-057	3.48013e-080	1
10.46	4	2	6.00125e-058	2.72081e-070	6.00125e-058	9.78426e-081	1
10.47	5	2.23607	2.68643e-058	1.19958e-070	2.68643e-058	5.17961e-081	1
10.49	2	1.41421	5.3455e-059	2.31791e-071	5.3455e-059	1.44691e-081	1
10.51	1	1	1.05374e-059	4.44324e-072	1.05374e-059	4.02461e-082	1
10.52	4	2	4.66206e-060	1.93955e-072	4.66206e-060	2.11918e-082	1
10.54	1	1	9.06185e-061	3.67372e-073	9.06185e-061	5.85684e-083	1
10.55	2	1.41421	3.98117e-061	1.59408e-073	3.98117e-061	3.07407e-083	1
10.57	2	1.41421	7.63035e-062	2.98344e-074	7.63035e-062	8.44147e-084	1
10.59	1	1	1.4488e-062	5.53937e-075	1.4488e-062	2.30815e-084	1
10.6	1	1	6.29093e-063	2.37976e-075	6.29093e-063	1.20501e-084	1
10.62	4	2	1.17781e-063	4.36595e-076	1.17781e-063	3.27375e-085	1
10.63	3	1.73205	5.07842e-064	1.86446e-076	5.07842e-064	1.70363e-085	1
10.65	3	1.73205	9.37526e-065	3.37989e-077	9.37526e-065	4.59878e-086	1
10.66	0	1	4.01407e-065	1.43475e-077	4.01407e-065	2.3855e-086	1
10.68	0	1	7.30693e-066	2.56998e-078	7.30693e-066	6.39818e-087	1
10.7	2	1.41421	1.3177e-066	4.56685e-079	1.3177e-066	1.70873e-087	1
10.71	3	1.73205	5.57608e-067	1.91938e-079	5.57608e-067	8.81629e-088	1
10.73	1	1	9.91528e-068	3.37017e-080	9.91528e-068	2.33945e-088	1
10.74	0	1	4.16645e-068	1.40798e-080	4.16645e-068	1.20318e-088	1
10.76	3	1.73205	7.30529e-069	2.44281e-081	7.30529e-069	3.17227e-089	1
10.78	5	2.23607	1.26893e-069	4.20454e-082	1.26893e-069	8.32818e-090	1
10.79	2	1.41421	5.27003e-070	1.73914e-082	5.27003e-070	4.26033e-090	1
10.81	1	1	9.02629e-071	2.95778e-083	9.02629e-071	1.1113e-090	1
10.82	2	1.41421	3.72247e-071	1.21614e-083	3.72247e-071	5.66671e-091	1
10.84	2	1.41421	6.2867e-072	2.0437e-084	6.2867e-072	1.4687e-091	1
10.85	1	1	2.5745e-072	8.35284e-085	2.5745e-072	7.46508e-092	1
10.87	1	1	4.28725e-073	1.38698e-085	4.28725e-073	1.92241e-092	1
10.89	1	1	7.07287e-074	2.28478e-086	7.07287e-074	4.92945e-093	1
10.9	3	1.73205	2.86272e-074	9.24552e-087	2.86272e-074	2.49217e-093	1
10.92	3	1.73205	4.65683e-075	1.5049e-087	4.65683e-075	6.3495e-094	1
10.93	3	1.73205	1.87163e-075	6.05334e-088	1.87163e-075	3.1998e-094	1
10.95	5	2.23607	3.00212e-076	9.73585e-089	3.00212e-076	8.10022e-095	1
10.97	3	1.73205	4.77052e-077	1.55342e-089	4.77052e-077	2.04179e-095	1
10.98	3	1.73205	1.89499e-077	6.1865e-090	1.89499e-077	1.02346e-095	1
11	1	1	2.96921e-078	9.75353e-091	2.96921e-078	2.56327e-096	1
11.01	0	1	1.1712e-078	3.86119e-091	1.1712e-078	1.28073e-096	1
11.03	4	2	1.8095e-079	6.01507e-092	1.8095e-079	3.18709e-097	1
11.04	0	1	7.08757e-080	2.36702e-092	7.08757e-080	1.58732e-097	1
11.06	3	1.73205	1.07974e-080	3.64354e-093	1.07974e-080	3.92473e-098	1
11.08	4	2	1.62957e-081	5.56393e-094	1.62957e-081	9.66263e-099	1
11.09	5	2.23607	6.30848e-082	2.16776e-094	6.30848e-082	4.78675e-099	1
11.11	8	2.82843	9.38801e-083	3.27094e-095	9.38801e-083	1.17095e-099	1
11.12	4	2	3.60887e-083	1.26679e-095	3.60887e-083	5.78214e-100	1
11.14	2	1.41421	5.29561e-084	1.88872e-096	5.29561e-084	1.40539e-100	1
11.16	5	2.23607	7.69821e-085	2.79361e-097	7.69821e-085	3.40129e-101	1
11.17	2	1.41421	2.92483e-085	1.07119e-097	2.92483e-085	1.67059e-101	1
11.19	7	2.64575	4.19247e-086	1.56556e-098	4.19247e-086	4.01725e-102	1
11.2	2	1.41421	1.58172e-086	5.9672e-099	1.58172e-086	1.9668e-102	1
11.22	1	1	2.2356e-087	8.61738e-100	2.2356e-087	4.69926e-103	1
11.23	1	1	8.37529e-088	3.26496e-100	8.37529e-088	2.29333e-103	1
11.25	3	1.73205	1.16724e-088	4.65893e-101	1.16724e-088	5.44435e-104	1
11.27	3	1.73205	1.61157e-089	6.59522e-102	1.61157e-089	1.28696e-104	1
11.28	2	1.41421	5.96717e-090	2.47401e-102	5.96717e-090	6.24711e-105	1
11.3	3	1.73205	8.1237e-091	3.46057e-103	8.1237e-091	1.46727e-105	1
11.31	1	1	2.9869e-091	1.29039e-103	2.9869e-091	7.0995e-106	1
11.33	1	1	4.0096e-092	1.78349e-104	4.0096e-092	1.6568e-106	1
11.34	1	1	1.46391e-092	6.61068e-105	1.46391e-092	7.99084e-107	1
11.36	2	1.41421	1.93772e-093	9.02814e-106	1.93772e-093	1.85287e-107	1
11.38	3	1.73205	2.54096e-094	1.22317e-106	2.54096e-094	4.27796e-108	1
11.39	6	2.44949	9.16904e-095	4.4888e-107	9.16904e-095	2.05228e-108	1
11.41	4	2	1.18556e-095	6.00925e-108	1.18556e-095	4.70802e-109	1
11.42	5	2.23607	4.24815e-096	2.19213e-108	4.24815e-096	2.25135e-109	1
11.44	0	1	5.41622e-097	2.89974e-109	5.41622e-097	5.13164e-110	1
11.46	0	1	6.84105e-098	3.80529e-110	6.84105e-098	1.16469e-110	1
11.47	5	2.23607	2.42276e-098	1.37437e-110	2.42276e-098	5.53975e-111	1
11.49	2	1.41421	3.01739e-099	1.78211e-111	3.01739e-099	1.24927e-111	1
11.5	2	1.41421	1.06113e-099	6.39809e-112	1.06113e-099	5.92298e-112	1
11.52	5	2.23607	1.30312e-100	8.19756e-113	1.30312e-100	1.32714e-112	1
11.53	5	2.23607	4.55058e-101	2.92552e-113	4.55058e-101	6.272e-113	1
11.55	1	1	5.51034e-102	3.70373e-114	5.51034e-102	1.39634e-113	1
11.57	2	1.41421	6.6103e-103	4.65171e-115	6.6103e-103	3.09541e-114	1
11.58	2	1.41421	2.28148e-103	1.64361e-115	2.28148e-103	1.45507e-114	1
11.6	2	1.41421	2.6987e-104	2.03974e-116	2.6987e-104	3.20495e-115	1
11.61	4	2	9.24905e-105	7.16413e-117	9.24905e-105	1.50173e-115	1
11.63	3	1.73205	1.07877e-105	8.785e-118	1.07877e-105	3.28655e-116	1
11.65	0	1	1.2465e-106	1.0687e-118	1.2465e-106	7.1619e-117	1
11.66	2	1.41421	4.2223e-107	3.71632e-119	4.2223e-107	3.33791e-117	1
11.68	2	1.41421	4.81069e-108	4.46714e-120	4.81069e-108	7.22726e-118	1
11.69	1	1	1.61812e-108	1.54415e-120	1.61812e-108	3.35758e-118	1
11.71	3	1.73205	1.81788e-109	1.83404e-121	1.81788e-109	7.2233e-119	1
11.72	4	2	6.07177e-110	6.30187e-122	6.07177e-110	3.34497e-119	1
11.74	1	1	6.72611e-111	7.39591e-123	6.72611e-111	7.15011e-120	1
11.76	4	2	7.38148e-112	8.61092e-124	7.38148e-112	1.52186e-120	1
11.77	1	1	2.43673e-112	2.9294e-124	2.43673e-112	7.00981e-121	1
11.79	5	2.23607	2.63682e-113	3.37008e-125	2.63682e-113	1.48244e-121	1
11.8	4	2	8.64355e-114	1.13965e-125	8.64355e-114	6.80637e-122	1
11.82	4	2	9.22278e-115	1.29549e-126	9.22278e-115	1.4302e-122	1
11.84	2	1.41421	9.74903e-116	1.46094e-127	9.74903e-116	2.9924e-123	1
11.85	4	2	3.15853e-116	4.89141e-128	3.15853e-116	1.36658e-123	1
11.87	1	1	3.29216e-117	5.4505e-129	3.29216e-117	2.84097e-124	1
11.88	5	2.23607	1.05914e-117	1.814e-129	1.05914e-117	1.29326e-124	1
11.9	1	1	1.08853e-118	1.9973e-130	1.08853e-118	2.67134e-125	1
11.91	2	1.41421	3.47745e-119	6.60763e-131	3.47745e-119	1.21214e-125	1
11.93	2	1.41421	3.52409e-120	7.18876e-132	3.52409e-120	2.48775e-126	1
11.95	2	1.41421	3.53804e-121	7.75884e-133	3.53804e-121	5.08396e-127	1
11.96	1	1	1.11711e-121	2.54138e-133	1.11711e-121	2.29457e-127	1
11.98	5	2.23607	1.10588e-122	2.71029e-134	1.10587e-122	4.65916e-128	1
11.99	2	1.41421	3.46727e-123	8.82448e-135	3.46725e-123	2.0961e-128	1
12.01	3	1.73205	3.38451e-124	9.29904e-136	3.38447e-124	4.22891e-129	1
12.03	0	1	3.27294e-125	9.72125e-137	3.27286e-125	8.49541e-130	1
12.04	1	1	1.01423e-125	3.13376e-137	1.01419e-125	3.80159e-130	1
12.06	3	1.73205	9.6713e-127	3.23707e-138	9.67055e-127	7.58809e-131	1
12.07	2	1.41421	2.97605e-127	1.03728e-138	2.97571e-127	3.38469e-131	1
12.09	3	1.73205	2.79848e-128	1.05873e-139	2.79781e-128	6.71268e-132	1
12.1	1	1	8.55178e-129	3.37235e-140	8.54879e-129	2.98461e-132	1
12.12	4	2	7.93139e-130	3.40115e-141	7.92551e-130	5.88133e-133	1
12.14	1	1	7.29067e-131	3.40294e-142	7.27913e-131	1.154e-133	1
12.15	2	1.41421	2.20336e-131	1.07317e-142	2.19826e-131	5.10354e-134	1
12.17	3	1.73205	2.00075e-132	1.06096e-143	1.9908e-132	9.94971e-135	1
12.18	1	1	6.01386e-133	3.32596e-144	5.97e-133	4.38614e-135	1
12.2	2	1.41421	5.41607e-134	3.24901e-145	5.33111e-134	8.49635e-136	1
12.22	0	1	4.88006e-135	3.14862e-146	4.71618e-135	1.63879e-136	1
12.23	4	2	1.46968e-135	9.77252e-147	1.39782e-135	7.18573e-137	1
12.25	0	1	1.35704e-136	9.35791e-148	1.21932e-136	1.37712e-137	1
12.26	0	1	4.19052e-137	2.88713e-148	3.58862e-137	6.01901e-138	1
12.28	1	1	4.23281e-138	2.73175e-149	3.08667e-138	1.14614e-138	1
12.29	3	1.73205	1.40142e-138	8.3778e-150	9.02082e-139	4.99338e-139	1
12.31	4	2	1.70983e-139	7.83264e-151	7.65076e-140	9.44751e-140	1
12.33	2	1.41421	2.42266e-140	7.26477e-152	6.42826e-141	1.77984e-140	1
12.34	5	2.23607	9.56962e-141	2.20587e-152	1.85679e-141	7.71283e-141	1
12.36	2	1.41421	1.59757e-141	2.0216e-153	1.53832e-142	1.44373e-141	1
12.37	1	1	6.67752e-142	6.10176e-154	4.41227e-143	6.23629e-142	1
12.39	4	2	1.19592e-142	5.52554e-155	3.60447e-144	1.15987e-142	1
12.4	2	1.41421	5.09674e-143	1.65781e-155	1.02661e-144	4.99408e-143	1
12.42	4	2	9.31159e-144	1.4834e-156	8.26951e-146	9.22889e-144	1
12.44	3	1.73205	1.70478e-144	1.31679e-157	6.5991e-147	1.69818e-144	1
12.45	1	1	7.29143e-145	3.91152e-158	1.85764e-147	7.27285e-145	1
12.47	4	2	1.33115e-145	3.43088e-159	1.46171e-148	1.32969e-145	1
12.48	5	2.23607	5.68053e-146	1.01306e-159	4.08587e-149	5.67644e-146	1
12.5	2	1.41421	1.03149e-146	8.78012e-161	3.17015e-150	1.03117e-146	1
12.52	4	2	1.86546e-147	7.54918e-162	2.43672e-151	1.86522e-147	1
12.53	2	1.41421	7.92076e-148	2.20699e-162	6.73197e-152	7.92009e-148	1
12.55	6	2.44949	1.42349e-148	1.875e-163	5.10226e-153	1.42343e-148	1
12.56	5	2.23607	6.02496e-149	5.44883e-164	1.39974e-153	6.02482e-149	1
12.58	2	1.41421	1.07589e-149	4.57413e-165	1.04608e-154	1.07587e-149	1
12.59	2	1.41421	4.53917e-150	1.32133e-165	2.84967e-155	4.53914e-150	1
12.61	2	1.41421	8.05384e-151	1.09602e-166	2.09994e-156	8.05382e-151	1
12.63	4	2	1.42289e-151	9.01908e-168	1.53302e-157	1.42289e-151	1
12.64	2	1.41421	5.97116e-152	2.57949e-168	4.12755e-158	5.97115e-152	1
12.66	4	2	1.04819e-152	2.0974e-169	2.97118e-159	1.04819e-152	1
12.67	3	1.73205	4.38461e-153	5.96286e-170	7.94366e-160	4.38461e-153	1
12.69	3	1.73205	7.64753e-154	4.79075e-171	5.63836e-161	7.64753e-154	1
12.71	0	1	1.32816e-154	3.81845e-172	3.96474e-162	1.32816e-154	1
12.72	4	2	5.52611e-155	1.07481e-172	1.04766e-162	5.52611e-155	1
12.74	3	1.73205	9.53589e-156	8.46482e-174	7.26402e-164	9.53589e-156	1
12.75	4	2	3.95489e-156	2.36844e-174	1.90603e-164	3.95489e-156	1
12.77	2	1.41421	6.78089e-157	1.84311e-175	1.30311e-165	6.78089e-157	1
12.78	3	1.73205	2.80327e-157	5.12623e-176	3.39533e-166	2.80327e-157	1
12.8	3	1.73205	4.7756e-158	3.94177e-177	2.28892e-167	4.7756e-158	1
12.82	2	1.41421	8.10086e-159	3.0069e-178	1.52865e-168	8.10086e-159	1
12.83	1	1	3.33108e-159	8.28007e-179	3.9366e-169	3.33108e-159	1
12.85	3	1.73205	5.61434e-160	6.24116e-180	2.59235e-170	5.61434e-160	1
12.86	6	2.44949	2.30122e-160	1.70837e-180	6.6291e-171	2.30122e-160	1
12.88	7	2.64575	3.85375e-161	1.27238e-181	4.3045e-172	3.85375e-161	1
12.9	3	1.73205	6.42611e-162	9.40125e-183	2.76899e-173	6.42611e-162	1
12.91	3	1.73205	2.61989e-162	2.54783e-183	6.99834e-174	2.61989e-162	1
12.93	2	1.41421	4.34069e-163	1.86013e-184	4.43904e-175	4.34069e-163	1
12.94	3	1.73205	1.764e-163	5.01107e-185	1.11406e-175	1.764e-163	1
12.96	3	1.73205	2.90392e-164	3.61498e-186	6.96785e-177	2.90392e-164	1
12.97	0	1	1.17633e-164	9.68042e-187	1.73647e-177	1.17633e-164	1
12.99	0	1	1.9241e-165	6.90037e-188	1.07091e-178	1.9241e-165	1
13.01	4	2	3.13375e-166	4.87962e-189	6.54284e-180	3.13375e-166	1
13.02	2	1.41421	1.26266e-166	1.29373e-189	1.61156e-180	1.26266e-166	1
13.04	0	1	2.04331e-167	9.03983e-191	9.70861e-182	2.04331e-167	1
13.05	0	1	8.20654e-168	2.38243e-191	2.37457e-182	8.20654e-168	1
13.07	2	1.41421	1.31953e-168	1.6449e-192	1.41056e-183	1.31953e-168	1
13.09	2	1.41421	2.1126e-169	1.12666e-193	8.30092e-185	2.1126e-169	1
13.1	2	1.41421	8.43956e-170	2.93983e-194	2.00663e-185	8.43956e-170	1
13.12	1	1	1.34255e-170	1.98966e-195	1.16439e-186	1.34255e-170	1
13.13	4	2	5.34609e-171	5.16071e-196	2.79503e-187	5.34609e-171	1
13.15	4	2	8.45e-172	3.4512e-197	1.59924e-188	8.45e-172	1
13.16	1	1	3.35405e-172	8.89818e-198	3.81197e-189	3.35405e-172	1
13.18	1	1	5.26745e-173	5.87983e-199	2.15065e-190	5.26745e-173	1
13.2	1	1	8.23705e-174	3.85446e-200	1.20205e-191	8.23705e-174	1
13.21	4	2	3.25207e-174	9.83929e-201	2.83185e-192	3.25207e-174	1
13.23	1	1	5.05291e-175	6.37332e-202	1.56069e-193	5.05291e-175	1
13.24	1	1	1.98854e-175	1.61721e-202	3.65102e-194	1.98854e-175	1
13.26	4	2	3.06993e-176	1.03508e-203	1.98407e-195	3.06993e-176	1
13.28	2	1.41421	4.71912e-177	6.57222e-205	1.06814e-196	4.71912e-177	1
13.29	2	1.41421	1.84727e-177	1.65114e-205	2.46966e-197	1.84727e-177	1
13.31	3	1.73205	2.82146e-178	1.03592e-206	1.31101e-198	2.82146e-178	1
13.32	1	1	1.1009e-178	2.58701e-207	3.00997e-199	1.1009e-178	1
13.34	7	2.64575	1.67071e-179	1.60378e-208	1.57552e-200	1.67071e-179	1
13.35	4	2	6.49803e-180	3.98124e-209	3.59194e-201	6.49803e-180	1
13.37	1	1	9.79821e-181	2.43875e-210	1.8539e-202	9.79821e-181	1
13.39	2	1.41421	1.47113e-181	1.48201e-211	9.47926e-204	1.47113e-181	1
13.4	0	1	5.69125e-182	3.64245e-212	2.13596e-204	5.69125e-182	1
13.42	2	1.41421	8.49031e-183	2.18716e-213	1.0769e-205	8.49031e-183	1
13.43	3	1.73205	3.27404e-183	5.34349e-214	2.40958e-206	3.27404e-183	1
13.45	1	1	4.853e-184	3.17041e-215	1.1979e-207	4.853e-184	1
13.46	1	1	1.86542e-184	7.69947e-216	2.66153e-208	1.86542e-184	1
13.48	3	1.73205	2.74735e-185	4.51392e-217	1.30468e-209	2.74735e-185	1
13.5	1	1	4.02894e-186	2.62532e-218	6.33591e-211	4.02894e-186	1
13.51	3	1.73205	1.5404e-186	6.31244e-219	1.39134e-211	1.5404e-186	1
13.53	1	1	2.24451e-187	3.62768e-220	6.66244e-213	2.24451e-187	1
13.54	3	1.73205	8.55397e-188	8.67051e-221	1.4528e-213	8.55397e-188	1
13.56	5	2.23607	1.23842e-188	4.92356e-222	6.85963e-215	1.23842e-188	1
13.58	3	1.73205	1.78528e-189	2.77363e-223	3.20867e-216	1.78528e-189	1
13.59	3	1.73205	6.7675e-190	6.56348e-224	6.9153e-217	6.7675e-190	1
13.61	1	1	9.69345e-191	3.65348e-225	3.18956e-218	9.69345e-191	1
13.62	4	2	3.66274e-191	8.59396e-226	6.82597e-219	3.66274e-191	1
13.64	4	2	5.21275e-192	4.72682e-227	3.10441e-220	5.21275e-192	1
13.65	4	2	1.96336e-192	1.10524e-227	6.59721e-221	1.96336e-192	1
13.67	3	1.73205	2.77633e-193	6.00669e-229	2.95849e-222	2.77633e-193	1
13.69	3	1.73205	3.90915e-194	3.23854e-230	1.31435e-223	3.90915e-194	1
13.7	0	1	1.46451e-194	7.49733e-231	2.76061e-224	1.46451e-194	1
13.72	1	1	2.04887e-195	3.99414e-232	1.20932e-225	2.04887e-195	1
13.73	3	1.73205	7.65116e-196	9.19141e-233	2.52221e-226	7.65116e-196	1
13.75	1	1	1.06356e-196	4.8384e-234	1.08946e-227	1.06356e-196	1
13.77	7	2.64575	1.47209e-197	2.52671e-235	4.66201e-229	1.47209e-197	1
13.78	2	1.41421	5.46793e-198	5.75684e-236	9.61009e-230	5.46793e-198	1
13.8	3	1.73205	7.51981e-199	2.97059e-237	4.05493e-231	7.51981e-199	1
13.81	7	2.64575	2.78421e-199	6.72778e-238	8.30014e-232	2.78421e-199	1
13.83	3	1.73205	3.80449e-200	3.4303e-239	3.45332e-233	3.80449e-200	1
13.84	6	2.44949	1.40409e-200	7.72259e-240	7.01918e-234	1.40409e-200	1
13.86	6	2.44949	1.90635e-201	3.89069e-241	2.87961e-235	1.90635e-201	1
13.88	8	2.82843	2.5772e-202	1.94458e-242	1.17033e-236	2.5772e-202	1
13.89	5	2.23607	9.46069e-203	4.33437e-243	2.3511e-237	9.46069e-203	1
13.91	7	2.64575	1.27081e-203	2.14056e-244	9.42202e-239	1.27081e-203	1
13.92	5	2.23607	4.65008e-204	4.74274e-245	1.87955e-239	4.65008e-204	1
13.94	3	1.73205	6.20622e-205	2.31438e-246	7.42713e-241	6.20622e-205	1
13.96	2	1.41421	8.24773e-206	1.1204e-247	2.90749e-242	8.24773e-206	1
13.97	7	2.64575	3.00186e-206	2.45779e-248	5.73246e-243	3.00186e-206	1
13.99	1	1	3.96378e-207	1.17568e-249	2.21276e-244	3.96378e-207	1
14	3	1.73205	1.43804e-207	2.56366e-250	4.33216e-245	1.43804e-207	1
14.02	3	1.73205	1.88669e-208	1.21173e-251	1.64889e-246	1.88669e-208	1
14.03	2	1.41421	6.82286e-209	2.62651e-252	3.2056e-247	6.82286e-209	1
14.05	6	2.44949	8.89418e-210	1.22667e-253	1.20308e-248	8.89418e-210	1
14.07	2	1.41421	1.15448e-210	5.68346e-255	4.47308e-250	1.15448e-210	1
14.08	3	1.73205	4.15268e-211	1.21971e-255	8.59482e-251	4.15268e-211	1
14.1	6	2.44949	5.35573e-212	5.58396e-257	3.15098e-252	5.35573e-212	1
14.11	4	2	1.92029e-212	1.19121e-257	6.01207e-253	1.92029e-212	1
14.13	8	2.82843	2.46075e-213	5.38861e-259	2.17334e-254	2.46075e-213	1
14.15	4	2	3.13985e-214	2.41825e-260	7.78326e-256	3.13985e-214	1
14.16	1	1	1.11978e-214	5.10758e-261	1.46775e-256	1.11978e-214	1
14.18	4	2	1.41966e-215	2.26487e-262	5.18301e-258	1.41966e-215	1
14.19	3	1.73205	5.04677e-216	4.75509e-263	9.70555e-259	5.04677e-216	1
14.21	7	2.64575	6.35735e-217	2.08348e-264	3.37944e-260	6.35735e-217	1
14.22	1	1	2.25274e-217	4.34817e-265	6.28392e-261	2.25274e-217	1
14.24	3	1.73205	2.81958e-218	1.88252e-266	2.1575e-262	2.81958e-218	1
14.26	4	2	3.51397e-219	8.08555e-268	7.33839e-264	3.51397e-219	1
14.27	4	2	1.23853e-219	1.67069e-268	1.34865e-264	1.23853e-219	1
14.29	1	1	1.53367e-220	7.09035e-270	4.52319e-266	1.53367e-220	1
14.3	3	1.73205	5.38824e-221	1.45631e-270	8.25451e-267	5.38824e-221	1
14.32	3	1.73205	6.62951e-222	6.10702e-272	2.7298e-268	6.62951e-222	1
14.34	5	2.23607	8.12189e-223	2.54062e-273	8.94339e-270	8.12189e-223	1
14.35	6	2.44949	2.83823e-223	5.1665e-274	1.6131e-270	2.83823e-223	1
14.37	2	1.41421	3.45489e-224	2.12378e-275	5.21107e-272	3.45489e-224	1
14.38	7	2.64575	1.20345e-224	4.29306e-276	9.33327e-273	1.20345e-224	1
14.4	3	1.73205	1.45555e-225	1.74375e-277	2.973e-274	1.45555e-225	1
14.41	6	2.44949	5.05391e-226	3.50383e-278	5.28749e-275	5.05391e-226	1
14.43	7	2.64575	6.07344e-227	1.40625e-279	1.66076e-276	6.07344e-227	1
14.45	1	1	7.26746e-228	5.59908e-281	5.16764e-278	7.26746e-228	1
14.46	3	1.73205	2.50992e-228	1.1139e-281	9.08363e-279	2.50992e-228	1
14.48	6	2.44949	2.98413e-229	4.3823e-283	2.78703e-280	2.98413e-229	1
14.49	3	1.73205	1.02731e-229	8.66627e-284	4.8647e-281	1.02731e-229	1
14.51	4	2	1.21358e-230	3.36894e-285	1.47175e-282	1.21358e-230	1
14.53	3	1.73205	1.42751e-231	1.29924e-286	4.41103e-284	1.42751e-231	1
14.54	0	1	4.88806e-232	2.54382e-287	7.6097e-285	4.88806e-232	1
14.56	5	2.23607	5.7129e-233	9.69362e-289	2.2489e-286	5.7129e-233	1
14.57	3	1.73205	1.94993e-233	1.88663e-289	3.85252e-287	1.94993e-233	1
14.59	2	1.41421	2.26438e-234	7.10375e-291	1.12265e-288	2.26438e-234	1
14.6	4	2	7.70404e-235	1.37433e-291	1.9097e-289	7.70404e-235	1
14.62	1	1	8.88914e-236	5.11322e-293	5.4873e-291	8.88914e-236	1
14.64	4	2	1.02127e-236	1.88727e-294	1.562e-292	1.02127e-236	1
14.65	1	1	3.45609e-237	3.61497e-295	2.62613e-293	3.45609e-237	1
14.67	0	1	3.94528e-238	1.3184e-296	7.37115e-295	3.94528e-238	1
14.68	2	1.41421	1.33084e-238	2.51027e-297	1.2306e-295	1.33084e-238	1
14.7	2	1.41421	1.50949e-239	9.04619e-299	3.4059e-297	1.50949e-239	1
14.71	5	2.23607	5.07557e-240	1.71214e-299	5.64628e-298	5.07557e-240	1
14.73	4	2	5.72003e-241	6.09661e-301	1.54089e-299	5.72003e-241	1
14.75	2	1.41421	6.41878e-242	2.15364e-302	4.16592e-301	6.41878e-242	1
14.76	0	1	2.14675e-242	4.03567e-303	6.8258e-302	2.14675e-242	1
14.78	3	1.73205	2.39358e-243	1.40865e-304	1.81965e-303	2.39358e-243	1
14.79	3	1.73205	7.97963e-244	2.6239e-305	2.9606e-304	7.97963e-244	1
14.81	2	1.41421	8.84012e-245	9.04975e-307	7.78231e-306	8.84012e-245	1
14.83	2	1.41421	9.75156e-246	3.09643e-308	2.0266e-307	9.75156e-246	1
14.84	3	1.73205	3.23359e-246	5.71051e-309	3.25891e-308	3.23359e-246	1
14.86	3	1.73205	3.54414e-247	1.93065e-310	8.3681e-310	3.54414e-247	1
14.87	5	2.23607	1.17146e-247	3.53931e-311	1.33622e-310	1.17146e-247	1
14.89	2	1.41421	1.27575e-248	1.18236e-312	3.38321e-312	1.27575e-248	1
14.9	2	1.41421	4.20326e-249	2.15459e-313	5.36448e-313	4.20326e-249	1
14.92	1	1	4.54814e-250	7.11212e-315	1.33928e-314	4.54814e-250	1
14.94	2	1.41421	4.9003e-251	2.32892e-316	3.31243e-316	4.9003e-251	1
14.95	2	1.41421	1.6059e-251	4.20198e-317	5.19108e-317	1.6059e-251	1
14.97	3	1.73205	1.71917e-252	1.35124e-318	1.26458e-318	1.71917e-252	1
14.98	4	2	5.61591e-253	2.34592e-319	1.96515e-319	5.61591e-253	1
15	2	1.41421	5.97352e-254	0	4.50094e-321	5.97352e-254	1
15.02	2	1.41421	6.32674e-255	0	0	6.32674e-255	1
15.03	1	1	2.05569e-255	0	0	2.05569e-255	1
15.05	1	1	2.16331e-256	0	0	2.16331e-256	1
15.06	2	1.41421	7.0065e-257	0	0	7.0065e-257	1
15.08	0	1	7.3261e-258	0	0	7.3261e-258	1
15.09	0	1	2.36516e-258	0	0	2.36516e-258	1
15.11	4	2	2.45721e-259	0	0	2.45721e-259	1
15.13	5	2.23607	2.54194e-260	0	0	2.54194e-260	1
15.14	1	1	8.16262e-261	0	0	8.16262e-261	1
15.16	1	1	8.39001e-262	0	0	8.39001e-262	1
15.17	2	1.41421	2.68554e-262	0	0	2.68554e-262	1
15.19	2	1.41421	2.74268e-263	0	0	2.74268e-263	1
15.21	5	2.23607	2.78907e-264	0	0	2.78907e-264	1
15.22	4	2	8.87982e-265	0	0	8.87982e-265	1
15.24	2	1.41421	8.9722e-266	0	0	8.9722e-266	1
15.25	3	1.73205	2.8474e-266	0	0	2.8474e-266	1
15.27	1	1	2.85861e-267	0	0	2.85861e-267	1
15.28	2	1.41421	9.04294e-268	0	0	9.04294e-268	1
15.3	6	2.44949	9.0204e-269	0	0	9.0204e-269	1
15.32	3	1.73205	8.95947e-270	0	0	8.95947e-270	1
15.33	1	1	2.81912e-270	0	0	2.81912e-270	1
15.35	3	1.73205	2.78215e-271	0	0	2.78215e-271	1
15.36	3	1.73205	8.72602e-272	0	0	8.72602e-272	1
15.38	2	1.41421	8.55646e-273	0	0	8.55646e-273	1
15.4	0	1	8.35434e-274	0	0	8.35434e-274	1
15.41	3	1.73205	2.6063e-274	0	0	2.6063e-274	1
15.43	3	1.73205	2.52844e-275	0	0	2.52844e-275	1
15.44	0	1	7.86267e-276	0	0	7.86267e-276	1
15.46	1	1	7.57896e-277	0	0	7.57896e-277	1
15.47	1	1	2.34926e-277	0	0	2.34926e-277	1
15.49	1	1	2.25e-278	0	0	2.25e-278	1
15.51	3	1.73205	2.14572e-279	0	0	2.14572e-279	1
15.52	0	1	6.61562e-280	0	0	6.61562e-280	1
15.54	4	2	6.26861e-281	0	0	6.26861e-281	1
15.55	4	2	1.92653e-281	0	0	1.92653e-281	1
15.57	1	1	1.81379e-282	0	0	1.81379e-282	1
15.59	2	1.41421	1.70035e-283	0	0	1.70035e-283	1
15.6	3	1.73205	5.19778e-284	0	0	5.19778e-284	1
15.62	4	2	4.8415e-285	0	0	4.8415e-285	1
15.63	1	1	1.47525e-285	0	0	1.47525e-285	1
15.65	3	1.73205	1.36533e-286	0	0	1.36533e-286	1
15.66	2	1.41421	4.14694e-287	0	0	4.14694e-287	1
15.68	1	1	3.81339e-288	0	0	3.81339e-288	1
15.7	3	1.73205	3.49169e-289	0	0	3.49169e-289	1
15.71	1	1	1.05488e-289	0	0	1.05488e-289	1
15.73	2	1.41421	9.59702e-291	0	0	9.59702e-291	1
15.74	2	1.41421	2.89006e-291	0	0	2.89006e-291	1
15.76	4	2	2.61248e-292	0	0	2.61248e-292	1
15.77	0	1	7.84202e-293	0	0	7.84202e-293	1
15.79	5	2.23607	7.04343e-294	0	0	7.04343e-294	1
15.81	0	1	6.29914e-295	0	0	6.29914e-295	1
15.82	1	1	1.88076e-295	0	0	1.88076e-295	1
15.84	1	1	1.67124e-296	0	0	1.67124e-296	1
15.85	2	1.41421	4.97389e-297	0	0	4.97389e-297	1
15.87	5	2.23607	4.39152e-298	0	0	4.39152e-298	1
15.89	1	1	3.86076e-299	0	0	3.86076e-299	1
15.9	3	1.73205	1.14289e-299	0	0	1.14289e-299	1
15.92	1	1	9.98331e-301	0	0	9.98331e-301	1
15.93	1	1	2.94586e-301	0	0	2.94586e-301	1
15.95	4	2	2.55677e-302	0	0	2.55677e-302	1
15.96	1	1	7.52029e-303	0	0	7.52029e-303	1
15.98	0	1	6.48522e-304	0	0	6.48522e-304	1
16	2	1.41421	5.56873e-305	0	0	5.56873e-305	1
16.01	3	1.73205	1.6292e-305	0	0	1.6292e-305	1
16.03	1	1	1.39e-306	0	0	1.39e-306	1
16.04	1	1	4.05358e-307	0	0	4.05358e-307	1
16.06	0	1	3.4363e-308	0	0	3.4363e-308	1
16.08	2	1.41421	2.90057e-309	0	0	2.90057e-309	1
16.09	4	2	8.41362e-310	0	0	8.41362e-310	1
16.11	2	1.41421	7.05645e-311	0	0	7.05645e-311	1
16.12	1	1	2.04028e-311	0	0	2.04028e-311	1
16.14	1	1	1.70022e-312	0	0	1.70022e-312	1
16.15	1	1	4.90021e-313	0	0	4.90021e-313	1
16.17	0	1	4.05732e-314	0	0	4.05732e-314	1
16.19	3	1.73205	3.34506e-315	0	0	3.34506e-315	1
16.2	2	1.41421	9.58934e-316	0	0	9.58934e-316	1
16.22	2	1.41421	7.85532e-317	0	0	7.85532e-317	1
16.23	4	2	2.24468e-317	0	0	2.24468e-317	1
16.25	1	1	1.82692e-318	0	0	1.82692e-318	1
16.27	1	1	1.47711e-319	0	0	1.47711e-319	1
16.28	3	1.73205	4.17337e-320	0	0	4.17337e-320	1
16.3	3	1.73205	3.27566e-321	0	0	3.27566e-321	1
16.31	1	1	8.20149e-322	0	0	8.20149e-322	1
16.33	4	2	0	0	0	0	1
16.34	4	2	0	0	0	0	1
16.36	3	1.73205	0	0	0	0	1
16.38	4	2	0	0	0	0	1
16.39	2	1.41421	0	0	0	0	1
16.41	4	2	0	0	0	0	1
16.42	2	1.41421	0	0	0	0	1
16.44	1	1	0	0	0	0	1
16.46	2	1.41421	0	0	0	0	1
16.47	0	1	0	0	0	0	1
16.49	1	1	0	0	0	0	1
16.5	2	1.41421	0	0	0	0	1
16.52	1	1	0	0	0	0	1
16.53	1	1	0	0	0	0	1
16.55	0	1	0	0	0	0	1
16.57	2	1.41421	0	0	0	0	1
16.58	1	1	0	0	0	0	1
16.6	0	1	0	0	0	0	1
16.61	0	1	0	0	0	0	1
16.63	1	1	0	0	0	0	1
16.65	1	1	0	0	0	0	1
16.66	0	1	0	0	0	0	1
16.68	1	1	0	0	0	0	1
16.69	2	1.41421	0	0	0	0	1
16.71	1	1	0	0	0	0	1
16.72	2	1.41421	0	0	0	0	1
16.74	2	1.41421	0	0	0	0	1
16.76	2	1.41421	0	0	0	0	1
16.77	1	1	0	0	0	0	1
16.79	0	1	0	0	0	0	1
16.8	1	1	0	0	0	0	1
16.82	0	1	0	0	0	0	1
16.83	5	2.23607	0	0	0	0	1
16.85	1	1	0	0	0	0	1
16.87	3	1.73205	0	0	0	0	1
16.88	1	1	0	0	0	0	1
16.9	2	1.41421	0	0	0	0	1
16.91	0	1	0	0	0	0	1
16.93	2	1.41421	0	0	0	0	1
16.95	3	1.73205	0	0	0	0	1
16.96	3	1.73205	0	0	0	0	1
16.98	4	2	0	0	0	0	1
16.99	1	1	0	0	0	0	1
17.01	3	1.73205	0	0	0	0	1
17.02	2	1.41421	0	0	0	0	1
17.04	4	2	0	0	0	0	1
17.06	0	1	0	0	0	0	1
17.07	1	1	0	0	0	0	1
17.09	3	1.73205	0	0	0	0	1
17.1	1	1	0	0	0	0	1
17.12	5	2.23607	0	0	0	0	1
17.14	3	1.73205	0	0	0	0	1
17.15	0	1	0	0	0	0	1
17.17	1	1	0	0	0	0	1
17.18	3	1.73205	0	0	0	0	1
17.2	3	1.73205	0	0	0	0	1
17.21	6	2.44949	0	0	0	0	1
17.23	3	1.73205	0	0	0	0	1
17.25	7	2.64575	0	0	0	0	1
17.26	3	1.73205	0	0	0	0	1
17.28	2	1.41421	0	0	0	0	1
17.29	0	1	0	0	0	0	1
17.31	3	1.73205	0	0	0	0	1
17.33	2	1.41421	0	0	0	0	1
17.34	2	1.41421	0	0	0	0	1
17.36	1	1	0	0	0	0	1
17.37	2	1.41421	0	0	0	0	1
17.39	5	2.23607	0	0	0	0	1
17.4	3	1.73205	0	0	0	0	1
17.42	3	1.73205	0	0	0	0	1
17.44	4	2	0	0	0	0	1
17.45	1	1	0	0	0	0	1
17.47	3	1.73205	0	0	0	0	1
17.48	3	1.73205	0	0	0	0	1
17.5	2	1.41421	0	0	0	0	1
17.52	0	1	0	0	0	0	1
17.53	2	1.41421	0	0	0	0	1
17.55	4	2	0	0	0	0	1
17.56	3	1.73205	0	0	0	0	1
17.58	3	1.73205	0	0	0	0	1
17.59	4	2	0	0	0	0	1
17.61	2	1.41421	0	0	0	0	1
17.63	4	2	0	0	0	0	1
17.64	1	1	0	0	0	0	1
17.66	1	1	0	0	0	0	1
17.67	4	2	0	0	0	0	1
17.69	1	1	0	0	0	0	1
17.71	3	1.73205	0	0	0	0	1
17.72	6	2.44949	0	0	0	0	1
17.74	1	1	0	0	0	0	1
17.75	1	1	0	0	0	0	1
17.77	3	1.73205	0	0	0	0	1
17.78	1	1	0	0	0	0	1
17.8	0	1	0	0	0	0	1
17.82	2	1.41421	0	0	0	0	1
17.83	1	1	0	0	0	0	1
17.85	5	2.23607	0	0	0	0	1
17.86	2	1.41421	0	0	0	0	1
17.88	0	1	0	0	0	0	1
17.89	2	1.41421	0	0	0	0	1
17.91	2	1.41421	0	0	0	0	1
17.93	2	1.41421	0	0	0	0	1
17.94	1	1	0	0	0	0	1
17.96	3	1.73205	0	0	0	0	1
17.97	4	2	0	0	0	0	1
17.99	2	1.41421	0	0	0	0	1
18.01	0	1	0	0	0	0	1
18.02	2	1.41421	0	0	0	0	1
18.04	3	1.73205	0	0	0	0	1
18.05	4	2	0	0	0	0	1
18.07	0	1	0	0	0	0	1
18.08	2	1.41421	0	0	0	0	1
18.1	6	2.44949	0	0	0	0	1
18.12	1	1	0	0	0	0	1
18.13	0	1	0	0	0	0	1
18.15	1	1	0	0	0	0	1
18.16	3	1.73205	0	0	0	0	1
18.18	1	1	0	0	0	0	1
18.2	5	2.23607	0	0	0	0	1
18.21	1	1	0	0	0	0	1
18.23	1	1	0	0	0	0	1
18.24	5	2.23607	0	0	0	0	1
18.26	2	1.41421	0	0	0	0	1
18.27	3	1.73205	0	0	0	0	1
18.29	3	1.73205	0	0	0	0	1
18.31	3	1.73205	0	0	0	0	1
18.32	2	1.41421	0	0	0	0	1
18.34	0	1	0	0	0	0	1
18.35	1	1	0	0	0	0	1
18.37	1	1	0	0	0	0	1
18.39	0	1	0	0	0	0	1
18.4	3	1.73205	0	0	0	0	1
18.42	1	1	0	0	0	0	1
18.43	1	1	0	0	0	0	1
18.45	2	1.41421	0	0	0	0	1
18.46	3	1.73205	0	0	0	0	1
18.48	2	1.41421	0	0	0	0	1
18.5	0	1	0	0	0	0	1
18.51	3	1.73205	0	0	0	0	1
18.53	1	1	0	0	0	0	1
18.54	5	2.23607	0	0	0	0	1
18.56	1	1	0	0	0	0	1
18.58	4	2	0	0	0	0	1
18.59	1	1	0	0	0	0	1
18.61	1	1	0	0	0	0	1
18.62	1	1	0	0	0	0	1
18.64	3	1.73205	0	0	0	0	1
18.65	2	1.41421	0	0	0	0	1
18.67	1	1	0	0	0	0	1
18.69	1	1	0	0	0	0	1
18.7	0	1	0	0	0	0	1
18.72	1	1	0	0	0	0	1
18.73	0	1	0	0	0	0	1
18.75	0	1	0	0	0	0	1
18.77	1	1	0	0	0	0	1
18.78	2	1.41421	0	0	0	0	1
18.8	2	1.41421	0	0	0	0	1
18.81	2	1.41421	0	0	0	0	1
18.83	2	1.41421	0	0	0	0	1
18.84	3	1.73205	0	0	0	0	1
18.86	1	1	0	0	0	0	1
18.88	0	1	0	0	0	0	1
18.89	2	1.41421	0	0	0	0	1
18.91	1	1	0	0	0	0	1
18.92	1	1	0	0	0	0	1
18.94	1	1	0	0	0	0	1
18.95	1	1	0	0	0	0	1
18.97	2	1.41421	0	0	0	0	1
18.99	0	1	0	0	0	0	1
19	0	1	0	0	0	0	1
19.02	1	1	0	0	0	0	1
19.03	1	1	0	0	0	0	1
19.05	0	1	0	0	0	0	1
19.07	0	1	0	0	0	0	1
19.08	2	1.41421	0	0	0	0	1
19.1	3	1.73205	0	0	0	0	1
19.11	1	1	0	0	0	0	1
19.13	1	1	0	0	0	0	1
19.14	1	1	0	0	0	0	1
19.16	1	1	0	0	0	0	1
19.18	1	1	0	0	0	0	1
19.19	0	1	0	0	0	0	1
19.21	0	1	0	0	0	0	1
19.22	0	1	0	0	0	0	1
19.24	2	1.41421	0	0	0	0	1
19.26	1	1	0	0	0	0	1
19.27	2	1.41421	0	0	0	0	1
19.29	2	1.41421	0	0	0	0	1
19.3	2	1.41421	0	0	0	0	1
19.32	2	1.41421	0	0	0	0	1
19.33	2	1.41421	0	0	0	0	1
19.35	0	1	0	0	0	0	1
19.37	3	1.73205	0	0	0	0	1
19.38	3	1.73205	0	0	0	0	1
19.4	1	1	0	0	0	0	1
19.41	3	1.73205	0	0	0	0	1
19.43	0	1	0	0	0	0	1
19.45	3	1.73205	0	0	0	0	1
19.46	0	1	0	0	0	0	1
19.48	1	1	0	0	0	0	1
19.49	0	1	0	0	0	0	1
19.51	1	1	0	0	0	0	1
19.52	3	1.73205	0	0	0	0	1
19.54	2	1.41421	0	0	0	0	1
19.56	2	1.41421	0	0	0	0	1
19.57	1	1	0	0	0	0	1
19.59	0	1	0	0	0	0	1
19.6	0	1	0	0	0	0	1
19.62	1	1	0	0	0	0	1
19.64	0	1	0	0	0	0	1
19.65	1	1	0	0	0	0	1
19.67	1	1	0	0	0	0	1
19.68	3	1.73205	0	0	0	0	1
19.7	1	1	0	0	0	0	1
19.71	0	1	0	0	0	0	1
19.73	2	1.41421	0	0	0	0	1
19.75	5	2.23607	0	0	0	0	1
19.76	1	1	0	0	0	0	1
19.78	0	1	0	0	0	0	1
19.79	2	1.41421	0	0	0	0	1
19.81	0	1	0	0	0	0	1
19.83	0	1	0	0	0	0	1
19.84	2	1.41421	0	0	0	0	1
19.86	0	1	0	0	0	0	1
19.87	3	1.73205	0	0	0	0	1
19.89	1	1	0	0	0	0	1
19.9	0	1	0	0	0	0	1
19.92	2	1.41421	0	0	0	0	1
19.94	1	1	0	0	0	0	1
19.95	2	1.41421	0	0	0	0	1
19.97	0	1	0	0	0	0	1
19.98	2	1.41421	0	0	0	0	1
20	1	1	0	0	0	0	1
20.02	0	1	0	0	0	0	1
20.03	0	1	0	0	0	0	1
20.05	0	1	0	0	0	0	1
20.06	1	1	0	0	0	0	1
20.08	1	1	0	0	0	0	1
20.09	0	1	0	0	0	0	1
20.11	0	1	0	0	0	0	1
20.13	1	1	0	0	0	0	1
20.14	0	1	0	0	0	0	1
20.16	1	1	0	0	0	0	1
20.17	1	1	0	0	0	0	1
20.19	0	1	0	0	0	0	1
20.2	1	1	0	0	0	0	1
20.22	2	1.41421	0	0	0	0	1
20.24	1	1	0	0	0	0	1
20.25	0	1	0	0	0	0	1
20.27	0	1	0	0	0	0	1
20.28	1	1	0	0	0	0	1
20.3	1	1	0	0	0	0	1
20.32	0	1	0	0	0	0	1
20.33	1	1	0	0	0	0	1
20.35	2	1.41421	0	0	0	0	1
20.36	1	1	0	0	0	0	1
20.38	2	1.41421	0	0	0	0	1
20.39	0	1	0	0	0	0	1
20.41	2	1.41421	0	0	0	0	1
20.43	2	1.41421	0	0	0	0	1
20.44	0	1	0	0	0	0	1
20.46	0	1	0	0	0	0	1
20.47	2	1.41421	0	0	0	0	1
20.49	3	1.73205	0	0	0	0	1
20.51	1	1	0	0	0	0	1
20.52	2	1.41421	0	0	0	0	1
20.54	1	1	0	0	0	0	1
20.55	2	1.41421	0	0	0	0	1
20.57	2	1.41421	0	0	0	0	1
20.58	1	1	0	0	0	0	1
20.6	1	1	0	0	0	0	1
20.62	2	1.41421	0	0	0	0	1
20.63	2	1.41421	0	0	0	0	1
20.65	0	1	0	0	0	0	1
20.66	0	1	0	0	0	0	1
20.68	1	1	0	0	0	0	1
20.7	1	1	0	0	0	0	1
20.71	2	1.41421	0	0	0	0	1
20.73	4	2	0	0	0	0	1
20.74	1	1	0	0	0	0	1
20.76	1	1	0	0	0	0	1
20.77	2	1.41421	0	0	0	0	1
20.79	1	1	0	0	0	0	1
20.81	4	2	0	0	0	0	1
20.82	2	1.41421	0	0	0	0	1
20.84	1	1	0	0	0	0	1
20.85	1	1	0	0	0	0	1
20.87	2	1.41421	0	0	0	0	1
20.89	1	1	0	0	0	0	1
20.9	2	1.41421	0	0	0	0	1
20.92	3	1.73205	0	0	0	0	1
20.93	2	1.41421	0	0	0	0	1
20.95	0	1	0	0	0	0	1
20.96	2	1.41421	0	0	0	0	1
20.98	1	1	0	0	0	0	1
21	2	1.41421	0	0	0	0	1
21.01	1	1	0	0	0	0	1
21.03	0	1	0	0	0	0	1
21.04	1	1	0	0	0	0	1
21.06	0	1	0	0	0	0	1
21.08	2	1.41421	0	0	0	0	1
21.09	4	2	0	0	0	0	1
21.11	1	1	0	0	0	0	1
21.12	2	1.41421	0	0	0	0	1
21.14	1	1	0	0	0	0	1
21.15	0	1	0	0	0	0	1
21.17	1	1	0	0	0	0	1
21.19	2	1.41421	0	0	0	0	1
21.2	1	1	0	0	0	0	1
21.22	0	1	0	0	0	0	1
21.23	1	1	0	0	0	0	1
21.25	0	1	0	0	0	0	1
21.26	1	1	0	0	0	0	1
21.28	2	1.41421	0	0	0	0	1
21.3	1	1	0	0	0	0	1
21.31	1	1	0	0	0	0	1
21.33	1	1	0	0	0	0	1
21.34	2	1.41421	0	0	0	0	1
21.36	2	1.41421	0	0	0	0	1
21.38	2	1.41421	0	0	0	0	1
21.39	5	2.23607	0	0	0	0	1
21.41	2	1.41421	0	0	0	0	1
21.42	1	1	0	0	0	0	1
21.44	3	1.73205	0	0	0	0	1
21.45	1	1	0	0	0	0	1
21.47	2	1.41421	0	0	0	0	1
21.49	1	1	0	0	0	0	1
21.5	2	1.41421	0	0	0	0	1
21.52	1	1	0	0	0	0	1
21.53	1	1	0	0	0	0	1
21.55	2	1.41421	0	0	0	0	1
21.57	2	1.41421	0	0	0	0	1
21.58	0	1	0	0	0	0	1
21.6	1	1	0	0	0	0	1
21.61	2	1.41421	0	0	0	0	1
21.63	0	1	0	0	0	0	1
21.64	1	1	0	0	0	0	1
21.66	0	1	0	0	0	0	1
21.68	1	1	0	0	0	0	1
21.69	2	1.41421	0	0	0	0	1
21.71	1	1	0	0	0	0	1
21.72	1	1	0	0	0	0	1
21.74	1	1	0	0	0	0	1
21.76	2	1.41421	0	0	0	0	1
21.77	2	1.41421	0	0	0	0	1
21.79	0	1	0	0	0	0	1
21.8	0	1	0	0	0	0	1
21.82	4	2	0	0	0	0	1
21.83	1	1	0	0	0	0	1
21.85	1	1	0	0	0	0	1
21.87	3	1.73205	0	0	0	0	1
21.88	0	1	0	0	0	0	1
21.9	5	2.23607	0	0	0	0	1
21.91	1	1	0	0	0	0	1
21.93	2	1.41421	0	0	0	0	1
21.95	2	1.41421	0	0	0	0	1
21.96	0	1	0	0	0	0	1
21.98	1	1	0	0	0	0	1
21.99	1	1	0	0	0	0	1
22.01	0	1	0	0	0	0	1
22.02	0	1	0	0	0	0	1
22.04	1	1	0	0	0	0	1
22.06	0	1	0	0	0	0	1
22.07	0	1	0	0	0	0	1
22.09	1	1	0	0	0	0	1
22.1	0	1	0	0	0	0	1
22.12	0	1	0	0	0	0	1
22.14	1	1	0	0	0	0	1
22.15	0	1	0	0	0	0	1
22.17	0	1	0	0	0	0	1
22.18	4	2	0	0	0	0	1
22.2	0	1	0	0	0	0	1
22.21	1	1	0	0	0	0	1
22.23	1	1	0	0	0	0	1
22.25	0	1	0	0	0	0	1
22.26	1	1	0	0	0	0	1
22.28	1	1	0	0	0	0	1
22.29	1	1	0	0	0	0	1
22.31	2	1.41421	0	0	0	0	1
22.32	0	1	0	0	0	0	1
22.34	1	1	0	0	0	0	1
22.36	0	1	0	0	0	0	1
22.37	2	1.41421	0	0	0	0	1
22.39	1	1	0	0	0	0	1
22.4	1	1	0	0	0	0	1
22.42	0	1	0	0	0	0	1
22.44	0	1	0	0	0	0	1
22.45	1	1	0	0	0	0	1
22.47	2	1.41421	0	0	0	0	1
22.48	0	1	0	0	0	0	1
22.5	0	1	0	0	0	0	1
22.51	0	1	0	0	0	0	1
22.53	1	1	0	0	0	0	1
22.55	1	1	0	0	0	0	1
22.56	0	1	0	0	0	0	1
22.58	0	1	0	0	0	0	1
22.59	0	1	0	0	0	0	1
22.61	0	1	0	0	0	0	1
22.63	0	1	0	0	0	0	1
22.64	0	1	0	0	0	0	1
22.66	2	1.41421	0	0	0	0	1
22.67	1	1	0	0	0	0	1
22.69	0	1	0	0	0	0	1
22.7	0	1	0	0	0	0	1
22.72	2	1.41421	0	0	0	0	1
22.74	2	1.41421	0	0	0	0	1
22.75	1	1	0	0	0	0	1
22.77	2	1.41421	0	0	0	0	1
22.78	0	1	0	0	0	0	1
22.8	1	1	0	0	0	0	1
22.82	1	1	0	0	0	0	1
22.83	0	1	0	0	0	0	1
22.85	2	1.41421	0	0	0	0	1
22.86	3	1.73205	0	0	0	0	1
22.88	0	1	0	0	0	0	1
22.89	0	1	0	0	0	0	1
22.91	1	1	0	0	0	0	1
22.93	0	1	0	0	0	0	1
22.94	0	1	0	0	0	0	1
22.96	0	1	0	0	0	0	1
22.97	0	1	0	0	0	0	1
22.99	0	1	0	0	0	0	1
23.01	1	1	0	0	0	0	1
23.02	2	1.41421	0	0	0	0	1
23.04	1	1	0	0	0	0	1
23.05	1	1	0	0	0	0	1
23.07	0	1	0	0	0	0	1
23.08	0	1	0	0	0	0	1
23.1	3	1.73205	0	0	0	0	1
23.12	2	1.41421	0	0	0	0	1
23.13	0	1	0	0	0	0	1
23.15	0	1	0	0	0	0	1
23.16	1	1	0	0	0	0	1
23.18	1	1	0	0	0	0	1
23.2	1	1	0	0	0	0	1
23.21	1	1	0	0	0	0	1
23.23	1	1	0	0	0	0	1
23.24	1	1	0	0	0	0	1
23.26	1	1	0	0	0	0	1
23.27	0	1	0	0	0	0	1
23.29	0	1	0	0	0	0	1
23.31	0	1	0	0	0	0	1
23.32	0	1	0	0	0	0	1
23.34	1	1	0	0	0	0	1
23.35	1	1	0	0	0	0	1
23.37	1	1	0	0	0	0	1
23.38	1	1	0	0	0	0	1
23.4	0	1	0	0	0	0	1
23.42	0	1	0	0	0	0	1
23.43	1	1	0	0	0	0	1
23.45	0	1	0	0	0	0	1
23.46	0	1	0	0	0	0	1
23.48	0	1	0	0	0	0	1
23.5	0	1	0	0	0	0	1
23.51	2	1.41421	0	0	0	0	1
23.53	0	1	0	0	0	0	1
23.54	2	1.41421	0	0	0	0	1
23.56	1	1	0	0	0	0	1
23.57	0	1	0	0	0	0	1
23.59	1	1	0	0	0	0	1
23.61	0	1	0	0	0	0	1
23.62	1	1	0	0	0	0	1
23.64	0	1	0	0	0	0	1
23.65	0	1	0	0	0	0	1
23.67	0	1	0	0	0	0	1
23.69	2	1.41421	0	0	0	0	1
23.7	0	1	0	0	0	0	1
23.72	0	1	0	0	0	0	1
23.73	0	1	0	0	0	0	1
23.75	1	1	0	0	0	0	1
23.76	1	1	0	0	0	0	1
23.78	0	1	0	0	0	0	1
23.8	0	1	0	0	0	0	1
23.81	1	1	0	0	0	0	1
23.83	2	1.41421	0	0	0	0	1
23.84	0	1	0	0	0	0	1
23.86	1	1	0	0	0	0	1
23.88	0	1	0	0	0	0	1
23.89	2	1.41421	0	0	0	0	1
23.91	1	1	0	0	0	0	1
23.92	2	1.41421	0	0	0	0	1
23.94	1	1	0	0	0	0	1
23.95	2	1.41421	0	0	0	0	1
23.97	0	1	0	0	0	0	1
23.99	1	1	0	0	0	0	1
24	1	1	0	0	0	0	1
24.02	0	1	0	0	0	0	1
24.03	0	1	0	0	0	0	1
24.05	3	1.73205	0	0	0	0	1
24.07	1	1	0	0	0	0	1
24.08	2	1.41421	0	0	0	0	1
24.1	0	1	0	0	0	0	1
24.11	0	1	0	0	0	0	1
24.13	0	1	0	0	0	0	1
24.14	0	1	0	0	0	0	1
24.16	1	1	0	0	0	0	1
24.18	0	1	0	0	0	0	1
24.19	2	1.41421	0	0	0	0	1
24.21	1	1	0	0	0	0	1
24.22	0	1	0	0	0	0	1
24.24	1	1	0	0	0	0	1
24.26	0	1	0	0	0	0	1
24.27	2	1.41421	0	0	0	0	1
24.29	2	1.41421	0	0	0	0	1
24.3	1	1	0	0	0	0	1
24.32	4	2	0	0	0	0	1
24.33	1	1	0	0	0	0	1
24.35	1	1	0	0	0	0	1
24.37	0	1	0	0	0	0	1
24.38	1	1	0	0	0	0	1
24.4	0	1	0	0	0	0	1
24.41	1	1	0	0	0	0	1
24.43	0	1	0	0	0	0	1
24.45	0	1	0	0	0	0	1
24.46	0	1	0	0	0	0	1
24.48	2	1.41421	0	0	0	0	1
24.49	0	1	0	0	0	0	1
24.51	1	1	0	0	0	0	1
24.52	0	1	0	0	0	0	1
24.54	1	1	0	0	0	0	1
24.56	0	1	0	0	0	0	1
24.57	0	1	0	0	0	0	1
24.59	2	1.41421	0	0	0	0	1
24.6	2	1.41421	0	0	0	0	1
24.62	1	1	0	0	0	0	1
24.63	1	1	0	0	0	0	1
24.65	0	1	0	0	0	0	1
24.67	2	1.41421	0	0	0	0	1
24.68	0	1	0	0	0	0	1
24.7	0	1	0	0	0	0	1
24.71	0	1	0	0	0	0	1
24.73	1	1	0	0	0	0	1
24.75	0	1	0	0	0	0	1
24.76	0	1	0	0	0	0	1
24.78	1	1	0	0	0	0	1
24.79	4	2	0	0	0	0	1
24.81	3	1.73205	0	0	0	0	1
24.82	2	1.41421	0	0	0	0	1
24.84	0	1	0	0	0	0	1
24.86	0	1	0	0	0	0	1
24.87	1	1	0	0	0	0	1
24.89	0	1	0	0	0	0	1
24.9	1	1	0	0	0	0	1
24.92	0	1	0	0	0	0	1
24.94	1	1	0	0	0	0	1
24.95	3	1.73205	0	0	0	0	1
24.97	1	1	0	0	0	0	1
24.98	3	1.73205	0	0	0	0	1
25	2	1.41421	0	0	0	0	1
25.01	0	1	0	0	0	0	1
25.03	3	1.73205	0	0	0	0	1
25.05	2	1.41421	0	0	0	0	1
25.06	2	1.41421	0	0	0	0	1
25.08	1	1	0	0	0	0	1
25.09	2	1.41421	0	0	0	0	1
25.11	1	1	0	0	0	0	1
25.13	3	1.73205	0	0	0	0	1
25.14	4	2	0	0	0	0	1
25.16	2	1.41421	0	0	0	0	1
25.17	2	1.41421	0	0	0	0	1
25.19	2	1.41421	0	0	0	0	1
25.2	0	1	0	0	0	0	1
25.22	1	1	0	0	0	0	1
25.24	2	1.41421	0	0	0	0	1
25.25	1	1	0	0	0	0	1
25.27	5	2.23607	0	0	0	0	1
25.28	1	1	0	0	0	0	1
25.3	3	1.73205	0	0	0	0	1
25.32	1	1	0	0	0	0	1
25.33	1	1	0	0	0	0	1
25.35	2	1.41421	0	0	0	0	1
25.36	2	1.41421	0	0	0	0	1
25.38	1	1	0	0	0	0	1
25.39	2	1.41421	0	0	0	0	1
25.41	2	1.41421	0	0	0	0	1
25.43	1	1	0	0	0	0	1
25.44	0	1	0	0	0	0	1
25.46	2	1.41421	0	0	0	0	1
25.47	1	1	0	0	0	0	1
25.49	3	1.73205	0	0	0	0	1
25.51	1	1	0	0	0	0	1
25.52	1	1	0	0	0	0	1
25.54	1	1	0	0	0	0	1
25.55	2	1.41421	0	0	0	0	1
25.57	1	1	0	0	0	0	1
25.58	0	1	0	0	0	0	1
25.6	0	1	0	0	0	0	1
25.62	1	1	0	0	0	0	1
25.63	0	1	0	0	0	0	1
25.65	1	1	0	0	0	0	1
25.66	1	1	0	0	0	0	1
25.68	3	1.73205	0	0	0	0	1
25.69	0	1	0	0	0	0	1
25.71	0	1	0	0	0	0	1
25.73	1	1	0	0	0	0	1
25.74	0	1	0	0	0	0	1
25.76	0	1	0	0	0	0	1
25.77	0	1	0	0	0	0	1
25.79	0	1	0	0	0	0	1
25.81	1	1	0	0	0	0	1
25.82	0	1	0	0	0	0	1
25.84	0	1	0	0	0	0	1
25.85	0	1	0	0	0	0	1
25.87	0	1	0	0	0	0	1
25.88	0	1	0	0	0	0	1
25.9	0	1	0	0	0	0	1
25.92	0	1	0	0	0	0	1
25.93	0	1	0	0	0	0	1
25.95	0	1	0	0	0	0	1
25.96	0	1	0	0	0	0	1
25.98	0	1	0	0	0	0	1
26	0	1	0	0	0	0	1
26.01	0	1	0	0	0	0	1
26.03	0	1	0	0	0	0	1
26.04	0	1	0	0	0	0	1
26.06	0	1	0	0	0	0	1
26.07	1	1	0	0	0	0	1
26.09	0	1	0	0	0	0	1
26.11	0	1	0	0	0	0	1
26.12	1	1	0	0	0	0	1
26.14	0	1	0	0	0	0	1
26.15	1	1	0	0	0	0	1
26.17	0	1	0	0	0	0	1
26.19	0	1	0	0	0	0	1
26.2	0	1	0	0	0	0	1
26.22	0	1	0	0	0	0	1
26.23	0	1	0	0	0	0	1
26.25	2	1.41421	0	0	0	0	1
26.26	0	1	0	0	0	0	1
26.28	0	1	0	0	0	0	1
26.3	0	1	0	0	0	0	1
26.31	2	1.41421	0	0	0	0	1
26.33	0	1	0	0	0	0	1
26.34	2	1.41421	0	0	0	0	1
26.36	0	1	0	0	0	0	1
26.38	0	1	0	0	0	0	1
26.39	1	1	0	0	0	0	1
26.41	0	1	0	0	0	0	1
26.42	0	1	0	0	0	0	1
26.44	0	1	0	0	0	0	1
26.45	0	1	0	0	0	0	1
26.47	0	1	0	0	0	0	1
26.49	0	1	0	0	0	0	1
26.5	1	1	0	0	0	0	1
26.52	2	1.41421	0	0	0	0	1
26.53	2	1.41421	0	0	0	0	1
26.55	1	1	0	0	0	0	1
26.57	0	1	0	0	0	0	1
26.58	0	1	0	0	0	0	1
26.6	0	1	0	0	0	0	1
26.61	0	1	0	0	0	0	1
26.63	0	1	0	0	0	0	1
26.64	0	1	0	0	0	0	1
26.66	0	1	0	0	0	0	1
26.68	1	1	0	0	0	0	1
26.69	1	1	0	0	0	0	1
26.71	2	1.41421	0	0	0	0	1
26.72	0	1	0	0	0	0	1
26.74	0	1	0	0	0	0	1
26.75	1	1	0	0	0	0	1
26.77	1	1	0	0	0	0	1
26.79	0	1	0	0	0	0	1
26.8	2	1.41421	0	0	0	0	1
26.82	0	1	0	0	0	0	1
26.83	0	1	0	0	0	0	1
26.85	0	1	0	0	0	0	1
26.87	0	1	0	0	0	0	1
26.88	0	1	0	0	0	0	1
26.9	0	1	0	0	0	0	1
26.91	0	1	0	0	0	0	1
26.93	0	1	0	0	0	0	1
26.94	0	1	0	0	0	0	1
26.96	1	1	0	0	0	0	1
26.98	1	1	0	0	0	0	1
26.99	0	1	0	0	0	0	1
27.01	1	1	0	0	0	0	1
27.02	0	1	0	0	0	0	1
27.04	0	1	0	0	0	0	1
27.06	0	1	0	0	0	0	1
27.07	0	1	0	0	0	0	1
27.09	0	1	0	0	0	0	1
27.1	1	1	0	0	0	0	1
27.12	1	1	0	0	0	0	1
27.13	0	1	0	0	0	0	1
27.15	0	1	0	0	0	0	1
27.17	0	1	0	0	0	0	1
27.18	0	1	0	0	0	0	1
27.2	1	1	0	0	0	0	1
27.21	0	1	0	0	0	0	1
27.23	0	1	0	0	0	0	1
27.25	0	1	0	0	0	0	1
27.26	0	1	0	0	0	0	1
27.28	0	1	0	0	0	0	1
27.29	0	1	0	0	0	0	1
27.31	0	1	0	0	0	0	1
27.32	0	1	0	0	0	0	1
27.34	0	1	0	0	0	0	1
27.36	1	1	0	0	0	0	1
27.37	1	1	0	0	0	0	1
27.39	1	1	0	0	0	0	1
27.4	0	1	0	0	0	0	1
27.42	0	1	0	0	0	0	1
27.44	0	1	0	0	0	0	1
27.45	1	1	0	0	0	0	1
27.47	1	1	0	0	0	0	1
27.48	0	1	0	0	0	0	1
27.5	0	1	0	0	0	0	1
27.51	1	1	0	0	0	0	1
27.53	0	1	0	0	0	0	1
27.55	1	1	0	0	0	0	1
27.56	0	1	0	0	0	0	1
27.58	2	1.41421	0	0	0	0	1
27.59	0	1	0	0	0	0	1
27.61	0	1	0	0	0	0	1
27.63	0	1	0	0	0	0	1
27.64	0	1	0	0	0	0	1
27.66	0	1	0	0	0	0	1
27.67	0	1	0	0	0	0	1
27.69	0	1	0	0	0	0	1
27.7	0	1	0	0	0	0	1
27.72	1	1	0	0	0	0	1
27.74	0	1	0	0	0	0	1
27.75	2	1.41421	0	0	0	0	1
27.77	0	1	0	0	0	0	1
27.78	0	1	0	0	0	0	1
27.8	0	1	0	0	0	0	1
27.81	1	1	0	0	0	0	1
27.83	1	1	0	0	0	0	1
27.85	2	1.41421	0	0	0	0	1
27.86	0	1	0	0	0	0	1
27.88	0	1	0	0	0	0	1
27.89	1	1	0	0	0	0	1
27.91	0	1	0	0	0	0	1
27.93	0	1	0	0	0	0	1
27.94	0	1	0	0	0	0	1
27.96	0	1	0	0	0	0	1
27.97	2	1.41421	0	0	0	0	1
27.99	1	1	0	0	0	0	1
28	1	1	0	0	0	0	1
28.02	1	1	0	0	0	0	1
28.04	0	1	0	0	0	0	1
28.05	0	1	0	0	0	0	1
28.07	0	1	0	0	0	0	1
28.08	0	1	0	0	0	0	1
28.1	1	1	0	0	0	0	1
28.12	1	1	0	0	0	0	1
28.13	0	1	0	0	0	0	1
28.15	0	1	0	0	0	0	1
28.16	1	1	0	0	0	0	1
28.18	1	1	0	0	0	0	1
28.19	1	1	0	0	0	0	1
28.21	0	1	0	0	0	0	1
28.23	1	1	0	0	0	0	1
28.24	0	1	0	0	0	0	1
28.26	0	1	0	0	0	0	1
28.27	0	1	0	0	0	0	1
28.29	0	1	0	0	0	0	1
28.31	0	1	0	0	0	0	1
28.32	0	1	0	0	0	0	1
28.34	0	1	0	0	0	0	1
28.35	1	1	0	0	0	0	1
28.37	0	1	0	0	0	0	1
28.38	0	1	0	0	0	0	1
28.4	1	1	0	0	0	0	1
28.42	0	1	0	0	0	0	1
28.43	1	1	0	0	0	0	1
28.45	0	1	0	0	0	0	1
28.46	0	1	0	0	0	0	1
28.48	0	1	0	0	0	0	1
28.5	2	1.41421	0	0	0	0	1
28.51	0	1	0	0	0	0	1
28.53	0	1	0	0	0	0	1
28.54	1	1	0	0	0	0	1
28.56	0	1	0	0	0	0	1
28.57	0	1	0	0	0	0	1
28.59	1	1	0	0	0	0	1
28.61	0	1	0	0	0	0	1
28.62	1	1	0	0	0	0	1
28.64	0	1	0	0	0	0	1
28.65	0	1	0	0	0	0	1
28.67	1	1	0	0	0	0	1
28.69	0	1	0	0	0	0	1
28.7	0	1	0	0	0	0	1
28.72	0	1	0	0	0	0	1
28.73	0	1	0	0	0	0	1
28.75	0	1	0	0	0	0	1
28.76	0	1	0	0	0	0	1
28.78	0	1	0	0	0	0	1
28.8	0	1	0	0	0	0	1
28.81	0	1	0	0	0	0	1
28.83	0	1	0	0	0	0	1
28.84	0	1	0	0	0	0	1
28.86	1	1	0	0	0	0	1
28.88	1	1	0	0	0	0	1
28.89	0	1	0	0	0	0	1
28.91	0	1	0	0	0	0	1
28.92	1	1	0	0	0	0	1
28.94	0	1	0	0	0	0	1
28.95	1	1	0	0	0	0	1
28.97	0	1	0	0	0	0	1
28.99	0	1	0	0	0	0	1
29	0	1	0	0	0	0	1
29.02	0	1	0	0	0	0	1
29.03	0	1	0	0	0	0	1
29.05	0	1	0	0	0	0	1
29.06	0	1	0	0	0	0	1
29.08	0	1	0	0	0	0	1
29.1	1	1	0	0	0	0	1
29.11	0	1	0	0	0	0	1
29.13	0	1	0	0	0	0	1
29.14	0	1	0	0	0	0	1
29.16	0	1	0	0	0	0	1
29.18	1	1	0	0	0	0	1
29.19	0	1	0	0	0	0	1
29.21	0	1	0	0	0	0	1
29.22	0	1	0	0	0	0	1
29.24	0	1	0	0	0	0	1
29.25	0	1	0	0	0	0	1
29.27	0	1	0	0	0	0	1
29.29	0	1	0	0	0	0	1
29.3	0	1	0	0	0	0	1
29.32	0	1	0	0	0	0	1
29.33	0	1	0	0	0	0	1
29.35	0	1	0	0	0	0	1
29.37	0	1	0	0	0	0	1
29.38	0	1	0	0	0	0	1
29.4	0	1	0	0	0	0	1
29.41	0	1	0	0	0	0	1
29.43	1	1	0	0	0	0	1
29.44	0	1	0	0	0	0	1
29.46	0	1	0	0	0	0	1
29.48	0	1	0	0	0	0	1
29.49	0	1	0	0	0	0	1
29.51	0	1	0	0	0	0	1
29.52	0	1	0	0	0	0	1
29.54	1	1	0	0	0	0	1
29.56	0	1	0	0	0	0	1
29.57	0	1	0	0	0	0	1
29.59	0	1	0	0	0	0	1
29.6	0	1	0	0	0	0	1
29.62	0	1	0	0	0	0	1
29.63	0	1	0	0	0	0	1
29.65	0	1	0	0	0	0	1
29.67	0	1	0	0	0	0	1
29.68	0	1	0	0	0	0	1
29.7	1	1	0	0	0	0	1
29.71	0	1	0	0	0	0	1
29.73	0	1	0	0	0	0	1
29.75	1	1	0	0	0	0	1
29.76	1	1	0	0	0	0	1
29.78	0	1	0	0	0	0	1
29.79	0	1	0	0	0	0	1
29.81	1	1	0	0	0	0	1
29.82	0	1	0	0	0	0	1
29.84	1	1	0	0	0	0	1
29.86	0	1	0	0	0	0	1
29.87	0	1	0	0	0	0	1
29.89	0	1	0	0	0	0	1
29.9	0	1	0	0	0	0	1
29.92	0	1	0	0	0	0	1
29.94	0	1	0	0	0	0	1
29.95	0	1	0	0	0	0	1
29.97	0	1	0	0	0	0	1
29.98	0	1	0	0	0	0	1
30	0	1	0	0	0	0	1
30.01	0	1	0	0	0	0	1
30.03	0	1	0	0	0	0	1
30.05	0	1	0	0	0	0	1
30.06	0	1	0	0	0	0	1
30.08	0	1	0	0	0	0	1
30.09	0	1	0	0	0	0	1
30.11	0	1	0	0	0	0	1
30.12	0	1	0	0	0	0	1
30.14	0	1	0	0	0	0	1
30.16	0	1	0	0	0	0	1
30.17	1	1	0	0	0	0	1
30.19	0	1	0	0	0	0	1
30.2	0	1	0	0	0	0	1
30.22	0	1	0	0	0	0	1
30.24	0	1	0	0	0	0	1
30.25	0	1	0	0	0	0	1
30.27	0	1	0	0	0	0	1
30.28	0	1	0	0	0	0	1
30.3	0	1	0	0	0	0	1
30.31	0	1	0	0	0	0	1
30.33	0	1	0	0	0	0	1
30.35	0	1	0	0	0	0	1
30.36	0	1	0	0	0	0	1
30.38	0	1	0	0	0	0	1
30.39	0	1	0	0	0	0	1
30.41	0	1	0	0	0	0	1
30.43	0	1	0	0	0	0	1
30.44	0	1	0	0	0	0	1
30.46	0	1	0	0	0	0	1
30.47	0	1	0	0	0	0	1
30.49	0	1	0	0	0	0	1
30.5	0	1	0	0	0	0	1
30.52	0	1	0	0	0	0	1
30.54	0	1	0	0	0	0	1
30.55	0	1	0	0	0	0	1
30.57	0	1	0	0	0	0	1
30.58	0	1	0	0	0	0	1
30.6	0	1	0	0	0	0	1
30.62	0	1	0	0	0	0	1
30.63	0	1	0	0	0	0	1
30.65	0	1	0	0	0	0	1
30.66	0	1	0	0	0	0	1
30.68	0	1	0	0	0	0	1
30.69	0	1	0	0	0	0	1
30.71	0	1	0	0	0	0	1
30.73	0	1	0	0	0	0	1
30.74	0	1	0	0	0	0	1
30.76	0	1	0	0	0	0	1
30.77	0	1	0	0	0	0	1
30.79	0	1	0	0	0	0	1
30.81	0	1	0	0	0	0	1
30.82	0	1	0	0	0	0	1
30.84	0	1	0	0	0	0	1
30.85	0	1	0	0	0	0	1
30.87	0	1	0	0	0	0	1
30.88	0	1	0	0	0	0	1
30.9	0	1	0	0	0	0	1
30.92	0	1	0	0	0	0	1
30.93	0	1	0	0	0	0	1
30.95	0	1	0	0	0	0	1
30.96	0	1	0	0	0	0	1
30.98	0	1	0	0	0	0	1
31	0	1	0	0	0	0	1
31.01	0	1	0	0	0	0	1
31.03	0	1	0	0	0	0	1
31.04	0	1	0	0	0	0	1
31.06	0	1	0	0	0	0	1
31.07	0	1	0	0	0	0	1
31.09	1	1	0	0	0	0	1
31.11	0	1	0	0	0	0	1
31.12	0	1	0	0	0	0	1
31.14	0	1	0	0	0	0	1
31.15	0	1	0	0	0	0	1
31.17	0	1	0	0	0	0	1
31.18	0	1	0	0	0	0	1
31.2	0	1	0	0	0	0	1
31.22	0	1	0	0	0	0	1
31.23	0	1	0	0	0	0	1
31.25	0	1	0	0	0	0	1
31.26	0	1	0	0	0	0	1
31.28	0	1	0	0	0	0	1
31.3	0	1	0	0	0	0	1
31.31	0	1	0	0	0	0	1
31.33	0	1	0	0	0	0	1
31.34	1	1	0	0	0	0	1
31.36	0	1	0	0	0	0	1
31.37	0	1	0	0	0	0	1
31.39	1	1	0	0	0	0	1
31.41	0	1	0	0	0	0	1
31.42	0	1	0	0	0	0	1
31.44	0	1	0	0	0	0	1
31.45	0	1	0	0	0	0	1
31.47	0	1	0	0	0	0	1
31.49	0	1	0	0	0	0	1
31.5	0	1	0	0	0	0	1
31.52	0	1	0	0	0	0	1
31.53	0	1	0	0	0	0	1
31.55	0	1	0	0	0	0	1
31.56	0	1	0	0	0	0	1
31.58	0	1	0	0	0	0	1
31.6	0	1	0	0	0	0	1
31.61	0	1	0	0	0	0	1
31.63	0	1	0	0	0	0	1
31.64	0	1	0	0	0	0	1
31.66	0	1	0	0	0	0	1
31.68	0	1	0	0	0	0	1
31.69	0	1	0	0	0	0	1
31.71	0	1	0	0	0	0	1
31.72	0	1	0	0	0	0	1
31.74	0	1	0	0	0	0	1
31.75	0	1	0	0	0	0	1
31.77	0	1	0	0	0	0	1
31.79	0	1	0	0	0	0	1
31.8	0	1	0	0	0	0	1
31.82	0	1	0	0	0	0	1
31.83	0	1	0	0	0	0	1
31.85	0	1	0	0	0	0	1
31.87	0	1	0	0	0	0	1
31.88	0	1	0	0	0	0	1
31.9	0	1	0	0	0	0	1
31.91	0	1	0	0	0	0	1
31.93	0	1	0	0	0	0	1
31.94	0	1	0	0	0	0	1
31.96	0	1	0	0	0	0	1
31.98	0	1	0	0	0	0	1
31.99	0	1	0	0	0	0	1
32.01	0	1	0	0	0	0	1
32.02	0	1	0	0	0	0	1
32.04	0	1	0	0	0	0	1
32.06	0	1	0	0	0	0	1
32.07	0	1	0	0	0	0	1
32.09	0	1	0	0	0	0	1
32.1	0	1	0	0	0	0	1
32.12	0	1	0	0	0	0	1
32.13	0	1	0	0	0	0	1
32.15	0	1	0	0	0	0	1
32.17	0	1	0	0	0	0	1
32.18	0	1	0	0	0	0	1
32.2	0	1	0	0	0	0	1
32.21	0	1	0	0	0	0	1
32.23	0	1	0	0	0	0	1
32.24	0	1	0	0	0	0	1
32.26	0	1	0	0	0	0	1
32.28	0	1	0	0	0	0	1
32.29	0	1	0	0	0	0	1
32.31	0	1	0	0	0	0	1
32.32	0	1	0	0	0	0	1
32.34	0	1	0	0	0	0	1
32.36	0	1	0	0	0	0	1
32.37	0	1	0	0	0	0	1
32.39	0	1	0	0	0	0	1
32.4	0	1	0	0	0	0	1
32.42	0	1	0	0	0	0	1
32.43	-1	1	0	0	0	0	1
