Energy	Impulses
E/keV	Impulses/#

0.79	0
0.81	0
0.82	0
0.84	1
0.86	0
0.87	0
0.89	0
0.90	0
0.92	0
0.93	0
0.95	0
0.97	0
0.98	0
1.00	0
1.01	0
1.03	0
1.05	0
1.06	0
1.08	0
1.09	0
1.11	0
1.12	0
1.14	0
1.16	1
1.17	0
1.19	1
1.20	1
1.22	10
1.24	18
1.25	35
1.27	21
1.28	38
1.30	32
1.31	29
1.33	35
1.35	30
1.36	34
1.38	31
1.39	26
1.41	38
1.42	36
1.44	37
1.46	31
1.47	26
1.49	32
1.50	26
1.52	32
1.54	39
1.55	40
1.57	31
1.58	38
1.60	29
1.61	28
1.63	33
1.65	22
1.66	44
1.68	20
1.69	31
1.71	26
1.73	28
1.74	30
1.76	37
1.77	27
1.79	28
1.80	26
1.82	32
1.84	27
1.85	31
1.87	27
1.88	30
1.90	39
1.92	28
1.93	21
1.95	27
1.96	34
1.98	27
1.99	27
2.01	28
2.03	19
2.04	42
2.06	31
2.07	33
2.09	23
2.11	28
2.12	22
2.14	23
2.15	28
2.17	27
2.18	24
2.20	20
2.22	29
2.23	18
2.25	26
2.26	24
2.28	29
2.30	28
2.31	22
2.33	18
2.34	34
2.36	27
2.37	20
2.39	22
2.41	24
2.42	21
2.44	20
2.45	21
2.47	22
2.48	26
2.50	30
2.52	25
2.53	34
2.55	32
2.56	23
2.58	21
2.60	28
2.61	21
2.63	15
2.64	27
2.66	25
2.67	13
2.69	28
2.71	25
2.72	25
2.74	27
2.75	23
2.77	36
2.79	19
2.80	21
2.82	15
2.83	21
2.85	17
2.86	19
2.88	27
2.90	27
2.91	21
2.93	29
2.94	16
2.96	31
2.98	23
2.99	19
3.01	21
3.02	31
3.04	21
3.05	32
3.07	24
3.09	27
3.10	21
3.12	28
3.13	25
3.15	33
3.17	22
3.18	24
3.20	19
3.21	18
3.23	29
3.24	29
3.26	13
3.28	20
3.29	24
3.31	28
3.32	18
3.34	34
3.36	27
3.37	30
3.39	22
3.40	23
3.42	27
3.43	24
3.45	19
3.47	17
3.48	22
3.50	23
3.51	24
3.53	28
3.54	21
3.56	26
3.58	18
3.59	23
3.61	23
3.62	31
3.64	24
3.66	22
3.67	19
3.69	22
3.70	23
3.72	14
3.73	22
3.75	18
3.77	27
3.78	29
3.80	26
3.81	31
3.83	18
3.85	23
3.86	32
3.88	30
3.89	31
3.91	28
3.92	29
3.94	32
3.96	45
3.97	34
3.99	34
4.00	26
4.02	37
4.04	39
4.05	34
4.07	48
4.08	38
4.10	37
4.11	56
4.13	55
4.15	46
4.16	57
4.18	45
4.19	51
4.21	49
4.23	50
4.24	30
4.26	49
4.27	47
4.29	41
4.30	57
4.32	54
4.34	27
4.35	38
4.37	56
4.38	52
4.40	41
4.42	31
4.43	52
4.45	39
4.46	41
4.48	45
4.49	46
4.51	33
4.53	31
4.54	24
4.56	31
4.57	47
4.59	30
4.60	25
4.62	35
4.64	24
4.65	32
4.67	26
4.68	31
4.70	36
4.72	35
4.73	32
4.75	25
4.76	23
4.78	21
4.79	35
4.81	35
4.83	34
4.84	24
4.86	33
4.87	27
4.89	35
4.91	28
4.92	20
4.94	23
4.95	34
4.97	30
4.98	17
5.00	31
5.02	29
5.03	27
5.05	18
5.06	25
5.08	37
5.10	22
5.11	22
5.13	30
5.14	21
5.16	29
5.17	35
5.19	39
5.21	23
5.22	21
5.24	20
5.25	27
5.27	29
5.29	26
5.30	26
5.32	27
5.33	25
5.35	20
5.36	34
5.38	32
5.40	22
5.41	26
5.43	19
5.44	34
5.46	33
5.48	27
5.49	37
5.51	20
5.52	27
5.54	21
5.55	20
5.57	25
5.59	17
5.60	26
5.62	25
5.63	25
5.65	17
5.67	29
5.68	24
5.70	36
5.71	34
5.73	32
5.74	23
5.76	34
5.78	27
5.79	22
5.81	40
5.82	22
5.84	41
5.85	29
5.87	32
5.89	36
5.90	44
5.92	36
5.93	33
5.95	27
5.97	32
5.98	34
6.00	47
6.01	29
6.03	39
6.04	36
6.06	30
6.08	35
6.09	55
6.11	32
6.12	47
6.14	46
6.16	28
6.17	55
6.19	34
6.20	54
6.22	51
6.23	44
6.25	46
6.27	52
6.28	46
6.30	36
6.31	51
6.33	35
6.35	54
6.36	36
6.38	44
6.39	56
6.41	55
6.42	40
6.44	53
6.46	57
6.47	39
6.49	48
6.50	62
6.52	52
6.54	34
6.55	50
6.57	36
6.58	49
6.60	44
6.61	38
6.63	55
6.65	61
6.66	38
6.68	55
6.69	49
6.71	46
6.73	58
6.74	36
6.76	46
6.77	49
6.79	61
6.80	38
6.82	48
6.84	42
6.85	67
6.87	36
6.88	64
6.90	40
6.91	48
6.93	52
6.95	49
6.96	58
6.98	38
6.99	48
7.01	58
7.03	55
7.04	57
7.06	42
7.07	58
7.09	50
7.10	63
7.12	52
7.14	48
7.15	59
7.17	70
7.18	68
7.20	61
7.22	75
7.23	63
7.25	81
7.26	88
7.28	102
7.29	108
7.31	107
7.33	131
7.34	132
7.36	164
7.37	159
7.39	184
7.41	240
7.42	234
7.44	299
7.45	322
7.47	376
7.48	451
7.50	423
7.52	588
7.53	598
7.55	737
7.56	832
7.58	877
7.60	978
7.61	1242
7.63	1237
7.64	1368
7.66	1516
7.67	1771
7.69	1857
7.71	2076
7.72	2436
7.74	2508
7.75	2436
7.77	3043
7.79	2956
7.80	3350
7.82	3450
7.83	3586
7.85	3837
7.86	4552
7.88	3669
7.90	4345
7.91	4399
7.93	4583
7.94	4834
7.96	4593
7.97	5028
7.99	4800
8.01	4648
8.02	5091
8.04	4614
8.05	4643
8.07	4859
8.09	4617
8.10	4520
8.12	4881
8.13	3780
8.15	4029
8.16	3903
8.18	3872
8.20	3410
8.21	3084
8.23	3154
8.24	2736
8.26	2621
8.28	2470
8.29	2182
8.31	2117
8.32	1817
8.34	1677
8.35	1535
8.37	1368
8.39	1033
8.40	1066
8.42	1019
8.43	870
8.45	867
8.47	683
8.48	681
8.50	615
8.51	595
8.53	576
8.54	475
8.56	470
8.58	509
8.59	526
8.61	536
8.62	585
8.64	531
8.66	569
8.67	561
8.69	595
8.70	648
8.72	597
8.73	676
8.75	735
8.77	627
8.78	766
8.80	759
8.81	768
8.83	767
8.85	756
8.86	760
8.88	904
8.89	613
8.91	768
8.92	724
8.94	760
8.96	736
8.97	661
8.99	677
9.00	642
9.02	561
9.03	603
9.05	533
9.07	492
9.08	484
9.10	414
9.11	375
9.13	415
9.15	315
9.16	336
9.18	289
9.19	256
9.21	221
9.22	193
9.24	195
9.26	144
9.27	127
9.29	118
9.30	90
9.32	83
9.34	79
9.35	59
9.37	48
9.38	59
9.40	25
9.41	20
9.43	31
9.45	15
9.46	15
9.48	8
9.49	14
9.51	8
9.53	9
9.54	7
9.56	5
9.57	3
9.59	4
9.60	3
9.62	3
9.64	3
9.65	2
9.67	3
9.68	1
9.70	2
9.72	3
9.73	0
9.75	3
9.76	3
9.78	4
9.79	0
9.81	1
9.83	2
9.84	1
9.86	3
9.87	2
9.89	6
9.91	3
9.92	0
9.94	4
9.95	2
9.97	3
9.98	3
10.00	1
10.02	1
10.03	2
10.05	4
10.06	1
10.08	4
10.10	2
10.11	4
10.13	4
10.14	3
10.16	5
10.17	6
10.19	3
10.21	5
10.22	5
10.24	3
10.25	2
10.27	5
10.28	4
10.30	3
10.32	5
10.33	5
10.35	1
10.36	4
10.38	8
10.40	4
10.41	9
10.43	3
10.44	2
10.46	3
10.47	1
10.49	3
10.51	4
10.52	9
10.54	3
10.55	3
10.57	2
10.59	8
10.60	4
10.62	4
10.63	6
10.65	2
10.66	3
10.68	3
10.70	2
10.71	4
10.73	3
10.74	4
10.76	6
10.78	6
10.79	5
10.81	5
10.82	3
10.84	2
10.85	2
10.87	1
10.89	4
10.90	3
10.92	2
10.93	1
10.95	6
10.97	2
10.98	5
11.00	2
11.01	1
11.03	1
11.04	1
11.06	4
11.08	4
11.09	0
11.11	4
11.12	2
11.14	1
11.16	4
11.17	2
11.19	3
11.20	6
11.22	1
11.23	0
11.25	1
11.27	5
11.28	2
11.30	3
11.31	3
11.33	3
11.34	2
11.36	1
11.38	3
11.39	3
11.41	5
11.42	4
11.44	2
11.46	4
11.47	5
11.49	4
11.50	0
11.52	4
11.53	2
11.55	8
11.57	1
11.58	2
11.60	5
11.61	4
11.63	2
11.65	1
11.66	3
11.68	2
11.69	3
11.71	5
11.72	3
11.74	1
11.76	5
11.77	1
11.79	3
11.80	4
11.82	2
11.84	4
11.85	4
11.87	1
11.88	3
11.90	2
11.91	2
11.93	4
11.95	0
11.96	3
11.98	3
11.99	3
12.01	2
12.03	2
12.04	3
12.06	4
12.07	3
12.09	0
12.10	4
12.12	4
12.14	1
12.15	4
12.17	2
12.18	2
12.20	1
12.22	3
12.23	4
12.25	1
12.26	4
12.28	4
12.29	3
12.31	5
12.33	0
12.34	0
12.36	3
12.37	4
12.39	6
12.40	1
12.42	5
12.44	2
12.45	1
12.47	2
12.48	3
12.50	3
12.52	4
12.53	1
12.55	2
12.56	1
12.58	2
12.59	4
12.61	3
12.63	2
12.64	3
12.66	0
12.67	4
12.69	5
12.71	2
12.72	2
12.74	0
12.75	1
12.77	1
12.78	5
12.80	1
12.82	2
12.83	3
12.85	2
12.86	2
12.88	3
12.90	5
12.91	2
12.93	8
12.94	2
12.96	2
12.97	1
12.99	1
13.01	2
13.02	2
13.04	2
13.05	3
13.07	5
13.09	1
13.10	1
13.12	7
13.13	1
13.15	3
13.16	1
13.18	1
13.20	3
13.21	6
13.23	2
13.24	1
13.26	2
13.28	4
13.29	7
13.31	5
13.32	2
13.34	4
13.35	1
13.37	4
13.39	2
13.40	2
13.42	0
13.43	2
13.45	1
13.46	3
13.48	3
13.50	5
13.51	6
13.53	2
13.54	3
13.56	4
13.58	3
13.59	2
13.61	4
13.62	1
13.64	3
13.65	5
13.67	2
13.69	4
13.70	4
13.72	3
13.73	9
13.75	3
13.77	4
13.78	1
13.80	5
13.81	2
13.83	3
13.84	4
13.86	2
13.88	9
13.89	3
13.91	4
13.92	2
13.94	6
13.96	7
13.97	4
13.99	8
14.00	3
14.02	3
14.03	4
14.05	3
14.07	4
14.08	2
14.10	6
14.11	6
14.13	2
14.15	3
14.16	7
14.18	1
14.19	3
14.21	3
14.22	5
14.24	1
14.26	5
14.27	2
14.29	0
14.30	4
14.32	4
14.34	2
14.35	2
14.37	3
14.38	4
14.40	1
14.41	3
14.43	5
14.45	1
14.46	3
14.48	3
14.49	4
14.51	1
14.53	5
14.54	5
14.56	4
14.57	3
14.59	0
14.60	5
14.62	1
14.64	1
14.65	2
14.67	1
14.68	5
14.70	2
14.71	1
14.73	3
14.75	3
14.76	6
14.78	4
14.79	0
14.81	2
14.83	2
14.84	2
14.86	2
14.87	2
14.89	3
14.90	4
14.92	4
14.94	2
14.95	3
14.97	1
14.98	3
15.00	2
15.02	3
15.03	2
15.05	8
15.06	3
15.08	1
15.09	3
15.11	3
15.13	4
15.14	2
15.16	3
15.17	2
15.19	7
15.21	3
15.22	3
15.24	4
15.25	5
15.27	4
15.28	4
15.30	3
15.32	1
15.33	8
15.35	3
15.36	1
15.38	2
15.40	5
15.41	2
15.43	3
15.44	1
15.46	3
15.47	2
15.49	5
15.51	3
15.52	4
15.54	4
15.55	2
15.57	5
15.59	3
15.60	2
15.62	2
15.63	1
15.65	1
15.66	7
15.68	2
15.70	4
15.71	2
15.73	2
15.74	3
15.76	3
15.77	10
15.79	2
15.81	1
15.82	2
15.84	5
15.85	5
15.87	1
15.89	4
15.90	5
15.92	6
15.93	1
15.95	3
15.96	2
15.98	1
16.00	5
16.01	5
16.03	2
16.04	2
16.06	2
16.08	1
16.09	3
16.11	3
16.12	2
16.14	2
16.15	3
16.17	3
16.19	2
16.20	2
16.22	3
16.23	0
16.25	5
16.27	4
16.28	1
16.30	1
16.31	1
16.33	3
16.34	2
16.36	0
16.38	3
16.39	2
16.41	3
16.42	3
16.44	3
16.46	0
16.47	1
16.49	3
16.50	3
16.52	1
16.53	2
16.55	1
16.57	2
16.58	0
16.60	0
16.61	3
16.63	2
16.65	2
16.66	2
16.68	2
16.69	3
16.71	3
16.72	3
16.74	1
16.76	1
16.77	2
16.79	4
16.80	0
16.82	3
16.83	3
16.85	2
16.87	3
16.88	4
16.90	4
16.91	1
16.93	3
16.95	3
16.96	2
16.98	1
16.99	3
17.01	1
17.02	0
17.04	4
17.06	1
17.07	2
17.09	1
17.10	2
17.12	0
17.14	3
17.15	1
17.17	5
17.18	2
17.20	1
17.21	2
17.23	5
17.25	2
17.26	4
17.28	3
17.29	4
17.31	1
17.33	3
17.34	1
17.36	5
17.37	2
17.39	2
17.40	0
17.42	2
17.44	2
17.45	2
17.47	3
17.48	0
17.50	2
17.52	2
17.53	4
17.55	2
17.56	2
17.58	5
17.59	2
17.61	1
17.63	3
17.64	3
17.66	4
17.67	2
17.69	0
17.71	4
17.72	2
17.74	1
17.75	1
17.77	2
17.78	1
17.80	3
17.82	1
17.83	1
17.85	4
17.86	2
17.88	3
17.89	3
17.91	0
17.93	1
17.94	0
17.96	3
17.97	1
17.99	0
18.01	1
18.02	1
18.04	3
18.05	2
18.07	0
18.08	2
18.10	1
18.12	0
18.13	0
18.15	2
18.16	0
18.18	5
18.20	6
18.21	3
18.23	3
18.24	0
18.26	1
18.27	2
18.29	1
18.31	0
18.32	1
18.34	0
18.35	3
18.37	1
18.39	0
18.40	1
18.42	1
18.43	1
18.45	0
18.46	0
18.48	1
18.50	0
18.51	4
18.53	1
18.54	0
18.56	3
18.58	3
18.59	1
18.61	1
18.62	0
18.64	3
18.65	2
18.67	0
18.69	2
18.70	1
18.72	1
18.73	2
18.75	1
18.77	2
18.78	2
18.80	0
18.81	1
18.83	1
18.84	2
18.86	2
18.88	2
18.89	0
18.91	0
18.92	1
18.94	0
18.95	2
18.97	1
18.99	1
19.00	1
19.02	2
19.03	1
19.05	2
19.07	0
19.08	4
19.10	0
19.11	4
19.13	1
19.14	2
19.16	3
19.18	3
19.19	1
19.21	0
19.22	1
19.24	1
19.26	1
19.27	4
19.29	2
19.30	4
19.32	0
19.33	3
19.35	5
19.37	3
19.38	0
19.40	2
19.41	2
19.43	0
19.45	1
19.46	4
19.48	1
19.49	2
19.51	3
19.52	3
19.54	0
19.56	3
19.57	0
19.59	0
19.60	1
19.62	0
19.64	0
19.65	0
19.67	0
19.68	2
19.70	2
19.71	4
19.73	1
19.75	2
19.76	0
19.78	1
19.79	3
19.81	0
19.83	0
19.84	3
19.86	0
19.87	3
19.89	3
19.90	0
19.92	2
19.94	2
19.95	1
19.97	2
19.98	2
20.00	2
20.02	0
20.03	1
20.05	1
20.06	3
20.08	3
20.09	2
20.11	3
20.13	2
20.14	2
20.16	3
20.17	0
20.19	3
20.20	3
20.22	4
20.24	2
20.25	3
20.27	1
20.28	0
20.30	1
20.32	1
20.33	0
20.35	0
20.36	0
20.38	1
20.39	2
20.41	0
20.43	0
20.44	3
20.46	2
20.47	0
20.49	0
20.51	3
20.52	2
20.54	0
20.55	2
20.57	2
20.58	4
20.60	0
20.62	1
20.63	2
20.65	3
20.66	0
20.68	1
20.70	1
20.71	1
20.73	0
20.74	2
20.76	2
20.77	0
20.79	0
20.81	0
20.82	0
20.84	1
20.85	3
20.87	0
20.89	0
20.90	1
20.92	2
20.93	2
20.95	0
20.96	2
20.98	2
21.00	1
21.01	1
21.03	1
21.04	0
21.06	1
21.08	0
21.09	0
21.11	1
21.12	2
21.14	1
21.15	0
21.17	1
21.19	2
21.20	1
21.22	0
21.23	2
21.25	0
21.26	1
21.28	1
21.30	1
21.31	0
21.33	8
21.34	0
21.36	2
21.38	1
21.39	0
21.41	1
21.42	2
21.44	0
21.45	1
21.47	4
21.49	1
21.50	0
21.52	0
21.53	0
21.55	1
21.57	1
21.58	2
21.60	0
21.61	2
21.63	0
21.64	1
21.66	0
21.68	2
21.69	5
21.71	0
21.72	1
21.74	2
21.76	0
21.77	1
21.79	0
21.80	4
21.82	0
21.83	0
21.85	3
21.87	2
21.88	0
21.90	0
21.91	0
21.93	0
21.95	1
21.96	1
21.98	0
21.99	1
22.01	1
22.02	1
22.04	0
22.06	1
22.07	1
22.09	1
22.10	1
22.12	1
22.14	2
22.15	0
22.17	3
22.18	0
22.20	1
22.21	1
22.23	2
22.25	1
22.26	0
22.28	0
22.29	1
22.31	1
22.32	3
22.34	2
22.36	1
22.37	0
22.39	1
22.40	1
22.42	1
22.44	0
22.45	0
22.47	1
22.48	2
22.50	1
22.51	0
22.53	0
22.55	0
22.56	1
22.58	2
22.59	1
22.61	0
22.63	0
22.64	2
22.66	0
22.67	1
22.69	0
22.70	2
22.72	1
22.74	0
22.75	0
22.77	2
22.78	0
22.80	1
22.82	2
22.83	0
22.85	0
22.86	1
22.88	2
22.89	0
22.91	2
22.93	0
22.94	1
22.96	0
22.97	1
22.99	1
23.01	1
23.02	1
23.04	2
23.05	0
23.07	0
23.08	0
23.10	0
23.12	0
23.13	1
23.15	0
23.16	0
23.18	1
23.20	1
23.21	3
23.23	2
23.24	0
23.26	1
23.27	0
23.29	0
23.31	0
23.32	2
23.34	2
23.35	1
23.37	4
23.38	3
23.40	0
23.42	0
23.43	1
23.45	1
23.46	1
23.48	0
23.50	1
23.51	0
23.53	0
23.54	0
23.56	0
23.57	0
23.59	4
23.61	0
23.62	0
23.64	0
23.65	1
23.67	1
23.69	0
23.70	1
23.72	1
23.73	0
23.75	3
23.76	1
23.78	1
23.80	1
23.81	2
23.83	0
23.84	1
23.86	0
23.88	1
23.89	1
23.91	0
23.92	2
23.94	3
23.95	0
23.97	0
23.99	0
24.00	0
24.02	2
24.03	0
24.05	0
24.07	1
24.08	1
24.10	0
24.11	0
24.13	0
24.14	1
24.16	0
24.18	2
24.19	0
24.21	2
24.22	0
24.24	1
24.26	1
24.27	0
24.29	0
24.30	1
24.32	0
24.33	0
24.35	0
24.37	0
24.38	2
24.40	0
24.41	2
24.43	0
24.45	0
24.46	0
24.48	0
24.49	0
24.51	0
24.52	0
24.54	0
24.56	1
24.57	0
24.59	0
24.60	0
24.62	0
24.63	3
24.65	0
24.67	0
24.68	0
24.70	0
24.71	0
24.73	0
24.75	0
24.76	1
24.78	0
24.79	0
24.81	1
24.82	0
24.84	2
24.86	0
24.87	0
24.89	2
24.90	1
24.92	0
24.94	1
24.95	0
24.97	0
24.98	0
25.00	0
25.01	0
25.03	2
25.05	0
25.06	0
25.08	0
25.09	1
25.11	0
25.13	2
25.14	0
25.16	0
25.17	1
25.19	1
25.20	0
25.22	0
25.24	0
25.25	0
25.27	0
25.28	1
25.30	0
25.32	1
25.33	0
25.35	0
25.36	1
25.38	0
25.39	1
25.41	1
25.43	0
25.44	0
25.46	1
25.47	1
25.49	2
25.51	0
25.52	1
25.54	0
25.55	0
25.57	1
25.58	0
25.60	1
25.62	2
25.63	1
25.65	1
25.66	0
25.68	0
25.69	1
25.71	1
25.73	0
25.74	0
25.76	0
25.77	0
25.79	0
25.81	3
25.82	0
25.84	2
25.85	1
25.87	1
25.88	0
25.90	0
25.92	0
25.93	0
25.95	1
25.96	1
25.98	0
26.00	0
26.01	0
26.03	0
26.04	0
26.06	0
26.07	0
26.09	0
26.11	0
26.12	0
26.14	1
26.15	0
26.17	0
26.19	0
26.20	1
26.22	0
26.23	0
26.25	1
26.26	0
26.28	0
26.30	0
26.31	0
26.33	1
26.34	2
26.36	1
26.38	0
26.39	0
26.41	1
26.42	0
26.44	0
26.45	0
26.47	0
26.49	1
26.50	0
26.52	1
26.53	0
26.55	0
26.57	0
26.58	0
26.60	1
26.61	0
26.63	0
26.64	2
26.66	0
26.68	1
26.69	0
26.71	1
26.72	0
26.74	0
26.75	0
26.77	0
26.79	0
26.80	1
26.82	0
26.83	0
26.85	0
26.87	0
26.88	0
26.90	0
26.91	0
26.93	1
26.94	0
26.96	1
26.98	0
26.99	0
27.01	0
27.02	0
27.04	0
27.06	0
27.07	0
27.09	0
27.10	0
27.12	0
27.13	1
27.15	0
27.17	0
27.18	0
27.20	0
27.21	0
27.23	0
27.25	1
27.26	1
27.28	0
27.29	0
27.31	0
27.32	1
27.34	0
27.36	0
27.37	0
27.39	0
27.40	0
27.42	0
27.44	0
27.45	0
27.47	2
27.48	0
27.50	1
27.51	0
27.53	0
27.55	0
27.56	2
27.58	1
27.59	0
27.61	0
27.63	1
27.64	0
27.66	0
27.67	1
27.69	1
27.70	0
27.72	0
27.74	0
27.75	0
27.77	0
27.78	0
27.80	0
27.81	0
27.83	0
27.85	0
27.86	0
27.88	0
27.89	0
27.91	0
27.93	0
27.94	0
27.96	1
27.97	0
27.99	0
28.00	0
28.02	0
28.04	1
28.05	1
28.07	0
28.08	0
28.10	0
28.12	2
28.13	0
28.15	0
28.16	1
28.18	0
28.19	0
28.21	0
28.23	0
28.24	0
28.26	0
28.27	0
28.29	0
28.31	0
28.32	1
28.34	1
28.35	0
28.37	1
28.38	0
28.40	0
28.42	1
28.43	0
28.45	0
28.46	0
28.48	1
28.50	0
28.51	0
28.53	0
28.54	0
28.56	1
28.57	0
28.59	0
28.61	1
28.62	0
28.64	1
28.65	0
28.67	0
28.69	1
28.70	0
28.72	0
28.73	0
28.75	1
28.76	0
28.78	0
28.80	0
28.81	0
28.83	0
28.84	0
28.86	0
28.88	0
28.89	0
28.91	0
28.92	0
28.94	0
28.95	0
28.97	0
28.99	0
29.00	0
29.02	0
29.03	0
29.05	1
29.06	0
29.08	0
29.10	0
29.11	0
29.13	0
29.14	1
29.16	0
29.18	1
29.19	1
29.21	0
29.22	1
29.24	0
29.25	0
29.27	0
29.29	0
29.30	0
29.32	0
29.33	0
29.35	0
29.37	0
29.38	0
29.40	0
29.41	1
29.43	0
29.44	0
29.46	0
29.48	0
29.49	0
29.51	0
29.52	0
29.54	1
29.56	0
29.57	1
29.59	0
29.60	0
29.62	0
29.63	1
29.65	0
29.67	1
29.68	0
29.70	0
29.71	0
29.73	0
29.75	0
29.76	0
29.78	0
29.79	0
29.81	1
29.82	0
29.84	0
29.86	0
29.87	0
29.89	0
29.90	1
29.92	0
29.94	0
29.95	0
29.97	0
29.98	0
30.00	0
30.01	0
30.03	0
30.05	0
30.06	0
30.08	0
30.09	0
30.11	0
30.12	0
30.14	0
30.16	0
30.17	0
30.19	0
30.20	0
30.22	0
30.24	0
30.25	0
30.27	0
30.28	0
30.30	0
30.31	0
30.33	0
30.35	0
30.36	0
30.38	0
30.39	0
30.41	0
30.43	0
30.44	0
30.46	0
30.47	0
30.49	0
30.50	0
30.52	0
30.54	1
30.55	0
30.57	0
30.58	0
30.60	0
30.62	0
30.63	0
30.65	0
30.66	0
30.68	0
30.69	1
30.71	0
30.73	0
30.74	0
30.76	0
30.77	1
30.79	0
30.81	0
30.82	0
30.84	0
30.85	0
30.87	1
30.88	0
30.90	0
30.92	0
30.93	0
30.95	0
30.96	0
30.98	0
31.00	0
31.01	0
31.03	0
31.04	0
31.06	0
31.07	0
31.09	0
31.11	0
31.12	0
31.14	0
31.15	0
31.17	0
31.18	0
31.20	0
31.22	0
31.23	0
31.25	0
31.26	0
31.28	0
31.30	1
31.31	0
31.33	0
31.34	0
31.36	0
31.37	0
31.39	0
31.41	0
31.42	0
31.44	0
31.45	0
31.47	0
31.49	0
31.50	1
31.52	0
31.53	0
31.55	0
31.56	0
31.58	0
31.60	0
31.61	0
31.63	0
31.64	0
31.66	0
31.68	0
31.69	0
31.71	0
31.72	0
31.74	0
31.75	0
31.77	0
31.79	0
31.80	0
31.82	1
31.83	0
31.85	0
31.87	0
31.88	0
31.90	0
31.91	0
31.93	0
31.94	0
31.96	0
31.98	0
31.99	0
32.01	0
32.02	0
32.04	0
32.06	0
32.07	0
32.09	0
32.10	0
32.12	0
32.13	0
32.15	0
32.17	0
32.18	0
32.20	0
32.21	0
32.23	0
32.24	0
32.26	0
32.28	0
32.29	0
32.31	0
32.32	0
32.34	0
32.36	0
32.37	0
32.39	0
32.40	0
32.42	0
32.43	-1
