# exported by fityk 0.8.7
#4-20-Cent:x	4-20-Cent:y	4-20-Cent:s	4-20-Cent:F(x)	4-20-Cent:%_1(x)	4-20-Cent:%_2(x)	4-20-Cent:a
0.79	0	1	7.16944e-221	7.14723e-221	2.22165e-223	1
0.81	0	1	1.25259e-219	1.2496e-219	2.98808e-222	1
0.82	0	1	5.22035e-219	5.20942e-219	1.09317e-221	1
0.84	0	1	9.01434e-218	8.99978e-218	1.45598e-220	1
0.86	0	1	1.54439e-216	1.54246e-216	1.92661e-219	1
0.87	0	1	6.37361e-216	6.36661e-216	6.99119e-219	1
0.89	0	1	1.07912e-214	1.0782e-214	9.16098e-218	1
0.9	0	1	4.42715e-214	4.42384e-214	3.30808e-217	1
0.92	0	1	7.40719e-213	7.4029e-213	4.29259e-216	1
0.93	0	1	3.02084e-212	3.01929e-212	1.54252e-215	1
0.95	0	1	4.99448e-211	4.9925e-211	1.9821e-214	1
0.97	0	1	8.19226e-210	8.18973e-210	2.53042e-213	1
0.98	0	1	3.30801e-209	3.30711e-209	9.01911e-213	1
1	0	1	5.3617e-208	5.36056e-208	1.1402e-211	1
1.01	0	1	2.15216e-207	2.15176e-207	4.04418e-211	1
1.03	0	1	3.4469e-206	3.4464e-206	5.06294e-210	1
1.05	0	1	5.4768e-205	5.47617e-205	6.29715e-209	1
1.06	0	1	2.1766e-204	2.17638e-204	2.2154e-208	1
1.08	0	1	3.41736e-203	3.41709e-203	2.72864e-207	1
1.09	0	1	1.35005e-202	1.34996e-202	9.55283e-207	1
1.11	0	1	2.09447e-201	2.09436e-201	1.16514e-205	1
1.12	0	1	8.22508e-201	8.22468e-201	4.05921e-205	1
1.14	1	1	1.26089e-199	1.26084e-199	4.90278e-204	1
1.16	1	1	1.91758e-198	1.91752e-198	5.88318e-203	1
1.17	0	1	7.45582e-198	7.45562e-198	2.03299e-202	1
1.19	0	1	1.12043e-196	1.1204e-196	2.41578e-201	1
1.2	4	2	4.33043e-196	4.33035e-196	8.30725e-201	1
1.22	5	2.23607	6.43028e-195	6.43018e-195	9.77536e-200	1
1.24	10	3.16228	9.4726e-194	9.47248e-194	1.14282e-198	1
1.25	24	4.89898	3.62486e-193	3.62482e-193	3.89797e-198	1
1.27	33	5.74456	5.27643e-192	5.27639e-192	4.51269e-197	1
1.28	33	5.74456	2.00709e-191	2.00708e-191	1.5317e-196	1
1.3	30	5.47723	2.88687e-190	2.88685e-190	1.756e-195	1
1.31	39	6.245	1.09159e-189	1.09158e-189	5.93114e-195	1
1.33	26	5.09902	1.55142e-188	1.55141e-188	6.73352e-194	1
1.35	29	5.38516	2.18745e-187	2.18745e-187	7.59478e-193	1
1.36	29	5.38516	8.18929e-187	8.18926e-187	2.54443e-192	1
1.38	30	5.47723	1.14095e-185	1.14094e-185	2.84195e-191	1
1.39	32	5.65685	4.24598e-185	4.24597e-185	9.47475e-191	1
1.41	32	5.65685	5.84531e-184	5.8453e-184	1.04797e-189	1
1.42	27	5.19615	2.16234e-183	2.16234e-183	3.47676e-189	1
1.44	25	5	2.94147e-182	2.94146e-182	3.8081e-188	1
1.46	20	4.47214	3.96957e-181	3.96956e-181	4.1439e-187	1
1.47	34	5.83095	1.4539e-180	1.4539e-180	1.36364e-186	1
1.49	29	5.38516	1.93876e-179	1.93876e-179	1.46944e-185	1
1.5	26	5.09902	7.05864e-179	7.05864e-179	4.81192e-185	1
1.52	28	5.2915	9.3008e-178	9.30079e-178	5.13483e-184	1
1.54	26	5.09902	1.21579e-176	1.21579e-176	5.44381e-183	1
1.55	36	6	4.38259e-176	4.38259e-176	1.76819e-182	1
1.57	29	5.38516	5.66082e-175	5.66082e-175	1.85635e-181	1
1.58	26	5.09902	2.02841e-174	2.02841e-174	6.00016e-181	1
1.6	22	4.69042	2.5889e-173	2.5889e-173	6.238e-180	1
1.61	17	4.12311	9.2214e-173	9.2214e-173	2.00644e-179	1
1.63	23	4.79583	1.16296e-171	1.16296e-171	2.06567e-178	1
1.65	38	6.16441	1.45504e-170	1.45504e-170	2.11284e-177	1
1.66	20	4.47214	5.13133e-170	5.13133e-170	6.74074e-177	1
1.68	26	5.09902	6.34378e-169	6.34378e-169	6.82756e-176	1
1.69	17	4.12311	2.22387e-168	2.22387e-168	2.16762e-175	1
1.71	20	4.47214	2.71668e-167	2.71668e-167	2.17417e-174	1
1.73	26	5.09902	3.29235e-166	3.29235e-166	2.16658e-173	1
1.74	26	5.09902	1.14273e-165	1.14273e-165	6.82265e-173	1
1.76	20	4.47214	1.36842e-164	1.36842e-164	6.73266e-172	1
1.77	29	5.38516	4.7213e-164	4.7213e-164	2.1098e-171	1
1.79	37	6.08276	5.58661e-163	5.58661e-163	2.06171e-170	1
1.8	24	4.89898	1.916e-162	1.916e-162	6.42924e-170	1
1.82	22	4.69042	2.24023e-161	2.24023e-161	6.22156e-169	1
1.84	22	4.69042	2.59854e-160	2.59854e-160	5.98147e-168	1
1.85	23	4.79583	8.8237e-160	8.8237e-160	1.85012e-167	1
1.87	28	5.2915	1.01134e-158	1.01134e-158	1.76142e-166	1
1.88	29	5.38516	3.41369e-158	3.41369e-158	5.42165e-166	1
1.9	19	4.3589	3.86617e-157	3.86617e-157	5.11148e-165	1
1.92	30	5.47723	4.34388e-156	4.34388e-156	4.78774e-164	1
1.93	24	4.89898	1.45171e-155	1.45171e-155	1.46171e-163	1
1.95	35	5.91608	1.6117e-154	1.6117e-154	1.35581e-162	1
1.96	23	4.79583	5.35416e-154	5.35416e-154	4.11912e-162	1
1.98	30	5.47723	5.87364e-153	5.87364e-153	3.78351e-161	1
1.99	18	4.24264	1.93963e-152	1.93963e-152	1.14387e-160	1
2.01	21	4.58258	2.10254e-151	2.10254e-151	1.04045e-159	1
2.03	21	4.58258	2.26105e-150	2.26105e-150	9.40229e-159	1
2.04	25	5	7.39259e-150	7.39259e-150	2.81954e-158	1
2.06	21	4.58258	7.85548e-149	7.85548e-149	2.52315e-157	1
2.07	27	5.19615	2.55307e-148	2.55307e-148	7.52947e-157	1
2.09	28	5.2915	2.68071e-147	2.68071e-147	6.67241e-156	1
2.11	26	5.09902	2.79238e-146	2.79238e-146	5.87449e-155	1
2.12	26	5.09902	8.98546e-146	8.98546e-146	1.73881e-154	1
2.14	23	4.79583	9.2486e-145	9.2486e-145	1.51598e-153	1
2.15	31	5.56776	2.95833e-144	2.95833e-144	4.46531e-153	1
2.17	31	5.56776	3.00879e-143	3.00879e-143	3.85519e-152	1
2.18	21	4.58258	9.5668e-143	9.5668e-143	1.13001e-151	1
2.2	26	5.09902	9.6144e-142	9.6144e-142	9.66112e-151	1
2.22	23	4.79583	9.58556e-141	9.58556e-141	8.20622e-150	1
2.23	24	4.89898	3.01764e-140	3.01764e-140	2.38583e-149	1
2.25	13	3.60555	2.97285e-139	2.97285e-139	2.00682e-148	1
2.26	11	3.31662	9.3031e-139	9.3031e-139	5.80606e-148	1
2.28	21	4.58258	9.05613e-138	9.05613e-138	4.83619e-147	1
2.3	11	3.31662	8.74575e-137	8.74575e-137	4.00216e-146	1
2.31	15	3.87298	2.70974e-136	2.70974e-136	1.14849e-145	1
2.33	21	4.58258	2.58578e-135	2.58578e-135	9.41179e-145	1
2.34	20	4.47214	7.96391e-135	7.96391e-135	2.68771e-144	1
2.36	19	4.3589	7.50933e-134	7.50933e-134	2.18112e-143	1
2.37	23	4.79583	2.29901e-133	2.29901e-133	6.19822e-143	1
2.39	16	4	2.14203e-132	2.14203e-132	4.98101e-142	1
2.41	19	4.3589	1.97993e-131	1.97993e-131	3.97683e-141	1
2.42	18	4.24264	6.00155e-131	6.00155e-131	1.12095e-140	1
2.44	23	4.79583	5.48148e-130	5.48148e-130	8.86253e-140	1
2.45	21	4.58258	1.65165e-129	1.65165e-129	2.48589e-139	1
2.47	19	4.3589	1.4906e-128	1.4906e-128	1.94629e-138	1
2.48	29	5.38516	4.46463e-128	4.46463e-128	5.43262e-138	1
2.5	25	5	3.98143e-127	3.98143e-127	4.212e-137	1
2.52	20	4.47214	3.52235e-126	3.52235e-126	3.24441e-136	1
2.53	21	4.58258	1.04456e-125	1.04456e-125	8.98251e-136	1
2.55	24	4.89898	9.13136e-125	9.13136e-125	6.85171e-135	1
2.56	22	4.69042	2.69178e-124	2.69178e-124	1.88772e-134	1
2.58	29	5.38516	2.32516e-123	2.32516e-123	1.42591e-133	1
2.6	25	5	1.99254e-122	1.99254e-122	1.07008e-132	1
2.61	18	4.24264	5.81547e-122	5.81547e-122	2.92425e-132	1
2.63	21	4.58258	4.92434e-121	4.92434e-121	2.17315e-131	1
2.64	18	4.24264	1.42867e-120	1.42867e-120	5.90972e-131	1
2.66	19	4.3589	1.19538e-119	1.19538e-119	4.34907e-130	1
2.67	26	5.09902	3.44742e-119	3.44742e-119	1.17693e-129	1
2.69	22	4.69042	2.85021e-118	2.85021e-118	8.57693e-129	1
2.71	20	4.47214	2.33775e-117	2.33775e-117	6.20988e-128	1
2.72	23	4.79583	6.67518e-117	6.67518e-117	1.66685e-127	1
2.74	28	5.2915	5.40997e-116	5.40997e-116	1.19509e-126	1
2.75	23	4.79583	1.53555e-115	1.53555e-115	3.19222e-126	1
2.77	23	4.79583	1.22972e-114	1.22972e-114	2.26647e-125	1
2.79	26	5.09902	9.76986e-114	9.76986e-114	1.59874e-124	1
2.8	25	5	2.74556e-113	2.74556e-113	4.23573e-124	1
2.82	14	3.74166	2.15538e-112	2.15538e-112	2.95875e-123	1
2.83	15	3.87298	6.02105e-112	6.02105e-112	7.80075e-123	1
2.85	16	4	4.67061e-111	4.67061e-111	5.39596e-122	1
2.86	15	3.87298	1.29696e-110	1.29696e-110	1.41571e-121	1
2.88	20	4.47214	9.9412e-110	9.9412e-110	9.69751e-121	1
2.9	17	4.12311	7.55945e-109	7.55945e-109	6.59956e-120	1
2.91	21	4.58258	2.07835e-108	2.07835e-108	1.71744e-119	1
2.93	14	3.74166	1.56164e-107	1.56164e-107	1.15741e-118	1
2.94	26	5.09902	4.26789e-107	4.26789e-107	2.99731e-118	1
2.96	20	4.47214	3.16872e-106	3.16872e-106	2.00029e-117	1
2.98	18	4.24264	2.33397e-105	2.33397e-105	1.32624e-116	1
2.99	22	4.69042	6.31544e-105	6.31544e-105	3.40664e-116	1
3.01	26	5.09902	4.59647e-104	4.59647e-104	2.23671e-115	1
3.02	13	3.60555	1.23634e-103	1.23634e-103	5.71728e-115	1
3.04	12	3.4641	8.89136e-103	8.89136e-103	3.71729e-114	1
3.05	23	4.79583	2.37731e-102	2.37731e-102	9.45546e-114	1
3.07	18	4.24264	1.68938e-101	1.68938e-101	6.08797e-113	1
3.09	30	5.47723	1.19099e-100	1.19099e-100	3.89431e-112	1
3.1	25	5	3.15282e-100	3.15282e-100	9.82536e-112	1
3.12	19	4.3589	2.19629e-099	2.19629e-099	6.22386e-111	1
3.13	11	3.31662	5.77947e-099	5.77947e-099	1.56262e-110	1
3.15	19	4.3589	3.97821e-098	3.97821e-098	9.8021e-110	1
3.17	18	4.24264	2.71661e-097	2.71661e-097	6.10876e-109	1
3.18	21	4.58258	7.07783e-097	7.07783e-097	1.52128e-108	1
3.2	20	4.47214	4.77585e-096	4.77585e-096	9.38847e-108	1
3.21	27	5.19615	1.23688e-095	1.23688e-095	2.32663e-107	1
3.23	22	4.69042	8.24684e-095	8.24684e-095	1.42189e-106	1
3.24	16	4	2.1231e-094	2.1231e-094	3.50651e-106	1
3.26	14	3.74166	1.39875e-093	1.39875e-093	2.12211e-105	1
3.28	17	4.12311	9.14216e-093	9.14216e-093	1.27594e-104	1
3.29	15	3.87298	2.33027e-092	2.33027e-092	3.12104e-104	1
3.31	18	4.24264	1.50496e-091	1.50496e-091	1.8583e-103	1
3.32	12	3.4641	3.81318e-091	3.81318e-091	4.52336e-103	1
3.34	11	3.31662	2.43342e-090	2.43342e-090	2.66704e-102	1
3.36	24	4.89898	1.54058e-089	1.54058e-089	1.56231e-101	1
3.37	19	4.3589	3.86476e-089	3.86476e-089	3.77202e-101	1
3.39	19	4.3589	2.41769e-088	2.41769e-088	2.18809e-100	1
3.4	24	4.89898	6.02897e-088	6.02897e-088	5.25712e-100	1
3.42	19	4.3589	3.72676e-087	3.72676e-087	3.01989e-099	1
3.43	28	5.2915	9.23802e-087	9.23802e-087	7.22025e-099	1
3.45	15	3.87298	5.64257e-086	5.64257e-086	4.10723e-098	1
3.47	29	5.38516	3.41913e-085	3.41913e-085	2.32121e-097	1
3.48	20	4.47214	8.39146e-085	8.39146e-085	5.50473e-097	1
3.5	17	4.12311	5.02442e-084	5.02442e-084	3.08074e-096	1
3.51	12	3.4641	1.22578e-083	1.22578e-083	7.2703e-096	1
3.53	11	3.31662	7.25221e-083	7.25221e-083	4.02925e-095	1
3.54	17	4.12311	1.75874e-082	1.75874e-082	9.46235e-095	1
3.56	18	4.24264	1.02818e-081	1.02818e-081	5.19307e-094	1
3.58	27	5.19615	5.96318e-081	5.96318e-081	2.83151e-093	1
3.59	19	4.3589	1.43181e-080	1.43181e-080	6.59559e-093	1
3.61	22	4.69042	8.20544e-080	8.20544e-080	3.56124e-092	1
3.62	23	4.79583	1.95845e-079	1.95845e-079	8.25492e-092	1
3.64	14	3.74166	1.10902e-078	1.10902e-078	4.41381e-091	1
3.66	28	5.2915	6.23029e-078	6.23029e-078	2.34467e-090	1
3.67	24	4.89898	1.47229e-077	1.47229e-077	5.39083e-090	1
3.69	28	5.2915	8.17281e-077	8.17281e-077	2.83582e-089	1
3.7	21	4.58258	1.91983e-076	1.91983e-076	6.48825e-089	1
3.72	25	5	1.05305e-075	1.05305e-075	3.3799e-088	1
3.73	30	5.47723	2.45893e-075	2.45893e-075	7.69537e-088	1
3.75	23	4.79583	1.33273e-074	1.33273e-074	3.96971e-087	1
3.77	31	5.56776	7.16604e-074	7.16604e-074	2.03449e-086	1
3.78	15	3.87298	1.65672e-073	1.65672e-073	4.59455e-086	1
3.8	23	4.79583	8.80231e-073	8.80231e-073	2.33181e-085	1
3.81	17	4.12311	2.02289e-072	2.02289e-072	5.24032e-085	1
3.83	16	4	1.06201e-071	1.06201e-071	2.63367e-084	1
3.85	20	4.47214	5.53128e-071	5.53128e-071	1.31503e-083	1
3.86	27	5.19615	1.25857e-070	1.25857e-070	2.93129e-083	1
3.88	17	4.12311	6.47712e-070	6.47712e-070	1.44939e-082	1
3.89	21	4.58258	1.465e-069	1.465e-069	3.21504e-082	1
3.91	28	5.2915	7.44996e-069	7.44996e-069	1.57422e-081	1
3.92	14	3.74166	1.675e-068	1.675e-068	3.47491e-081	1
3.94	24	4.89898	8.41667e-068	8.41667e-068	1.68491e-080	1
3.96	22	4.69042	4.19571e-067	4.19571e-067	8.11667e-080	1
3.97	30	5.47723	9.33988e-067	9.33988e-067	1.77712e-079	1
3.99	15	3.87298	4.60063e-066	4.60063e-066	8.47757e-079	1
4	17	4.12311	1.01802e-065	1.01802e-065	1.84708e-078	1
4.02	18	4.24264	4.95499e-065	4.95499e-065	8.72558e-078	1
4.04	25	5	2.39259e-064	2.39259e-064	4.09516e-077	1
4.05	12	3.4641	5.24183e-064	5.24183e-064	8.85009e-077	1
4.07	25	5	2.50103e-063	2.50103e-063	4.11318e-076	1
4.08	9	3	5.44676e-063	5.44676e-063	8.84566e-076	1
4.1	15	3.87298	2.56793e-062	2.56793e-062	4.07111e-075	1
4.11	15	3.87298	5.55915e-062	5.55915e-062	8.7125e-075	1
4.13	17	4.12311	2.58978e-061	2.58978e-061	3.97081e-074	1
4.15	27	5.19615	1.1969e-060	1.1969e-060	1.79798e-073	1
4.16	19	4.3589	2.56541e-060	2.56541e-060	3.81658e-073	1
4.18	23	4.79583	1.17155e-059	1.17155e-059	1.71133e-072	1
4.19	15	3.87298	2.49613e-059	2.49613e-059	3.61493e-072	1
4.21	17	4.12311	1.12637e-058	1.12637e-058	1.60513e-071	1
4.23	28	5.2915	5.04238e-058	5.04238e-058	7.08095e-071	1
4.24	17	4.12311	1.06369e-057	1.06369e-057	1.48361e-070	1
4.26	17	4.12311	4.70521e-057	4.70521e-057	6.48116e-070	1
4.27	19	4.3589	9.86652e-057	9.86652e-057	1.35132e-069	1
4.29	22	4.69042	4.31259e-056	4.31259e-056	5.84581e-069	1
4.3	7	2.64575	8.98933e-056	8.98933e-056	1.2129e-068	1
4.32	17	4.12311	3.8825e-055	3.8825e-055	5.19596e-068	1
4.34	15	3.87298	1.66355e-054	1.66355e-054	2.21143e-067	1
4.35	20	4.47214	3.4332e-054	3.4332e-054	4.5511e-067	1
4.37	13	3.60555	1.45356e-053	1.45356e-053	1.91813e-066	1
4.38	21	4.58258	2.98196e-053	2.98196e-053	3.92823e-066	1
4.4	18	4.24264	1.24751e-052	1.24751e-052	1.6395e-065	1
4.42	18	4.24264	5.1776e-052	5.1776e-052	6.79823e-065	1
4.43	12	3.4641	1.05165e-051	1.05165e-051	1.38094e-064	1
4.45	27	5.19615	4.31286e-051	4.31286e-051	5.67039e-064	1
4.46	19	4.3589	8.70793e-051	8.70793e-051	1.14622e-063	1
4.48	22	4.69042	3.52872e-050	3.52872e-050	4.66079e-063	1
4.49	19	4.3589	7.08226e-050	7.08226e-050	9.37547e-063	1
4.51	17	4.12311	2.83586e-049	2.83586e-049	3.77517e-062	1
4.53	21	4.58258	1.12652e-048	1.12652e-048	1.51025e-061	1
4.54	19	4.3589	2.23855e-048	2.23855e-048	3.0133e-061	1
4.56	13	3.60555	8.78675e-048	8.78675e-048	1.19373e-060	1
4.57	21	4.58258	1.73565e-047	1.73565e-047	2.37017e-060	1
4.59	19	4.3589	6.73185e-047	6.73185e-047	9.29816e-060	1
4.6	14	3.74166	1.32182e-046	1.32182e-046	1.83715e-059	1
4.62	18	4.24264	5.06589e-046	5.06589e-046	7.13701e-059	1
4.64	20	4.47214	1.92609e-045	1.92609e-045	2.75459e-058	1
4.65	18	4.24264	3.74447e-045	3.74447e-045	5.3984e-058	1
4.67	20	4.47214	1.40677e-044	1.40677e-044	2.06328e-057	1
4.68	13	3.60555	2.71857e-044	2.71857e-044	4.02387e-057	1
4.7	30	5.47723	1.00921e-043	1.00921e-043	1.52297e-056	1
4.72	12	3.4641	3.71676e-043	3.71676e-043	5.72673e-056	1
4.73	20	4.47214	7.11145e-043	7.11145e-043	1.10778e-055	1
4.75	16	4	2.58791e-042	2.58791e-042	4.12498e-055	1
4.76	19	4.3589	4.92207e-042	4.92207e-042	7.94043e-055	1
4.78	16	4	1.7699e-041	1.7699e-041	2.92797e-054	1
4.79	20	4.47214	3.3462e-041	3.3462e-041	5.60874e-054	1
4.81	13	3.60555	1.18895e-040	1.18895e-040	2.04805e-053	1
4.83	20	4.47214	4.19097e-040	4.19097e-040	7.42993e-053	1
4.84	11	3.31662	7.84499e-040	7.84499e-040	1.41171e-052	1
4.86	12	3.4641	2.73246e-039	2.73246e-039	5.07157e-052	1
4.87	15	3.87298	5.08436e-039	5.08436e-039	9.58913e-052	1
4.89	23	4.79583	1.74987e-038	1.74987e-038	3.41138e-051	1
4.91	16	4	5.97472e-038	5.97472e-038	1.20573e-050	1
4.92	16	4	1.10072e-037	1.10072e-037	2.26124e-050	1
4.94	28	5.2915	3.7136e-037	3.7136e-037	7.91442e-050	1
4.95	22	4.69042	6.80077e-037	6.80077e-037	1.47704e-049	1
4.97	20	4.47214	2.26719e-036	2.26719e-036	5.1194e-049	1
4.98	16	4	4.12721e-036	4.12721e-036	9.50759e-049	1
5	22	4.69042	1.35955e-035	1.35955e-035	3.26324e-048	1
5.02	21	4.58258	4.443e-035	4.443e-035	1.11275e-047	1
5.03	18	4.24264	8.0079e-035	8.0079e-035	2.04979e-047	1
5.05	26	5.09902	2.58588e-034	2.58588e-034	6.92165e-047	1
5.06	21	4.58258	4.63293e-034	4.63293e-034	1.26882e-046	1
5.08	26	5.09902	1.47828e-033	1.47828e-033	4.2428e-046	1
5.1	20	4.47214	4.67945e-033	4.67945e-033	1.40953e-045	1
5.11	20	4.47214	8.30075e-033	8.30075e-033	2.56286e-045	1
5.13	14	3.74166	2.59637e-032	2.59637e-032	8.43143e-045	1
5.14	21	4.58258	4.57819e-032	4.57819e-032	1.52555e-044	1
5.16	17	4.12311	1.41499e-031	1.41499e-031	4.97e-044	1
5.17	15	3.87298	2.48019e-031	2.48019e-031	8.94869e-044	1
5.19	23	4.79583	7.57451e-031	7.57451e-031	2.88697e-043	1
5.21	12	3.4641	2.2949e-030	2.2949e-030	9.25322e-043	1
5.22	21	4.58258	3.98263e-030	3.98263e-030	1.65256e-042	1
5.24	19	4.3589	1.19231e-029	1.19231e-029	5.24519e-042	1
5.25	21	4.58258	2.05684e-029	2.05684e-029	9.32185e-042	1
5.27	27	5.19615	6.08457e-029	6.08457e-029	2.92995e-041	1
5.29	31	5.56776	1.78566e-028	1.78566e-028	9.14926e-041	1
5.3	20	4.47214	3.0499e-028	3.0499e-028	1.61283e-040	1
5.32	22	4.69042	8.8443e-028	8.8443e-028	4.98732e-040	1
5.33	22	4.69042	1.5016e-027	1.5016e-027	8.74873e-040	1
5.35	17	4.12311	4.30272e-027	4.30272e-027	2.67903e-039	1
5.36	18	4.24264	7.26172e-027	7.26172e-027	4.67663e-039	1
5.38	18	4.24264	2.05607e-026	2.05607e-026	1.41814e-038	1
5.4	11	3.31662	5.77532e-026	5.77532e-026	4.27241e-038	1
5.41	15	3.87298	9.65044e-026	9.65044e-026	7.39757e-038	1
5.43	23	4.79583	2.67852e-025	2.67852e-025	2.20697e-037	1
5.44	23	4.79583	4.44909e-025	4.44909e-025	3.80268e-037	1
5.46	23	4.79583	1.22019e-024	1.22019e-024	1.12344e-036	1
5.48	23	4.79583	3.31991e-024	3.31991e-024	3.29747e-036	1
5.49	29	5.38516	5.45981e-024	5.45981e-024	5.63552e-036	1
5.51	12	3.4641	1.46786e-023	1.46786e-023	1.63801e-035	1
5.52	23	4.79583	2.39961e-023	2.39961e-023	2.78578e-035	1
5.54	25	5	6.37468e-023	6.37468e-023	8.01832e-035	1
5.55	25	5	1.0359e-022	1.0359e-022	1.35703e-034	1
5.57	17	4.12311	2.71923e-022	2.71923e-022	3.86794e-034	1
5.59	34	5.83095	7.08131e-022	7.08131e-022	1.09531e-033	1
5.6	23	4.79583	1.13933e-021	1.13933e-021	1.83868e-033	1
5.62	30	5.47723	2.93174e-021	2.93174e-021	5.15605e-033	1
5.63	28	5.2915	4.68886e-021	4.68886e-021	8.61313e-033	1
5.65	32	5.65685	1.19221e-020	1.19221e-020	2.3918e-032	1
5.67	20	4.47214	3.00732e-020	3.00732e-020	6.59871e-032	1
5.68	15	3.87298	4.76207e-020	4.76207e-020	1.09336e-031	1
5.7	20	4.47214	1.18695e-019	1.18695e-019	2.98711e-031	1
5.71	14	3.74166	1.86833e-019	1.86833e-019	4.9253e-031	1
5.73	12	3.4641	4.60149e-019	4.60149e-019	1.33252e-030	1
5.74	32	5.65685	7.19986e-019	7.19986e-019	2.18641e-030	1
5.76	24	4.89898	1.75219e-018	1.75219e-018	5.85766e-030	1
5.78	15	3.87298	4.23035e-018	4.23035e-018	1.55914e-029	1
5.79	25	5	6.55355e-018	6.55355e-018	2.5375e-029	1
5.81	21	4.58258	1.56344e-017	1.56344e-017	6.68838e-029	1
5.82	20	4.47214	2.40762e-017	2.40762e-017	1.08322e-028	1
5.84	29	5.38516	5.67549e-017	5.67549e-017	2.82739e-028	1
5.85	25	5	8.68787e-017	8.68787e-017	4.55677e-028	1
5.87	31	5.56776	2.02367e-016	2.02367e-016	1.17782e-027	1
5.89	37	6.08276	4.67632e-016	4.67632e-016	3.02461e-027	1
5.9	33	5.74456	7.08743e-016	7.08743e-016	4.83507e-027	1
5.92	31	5.56776	1.61832e-015	1.61832e-015	1.22955e-026	1
5.93	29	5.38516	2.43812e-015	2.43812e-015	1.95594e-026	1
5.95	31	5.56776	5.50097e-015	5.50097e-015	4.92553e-026	1
5.97	30	5.47723	1.2313e-014	1.2313e-014	1.23231e-025	1
5.98	32	5.65685	1.83666e-014	1.83666e-014	1.94442e-025	1
6	41	6.40312	4.06222e-014	4.06222e-014	4.81736e-025	1
6.01	42	6.48074	6.02328e-014	6.02328e-014	7.56409e-025	1
6.03	29	5.38516	1.31637e-013	1.31637e-013	1.85579e-024	1
6.04	32	5.65685	1.94023e-013	1.94023e-013	2.8997e-024	1
6.06	34	5.83095	4.18993e-013	4.18993e-013	7.04495e-024	1
6.08	40	6.32456	8.97638e-013	8.97638e-013	1.70048e-023	1
6.09	49	7	1.30994e-012	1.30994e-012	2.63546e-023	1
6.11	38	6.16441	2.77303e-012	2.77303e-012	6.29947e-023	1
6.12	33	5.74456	4.02262e-012	4.02262e-012	9.71552e-023	1
6.14	36	6	8.4144e-012	8.4144e-012	2.29968e-022	1
6.16	43	6.55744	1.74613e-011	1.74613e-011	5.40799e-022	1
6.17	38	6.16441	2.50788e-011	2.50788e-011	8.27291e-022	1
6.19	49	7	5.14245e-011	5.14245e-011	1.92655e-021	1
6.2	50	7.07107	7.34183e-011	7.34183e-011	2.93279e-021	1
6.22	59	7.68115	1.48757e-010	1.48757e-010	6.76326e-021	1
6.23	42	6.48074	2.11114e-010	2.11114e-010	1.02455e-020	1
6.25	41	6.40312	4.22669e-010	4.22669e-010	2.3397e-020	1
6.27	44	6.63325	8.39506e-010	8.39506e-010	5.30833e-020	1
6.28	48	6.9282	1.17961e-009	1.17961e-009	7.97619e-020	1
6.3	56	7.48331	2.31511e-009	2.31511e-009	1.79203e-019	1
6.31	50	7.07107	3.23363e-009	3.23363e-009	2.67954e-019	1
6.33	44	6.63325	6.27094e-009	6.27094e-009	5.96161e-019	1
6.35	64	8	1.20647e-008	1.20647e-008	1.31776e-018	1
6.36	42	6.48074	1.66844e-008	1.66844e-008	1.95439e-018	1
6.38	29	5.38516	3.17177e-008	3.17177e-008	4.27796e-018	1
6.39	40	6.32456	4.36014e-008	4.36014e-008	6.31376e-018	1
6.41	48	6.9282	8.19036e-008	8.19036e-008	1.36857e-017	1
6.42	50	7.07107	1.1192e-007	1.1192e-007	2.01e-017	1
6.44	41	6.40312	2.0774e-007	2.0774e-007	4.31447e-017	1
6.46	57	7.54983	3.82535e-007	3.82535e-007	9.20087e-017	1
6.47	46	6.78233	5.17547e-007	5.17547e-007	1.34035e-016	1
6.49	35	5.91608	9.41699e-007	9.41699e-007	2.83056e-016	1
6.5	46	6.78233	1.26647e-006	1.26647e-006	4.10334e-016	1
6.52	38	6.16441	2.27702e-006	2.27702e-006	8.58114e-016	1
6.54	57	7.54983	4.06143e-006	4.06143e-006	1.78288e-015	1
6.55	37	6.08276	5.40801e-006	5.40801e-006	2.56359e-015	1
6.57	57	7.54983	9.53145e-006	9.53145e-006	5.27445e-015	1
6.58	41	6.40312	1.2616e-005	1.2616e-005	7.5471e-015	1
6.6	39	6.245	2.19712e-005	2.19712e-005	1.53767e-014	1
6.61	42	6.48074	2.89083e-005	2.89083e-005	2.18949e-014	1
6.63	33	5.74456	4.97466e-005	4.97466e-005	4.41752e-014	1
6.65	39	6.245	8.49267e-005	8.49267e-005	8.8549e-014	1
6.66	42	6.48074	0.000110634	0.000110634	1.25062e-013	1
6.68	33	5.74456	0.000186629	0.000186629	2.48246e-013	1
6.69	36	6	0.000241672	0.000241672	3.48899e-013	1
6.71	35	5.91608	0.000402835	0.000402835	6.8582e-013	1
6.73	41	6.40312	0.000666143	0.000666143	1.33934e-012	1
6.74	35	5.91608	0.000854064	0.000854064	1.8671e-012	1
6.76	37	6.08276	0.00139554	0.00139554	3.61079e-012	1
6.77	36	6	0.00177856	0.00177856	5.00906e-012	1
6.79	38	6.16441	0.00287164	0.00287164	9.59274e-012	1
6.8	44	6.63325	0.00363799	0.00363799	1.32426e-011	1
6.82	39	6.245	0.00580406	0.00580406	2.51139e-011	1
6.84	38	6.16441	0.00918633	0.00918633	4.73175e-011	1
6.85	48	6.9282	0.0115226	0.0115226	6.4791e-011	1
6.87	24	4.89898	0.0180206	0.0180206	1.20886e-010	1
6.88	49	7	0.0224689	0.0224689	1.6472e-010	1
6.9	40	6.32456	0.0347226	0.0347226	3.04341e-010	1
6.91	38	6.16441	0.0430357	0.0430357	4.12673e-010	1
6.93	38	6.16441	0.0657157	0.0657157	7.55046e-010	1
6.95	38	6.16441	0.0995517	0.0995517	1.37249e-009	1
6.96	32	5.65685	0.122163	0.122163	1.84594e-009	1
6.98	38	6.16441	0.182865	0.182865	3.32282e-009	1
6.99	34	5.83095	0.223063	0.223063	4.44723e-009	1
7.01	49	7	0.329934	0.329934	7.92744e-009	1
7.03	41	6.40312	0.484134	0.484134	1.40393e-008	1
7.04	32	5.65685	0.584706	0.584706	1.86376e-008	1
7.06	41	6.40312	0.847786	0.847786	3.26854e-008	1
7.07	37	6.08276	1.0178	1.0178	4.31793e-008	1
7.09	42	6.48074	1.45822	1.45822	7.49883e-008	1
7.1	48	6.9282	1.74022	1.74022	9.85805e-008	1
7.12	52	7.2111	2.46361	2.46361	1.69536e-007	1
7.14	59	7.68115	3.46004	3.46004	2.89669e-007	1
7.15	47	6.85565	4.08825	4.08825	3.77712e-007	1
7.17	40	6.32456	5.67357	5.67357	6.39079e-007	1
7.18	53	7.28011	6.66374	6.66374	8.29258e-007	1
7.2	47	6.85565	9.13789	9.13789	1.38943e-006	1
7.22	62	7.87401	12.4312	12.4312	2.31287e-006	1
7.23	61	7.81025	14.4561	14.4561	2.97679e-006	1
7.25	67	8.18535	19.4325	19.4325	4.90701e-006	1
7.26	59	7.68115	22.4631	22.4631	6.28477e-006	1
7.28	85	9.21954	29.8372	29.8372	1.02591e-005	1
7.29	73	8.544	34.285	34.285	1.30756e-005	1
7.31	76	8.7178	44.9989	44.9988	2.11366e-005	1
7.33	95	9.74679	58.5921	58.5921	3.39453e-005	1
7.34	88	9.38083	66.6592	66.6592	4.29131e-005	1
7.36	143	11.9583	85.7645	85.7645	6.82475e-005	1
7.37	122	11.0454	96.9915	96.9914	8.58566e-005	1
7.39	166	12.8841	123.308	123.308	0.000135215	1
7.41	163	12.7671	155.521	155.52	0.000211565	1
7.42	216	14.6969	174.136	174.136	0.000263992	1
7.44	228	15.0997	217.018	217.018	0.000409037	1
7.45	243	15.5885	241.547	241.547	0.000507911	1
7.47	338	18.3848	297.454	297.453	0.000779315	1
7.48	349	18.6815	329.102	329.101	0.000962973	1
7.5	384	19.5959	400.458	400.456	0.00146316	1
7.52	463	21.5174	483.419	483.417	0.00220872	1
7.53	498	22.3159	529.553	529.551	0.00270709	1
7.55	590	24.2899	631.665	631.66	0.00404672	1
7.56	676	26	687.824	687.819	0.00493562	1
7.58	735	27.1109	810.708	810.7	0.00730626	1
7.6	857	29.2746	947.963	947.952	0.0107453	1
7.61	1108	33.2866	1022.02	1022	0.0129992	1
7.63	1061	32.573	1180.85	1180.83	0.0189319	1
7.64	1213	34.8281	1265.51	1265.49	0.0227913	1
7.66	1377	37.108	1444.82	1444.79	0.0328699	1
7.67	1577	39.7115	1539.18	1539.14	0.0393778	1
7.69	1663	40.7799	1736.4	1736.34	0.0562385	1
7.71	1746	41.7852	1943.34	1943.26	0.0797967	1
7.72	2068	45.4753	2049.75	2049.65	0.0948198	1
7.74	2295	47.9062	2266.79	2266.65	0.13323	1
7.75	2203	46.9361	2376.67	2376.51	0.157541	1
7.77	2573	50.7247	2597.12	2596.9	0.219205	1
7.79	2581	50.8035	2815.51	2815.21	0.303024	1
7.8	2953	54.3415	2922.76	2922.4	0.355409	1
7.82	2984	54.626	3130.92	3130.44	0.486528	1
7.83	3365	58.0086	3230.85	3230.28	0.567853	1
7.85	3381	58.1464	3419.89	3419.12	0.769784	1
7.86	3962	62.9444	3508.04	3507.15	0.894074	1
7.88	3303	57.4717	3669.28	3668.08	1.20022	1
7.9	3804	61.6766	3807.55	3805.95	1.60071	1
7.91	3939	62.7615	3867.1	3865.25	1.84408	1
7.93	3974	63.0397	3965.33	3962.89	2.4355	1
7.94	4207	64.8614	4003.45	4000.66	2.79209	1
7.96	3952	62.8649	4056.64	4052.99	3.65166	1
7.97	4308	65.6354	4071.41	4067.24	4.16591	1
7.99	4206	64.8537	4076.89	4071.5	5.3954	1
8.01	4091	63.9609	4050.35	4043.41	6.94236	1
8.02	4277	65.3988	4025.27	4017.42	7.85573	1
8.04	3956	62.8967	3952.32	3942.31	10.0097	1
8.05	3896	62.4179	3904.9	3893.63	11.2714	1
8.07	3988	63.1506	3789.67	3775.45	14.2223	1
8.09	3758	61.3025	3649.63	3631.8	17.829	1
8.1	3694	60.7783	3571.32	3551.41	19.9134	1
8.12	3858	62.1128	3400.42	3375.7	24.7204	1
8.13	3042	55.1543	3308.79	3281.32	27.4758	1
8.15	3131	55.9553	3115.69	3081.92	33.7765	1
8.16	3024	54.9909	3015.26	2977.9	37.3581	1
8.18	2923	54.0648	2809.19	2763.71	45.4782	1
8.2	2655	51.5267	2599.58	2544.58	55.0034	1
8.21	2215	47.0638	2494.67	2434.33	60.3422	1
8.23	2352	48.4974	2286.96	2214.69	72.2705	1
8.24	2128	46.1303	2185.01	2106.11	78.8986	1
8.26	1997	44.6878	1986.89	1893.32	93.5756	1
8.28	1846	42.9651	1798.78	1688.52	110.262	1
8.29	1571	39.6358	1709.22	1589.82	119.397	1
8.31	1548	39.3446	1540.33	1401.01	139.318	1
8.32	1395	37.3497	1461.39	1311.26	150.125	1
8.34	1272	35.6651	1315.27	1141.8	173.469	1
8.35	1158	34.0294	1248.31	1062.3	186.014	1
8.37	1195	34.5688	1126.87	914.023	212.846	1
8.39	915	30.249	1022.17	780.205	241.967	1
8.4	969	31.1288	976.042	718.682	257.359	1
8.42	947	30.7734	895.899	606.176	289.723	1
8.43	812	28.4956	861.7	555.05	306.65	1
8.45	769	27.7308	804.451	462.597	341.854	1
8.47	696	26.3818	761.107	382.485	378.622	1
8.48	789	28.0891	744.245	346.755	397.49	1
8.5	736	27.1293	719.257	283.298	435.958	1
8.51	633	25.1595	710.756	255.303	455.452	1
8.53	687	26.2107	700.773	206.105	494.669	1
8.54	714	26.7208	698.898	184.631	514.267	1
8.56	753	27.4408	700.394	147.281	553.113	1
8.58	742	27.2397	707.581	116.554	591.027	1
8.59	719	26.8142	712.833	103.376	609.457	1
8.61	758	27.5318	725.733	80.837	644.896	1
8.62	820	28.6356	733.032	71.2702	661.762	1
8.64	755	27.4773	748.498	55.0691	693.429	1
8.66	734	27.0924	764.103	42.2132	721.89	1
8.67	773	27.8029	771.605	36.8486	734.757	1
8.69	834	28.8791	785.381	27.9107	757.471	1
8.7	812	28.4956	791.43	24.2186	767.212	1
8.72	762	27.6043	801.359	18.1263	783.232	1
8.73	860	29.3258	805.07	15.6348	789.436	1
8.75	795	28.1957	809.641	11.5627	798.078	1
8.77	759	27.55	810.056	8.48341	801.572	1
8.78	862	29.3598	808.609	7.24482	801.364	1
8.8	817	28.5832	802.293	5.25227	797.04	1
8.81	882	29.6985	797.405	4.45871	792.946	1
8.83	754	27.4591	784.188	3.19403	780.994	1
8.85	772	27.7849	766.493	2.26991	764.223	1
8.86	715	26.7395	756.036	1.90785	754.128	1
8.88	879	29.6479	732.093	1.33975	730.753	1
8.89	569	23.8537	718.702	1.11935	717.583	1
8.91	659	25.671	689.351	0.776703	688.574	1
8.92	657	25.632	673.511	0.645062	672.866	1
8.94	646	25.4165	639.825	0.442283	639.383	1
8.96	617	24.8395	603.918	0.300842	603.618	1
8.97	565	23.7697	585.308	0.247378	585.06	1
8.99	629	25.0799	547.125	0.166268	546.959	1
9	539	23.2164	527.694	0.135905	527.558	1
9.02	472	21.7256	488.492	0.0902598	488.402	1
9.03	522	22.8473	468.854	0.0733374	468.781	1
9.05	422	20.5426	429.812	0.0481276	429.764	1
9.07	404	20.0998	391.466	0.031333	391.435	1
9.08	396	19.8997	372.685	0.0252063	372.66	1
9.1	356	18.868	336.137	0.0162153	336.121	1
9.11	275	16.5831	318.451	0.0129669	318.438	1
9.13	299	17.2916	284.429	0.00824262	284.42	1
9.15	218	14.7648	252.391	0.00519796	252.386	1
9.16	239	15.4596	237.172	0.00411547	237.168	1
9.18	212	14.5602	208.41	0.00256446	208.408	1
9.19	165	12.8452	194.888	0.00201831	194.886	1
9.21	145	12.0416	169.588	0.00124272	169.587	1
9.22	147	12.1244	157.811	0.000972234	157.81	1
9.24	124	11.1355	135.988	0.000591518	135.988	1
9.26	112	10.583	116.422	0.00035703	116.421	1
9.27	92	9.59166	107.458	0.000276551	107.458	1
9.29	93	9.64365	91.1013	0.000164939	91.1011	1
9.3	80	8.94427	83.6769	0.000126999	83.6768	1
9.32	63	7.93725	70.2498	7.48437e-005	70.2497	1
9.34	69	8.30662	58.594	4.37574e-005	58.5939	1
9.35	48	6.9282	53.382	3.33582e-005	53.382	1
9.37	40	6.32456	44.0917	1.92712e-005	44.0916	1
9.38	38	6.16441	39.9738	1.46038e-005	39.9738	1
9.4	30	5.47723	32.6956	8.33644e-006	32.6956	1
9.41	33	5.74456	29.4975	6.27974e-006	29.4975	1
9.43	26	5.09902	23.892	3.54215e-006	23.892	1
9.45	36	6	19.226	1.98214e-006	19.226	1
9.46	22	4.69042	17.2047	1.47832e-006	17.2047	1
9.48	26	5.09902	13.71	8.17419e-007	13.71	1
9.49	25	5	12.2087	6.06017e-007	12.2087	1
9.51	18	4.24264	9.63412	3.31109e-007	9.63412	1
9.53	19	4.3589	7.55308	1.79472e-007	7.55308	1
9.54	20	4.47214	6.67142	1.31738e-007	6.67142	1
9.56	14	3.74166	5.17944	7.05581e-008	5.17944	1
9.57	23	4.79583	4.55254	5.14833e-008	4.55254	1
9.59	25	5	3.50003	2.72466e-008	3.50003	1
9.6	16	4	3.0614	1.97623e-008	3.0614	1
9.62	18	4.24264	2.33072	1.03346e-008	2.33072	1
9.64	19	4.3589	1.76291	5.36151e-009	1.76291	1
9.65	13	3.60555	1.52946	3.85023e-009	1.52946	1
9.67	19	4.3589	1.1456	1.97375e-009	1.1456	1
9.68	13	3.60555	0.989049	1.40895e-009	0.989049	1
9.7	10	3.16228	0.733608	7.13692e-010	0.733608	1
9.72	16	4	0.540604	3.58646e-010	0.540604	1
9.73	7	2.64575	0.462941	2.53481e-010	0.462941	1
9.75	13	3.60555	0.337827	1.25866e-010	0.337827	1
9.76	16	4	0.287883	8.84289e-011	0.287883	1
9.78	5	2.23607	0.208036	4.33879e-011	0.208036	1
9.79	7	2.64575	0.176416	3.03011e-011	0.176416	1
9.81	10	3.16228	0.126245	1.46907e-011	0.126245	1
9.83	6	2.44949	0.0897545	7.06587e-012	0.0897545	1
9.84	7	2.64575	0.0754947	4.88574e-012	0.0754947	1
9.86	5	2.23607	0.0531512	2.32201e-012	0.0531512	1
9.87	4	2	0.0444887	1.596e-012	0.0444887	1
9.89	6	2.44949	0.031017	7.49509e-013	0.031017	1
9.91	9	3	0.0214842	3.49189e-013	0.0214842	1
9.92	3	1.73205	0.0178368	2.37632e-013	0.0178368	1
9.94	2	1.41421	0.0122346	1.09395e-013	0.0122346	1
9.95	8	2.82843	0.010108	7.40025e-014	0.010108	1
9.97	4	2	0.00686576	3.36628e-014	0.00686576	1
9.98	2	1.41421	0.00564469	2.26362e-014	0.00564469	1
10	5	2.23607	0.00379681	1.01746e-014	0.00379681	1
10.02	7	2.64575	0.00253726	4.53701e-015	0.00253726	1
10.03	3	1.73205	0.00206908	3.02064e-015	0.00206908	1
10.05	6	2.44949	0.00136924	1.33095e-015	0.00136924	1
10.06	2	1.41421	0.00111113	8.80836e-016	0.00111113	1
10.08	3	1.73205	0.000728149	3.83502e-016	0.000728149	1
10.1	5	2.23607	0.000474071	1.65646e-016	0.000474071	1
10.11	2	1.41421	0.000381586	1.0854e-016	0.000381586	1
10.13	4	2	0.000246019	4.63245e-017	0.000246019	1
10.14	0	1	0.000197058	3.01734e-017	0.000197058	1
10.16	6	2.44949	0.000125812	1.2725e-017	0.000125812	1
10.17	8	2.82843	0.000100283	8.23901e-018	0.000100283	1
10.19	4	2	6.34028e-005	3.43334e-018	6.34028e-005	1
10.21	5	2.23607	3.98253e-005	1.41938e-018	3.98253e-005	1
10.22	5	2.23607	3.14864e-005	9.09896e-019	3.14864e-005	1
10.24	2	1.41421	1.95852e-005	3.71692e-019	1.95852e-005	1
10.25	5	2.23607	1.54088e-005	2.36855e-019	1.54088e-005	1
10.27	3	1.73205	9.49128e-006	9.56056e-020	9.49128e-006	1
10.28	3	1.73205	7.43091e-006	6.05601e-020	7.43091e-006	1
10.3	4	2	4.53265e-006	2.41545e-020	4.53265e-006	1
10.32	1	1	2.74683e-006	9.55761e-021	2.74683e-006	1
10.33	3	1.73205	2.13309e-006	5.99414e-021	2.13309e-006	1
10.35	5	2.23607	1.28009e-006	2.34363e-021	1.28009e-006	1
10.36	2	1.41421	9.89228e-007	1.46107e-021	9.89228e-007	1
10.38	3	1.73205	5.87871e-007	5.64472e-022	5.87871e-007	1
10.4	2	1.41421	3.47086e-007	2.16348e-022	3.47086e-007	1
10.41	4	2	2.66043e-007	1.3354e-022	2.66043e-007	1
10.43	4	2	1.55546e-007	5.05745e-023	1.55546e-007	1
10.44	3	1.73205	1.18646e-007	3.10309e-023	1.18646e-007	1
10.46	6	2.44949	6.86931e-008	1.16125e-023	6.86931e-008	1
10.47	4	2	5.21413e-008	7.08259e-024	5.21413e-008	1
10.49	1	1	2.98948e-008	2.61898e-024	2.98948e-008	1
10.51	8	2.82843	1.70286e-008	9.60755e-025	1.70286e-008	1
10.52	2	1.41421	1.28206e-008	5.8017e-025	1.28206e-008	1
10.54	3	1.73205	7.23177e-009	2.10303e-025	7.23177e-009	1
10.55	5	2.23607	5.41815e-009	1.26239e-025	5.41815e-009	1
10.57	2	1.41421	3.0265e-009	4.52161e-026	3.0265e-009	1
10.59	3	1.73205	1.67957e-009	1.60669e-026	1.67957e-009	1
10.6	5	2.23607	1.24815e-009	9.54893e-027	1.24815e-009	1
10.62	4	2	6.85926e-010	3.35277e-027	6.85926e-010	1
10.63	3	1.73205	5.07249e-010	1.98076e-027	5.07249e-010	1
10.65	3	1.73205	2.76049e-010	6.87212e-028	2.76049e-010	1
10.66	1	1	2.03145e-010	4.03574e-028	2.03145e-010	1
10.68	2	1.41421	1.09477e-010	1.38354e-028	1.09477e-010	1
10.7	3	1.73205	5.86152e-011	4.70545e-029	5.86152e-011	1
10.71	1	1	4.2785e-011	2.73595e-029	4.2785e-011	1
10.73	2	1.41421	2.26846e-011	9.19449e-030	2.26846e-011	1
10.74	1	1	1.64774e-011	5.31422e-030	1.64774e-011	1
10.76	5	2.23607	8.65132e-012	1.76469e-030	8.65132e-012	1
10.78	3	1.73205	4.51278e-012	5.81349e-031	4.51278e-012	1
10.79	0	1	3.25135e-012	3.32678e-031	3.25135e-012	1
10.81	2	1.41421	1.67949e-012	1.08294e-031	1.67949e-012	1
10.82	0	1	1.20413e-012	6.16019e-032	1.20413e-012	1
10.84	0	1	6.15945e-013	1.98145e-032	6.15945e-013	1
10.85	2	1.41421	4.39455e-013	1.12042e-032	4.39455e-013	1
10.87	0	1	2.22605e-013	3.56104e-033	2.22605e-013	1
10.89	3	1.73205	1.12028e-013	1.12283e-033	1.12028e-013	1
10.9	2	1.41421	7.92792e-014	6.28618e-034	7.92792e-014	1
10.92	3	1.73205	3.95096e-014	1.95855e-034	3.95096e-014	1
10.93	1	1	2.78235e-014	1.08996e-034	2.78235e-014	1
10.95	1	1	1.37312e-014	3.35559e-035	1.37312e-014	1
10.97	1	1	6.73247e-015	1.02487e-035	6.73247e-015	1
10.98	5	2.23607	4.70268e-015	5.64701e-036	4.70268e-015	1
11	2	1.41421	2.2833e-015	1.70422e-036	2.2833e-015	1
11.01	3	1.73205	1.58713e-015	9.33431e-037	1.58713e-015	1
11.03	2	1.41421	7.63102e-016	2.78355e-037	7.63102e-016	1
11.04	4	2	5.27846e-016	1.51552e-037	5.27846e-016	1
11.06	3	1.73205	2.51323e-016	4.46568e-038	2.51323e-016	1
11.08	6	2.44949	1.18885e-016	1.30543e-038	1.18885e-016	1
11.09	5	2.23607	8.15663e-017	7.03705e-039	8.15663e-017	1
11.11	2	1.41421	3.82083e-017	2.03267e-039	3.82083e-017	1
11.12	5	2.23607	2.60867e-017	1.0892e-039	2.60867e-017	1
11.14	2	1.41421	1.21009e-017	3.10882e-040	1.21009e-017	1
11.16	0	1	5.57684e-018	8.80282e-041	5.57684e-018	1
11.17	4	2	3.77669e-018	4.67023e-041	3.77669e-018	1
11.19	2	1.41421	1.72359e-018	1.3067e-041	1.72359e-018	1
11.2	5	2.23607	1.16154e-018	6.8912e-042	1.16154e-018	1
11.22	3	1.73205	5.24938e-019	1.9052e-042	5.24938e-019	1
11.23	1	1	3.52033e-019	9.98773e-043	3.52033e-019	1
11.25	2	1.41421	1.57548e-019	2.72849e-043	1.57548e-019	1
11.27	3	1.73205	7.00502e-020	7.39468e-044	7.00502e-020	1
11.28	3	1.73205	4.65957e-020	3.83813e-044	4.65957e-020	1
11.3	3	1.73205	2.05162e-020	1.02784e-044	2.05162e-020	1
11.31	3	1.73205	1.35803e-020	5.30311e-045	1.35803e-020	1
11.33	1	1	5.92126e-021	1.40329e-045	5.92126e-021	1
11.34	4	2	3.90035e-021	7.19709e-046	3.90035e-021	1
11.36	5	2.23607	1.68407e-021	1.88184e-046	1.68407e-021	1
11.38	2	1.41421	7.22415e-022	4.88144e-047	7.22415e-022	1
11.39	2	1.41421	4.71995e-022	2.47875e-047	4.71995e-022	1
11.41	6	2.44949	2.00501e-022	6.35343e-048	2.00501e-022	1
11.42	2	1.41421	1.3036e-022	3.207e-048	1.3036e-022	1
11.44	4	2	5.48373e-023	8.12239e-049	5.48373e-023	1
11.46	2	1.41421	2.2918e-023	2.04084e-049	2.2918e-023	1
11.47	4	2	1.47797e-023	1.01994e-049	1.47797e-023	1
11.49	1	1	6.11674e-024	2.53226e-050	6.11674e-024	1
11.5	1	1	3.92541e-024	1.25799e-050	3.92541e-024	1
11.52	4	2	1.60876e-024	3.08619e-051	1.60876e-024	1
11.53	7	2.64575	1.02739e-024	1.52405e-051	1.02739e-024	1
11.55	3	1.73205	4.1696e-025	3.69447e-052	4.1696e-025	1
11.57	7	2.64575	1.68122e-025	8.88479e-053	1.68122e-025	1
11.58	1	1	1.06494e-025	4.34407e-053	1.06494e-025	1
11.6	1	1	4.25216e-026	1.03229e-053	4.25216e-026	1
11.61	2	1.41421	2.68033e-026	5.01713e-054	2.68033e-026	1
11.63	5	2.23607	1.0598e-026	1.17807e-054	1.0598e-026	1
11.65	6	2.44949	4.16322e-027	2.74425e-055	4.16322e-027	1
11.66	3	1.73205	2.60297e-027	1.32054e-055	2.60297e-027	1
11.68	4	2	1.01257e-027	3.0396e-056	1.01257e-027	1
11.69	1	1	6.30005e-028	1.45396e-056	6.30005e-028	1
11.71	2	1.41421	2.42692e-028	3.30693e-057	2.42692e-028	1
11.72	0	1	1.50262e-028	1.5724e-057	1.50262e-028	1
11.74	3	1.73205	5.73209e-029	3.53385e-058	5.73209e-029	1
11.76	1	1	2.17243e-029	7.879e-059	2.17243e-029	1
11.77	4	2	1.33414e-029	3.70924e-059	1.33414e-029	1
11.79	1	1	5.0071e-030	8.17181e-060	5.0071e-030	1
11.8	2	1.41421	3.05997e-030	3.82417e-060	3.05997e-030	1
11.82	8	2.82843	1.13725e-030	8.32493e-061	1.13725e-030	1
11.84	2	1.41421	4.19919e-031	1.79789e-061	4.19919e-031	1
11.85	1	1	2.54541e-031	8.33024e-062	2.54541e-031	1
11.87	1	1	9.30719e-032	1.77767e-062	9.30719e-032	1
11.88	1	1	5.6142e-032	8.18746e-063	5.6142e-032	1
11.9	2	1.41421	2.03283e-032	1.72644e-063	2.03283e-032	1
11.91	1	1	1.22025e-032	7.90416e-064	1.22025e-032	1
11.93	6	2.44949	4.37537e-033	1.6469e-064	4.37537e-033	1
11.95	2	1.41421	1.55866e-033	3.40424e-065	1.55866e-033	1
11.96	3	1.73205	9.28021e-034	1.54312e-065	9.28021e-034	1
11.98	2	1.41421	3.27377e-034	3.15182e-066	3.27377e-034	1
11.99	4	2	1.93968e-034	1.42018e-066	1.93968e-034	1
12.01	3	1.73205	6.776e-035	2.86627e-067	6.776e-035	1
12.03	3	1.73205	2.35172e-035	5.7389e-068	2.35172e-035	1
12.04	4	2	1.38207e-035	2.56028e-068	1.38207e-035	1
12.06	2	1.41421	4.75001e-036	5.06534e-069	4.75001e-036	1
12.07	1	1	2.77789e-036	2.24632e-069	2.77789e-036	1
12.09	1	1	9.45437e-037	4.39141e-070	9.45437e-037	1
12.1	2	1.41421	5.50212e-037	1.93585e-070	5.50212e-037	1
12.12	3	1.73205	1.85439e-037	3.7395e-071	1.85439e-037	1
12.14	1	1	6.20928e-038	7.1663e-072	6.20928e-038	1
12.15	2	1.41421	3.58426e-038	3.12779e-072	3.58426e-038	1
12.17	2	1.41421	1.18848e-038	5.92283e-073	1.18848e-038	1
12.18	4	2	6.82697e-039	2.56967e-073	6.82697e-039	1
12.2	1	1	2.24168e-039	4.80815e-074	2.24168e-039	1
12.22	1	1	7.3129e-040	8.92522e-075	7.3129e-040	1
12.23	5	2.23607	4.16663e-040	3.83391e-075	4.16663e-040	1
12.25	4	2	1.34603e-040	7.03222e-076	1.34603e-040	1
12.26	3	1.73205	7.63179e-041	3.00276e-076	7.63179e-041	1
12.28	3	1.73205	2.44145e-041	5.44228e-077	2.44145e-041	1
12.29	2	1.41421	1.37752e-041	2.31001e-077	1.37752e-041	1
12.31	2	1.41421	4.36387e-042	4.13699e-078	4.36387e-042	1
12.33	3	1.73205	1.37346e-042	7.35012e-079	1.37346e-042	1
12.34	1	1	7.68644e-043	3.08889e-079	7.68644e-043	1
12.36	1	1	2.39564e-043	5.42278e-080	2.39564e-043	1
12.37	3	1.73205	1.33416e-043	2.26535e-080	1.33416e-043	1
12.39	1	1	4.11774e-044	3.92975e-081	4.11774e-044	1
12.4	3	1.73205	2.28203e-044	1.63186e-081	2.28203e-044	1
12.42	4	2	6.9747e-045	2.79719e-082	6.9747e-045	1
12.44	4	2	2.11786e-045	4.75666e-083	2.11786e-045	1
12.45	1	1	1.16418e-045	1.95566e-083	1.16418e-045	1
12.47	0	1	3.50064e-046	3.28612e-084	3.50064e-046	1
12.48	1	1	1.91491e-046	1.34301e-084	1.91491e-046	1
12.5	1	1	5.70199e-047	2.22987e-085	5.70199e-047	1
12.52	6	2.44949	1.68684e-047	3.67299e-086	1.68684e-047	1
12.53	4	2	9.15241e-048	1.48625e-086	9.15241e-048	1
12.55	2	1.41421	2.68124e-048	2.41903e-087	2.68124e-048	1
12.56	1	1	1.44769e-048	9.73011e-088	1.44769e-048	1
12.58	0	1	4.19979e-049	1.56486e-088	4.19979e-049	1
12.59	3	1.73205	2.25654e-049	6.25689e-089	2.25654e-049	1
12.61	2	1.41421	6.48261e-050	9.94322e-090	6.48261e-050	1
12.63	3	1.73205	1.85023e-050	1.5676e-090	1.85023e-050	1
12.64	5	2.23607	9.86055e-051	6.20573e-091	9.86055e-051	1
12.66	2	1.41421	2.78696e-051	9.66743e-092	2.78696e-051	1
12.67	3	1.73205	1.47803e-051	3.80428e-092	1.47803e-051	1
12.69	1	1	4.1368e-052	5.856e-093	4.1368e-052	1
12.71	3	1.73205	1.15031e-052	8.94272e-094	1.15031e-052	1
12.72	2	1.41421	6.05103e-053	3.48422e-094	6.05103e-053	1
12.74	1	1	1.66622e-053	5.25756e-095	1.66622e-053	1
12.75	4	2	8.72215e-054	2.03622e-095	8.72215e-054	1
12.77	2	1.41421	2.37838e-054	3.03608e-096	2.37838e-054	1
12.78	5	2.23607	1.23893e-054	1.16885e-096	1.23893e-054	1
12.8	2	1.41421	3.34548e-055	1.7221e-097	3.34548e-055	1
12.82	0	1	8.97505e-056	2.51707e-098	8.97505e-056	1
12.83	2	1.41421	4.6373e-056	9.59437e-099	4.6373e-056	1
12.85	2	1.41421	1.23196e-056	1.38568e-099	1.23196e-056	1
12.86	2	1.41421	6.33435e-057	5.25037e-100	6.33435e-057	1
12.88	2	1.41421	1.66643e-057	7.49286e-101	1.66643e-057	1
12.9	2	1.41421	4.35554e-058	1.06083e-101	4.35554e-058	1
12.91	0	1	2.2213e-058	3.97966e-102	2.2213e-058	1
12.93	5	2.23607	5.7493e-059	5.5674e-103	5.7493e-059	1
12.94	1	1	2.91781e-059	2.07615e-103	2.91781e-059	1
12.96	4	2	7.47855e-060	2.86996e-104	7.47855e-060	1
12.97	3	1.73205	3.77691e-060	1.06387e-104	3.77691e-060	1
12.99	2	1.41421	9.58628e-061	1.45316e-105	9.58628e-061	1
13.01	2	1.41421	2.41731e-061	1.96915e-106	2.41731e-061	1
13.02	5	2.23607	1.21091e-061	7.22713e-107	1.21091e-061	1
13.04	1	1	3.02377e-062	9.67703e-108	3.02377e-062	1
13.05	2	1.41421	1.50732e-062	3.53047e-108	1.50732e-062	1
13.07	0	1	3.7273e-063	4.6711e-109	3.7273e-063	1
13.09	2	1.41421	9.15698e-064	6.1312e-110	9.15698e-064	1
13.1	3	1.73205	4.52761e-064	2.21468e-110	4.52761e-064	1
13.12	3	1.73205	1.10149e-064	2.87241e-111	1.10149e-064	1
13.13	2	1.41421	5.41969e-065	1.03138e-111	5.41969e-065	1
13.15	2	1.41421	1.30569e-065	1.32179e-112	1.30569e-065	1
13.16	3	1.73205	6.39307e-066	4.71779e-113	6.39307e-066	1
13.18	4	2	1.5252e-066	5.9744e-114	1.5252e-066	1
13.2	1	1	3.61504e-067	7.50567e-115	3.61504e-067	1
13.21	2	1.41421	1.75568e-067	2.65241e-115	1.75568e-067	1
13.23	3	1.73205	4.12083e-068	3.29265e-116	4.12083e-068	1
13.24	2	1.41421	1.99155e-068	1.15665e-116	1.99155e-068	1
13.26	3	1.73205	4.62898e-069	1.41878e-117	4.62898e-069	1
13.28	1	1	1.06892e-069	1.72652e-118	1.06892e-069	1
13.29	3	1.73205	5.12408e-070	6.00483e-119	5.12408e-070	1
13.31	3	1.73205	1.17174e-070	7.22048e-120	1.17174e-070	1
13.32	3	1.73205	5.58954e-071	2.49632e-120	5.58954e-071	1
13.34	1	1	1.26574e-071	2.96603e-121	1.26574e-071	1
13.35	4	2	6.0085e-072	1.01933e-121	6.0085e-072	1
13.37	3	1.73205	1.34737e-072	1.19674e-122	1.34737e-072	1
13.39	4	2	3.00177e-073	1.39388e-123	3.00177e-073	1
13.4	3	1.73205	1.41339e-073	4.74285e-124	1.41339e-073	1
13.42	3	1.73205	3.1182e-074	5.4585e-125	3.1182e-074	1
13.43	4	2	1.46105e-074	1.84626e-125	1.46105e-074	1
13.45	0	1	3.19198e-075	2.0996e-126	3.19198e-075	1
13.46	3	1.73205	1.48832e-075	7.05931e-127	1.48832e-075	1
13.48	5	2.23607	3.21993e-076	7.93261e-128	3.21993e-076	1
13.5	1	1	6.92093e-077	8.84321e-129	6.92093e-077	1
13.51	3	1.73205	3.20082e-077	2.94381e-129	3.20082e-077	1
13.53	6	2.44949	6.81292e-078	3.24275e-130	6.81292e-078	1
13.54	7	2.64575	3.1355e-078	1.07304e-130	3.1355e-078	1
13.56	5	2.23607	6.60894e-079	1.16797e-131	6.60894e-079	1
13.58	1	1	1.38397e-079	1.2612e-132	1.38397e-079	1
13.59	3	1.73205	6.31773e-080	4.13203e-133	6.31773e-080	1
13.61	2	1.41421	1.31011e-080	4.40887e-134	1.31011e-080	1
13.62	3	1.73205	5.9514e-081	1.43586e-134	5.9514e-081	1
13.64	3	1.73205	1.22213e-081	1.51386e-135	1.22213e-081	1
13.65	4	2	5.52468e-082	4.90088e-136	5.52468e-082	1
13.67	6	2.44949	1.12347e-082	5.10572e-137	1.12347e-082	1
13.69	7	2.64575	2.26977e-083	5.27691e-138	2.26977e-083	1
13.7	4	2	1.01773e-083	1.69139e-138	1.01773e-083	1
13.72	5	2.23607	2.03614e-084	1.72733e-139	2.03614e-084	1
13.73	8	2.82843	9.08516e-085	5.50358e-140	9.08516e-085	1
13.75	3	1.73205	1.79995e-085	5.55377e-141	1.79995e-085	1
13.77	5	2.23607	3.54289e-086	5.55994e-142	3.54289e-086	1
13.78	3	1.73205	1.568e-086	1.75394e-142	1.568e-086	1
13.8	4	2	3.05629e-087	1.73503e-143	3.05629e-087	1
13.81	8	2.82843	1.34604e-087	5.4407e-144	1.34604e-087	1
13.83	3	1.73205	2.59814e-088	5.3181e-145	2.59814e-088	1
13.84	4	2	1.13868e-088	1.65772e-145	1.13868e-088	1
13.86	3	1.73205	2.1765e-089	1.60111e-146	2.1765e-089	1
13.88	3	1.73205	4.13318e-090	1.53417e-147	4.13318e-090	1
13.89	0	1	1.79674e-090	4.73481e-148	1.79674e-090	1
13.91	5	2.23607	3.37881e-091	4.48295e-149	3.37881e-091	1
13.92	4	2	1.46164e-091	1.3753e-149	1.46164e-091	1
13.94	2	1.41421	2.72191e-092	1.28668e-150	2.72191e-092	1
13.96	2	1.41421	5.03587e-093	1.19421e-151	5.03587e-093	1
13.97	4	2	2.16079e-093	3.62734e-152	2.16079e-093	1
13.99	3	1.73205	3.95883e-094	3.32667e-153	3.95883e-094	1
14	7	2.64575	1.69037e-094	1.00444e-153	1.69037e-094	1
14.02	4	2	3.06683e-095	9.10237e-155	3.06683e-095	1
14.03	3	1.73205	1.30311e-095	2.73195e-155	1.30311e-095	1
14.05	5	2.23607	2.34122e-096	2.44632e-156	2.34122e-096	1
14.07	5	2.23607	4.17898e-097	2.17317e-157	4.17898e-097	1
14.08	7	2.64575	1.76126e-097	6.45784e-158	1.76126e-097	1
14.1	4	2	3.11319e-098	5.66862e-159	3.11319e-098	1
14.11	2	1.41421	1.30568e-098	1.67446e-159	1.30568e-098	1
14.13	0	1	2.28545e-099	1.45237e-160	2.28545e-099	1
14.15	4	2	3.97443e-100	1.24973e-161	3.97443e-100	1
14.16	5	2.23607	1.65335e-100	3.65501e-162	1.65335e-100	1
14.18	2	1.41421	2.84723e-101	3.1077e-163	2.84723e-101	1
14.19	1	1	1.17866e-101	9.03477e-164	1.17866e-101	1
14.21	2	1.41421	2.01002e-102	7.59062e-165	2.01002e-102	1
14.22	3	1.73205	8.28027e-103	2.19361e-165	8.28027e-103	1
14.24	3	1.73205	1.39833e-103	1.82108e-166	1.39833e-103	1
14.26	4	2	2.34607e-104	1.49982e-167	2.34607e-104	1
14.27	4	2	9.58618e-105	4.29138e-168	9.58618e-105	1
14.29	2	1.41421	1.59269e-105	3.49234e-169	1.59269e-105	1
14.3	6	2.44949	6.47609e-106	9.93296e-170	6.47609e-106	1
14.32	4	2	1.0655e-106	7.98745e-171	1.0655e-106	1
14.34	2	1.41421	1.74165e-107	6.37202e-172	1.74165e-107	1
14.35	2	1.41421	7.02428e-108	1.79438e-172	7.02428e-108	1
14.37	3	1.73205	1.13701e-108	1.41447e-173	1.13701e-108	1
14.38	2	1.41421	4.56333e-109	3.95946e-174	4.56333e-109	1
14.4	1	1	7.31469e-110	3.08407e-175	7.31469e-110	1
14.41	1	1	2.9214e-110	8.58167e-176	2.9214e-110	1
14.43	3	1.73205	4.63724e-111	6.60497e-177	4.63724e-111	1
14.45	1	1	7.313e-112	5.04324e-178	7.313e-112	1
14.46	4	2	2.89702e-112	1.38941e-178	2.89702e-112	1
14.48	2	1.41421	4.5242e-113	1.04829e-179	4.5242e-113	1
14.49	4	2	1.78351e-113	2.87082e-180	1.78351e-113	1
14.51	5	2.23607	2.75814e-114	2.14025e-181	2.75814e-114	1
14.53	2	1.41421	4.23768e-115	1.58294e-182	4.23768e-115	1
14.54	2	1.41421	1.657e-115	4.29205e-183	1.657e-115	1
14.56	2	1.41421	2.52108e-116	3.1367e-184	2.52108e-116	1
14.57	0	1	9.80975e-117	8.45434e-185	9.80975e-117	1
14.59	3	1.73205	1.478e-117	6.10517e-186	1.478e-117	1
14.6	3	1.73205	5.72299e-118	1.63572e-186	5.72299e-118	1
14.62	5	2.23607	8.53875e-119	1.16718e-187	8.53875e-119	1
14.64	4	2	1.26571e-119	8.26238e-189	1.26571e-119	1
14.65	0	1	4.86119e-120	2.19175e-189	4.86119e-120	1
14.67	2	1.41421	7.13568e-121	1.53309e-190	7.13568e-121	1
14.68	3	1.73205	2.72722e-121	4.04259e-191	2.72722e-121	1
14.7	2	1.41421	3.9643e-122	2.79414e-192	3.9643e-122	1
14.71	2	1.41421	1.50774e-122	7.32392e-193	1.50774e-122	1
14.73	1	1	2.17034e-123	5.00197e-194	2.17034e-123	1
14.75	1	1	3.10381e-124	3.38905e-195	3.10381e-124	1
14.76	3	1.73205	1.17089e-124	8.79527e-196	1.17089e-124	1
14.78	0	1	1.65821e-125	5.88838e-197	1.65821e-125	1
14.79	1	1	6.22499e-126	1.51905e-197	6.22499e-126	1
14.81	0	1	8.72998e-127	1.00491e-198	8.72998e-127	1
14.83	2	1.41421	1.21634e-127	6.59516e-200	1.21634e-127	1
14.84	4	2	4.52915e-128	1.68452e-200	4.52915e-128	1
14.86	1	1	6.24904e-129	1.0924e-201	6.24904e-129	1
14.87	2	1.41421	2.31553e-129	2.77357e-202	2.31553e-129	1
14.89	4	2	3.16373e-130	1.77728e-203	3.16373e-130	1
14.9	1	1	1.16658e-130	4.48555e-204	1.16658e-130	1
14.92	3	1.73205	1.5784e-131	2.84015e-205	1.5784e-131	1
14.94	2	1.41421	2.12172e-132	1.78405e-206	2.12172e-132	1
14.95	4	2	7.76001e-133	4.45804e-207	7.76001e-133	1
14.97	3	1.73205	1.03297e-133	2.76707e-208	1.03297e-133	1
14.98	3	1.73205	3.75957e-134	6.87322e-209	3.75957e-134	1
15	1	1	4.95583e-135	4.21547e-210	4.95583e-135	1
15.02	6	2.44949	6.49028e-136	2.56491e-211	6.49028e-136	1
15.03	4	2	2.34301e-136	6.30793e-212	2.34301e-136	1
15.05	2	1.41421	3.03861e-137	3.79247e-213	3.03861e-137	1
15.06	2	1.41421	1.0916e-137	9.27134e-214	1.0916e-137	1
15.08	2	1.41421	1.4019e-138	5.50792e-215	1.4019e-138	1
15.09	3	1.73205	5.01167e-139	1.33848e-215	5.01167e-139	1
15.11	4	2	6.37366e-140	7.85721e-217	6.37366e-140	1
15.13	3	1.73205	8.05312e-141	4.57576e-218	8.05312e-141	1
15.14	5	2.23607	2.85555e-141	1.10094e-218	2.85555e-141	1
15.16	3	1.73205	3.57288e-142	6.33531e-220	3.57288e-142	1
15.17	1	1	1.26073e-142	1.51521e-220	1.26073e-142	1
15.19	4	2	1.56208e-143	8.61564e-222	1.56208e-143	1
15.21	0	1	1.92289e-144	4.86007e-223	1.92289e-144	1
15.22	1	1	6.73004e-145	1.15086e-223	6.73004e-145	1
15.24	1	1	8.20392e-146	6.41485e-225	8.20392e-146	1
15.25	4	2	2.85734e-146	1.50998e-225	2.85734e-146	1
15.27	3	1.73205	3.4492e-147	8.3166e-227	3.4492e-147	1
15.28	1	1	1.19546e-147	1.94597e-227	1.19546e-147	1
15.3	6	2.44949	1.42904e-148	1.05906e-228	1.42904e-148	1
15.32	5	2.23607	1.69717e-149	5.71799e-230	1.69717e-149	1
15.33	3	1.73205	5.83449e-150	1.32467e-230	5.83449e-150	1
15.35	3	1.73205	6.86175e-151	7.06711e-232	6.86175e-151	1
15.36	2	1.41421	2.34741e-151	1.62746e-232	2.34741e-151	1
15.38	1	1	2.73385e-152	8.57936e-234	2.73385e-152	1
15.4	6	2.44949	3.16322e-153	4.48682e-235	3.16322e-153	1
15.41	1	1	1.07336e-153	1.02302e-235	1.07336e-153	1
15.43	3	1.73205	1.22985e-154	5.2866e-237	1.22985e-154	1
15.44	5	2.23607	4.15283e-155	1.19819e-237	4.15283e-155	1
15.46	1	1	4.71199e-156	6.11827e-239	4.71199e-156	1
15.47	3	1.73205	1.58334e-156	1.37842e-239	1.58334e-156	1
15.49	0	1	1.77904e-157	6.95498e-241	1.77904e-157	1
15.51	4	2	1.98596e-158	3.48136e-242	1.98596e-158	1
15.52	2	1.41421	6.6191e-159	7.76565e-243	6.6191e-159	1
15.54	1	1	7.31703e-160	3.84097e-244	7.31703e-160	1
15.55	3	1.73205	2.42684e-160	8.51677e-245	2.42684e-160	1
15.57	2	1.41421	2.65662e-161	4.16244e-246	2.65662e-161	1
15.59	2	1.41421	2.88927e-162	2.01818e-247	2.88927e-162	1
15.6	5	2.23607	9.50507e-163	4.43066e-248	9.50507e-163	1
15.62	2	1.41421	1.02368e-163	2.12271e-249	1.02368e-163	1
15.63	2	1.41421	3.35127e-164	4.63239e-250	3.35127e-164	1
15.65	2	1.41421	3.57416e-165	2.19299e-251	3.57416e-165	1
15.66	3	1.73205	1.16438e-165	4.75725e-252	1.16438e-165	1
15.68	2	1.41421	1.22974e-166	2.22535e-253	1.22974e-166	1
15.7	3	1.73205	1.29032e-167	1.03271e-254	1.29032e-167	1
15.71	1	1	4.16946e-168	2.21806e-255	4.16946e-168	1
15.73	5	2.23607	4.3323e-169	1.0171e-256	4.3323e-169	1
15.74	3	1.73205	1.39308e-169	2.17152e-257	1.39308e-169	1
15.76	3	1.73205	1.43341e-170	9.83932e-259	1.43341e-170	1
15.77	1	1	4.58674e-171	2.08818e-259	4.58674e-171	1
15.79	3	1.73205	4.67358e-172	9.34932e-261	4.67358e-172	1
15.81	3	1.73205	4.73113e-173	4.15271e-262	4.73113e-173	1
15.82	0	1	1.50162e-173	8.72588e-263	1.50162e-173	1
15.84	1	1	1.50532e-174	3.82975e-264	1.50532e-174	1
15.85	1	1	4.75445e-175	7.99933e-265	4.75445e-175	1
15.87	1	1	4.71977e-176	3.46916e-266	4.71977e-176	1
15.89	2	1.41421	4.65491e-177	1.49257e-267	4.65491e-177	1
15.9	2	1.41421	1.45829e-177	3.08669e-268	1.45829e-177	1
15.92	1	1	1.42425e-178	1.31224e-269	1.42425e-178	1
15.93	1	1	4.44014e-179	2.6976e-270	4.44014e-179	1
15.95	5	2.23607	4.29431e-180	1.1332e-271	4.29431e-180	1
15.96	2	1.41421	1.33223e-180	2.31567e-272	1.33223e-180	1
15.98	2	1.41421	1.27594e-181	9.61205e-274	1.27594e-181	1
16	2	1.41421	1.21408e-182	3.95819e-275	1.21408e-182	1
16.01	1	1	3.73589e-183	8.00828e-276	3.73589e-183	1
16.03	3	1.73205	3.52019e-184	3.25859e-277	3.52019e-184	1
16.04	4	2	1.07793e-184	6.55356e-278	1.07793e-184	1
16.06	3	1.73205	1.00581e-185	2.63498e-279	1.00581e-185	1
16.08	1	1	9.32412e-187	1.05103e-280	9.32412e-187	1
16.09	4	2	2.832e-187	2.09286e-281	2.832e-187	1
16.11	1	1	2.5998e-188	8.24877e-283	2.5998e-188	1
16.12	3	1.73205	7.8578e-189	1.63274e-283	7.8578e-189	1
16.14	1	1	7.14333e-190	6.35881e-285	7.14333e-190	1
16.15	3	1.73205	2.14852e-190	1.25115e-285	2.14852e-190	1
16.17	3	1.73205	1.93416e-191	4.81479e-287	1.93416e-191	1
16.19	4	2	1.72987e-192	1.83818e-288	1.72987e-192	1
16.2	0	1	5.16075e-193	3.58092e-289	5.16075e-193	1
16.22	3	1.73205	4.57076e-194	1.35087e-290	4.57076e-194	1
16.23	0	1	1.35695e-194	2.61593e-291	1.35695e-194	1
16.25	3	1.73205	1.19012e-195	9.75112e-293	1.19012e-195	1
16.27	1	1	1.03702e-196	3.60598e-294	1.03702e-196	1
16.28	5	2.23607	3.0537e-197	6.91369e-295	3.0537e-197	1
16.3	2	1.41421	2.63497e-198	2.52632e-296	2.63497e-198	1
16.31	3	1.73205	7.72128e-199	4.81483e-297	7.72128e-199	1
16.33	3	1.73205	6.5977e-200	1.73848e-298	6.5977e-200	1
16.34	0	1	1.9239e-200	3.29356e-299	1.9239e-200	1
16.36	1	1	1.62794e-201	1.17507e-300	1.62794e-201	1
16.38	2	1.41421	1.36856e-202	4.15913e-302	1.36856e-202	1
16.39	2	1.41421	3.95836e-203	7.80143e-303	3.95836e-203	1
16.41	3	1.73205	3.29529e-204	2.72849e-304	3.29529e-204	1
16.42	2	1.41421	9.48466e-205	5.08744e-305	9.48466e-205	1
16.44	2	1.41421	7.81904e-206	1.75815e-306	7.81904e-206	1
16.46	2	1.41421	6.40404e-207	6.02774e-308	6.40404e-207	1
16.47	1	1	1.82828e-207	1.11277e-308	1.82828e-207	1
16.49	2	1.41421	1.48285e-208	3.76976e-310	1.48285e-208	1
16.5	2	1.41421	4.21271e-209	6.91783e-311	4.21271e-209	1
16.52	1	1	3.38352e-210	2.31573e-312	3.38352e-210	1
16.53	0	1	9.56556e-211	4.22424e-313	9.56556e-211	1
16.55	1	1	7.608e-212	1.39726e-314	7.608e-212	1
16.57	2	1.41421	6.01173e-213	4.58488e-316	6.01173e-213	1
16.58	3	1.73205	1.68579e-213	8.28015e-317	1.68579e-213	1
16.6	5	2.23607	1.31912e-214	2.67686e-318	1.31912e-214	1
16.61	2	1.41421	3.68098e-215	4.62915e-319	3.68098e-215	1
16.63	3	1.73205	2.85233e-216	0	2.85233e-216	1
16.65	1	1	2.19585e-217	0	2.19585e-217	1
16.66	2	1.41421	6.07776e-218	0	6.07776e-218	1
16.68	4	2	4.63341e-219	0	4.63341e-219	1
16.69	1	1	1.2762e-219	0	1.2762e-219	1
16.71	2	1.41421	9.63449e-221	0	9.63449e-221	1
16.72	1	1	2.64072e-221	0	2.64072e-221	1
16.74	1	1	1.97418e-222	0	1.97418e-222	1
16.76	4	2	1.46629e-223	0	1.46629e-223	1
16.77	4	2	3.98633e-224	0	3.98633e-224	1
16.79	1	1	2.93197e-225	0	2.93197e-225	1
16.8	2	1.41421	7.93213e-226	0	7.93213e-226	1
16.82	3	1.73205	5.77735e-227	0	5.77735e-227	1
16.83	2	1.41421	1.55538e-227	0	1.55538e-227	1
16.85	5	2.23607	1.12183e-228	0	1.12183e-228	1
16.87	6	2.44949	8.03877e-230	0	8.03877e-230	1
16.88	4	2	2.14664e-230	0	2.14664e-230	1
16.9	2	1.41421	1.52326e-231	0	1.52326e-231	1
16.91	2	1.41421	4.04779e-232	0	4.04779e-232	1
16.93	1	1	2.84437e-233	0	2.84437e-233	1
16.95	5	2.23607	1.98574e-234	0	1.98574e-234	1
16.96	0	1	5.23393e-235	0	5.23393e-235	1
16.98	3	1.73205	3.61841e-236	0	3.61841e-236	1
16.99	3	1.73205	9.49074e-237	0	9.49074e-237	1
17.01	2	1.41421	6.49745e-238	0	6.49745e-238	1
17.02	3	1.73205	1.69591e-238	0	1.69591e-238	1
17.04	3	1.73205	1.14974e-239	0	1.14974e-239	1
17.06	3	1.73205	7.74395e-241	0	7.74395e-241	1
17.07	2	1.41421	2.00486e-241	0	2.00486e-241	1
17.09	4	2	1.33721e-242	0	1.33721e-242	1
17.1	4	2	3.44507e-243	0	3.44507e-243	1
17.12	1	1	2.27546e-244	0	2.27546e-244	1
17.14	2	1.41421	1.49317e-245	0	1.49317e-245	1
17.15	3	1.73205	3.81564e-246	0	3.81564e-246	1
17.17	0	1	2.47948e-247	0	2.47948e-247	1
17.18	1	1	6.30514e-248	0	6.30514e-248	1
17.2	1	1	4.05733e-249	0	4.05733e-249	1
17.21	3	1.73205	1.02672e-249	0	1.02672e-249	1
17.23	1	1	6.54261e-251	0	6.54261e-251	1
17.25	0	1	4.14209e-252	0	4.14209e-252	1
17.26	4	2	1.03966e-252	0	1.03966e-252	1
17.28	1	1	6.51798e-254	0	6.51798e-254	1
17.29	1	1	1.62803e-254	0	1.62803e-254	1
17.31	4	2	1.01073e-255	0	1.01073e-255	1
17.33	1	1	6.23419e-257	0	6.23419e-257	1
17.34	3	1.73205	1.54451e-257	0	1.54451e-257	1
17.36	0	1	9.43379e-259	0	9.43379e-259	1
17.37	3	1.73205	2.3258e-259	0	2.3258e-259	1
17.39	2	1.41421	1.40677e-260	0	1.40677e-260	1
17.4	1	1	3.45132e-261	0	3.45132e-261	1
17.42	2	1.41421	2.06723e-262	0	2.06723e-262	1
17.44	2	1.41421	1.23016e-263	0	1.23016e-263	1
17.45	5	2.23607	2.99354e-264	0	2.99354e-264	1
17.47	4	2	1.76404e-265	0	1.76404e-265	1
17.48	0	1	4.27179e-266	0	4.27179e-266	1
17.5	1	1	2.49281e-267	0	2.49281e-267	1
17.52	1	1	1.44522e-268	0	1.44522e-268	1
17.53	0	1	3.47134e-269	0	3.47134e-269	1
17.55	3	1.73205	1.99295e-270	0	1.99295e-270	1
17.56	3	1.73205	4.7636e-271	0	4.7636e-271	1
17.58	2	1.41421	2.70825e-272	0	2.70825e-272	1
17.59	1	1	6.44175e-273	0	6.44175e-273	1
17.61	1	1	3.62669e-274	0	3.62669e-274	1
17.63	3	1.73205	2.02855e-275	0	2.02855e-275	1
17.64	1	1	4.78588e-276	0	4.78588e-276	1
17.66	0	1	2.65088e-277	0	2.65088e-277	1
17.67	0	1	6.22361e-278	0	6.22361e-278	1
17.69	0	1	3.41369e-279	0	3.41369e-279	1
17.71	1	1	1.86026e-280	0	1.86026e-280	1
17.72	1	1	4.332e-281	0	4.332e-281	1
17.74	0	1	2.33772e-282	0	2.33772e-282	1
17.75	0	1	5.41729e-283	0	5.41729e-283	1
17.77	1	1	2.89494e-284	0	2.89494e-284	1
17.78	3	1.73205	6.67584e-285	0	6.67584e-285	1
17.8	6	2.44949	3.53277e-286	0	3.53277e-286	1
17.82	1	1	1.85735e-287	0	1.85735e-287	1
17.83	2	1.41421	4.24837e-288	0	4.24837e-288	1
17.85	3	1.73205	2.21184e-289	0	2.21184e-289	1
17.86	0	1	5.03453e-290	0	5.03453e-290	1
17.88	1	1	2.59564e-291	0	2.59564e-291	1
17.89	1	1	5.87929e-292	0	5.87929e-292	1
17.91	1	1	3.00167e-293	0	3.00167e-293	1
17.93	3	1.73205	1.52255e-294	0	1.52255e-294	1
17.94	5	2.23607	3.42068e-295	0	3.42068e-295	1
17.96	1	1	1.7182e-296	0	1.7182e-296	1
17.97	4	2	3.84142e-297	0	3.84142e-297	1
17.99	3	1.73205	1.91076e-298	0	1.91076e-298	1
18.01	2	1.41421	9.44252e-300	0	9.44252e-300	1
18.02	2	1.41421	2.09396e-300	0	2.09396e-300	1
18.04	0	1	1.02472e-301	0	1.02472e-301	1
18.05	3	1.73205	2.26131e-302	0	2.26131e-302	1
18.07	4	2	1.09584e-303	0	1.09584e-303	1
18.08	2	1.41421	2.40647e-304	0	2.40647e-304	1
18.1	2	1.41421	1.15484e-305	0	1.15484e-305	1
18.12	1	1	5.50597e-307	0	5.50597e-307	1
18.13	0	1	1.1993e-307	0	1.1993e-307	1
18.15	3	1.73205	5.66229e-309	0	5.66229e-309	1
18.16	2	1.41421	1.22733e-309	0	1.22733e-309	1
18.18	2	1.41421	5.73825e-311	0	5.73825e-311	1
18.2	1	1	2.66542e-312	0	2.66542e-312	1
18.21	2	1.41421	5.73056e-313	0	5.73056e-313	1
18.23	2	1.41421	2.63594e-314	0	2.63594e-314	1
18.24	0	1	5.63954e-315	0	5.63954e-315	1
18.26	4	2	2.56881e-316	0	2.56881e-316	1
18.27	0	1	5.46889e-317	0	5.46889e-317	1
18.29	2	1.41421	2.46353e-318	0	2.46353e-318	1
18.31	3	1.73205	1.06936e-319	0	1.06936e-319	1
18.32	2	1.41421	1.98022e-320	0	1.98022e-320	1
18.34	1	1	0	0	0	1
18.35	1	1	0	0	0	1
18.37	0	1	0	0	0	1
18.39	0	1	0	0	0	1
18.4	2	1.41421	0	0	0	1
18.42	1	1	0	0	0	1
18.43	1	1	0	0	0	1
18.45	2	1.41421	0	0	0	1
18.46	0	1	0	0	0	1
18.48	1	1	0	0	0	1
18.5	0	1	0	0	0	1
18.51	2	1.41421	0	0	0	1
18.53	1	1	0	0	0	1
18.54	1	1	0	0	0	1
18.56	1	1	0	0	0	1
18.58	0	1	0	0	0	1
18.59	0	1	0	0	0	1
18.61	0	1	0	0	0	1
18.62	0	1	0	0	0	1
18.64	0	1	0	0	0	1
18.65	2	1.41421	0	0	0	1
18.67	1	1	0	0	0	1
18.69	0	1	0	0	0	1
18.7	1	1	0	0	0	1
18.72	1	1	0	0	0	1
18.73	3	1.73205	0	0	0	1
18.75	1	1	0	0	0	1
18.77	2	1.41421	0	0	0	1
18.78	0	1	0	0	0	1
18.8	0	1	0	0	0	1
18.81	0	1	0	0	0	1
18.83	2	1.41421	0	0	0	1
18.84	0	1	0	0	0	1
18.86	2	1.41421	0	0	0	1
18.88	0	1	0	0	0	1
18.89	1	1	0	0	0	1
18.91	1	1	0	0	0	1
18.92	1	1	0	0	0	1
18.94	4	2	0	0	0	1
18.95	0	1	0	0	0	1
18.97	0	1	0	0	0	1
18.99	1	1	0	0	0	1
19	2	1.41421	0	0	0	1
19.02	3	1.73205	0	0	0	1
19.03	0	1	0	0	0	1
19.05	0	1	0	0	0	1
19.07	0	1	0	0	0	1
19.08	0	1	0	0	0	1
19.1	0	1	0	0	0	1
19.11	1	1	0	0	0	1
19.13	1	1	0	0	0	1
19.14	1	1	0	0	0	1
19.16	0	1	0	0	0	1
19.18	0	1	0	0	0	1
19.19	1	1	0	0	0	1
19.21	2	1.41421	0	0	0	1
19.22	3	1.73205	0	0	0	1
19.24	1	1	0	0	0	1
19.26	1	1	0	0	0	1
19.27	2	1.41421	0	0	0	1
19.29	2	1.41421	0	0	0	1
19.3	3	1.73205	0	0	0	1
19.32	3	1.73205	0	0	0	1
19.33	1	1	0	0	0	1
19.35	0	1	0	0	0	1
19.37	2	1.41421	0	0	0	1
19.38	3	1.73205	0	0	0	1
19.4	1	1	0	0	0	1
19.41	2	1.41421	0	0	0	1
19.43	0	1	0	0	0	1
19.45	0	1	0	0	0	1
19.46	1	1	0	0	0	1
19.48	0	1	0	0	0	1
19.49	1	1	0	0	0	1
19.51	2	1.41421	0	0	0	1
19.52	1	1	0	0	0	1
19.54	0	1	0	0	0	1
19.56	1	1	0	0	0	1
19.57	1	1	0	0	0	1
19.59	0	1	0	0	0	1
19.6	1	1	0	0	0	1
19.62	1	1	0	0	0	1
19.64	0	1	0	0	0	1
19.65	1	1	0	0	0	1
19.67	2	1.41421	0	0	0	1
19.68	3	1.73205	0	0	0	1
19.7	1	1	0	0	0	1
19.71	2	1.41421	0	0	0	1
19.73	1	1	0	0	0	1
19.75	1	1	0	0	0	1
19.76	1	1	0	0	0	1
19.78	1	1	0	0	0	1
19.79	1	1	0	0	0	1
19.81	1	1	0	0	0	1
19.83	2	1.41421	0	0	0	1
19.84	4	2	0	0	0	1
19.86	1	1	0	0	0	1
19.87	1	1	0	0	0	1
19.89	0	1	0	0	0	1
19.9	0	1	0	0	0	1
19.92	4	2	0	0	0	1
19.94	1	1	0	0	0	1
19.95	2	1.41421	0	0	0	1
19.97	2	1.41421	0	0	0	1
19.98	1	1	0	0	0	1
20	1	1	0	0	0	1
20.02	2	1.41421	0	0	0	1
20.03	2	1.41421	0	0	0	1
20.05	1	1	0	0	0	1
20.06	1	1	0	0	0	1
20.08	0	1	0	0	0	1
20.09	0	1	0	0	0	1
20.11	1	1	0	0	0	1
20.13	3	1.73205	0	0	0	1
20.14	2	1.41421	0	0	0	1
20.16	0	1	0	0	0	1
20.17	1	1	0	0	0	1
20.19	0	1	0	0	0	1
20.2	4	2	0	0	0	1
20.22	0	1	0	0	0	1
20.24	2	1.41421	0	0	0	1
20.25	2	1.41421	0	0	0	1
20.27	2	1.41421	0	0	0	1
20.28	3	1.73205	0	0	0	1
20.3	2	1.41421	0	0	0	1
20.32	3	1.73205	0	0	0	1
20.33	0	1	0	0	0	1
20.35	2	1.41421	0	0	0	1
20.36	0	1	0	0	0	1
20.38	0	1	0	0	0	1
20.39	1	1	0	0	0	1
20.41	2	1.41421	0	0	0	1
20.43	1	1	0	0	0	1
20.44	1	1	0	0	0	1
20.46	1	1	0	0	0	1
20.47	0	1	0	0	0	1
20.49	1	1	0	0	0	1
20.51	4	2	0	0	0	1
20.52	2	1.41421	0	0	0	1
20.54	0	1	0	0	0	1
20.55	0	1	0	0	0	1
20.57	0	1	0	0	0	1
20.58	2	1.41421	0	0	0	1
20.6	1	1	0	0	0	1
20.62	0	1	0	0	0	1
20.63	1	1	0	0	0	1
20.65	0	1	0	0	0	1
20.66	0	1	0	0	0	1
20.68	2	1.41421	0	0	0	1
20.7	0	1	0	0	0	1
20.71	0	1	0	0	0	1
20.73	3	1.73205	0	0	0	1
20.74	2	1.41421	0	0	0	1
20.76	1	1	0	0	0	1
20.77	0	1	0	0	0	1
20.79	2	1.41421	0	0	0	1
20.81	1	1	0	0	0	1
20.82	2	1.41421	0	0	0	1
20.84	3	1.73205	0	0	0	1
20.85	1	1	0	0	0	1
20.87	0	1	0	0	0	1
20.89	3	1.73205	0	0	0	1
20.9	2	1.41421	0	0	0	1
20.92	2	1.41421	0	0	0	1
20.93	0	1	0	0	0	1
20.95	2	1.41421	0	0	0	1
20.96	4	2	0	0	0	1
20.98	2	1.41421	0	0	0	1
21	1	1	0	0	0	1
21.01	2	1.41421	0	0	0	1
21.03	0	1	0	0	0	1
21.04	2	1.41421	0	0	0	1
21.06	0	1	0	0	0	1
21.08	0	1	0	0	0	1
21.09	1	1	0	0	0	1
21.11	1	1	0	0	0	1
21.12	1	1	0	0	0	1
21.14	1	1	0	0	0	1
21.15	1	1	0	0	0	1
21.17	1	1	0	0	0	1
21.19	0	1	0	0	0	1
21.2	1	1	0	0	0	1
21.22	1	1	0	0	0	1
21.23	0	1	0	0	0	1
21.25	0	1	0	0	0	1
21.26	2	1.41421	0	0	0	1
21.28	0	1	0	0	0	1
21.3	1	1	0	0	0	1
21.31	0	1	0	0	0	1
21.33	1	1	0	0	0	1
21.34	2	1.41421	0	0	0	1
21.36	0	1	0	0	0	1
21.38	3	1.73205	0	0	0	1
21.39	0	1	0	0	0	1
21.41	0	1	0	0	0	1
21.42	1	1	0	0	0	1
21.44	2	1.41421	0	0	0	1
21.45	1	1	0	0	0	1
21.47	0	1	0	0	0	1
21.49	1	1	0	0	0	1
21.5	1	1	0	0	0	1
21.52	1	1	0	0	0	1
21.53	0	1	0	0	0	1
21.55	1	1	0	0	0	1
21.57	0	1	0	0	0	1
21.58	1	1	0	0	0	1
21.6	1	1	0	0	0	1
21.61	0	1	0	0	0	1
21.63	2	1.41421	0	0	0	1
21.64	1	1	0	0	0	1
21.66	1	1	0	0	0	1
21.68	0	1	0	0	0	1
21.69	0	1	0	0	0	1
21.71	3	1.73205	0	0	0	1
21.72	0	1	0	0	0	1
21.74	2	1.41421	0	0	0	1
21.76	1	1	0	0	0	1
21.77	3	1.73205	0	0	0	1
21.79	0	1	0	0	0	1
21.8	1	1	0	0	0	1
21.82	1	1	0	0	0	1
21.83	0	1	0	0	0	1
21.85	0	1	0	0	0	1
21.87	1	1	0	0	0	1
21.88	3	1.73205	0	0	0	1
21.9	5	2.23607	0	0	0	1
21.91	2	1.41421	0	0	0	1
21.93	0	1	0	0	0	1
21.95	0	1	0	0	0	1
21.96	1	1	0	0	0	1
21.98	2	1.41421	0	0	0	1
21.99	2	1.41421	0	0	0	1
22.01	0	1	0	0	0	1
22.02	1	1	0	0	0	1
22.04	0	1	0	0	0	1
22.06	0	1	0	0	0	1
22.07	1	1	0	0	0	1
22.09	1	1	0	0	0	1
22.1	1	1	0	0	0	1
22.12	1	1	0	0	0	1
22.14	0	1	0	0	0	1
22.15	3	1.73205	0	0	0	1
22.17	0	1	0	0	0	1
22.18	1	1	0	0	0	1
22.2	0	1	0	0	0	1
22.21	1	1	0	0	0	1
22.23	0	1	0	0	0	1
22.25	0	1	0	0	0	1
22.26	1	1	0	0	0	1
22.28	0	1	0	0	0	1
22.29	1	1	0	0	0	1
22.31	0	1	0	0	0	1
22.32	1	1	0	0	0	1
22.34	3	1.73205	0	0	0	1
22.36	1	1	0	0	0	1
22.37	1	1	0	0	0	1
22.39	2	1.41421	0	0	0	1
22.4	1	1	0	0	0	1
22.42	0	1	0	0	0	1
22.44	0	1	0	0	0	1
22.45	1	1	0	0	0	1
22.47	0	1	0	0	0	1
22.48	1	1	0	0	0	1
22.5	1	1	0	0	0	1
22.51	1	1	0	0	0	1
22.53	0	1	0	0	0	1
22.55	1	1	0	0	0	1
22.56	0	1	0	0	0	1
22.58	1	1	0	0	0	1
22.59	0	1	0	0	0	1
22.61	0	1	0	0	0	1
22.63	0	1	0	0	0	1
22.64	1	1	0	0	0	1
22.66	1	1	0	0	0	1
22.67	0	1	0	0	0	1
22.69	2	1.41421	0	0	0	1
22.7	2	1.41421	0	0	0	1
22.72	0	1	0	0	0	1
22.74	0	1	0	0	0	1
22.75	0	1	0	0	0	1
22.77	4	2	0	0	0	1
22.78	0	1	0	0	0	1
22.8	1	1	0	0	0	1
22.82	1	1	0	0	0	1
22.83	0	1	0	0	0	1
22.85	0	1	0	0	0	1
22.86	1	1	0	0	0	1
22.88	1	1	0	0	0	1
22.89	0	1	0	0	0	1
22.91	2	1.41421	0	0	0	1
22.93	1	1	0	0	0	1
22.94	0	1	0	0	0	1
22.96	1	1	0	0	0	1
22.97	0	1	0	0	0	1
22.99	0	1	0	0	0	1
23.01	0	1	0	0	0	1
23.02	1	1	0	0	0	1
23.04	2	1.41421	0	0	0	1
23.05	3	1.73205	0	0	0	1
23.07	1	1	0	0	0	1
23.08	1	1	0	0	0	1
23.1	0	1	0	0	0	1
23.12	0	1	0	0	0	1
23.13	1	1	0	0	0	1
23.15	0	1	0	0	0	1
23.16	1	1	0	0	0	1
23.18	0	1	0	0	0	1
23.2	1	1	0	0	0	1
23.21	0	1	0	0	0	1
23.23	0	1	0	0	0	1
23.24	0	1	0	0	0	1
23.26	0	1	0	0	0	1
23.27	0	1	0	0	0	1
23.29	1	1	0	0	0	1
23.31	0	1	0	0	0	1
23.32	0	1	0	0	0	1
23.34	3	1.73205	0	0	0	1
23.35	0	1	0	0	0	1
23.37	1	1	0	0	0	1
23.38	0	1	0	0	0	1
23.4	0	1	0	0	0	1
23.42	1	1	0	0	0	1
23.43	2	1.41421	0	0	0	1
23.45	1	1	0	0	0	1
23.46	0	1	0	0	0	1
23.48	1	1	0	0	0	1
23.5	2	1.41421	0	0	0	1
23.51	4	2	0	0	0	1
23.53	0	1	0	0	0	1
23.54	1	1	0	0	0	1
23.56	0	1	0	0	0	1
23.57	1	1	0	0	0	1
23.59	0	1	0	0	0	1
23.61	0	1	0	0	0	1
23.62	1	1	0	0	0	1
23.64	0	1	0	0	0	1
23.65	1	1	0	0	0	1
23.67	0	1	0	0	0	1
23.69	1	1	0	0	0	1
23.7	2	1.41421	0	0	0	1
23.72	0	1	0	0	0	1
23.73	0	1	0	0	0	1
23.75	0	1	0	0	0	1
23.76	0	1	0	0	0	1
23.78	1	1	0	0	0	1
23.8	0	1	0	0	0	1
23.81	1	1	0	0	0	1
23.83	0	1	0	0	0	1
23.84	1	1	0	0	0	1
23.86	1	1	0	0	0	1
23.88	1	1	0	0	0	1
23.89	1	1	0	0	0	1
23.91	0	1	0	0	0	1
23.92	0	1	0	0	0	1
23.94	3	1.73205	0	0	0	1
23.95	1	1	0	0	0	1
23.97	4	2	0	0	0	1
23.99	2	1.41421	0	0	0	1
24	0	1	0	0	0	1
24.02	0	1	0	0	0	1
24.03	1	1	0	0	0	1
24.05	2	1.41421	0	0	0	1
24.07	0	1	0	0	0	1
24.08	1	1	0	0	0	1
24.1	2	1.41421	0	0	0	1
24.11	0	1	0	0	0	1
24.13	0	1	0	0	0	1
24.14	0	1	0	0	0	1
24.16	3	1.73205	0	0	0	1
24.18	1	1	0	0	0	1
24.19	0	1	0	0	0	1
24.21	1	1	0	0	0	1
24.22	1	1	0	0	0	1
24.24	1	1	0	0	0	1
24.26	0	1	0	0	0	1
24.27	1	1	0	0	0	1
24.29	0	1	0	0	0	1
24.3	2	1.41421	0	0	0	1
24.32	0	1	0	0	0	1
24.33	1	1	0	0	0	1
24.35	1	1	0	0	0	1
24.37	1	1	0	0	0	1
24.38	0	1	0	0	0	1
24.4	0	1	0	0	0	1
24.41	0	1	0	0	0	1
24.43	2	1.41421	0	0	0	1
24.45	0	1	0	0	0	1
24.46	0	1	0	0	0	1
24.48	0	1	0	0	0	1
24.49	1	1	0	0	0	1
24.51	1	1	0	0	0	1
24.52	1	1	0	0	0	1
24.54	0	1	0	0	0	1
24.56	0	1	0	0	0	1
24.57	2	1.41421	0	0	0	1
24.59	0	1	0	0	0	1
24.6	1	1	0	0	0	1
24.62	3	1.73205	0	0	0	1
24.63	0	1	0	0	0	1
24.65	2	1.41421	0	0	0	1
24.67	0	1	0	0	0	1
24.68	0	1	0	0	0	1
24.7	0	1	0	0	0	1
24.71	1	1	0	0	0	1
24.73	2	1.41421	0	0	0	1
24.75	0	1	0	0	0	1
24.76	1	1	0	0	0	1
24.78	0	1	0	0	0	1
24.79	1	1	0	0	0	1
24.81	0	1	0	0	0	1
24.82	1	1	0	0	0	1
24.84	0	1	0	0	0	1
24.86	2	1.41421	0	0	0	1
24.87	0	1	0	0	0	1
24.89	2	1.41421	0	0	0	1
24.9	3	1.73205	0	0	0	1
24.92	0	1	0	0	0	1
24.94	1	1	0	0	0	1
24.95	0	1	0	0	0	1
24.97	2	1.41421	0	0	0	1
24.98	4	2	0	0	0	1
25	2	1.41421	0	0	0	1
25.01	1	1	0	0	0	1
25.03	1	1	0	0	0	1
25.05	2	1.41421	0	0	0	1
25.06	1	1	0	0	0	1
25.08	1	1	0	0	0	1
25.09	5	2.23607	0	0	0	1
25.11	1	1	0	0	0	1
25.13	0	1	0	0	0	1
25.14	1	1	0	0	0	1
25.16	0	1	0	0	0	1
25.17	1	1	0	0	0	1
25.19	3	1.73205	0	0	0	1
25.2	0	1	0	0	0	1
25.22	0	1	0	0	0	1
25.24	1	1	0	0	0	1
25.25	1	1	0	0	0	1
25.27	0	1	0	0	0	1
25.28	3	1.73205	0	0	0	1
25.3	1	1	0	0	0	1
25.32	2	1.41421	0	0	0	1
25.33	1	1	0	0	0	1
25.35	2	1.41421	0	0	0	1
25.36	1	1	0	0	0	1
25.38	2	1.41421	0	0	0	1
25.39	1	1	0	0	0	1
25.41	3	1.73205	0	0	0	1
25.43	1	1	0	0	0	1
25.44	3	1.73205	0	0	0	1
25.46	0	1	0	0	0	1
25.47	0	1	0	0	0	1
25.49	0	1	0	0	0	1
25.51	0	1	0	0	0	1
25.52	1	1	0	0	0	1
25.54	1	1	0	0	0	1
25.55	0	1	0	0	0	1
25.57	1	1	0	0	0	1
25.58	0	1	0	0	0	1
25.6	0	1	0	0	0	1
25.62	1	1	0	0	0	1
25.63	0	1	0	0	0	1
25.65	0	1	0	0	0	1
25.66	0	1	0	0	0	1
25.68	0	1	0	0	0	1
25.69	0	1	0	0	0	1
25.71	1	1	0	0	0	1
25.73	1	1	0	0	0	1
25.74	0	1	0	0	0	1
25.76	1	1	0	0	0	1
25.77	1	1	0	0	0	1
25.79	0	1	0	0	0	1
25.81	0	1	0	0	0	1
25.82	0	1	0	0	0	1
25.84	0	1	0	0	0	1
25.85	0	1	0	0	0	1
25.87	0	1	0	0	0	1
25.88	0	1	0	0	0	1
25.9	0	1	0	0	0	1
25.92	0	1	0	0	0	1
25.93	0	1	0	0	0	1
25.95	0	1	0	0	0	1
25.96	1	1	0	0	0	1
25.98	0	1	0	0	0	1
26	1	1	0	0	0	1
26.01	0	1	0	0	0	1
26.03	1	1	0	0	0	1
26.04	0	1	0	0	0	1
26.06	2	1.41421	0	0	0	1
26.07	0	1	0	0	0	1
26.09	1	1	0	0	0	1
26.11	0	1	0	0	0	1
26.12	0	1	0	0	0	1
26.14	0	1	0	0	0	1
26.15	0	1	0	0	0	1
26.17	1	1	0	0	0	1
26.19	2	1.41421	0	0	0	1
26.2	1	1	0	0	0	1
26.22	3	1.73205	0	0	0	1
26.23	0	1	0	0	0	1
26.25	0	1	0	0	0	1
26.26	0	1	0	0	0	1
26.28	1	1	0	0	0	1
26.3	1	1	0	0	0	1
26.31	2	1.41421	0	0	0	1
26.33	0	1	0	0	0	1
26.34	1	1	0	0	0	1
26.36	1	1	0	0	0	1
26.38	0	1	0	0	0	1
26.39	0	1	0	0	0	1
26.41	0	1	0	0	0	1
26.42	0	1	0	0	0	1
26.44	0	1	0	0	0	1
26.45	1	1	0	0	0	1
26.47	0	1	0	0	0	1
26.49	0	1	0	0	0	1
26.5	0	1	0	0	0	1
26.52	0	1	0	0	0	1
26.53	1	1	0	0	0	1
26.55	2	1.41421	0	0	0	1
26.57	0	1	0	0	0	1
26.58	1	1	0	0	0	1
26.6	0	1	0	0	0	1
26.61	0	1	0	0	0	1
26.63	0	1	0	0	0	1
26.64	1	1	0	0	0	1
26.66	0	1	0	0	0	1
26.68	0	1	0	0	0	1
26.69	0	1	0	0	0	1
26.71	0	1	0	0	0	1
26.72	0	1	0	0	0	1
26.74	0	1	0	0	0	1
26.75	0	1	0	0	0	1
26.77	0	1	0	0	0	1
26.79	0	1	0	0	0	1
26.8	1	1	0	0	0	1
26.82	0	1	0	0	0	1
26.83	0	1	0	0	0	1
26.85	0	1	0	0	0	1
26.87	2	1.41421	0	0	0	1
26.88	0	1	0	0	0	1
26.9	1	1	0	0	0	1
26.91	1	1	0	0	0	1
26.93	1	1	0	0	0	1
26.94	0	1	0	0	0	1
26.96	0	1	0	0	0	1
26.98	1	1	0	0	0	1
26.99	0	1	0	0	0	1
27.01	0	1	0	0	0	1
27.02	0	1	0	0	0	1
27.04	0	1	0	0	0	1
27.06	1	1	0	0	0	1
27.07	0	1	0	0	0	1
27.09	0	1	0	0	0	1
27.1	0	1	0	0	0	1
27.12	1	1	0	0	0	1
27.13	0	1	0	0	0	1
27.15	1	1	0	0	0	1
27.17	0	1	0	0	0	1
27.18	0	1	0	0	0	1
27.2	0	1	0	0	0	1
27.21	0	1	0	0	0	1
27.23	0	1	0	0	0	1
27.25	1	1	0	0	0	1
27.26	0	1	0	0	0	1
27.28	0	1	0	0	0	1
27.29	0	1	0	0	0	1
27.31	0	1	0	0	0	1
27.32	0	1	0	0	0	1
27.34	0	1	0	0	0	1
27.36	0	1	0	0	0	1
27.37	1	1	0	0	0	1
27.39	0	1	0	0	0	1
27.4	1	1	0	0	0	1
27.42	0	1	0	0	0	1
27.44	0	1	0	0	0	1
27.45	0	1	0	0	0	1
27.47	1	1	0	0	0	1
27.48	0	1	0	0	0	1
27.5	0	1	0	0	0	1
27.51	0	1	0	0	0	1
27.53	0	1	0	0	0	1
27.55	0	1	0	0	0	1
27.56	0	1	0	0	0	1
27.58	0	1	0	0	0	1
27.59	0	1	0	0	0	1
27.61	1	1	0	0	0	1
27.63	0	1	0	0	0	1
27.64	0	1	0	0	0	1
27.66	1	1	0	0	0	1
27.67	2	1.41421	0	0	0	1
27.69	0	1	0	0	0	1
27.7	0	1	0	0	0	1
27.72	0	1	0	0	0	1
27.74	2	1.41421	0	0	0	1
27.75	2	1.41421	0	0	0	1
27.77	0	1	0	0	0	1
27.78	0	1	0	0	0	1
27.8	0	1	0	0	0	1
27.81	0	1	0	0	0	1
27.83	0	1	0	0	0	1
27.85	0	1	0	0	0	1
27.86	0	1	0	0	0	1
27.88	0	1	0	0	0	1
27.89	1	1	0	0	0	1
27.91	0	1	0	0	0	1
27.93	0	1	0	0	0	1
27.94	0	1	0	0	0	1
27.96	0	1	0	0	0	1
27.97	0	1	0	0	0	1
27.99	0	1	0	0	0	1
28	1	1	0	0	0	1
28.02	0	1	0	0	0	1
28.04	0	1	0	0	0	1
28.05	2	1.41421	0	0	0	1
28.07	0	1	0	0	0	1
28.08	0	1	0	0	0	1
28.1	0	1	0	0	0	1
28.12	0	1	0	0	0	1
28.13	0	1	0	0	0	1
28.15	0	1	0	0	0	1
28.16	0	1	0	0	0	1
28.18	0	1	0	0	0	1
28.19	1	1	0	0	0	1
28.21	0	1	0	0	0	1
28.23	0	1	0	0	0	1
28.24	0	1	0	0	0	1
28.26	1	1	0	0	0	1
28.27	1	1	0	0	0	1
28.29	0	1	0	0	0	1
28.31	0	1	0	0	0	1
28.32	0	1	0	0	0	1
28.34	2	1.41421	0	0	0	1
28.35	3	1.73205	0	0	0	1
28.37	0	1	0	0	0	1
28.38	1	1	0	0	0	1
28.4	0	1	0	0	0	1
28.42	0	1	0	0	0	1
28.43	2	1.41421	0	0	0	1
28.45	0	1	0	0	0	1
28.46	0	1	0	0	0	1
28.48	0	1	0	0	0	1
28.5	1	1	0	0	0	1
28.51	0	1	0	0	0	1
28.53	0	1	0	0	0	1
28.54	0	1	0	0	0	1
28.56	0	1	0	0	0	1
28.57	0	1	0	0	0	1
28.59	0	1	0	0	0	1
28.61	1	1	0	0	0	1
28.62	1	1	0	0	0	1
28.64	0	1	0	0	0	1
28.65	0	1	0	0	0	1
28.67	0	1	0	0	0	1
28.69	0	1	0	0	0	1
28.7	0	1	0	0	0	1
28.72	0	1	0	0	0	1
28.73	0	1	0	0	0	1
28.75	0	1	0	0	0	1
28.76	0	1	0	0	0	1
28.78	0	1	0	0	0	1
28.8	0	1	0	0	0	1
28.81	1	1	0	0	0	1
28.83	0	1	0	0	0	1
28.84	0	1	0	0	0	1
28.86	0	1	0	0	0	1
28.88	0	1	0	0	0	1
28.89	0	1	0	0	0	1
28.91	0	1	0	0	0	1
28.92	0	1	0	0	0	1
28.94	0	1	0	0	0	1
28.95	1	1	0	0	0	1
28.97	1	1	0	0	0	1
28.99	0	1	0	0	0	1
29	0	1	0	0	0	1
29.02	1	1	0	0	0	1
29.03	1	1	0	0	0	1
29.05	0	1	0	0	0	1
29.06	0	1	0	0	0	1
29.08	1	1	0	0	0	1
29.1	0	1	0	0	0	1
29.11	0	1	0	0	0	1
29.13	0	1	0	0	0	1
29.14	0	1	0	0	0	1
29.16	0	1	0	0	0	1
29.18	0	1	0	0	0	1
29.19	0	1	0	0	0	1
29.21	0	1	0	0	0	1
29.22	0	1	0	0	0	1
29.24	0	1	0	0	0	1
29.25	0	1	0	0	0	1
29.27	1	1	0	0	0	1
29.29	0	1	0	0	0	1
29.3	0	1	0	0	0	1
29.32	1	1	0	0	0	1
29.33	0	1	0	0	0	1
29.35	0	1	0	0	0	1
29.37	0	1	0	0	0	1
29.38	0	1	0	0	0	1
29.4	0	1	0	0	0	1
29.41	0	1	0	0	0	1
29.43	0	1	0	0	0	1
29.44	0	1	0	0	0	1
29.46	0	1	0	0	0	1
29.48	0	1	0	0	0	1
29.49	0	1	0	0	0	1
29.51	0	1	0	0	0	1
29.52	0	1	0	0	0	1
29.54	0	1	0	0	0	1
29.56	0	1	0	0	0	1
29.57	0	1	0	0	0	1
29.59	0	1	0	0	0	1
29.6	0	1	0	0	0	1
29.62	1	1	0	0	0	1
29.63	0	1	0	0	0	1
29.65	0	1	0	0	0	1
29.67	0	1	0	0	0	1
29.68	0	1	0	0	0	1
29.7	0	1	0	0	0	1
29.71	0	1	0	0	0	1
29.73	0	1	0	0	0	1
29.75	0	1	0	0	0	1
29.76	0	1	0	0	0	1
29.78	0	1	0	0	0	1
29.79	1	1	0	0	0	1
29.81	0	1	0	0	0	1
29.82	0	1	0	0	0	1
29.84	0	1	0	0	0	1
29.86	0	1	0	0	0	1
29.87	0	1	0	0	0	1
29.89	0	1	0	0	0	1
29.9	0	1	0	0	0	1
29.92	0	1	0	0	0	1
29.94	0	1	0	0	0	1
29.95	0	1	0	0	0	1
29.97	0	1	0	0	0	1
29.98	0	1	0	0	0	1
30	0	1	0	0	0	1
30.01	0	1	0	0	0	1
30.03	0	1	0	0	0	1
30.05	0	1	0	0	0	1
30.06	0	1	0	0	0	1
30.08	0	1	0	0	0	1
30.09	0	1	0	0	0	1
30.11	0	1	0	0	0	1
30.12	0	1	0	0	0	1
30.14	0	1	0	0	0	1
30.16	1	1	0	0	0	1
30.17	0	1	0	0	0	1
30.19	1	1	0	0	0	1
30.2	0	1	0	0	0	1
30.22	0	1	0	0	0	1
30.24	0	1	0	0	0	1
30.25	0	1	0	0	0	1
30.27	0	1	0	0	0	1
30.28	0	1	0	0	0	1
30.3	0	1	0	0	0	1
30.31	0	1	0	0	0	1
30.33	0	1	0	0	0	1
30.35	0	1	0	0	0	1
30.36	1	1	0	0	0	1
30.38	0	1	0	0	0	1
30.39	0	1	0	0	0	1
30.41	0	1	0	0	0	1
30.43	0	1	0	0	0	1
30.44	0	1	0	0	0	1
30.46	0	1	0	0	0	1
30.47	0	1	0	0	0	1
30.49	0	1	0	0	0	1
30.5	1	1	0	0	0	1
30.52	0	1	0	0	0	1
30.54	0	1	0	0	0	1
30.55	0	1	0	0	0	1
30.57	0	1	0	0	0	1
30.58	0	1	0	0	0	1
30.6	0	1	0	0	0	1
30.62	0	1	0	0	0	1
30.63	0	1	0	0	0	1
30.65	0	1	0	0	0	1
30.66	0	1	0	0	0	1
30.68	0	1	0	0	0	1
30.69	0	1	0	0	0	1
30.71	0	1	0	0	0	1
30.73	0	1	0	0	0	1
30.74	0	1	0	0	0	1
30.76	0	1	0	0	0	1
30.77	0	1	0	0	0	1
30.79	0	1	0	0	0	1
30.81	0	1	0	0	0	1
30.82	0	1	0	0	0	1
30.84	0	1	0	0	0	1
30.85	0	1	0	0	0	1
30.87	0	1	0	0	0	1
30.88	0	1	0	0	0	1
30.9	0	1	0	0	0	1
30.92	0	1	0	0	0	1
30.93	0	1	0	0	0	1
30.95	0	1	0	0	0	1
30.96	0	1	0	0	0	1
30.98	0	1	0	0	0	1
31	0	1	0	0	0	1
31.01	0	1	0	0	0	1
31.03	0	1	0	0	0	1
31.04	0	1	0	0	0	1
31.06	0	1	0	0	0	1
31.07	0	1	0	0	0	1
31.09	0	1	0	0	0	1
31.11	0	1	0	0	0	1
31.12	0	1	0	0	0	1
31.14	0	1	0	0	0	1
31.15	0	1	0	0	0	1
31.17	0	1	0	0	0	1
31.18	0	1	0	0	0	1
31.2	0	1	0	0	0	1
31.22	0	1	0	0	0	1
31.23	0	1	0	0	0	1
31.25	0	1	0	0	0	1
31.26	0	1	0	0	0	1
31.28	0	1	0	0	0	1
31.3	0	1	0	0	0	1
31.31	0	1	0	0	0	1
31.33	0	1	0	0	0	1
31.34	0	1	0	0	0	1
31.36	0	1	0	0	0	1
31.37	0	1	0	0	0	1
31.39	0	1	0	0	0	1
31.41	0	1	0	0	0	1
31.42	0	1	0	0	0	1
31.44	0	1	0	0	0	1
31.45	0	1	0	0	0	1
31.47	0	1	0	0	0	1
31.49	0	1	0	0	0	1
31.5	0	1	0	0	0	1
31.52	0	1	0	0	0	1
31.53	0	1	0	0	0	1
31.55	0	1	0	0	0	1
31.56	0	1	0	0	0	1
31.58	0	1	0	0	0	1
31.6	0	1	0	0	0	1
31.61	0	1	0	0	0	1
31.63	0	1	0	0	0	1
31.64	0	1	0	0	0	1
31.66	0	1	0	0	0	1
31.68	0	1	0	0	0	1
31.69	0	1	0	0	0	1
31.71	0	1	0	0	0	1
31.72	0	1	0	0	0	1
31.74	0	1	0	0	0	1
31.75	0	1	0	0	0	1
31.77	0	1	0	0	0	1
31.79	0	1	0	0	0	1
31.8	0	1	0	0	0	1
31.82	0	1	0	0	0	1
31.83	0	1	0	0	0	1
31.85	0	1	0	0	0	1
31.87	0	1	0	0	0	1
31.88	0	1	0	0	0	1
31.9	0	1	0	0	0	1
31.91	0	1	0	0	0	1
31.93	1	1	0	0	0	1
31.94	0	1	0	0	0	1
31.96	0	1	0	0	0	1
31.98	0	1	0	0	0	1
31.99	0	1	0	0	0	1
32.01	0	1	0	0	0	1
32.02	0	1	0	0	0	1
32.04	0	1	0	0	0	1
32.06	0	1	0	0	0	1
32.07	0	1	0	0	0	1
32.09	0	1	0	0	0	1
32.1	0	1	0	0	0	1
32.12	0	1	0	0	0	1
32.13	0	1	0	0	0	1
32.15	0	1	0	0	0	1
32.17	0	1	0	0	0	1
32.18	0	1	0	0	0	1
32.2	0	1	0	0	0	1
32.21	0	1	0	0	0	1
32.23	0	1	0	0	0	1
32.24	0	1	0	0	0	1
32.26	0	1	0	0	0	1
32.28	0	1	0	0	0	1
32.29	0	1	0	0	0	1
32.31	0	1	0	0	0	1
32.32	0	1	0	0	0	1
32.34	0	1	0	0	0	1
32.36	0	1	0	0	0	1
32.37	0	1	0	0	0	1
32.39	0	1	0	0	0	1
32.4	0	1	0	0	0	1
32.42	0	1	0	0	0	1
32.43	-1	1	0	0	0	1
