# exported by fityk 0.8.7
#5-Zn-EdelStahl:x	5-Zn-EdelStahl:y	5-Zn-EdelStahl:s	5-Zn-EdelStahl:F(x)	5-Zn-EdelStahl:%_1(x)	5-Zn-EdelStahl:%_2(x)	5-Zn-EdelStahl:%_3(x)	5-Zn-EdelStahl:a
0.79	0	1	2.26236e-052	1.75701e-203	4.36139e-315	2.26236e-052	1
0.81	0	1	5.48579e-052	2.01036e-202	1.22557e-313	5.48579e-052	1
0.82	0	1	8.53225e-052	6.7843e-202	6.47817e-313	8.53225e-052	1
0.84	0	1	2.05914e-051	7.68995e-201	1.79967e-311	2.05914e-051	1
0.86	0	1	4.95379e-051	8.66204e-200	4.96152e-310	4.95379e-051	1
0.87	0	1	7.67449e-051	2.90033e-199	2.59766e-309	7.67449e-051	1
0.89	0	1	1.83758e-050	3.2364e-198	7.07996e-308	1.83758e-050	1
0.9	0	1	2.84009e-050	1.07857e-197	3.68562e-307	2.84009e-050	1
0.92	0	1	6.76823e-050	1.19228e-196	9.9308e-306	6.76823e-050	1
0.93	0	1	1.0436e-049	3.9548e-196	5.14017e-305	1.0436e-049	1
0.95	0	1	2.47526e-049	4.33085e-195	1.36923e-303	2.47526e-049	1
0.97	0	1	5.85248e-049	4.71303e-194	3.61958e-302	5.85248e-049	1
0.98	0	1	8.98846e-049	1.55111e-193	1.85569e-301	8.98846e-049	1
1	0	1	2.11519e-048	1.67219e-192	4.84969e-300	2.11519e-048	1
1.01	0	1	3.24092e-048	5.47757e-192	2.47214e-299	3.24092e-048	1
1.03	0	1	7.59062e-048	5.8499e-191	6.38715e-298	7.59062e-048	1
1.05	0	1	1.77222e-047	6.20852e-190	1.63766e-296	1.77222e-047	1
1.06	0	1	2.70472e-047	2.01784e-189	8.26871e-296	2.70472e-047	1
1.08	0	1	6.28504e-047	2.1215e-188	2.09594e-294	6.28504e-047	1
1.09	0	1	9.56945e-047	6.86279e-188	1.05222e-293	9.56945e-047	1
1.11	0	1	2.21318e-046	7.14784e-187	2.63678e-292	2.21318e-046	1
1.12	1	1	3.36178e-046	2.30139e-186	1.31618e-291	3.36178e-046	1
1.14	1	1	7.73829e-046	2.37455e-185	3.26067e-290	7.73829e-046	1
1.16	2	1.41421	1.77562e-045	2.43473e-184	8.01646e-289	1.77562e-045	1
1.17	3	1.73205	2.68652e-045	7.77794e-184	3.96348e-288	2.68652e-045	1
1.19	2	1.41421	6.13539e-045	7.90043e-183	9.63337e-287	6.13539e-045	1
1.2	4	2	9.26092e-045	2.51202e-182	4.73571e-286	9.26092e-045	1
1.22	20	4.47214	2.105e-044	2.52771e-181	1.13792e-284	2.105e-044	1
1.24	23	4.79583	4.76956e-044	2.5276e-180	2.71345e-283	4.76956e-044	1
1.25	42	6.48074	7.17098e-044	7.97404e-180	1.32124e-282	7.17098e-044	1
1.27	38	6.16441	1.61715e-043	7.89909e-179	3.11472e-281	1.61715e-043	1
1.28	45	6.7082	2.42563e-043	2.48031e-178	1.50797e-280	2.42563e-043	1
1.3	54	7.34847	5.4443e-043	2.43401e-177	3.51442e-279	5.4443e-043	1
1.31	51	7.14143	8.1468e-043	7.60693e-177	1.69177e-278	8.1468e-043	1
1.33	42	6.48074	1.81991e-042	7.39508e-176	3.89786e-277	1.81991e-042	1
1.35	50	7.07107	4.0527e-042	7.14421e-175	8.91243e-276	4.0527e-042	1
1.36	47	6.85565	6.04057e-042	2.21533e-174	4.24949e-275	6.04057e-042	1
1.38	50	7.07107	1.3388e-041	2.12016e-173	9.60577e-274	1.3388e-041	1
1.39	51	7.14143	1.99078e-041	6.54352e-173	4.55393e-273	1.99078e-041	1
1.41	48	6.9282	4.39144e-041	6.20379e-172	1.01767e-271	4.39144e-041	1
1.42	50	7.07107	6.51457e-041	1.90572e-171	4.79703e-271	6.51457e-041	1
1.44	55	7.4162	1.43026e-040	1.78987e-170	1.05979e-269	1.43026e-040	1
1.46	32	5.65685	3.13023e-040	1.67057e-169	2.32353e-268	3.13023e-040	1
1.47	45	6.7082	4.62533e-040	5.09171e-169	1.08485e-267	4.62533e-040	1
1.49	54	7.34847	1.00751e-039	4.70785e-168	2.35138e-266	1.00751e-039	1
1.5	42	6.48074	1.48521e-039	1.42817e-167	1.09158e-265	1.48521e-039	1
1.52	45	6.7082	3.21987e-039	1.30815e-166	2.33903e-264	3.21987e-039	1
1.54	59	7.68115	6.95857e-039	1.19072e-165	4.97393e-263	6.95857e-039	1
1.55	32	5.65685	1.02176e-038	3.58399e-165	2.28711e-262	1.02176e-038	1
1.57	43	6.55744	2.19773e-038	3.23175e-164	4.80813e-261	2.19773e-038	1
1.58	37	6.08276	3.21939e-038	9.68171e-164	2.19825e-260	3.21939e-038	1
1.6	39	6.245	6.892e-038	8.64849e-163	4.56868e-259	6.892e-038	1
1.61	47	6.85565	1.00721e-037	2.57878e-162	2.07684e-258	1.00721e-037	1
1.63	42	6.48074	2.14603e-037	2.28202e-161	4.2672e-257	2.14603e-037	1
1.65	31	5.56776	4.55809e-037	2.0068e-160	8.70094e-256	4.55809e-037	1
1.66	44	6.63325	6.63504e-037	5.9371e-160	3.91772e-255	6.63504e-037	1
1.68	24	4.89898	1.40261e-036	5.1722e-159	7.89736e-254	1.40261e-036	1
1.69	39	6.245	2.0369e-036	1.52302e-158	3.53559e-253	2.0369e-036	1
1.71	34	5.83095	4.28557e-036	1.31439e-157	7.04589e-252	4.28557e-036	1
1.73	36	6	8.9883e-036	1.12725e-156	1.39345e-250	8.9883e-036	1
1.74	34	5.83095	1.30016e-035	3.29341e-156	6.17913e-250	1.30016e-035	1
1.76	40	6.32456	2.71402e-035	2.79808e-155	1.20812e-248	2.71402e-035	1
1.77	38	6.16441	3.91657e-035	8.13665e-155	5.32669e-248	3.91657e-035	1
1.79	46	6.78233	8.13703e-035	6.8482e-154	1.02959e-246	8.13703e-035	1
1.8	23	4.79583	1.17147e-034	1.98208e-153	4.51362e-246	1.17147e-034	1
1.82	34	5.83095	2.42235e-034	1.6526e-152	8.62498e-245	2.42235e-034	1
1.84	33	5.74456	4.99313e-034	1.36929e-151	1.63559e-243	4.99313e-034	1
1.85	22	4.69042	7.16023e-034	3.93222e-151	7.10213e-243	7.16023e-034	1
1.87	21	4.58258	1.46895e-033	3.22761e-150	1.33147e-241	1.46895e-033	1
1.88	29	5.38516	2.10152e-033	9.22532e-150	5.74854e-241	2.10152e-033	1
1.9	18	4.24264	4.29102e-033	7.50139e-149	1.06543e-239	4.29102e-033	1
1.92	30	5.47723	8.73408e-033	6.06151e-148	1.95964e-238	8.73408e-033	1
1.93	29	5.38516	1.24461e-032	1.71901e-147	8.38026e-238	1.24461e-032	1
1.95	26	5.09902	2.52135e-032	1.37605e-146	1.52382e-236	2.52135e-032	1
1.96	24	4.89898	3.58444e-032	3.88412e-146	6.47929e-236	3.58444e-032	1
1.98	26	5.09902	7.22717e-032	3.0801e-145	1.16474e-234	7.22717e-032	1
1.99	26	5.09902	1.02501e-031	8.65329e-145	4.9242e-234	1.02501e-031	1
2.01	29	5.38516	2.05694e-031	6.79785e-144	8.75109e-233	2.05694e-031	1
2.03	44	6.63325	4.11476e-031	5.30689e-143	1.54338e-231	4.11476e-031	1
2.04	40	6.32456	5.81289e-031	1.47929e-142	6.463e-231	5.81289e-031	1
2.06	31	5.56776	1.15734e-030	1.14403e-141	1.12686e-229	1.15734e-030	1
2.07	31	5.56776	1.6311e-030	3.17403e-141	4.69184e-229	1.6311e-030	1
2.09	28	5.2915	3.23217e-030	2.43172e-140	8.08731e-228	3.23217e-030	1
2.11	34	5.83095	6.38468e-030	1.85138e-139	1.3834e-226	6.38468e-030	1
2.12	21	4.58258	8.96287e-030	5.09641e-139	5.70528e-226	8.96287e-030	1
2.14	35	5.91608	1.76213e-029	3.84382e-138	9.6482e-225	1.76213e-029	1
2.15	23	4.79583	2.46785e-029	1.05315e-137	3.95629e-224	2.46785e-029	1
2.17	24	4.89898	4.82895e-029	7.86877e-137	6.61428e-223	4.82895e-029	1
2.18	26	5.09902	6.74694e-029	2.14582e-136	2.69672e-222	6.74694e-029	1
2.2	21	4.58258	1.31397e-028	1.58828e-135	4.45714e-221	1.31397e-028	1
2.22	28	5.2915	2.55092e-028	1.16825e-134	7.31072e-220	2.55092e-028	1
2.23	28	5.2915	3.55009e-028	3.16098e-134	2.95235e-219	3.55009e-028	1
2.25	22	4.69042	6.85954e-028	2.3033e-133	4.78738e-218	6.85954e-028	1
2.26	24	4.89898	9.52379e-028	6.20288e-133	1.92229e-217	9.52379e-028	1
2.28	25	5	1.83152e-027	4.47753e-132	3.08158e-216	1.83152e-027	1
2.3	25	5	3.5111e-027	3.2119e-131	4.90242e-215	3.5111e-027	1
2.31	25	5	4.85562e-027	8.58228e-131	1.94978e-214	4.85562e-027	1
2.33	25	5	9.2645e-027	6.09879e-130	3.06655e-213	9.2645e-027	1
2.34	30	5.47723	1.27819e-026	1.62197e-129	1.21266e-212	1.27819e-026	1
2.36	23	4.79583	2.42728e-026	1.14183e-128	1.8855e-211	2.42728e-026	1
2.37	26	5.09902	3.34093e-026	3.02245e-128	7.41356e-211	3.34093e-026	1
2.39	25	5	6.31444e-026	2.10782e-127	1.13957e-209	6.31444e-026	1
2.41	34	5.83095	1.18969e-025	1.46079e-126	1.73835e-208	1.18969e-025	1
2.42	30	5.47723	1.63106e-025	3.83657e-126	6.77007e-208	1.63106e-025	1
2.44	22	4.69042	3.05853e-025	2.63399e-125	1.02098e-206	3.05853e-025	1
2.45	31	5.56776	4.18331e-025	6.88538e-125	3.95352e-206	4.18331e-025	1
2.47	23	4.79583	7.80746e-025	4.68291e-124	5.89429e-205	7.80746e-025	1
2.48	16	4	1.06535e-024	1.2184e-123	2.2694e-204	1.06535e-024	1
2.5	36	6	1.9789e-024	8.20906e-123	3.34492e-203	1.9789e-024	1
2.52	22	4.69042	3.66429e-024	5.49638e-122	4.89263e-202	3.66429e-024	1
2.53	28	5.2915	4.98033e-024	1.41889e-121	1.86585e-201	4.98033e-024	1
2.55	37	6.08276	9.17843e-024	9.41126e-121	2.69811e-200	9.17843e-024	1
2.56	17	4.12311	1.24454e-023	2.41812e-120	1.02307e-199	1.24454e-023	1
2.58	19	4.3589	2.28279e-023	1.58889e-119	1.46256e-198	2.28279e-023	1
2.6	29	5.38516	4.17399e-023	1.0375e-118	2.07494e-197	4.17399e-023	1
2.61	28	5.2915	5.63742e-023	2.64495e-118	7.79305e-197	5.63742e-023	1
2.63	17	4.12311	1.02592e-022	1.71092e-117	1.09301e-195	1.02592e-022	1
2.64	22	4.69042	1.38234e-022	4.34126e-117	4.08167e-195	1.38234e-022	1
2.66	32	5.65685	2.50375e-022	2.78193e-116	5.65952e-194	2.50375e-022	1
2.67	30	5.47723	3.36562e-022	7.0257e-116	2.10139e-193	3.36562e-022	1
2.69	22	4.69042	6.06718e-022	4.46002e-115	2.88054e-192	6.06718e-022	1
2.71	29	5.38516	1.09028e-021	2.8136e-114	3.91854e-191	1.09028e-021	1
2.72	28	5.2915	1.45983e-021	7.05025e-114	1.44114e-190	1.45983e-021	1
2.74	25	5	2.61095e-021	4.40603e-113	1.93813e-189	2.61095e-021	1
2.75	23	4.79583	3.48766e-021	1.09887e-112	7.08723e-189	3.48766e-021	1
2.77	37	6.08276	6.20837e-021	6.80311e-112	9.42275e-188	6.20837e-021	1
2.79	27	5.19615	1.10167e-020	4.18548e-111	1.24326e-186	1.10167e-020	1
2.8	42	6.48074	1.4658e-020	1.03572e-110	4.5031e-186	1.4658e-020	1
2.82	32	5.65685	2.58877e-020	6.31246e-110	5.87383e-185	2.58877e-020	1
2.83	25	5	3.43628e-020	1.55473e-109	2.11535e-184	3.43628e-020	1
2.85	25	5	6.04022e-020	9.38703e-109	2.72784e-183	6.04022e-020	1
2.86	28	5.2915	7.99874e-020	2.30114e-108	9.7677e-183	7.99874e-020	1
2.88	24	4.89898	1.39936e-019	1.37636e-107	1.24524e-181	1.39936e-019	1
2.9	19	4.3589	2.44046e-019	8.1809e-107	1.57542e-180	2.44046e-019	1
2.91	22	4.69042	3.21905e-019	1.98982e-106	5.5876e-180	3.21905e-019	1
2.93	32	5.65685	5.58743e-019	1.17165e-105	6.98868e-179	5.58743e-019	1
2.94	31	5.56776	7.35261e-019	2.83642e-105	2.46454e-178	7.35261e-019	1
2.96	27	5.19615	1.2702e-018	1.65452e-104	3.04741e-177	1.2702e-018	1
2.98	28	5.2915	2.18742e-018	9.59077e-104	3.73947e-176	2.18742e-018	1
2.99	28	5.2915	2.86715e-018	2.30369e-103	1.30619e-175	2.86715e-018	1
3.01	27	5.19615	4.91424e-018	1.32288e-102	1.58456e-174	4.91424e-018	1
3.02	14	3.74166	6.42608e-018	3.16263e-102	5.50322e-174	6.42608e-018	1
3.04	27	5.19615	1.09622e-017	1.79913e-101	6.60003e-173	1.09622e-017	1
3.05	30	5.47723	1.43008e-017	4.28105e-101	2.27912e-172	1.43008e-017	1
3.07	28	5.2915	2.42805e-017	2.41258e-100	2.70222e-171	2.42805e-017	1
3.09	26	5.09902	4.10946e-017	1.35112e-099	3.1795e-170	4.10946e-017	1
3.1	22	4.69042	5.33992e-017	3.1899e-099	1.08751e-169	5.33992e-017	1
3.12	29	5.38516	8.99513e-017	1.76972e-098	1.26502e-168	8.99513e-017	1
3.13	35	5.91608	1.16609e-016	4.1586e-098	4.30215e-168	1.16609e-016	1
3.15	23	4.79583	1.95501e-016	2.28556e-097	4.94737e-167	1.95501e-016	1
3.17	33	5.74456	3.26736e-016	1.24829e-096	5.64607e-166	3.26736e-016	1
3.18	29	5.38516	4.21899e-016	2.91042e-096	1.9019e-165	4.21899e-016	1
3.2	34	5.83095	7.01782e-016	1.57469e-095	2.14578e-164	7.01782e-016	1
3.21	22	4.69042	9.04035e-016	3.65422e-095	7.18689e-164	9.04035e-016	1
3.23	24	4.89898	1.49667e-015	1.95863e-094	8.01611e-163	1.49667e-015	1
3.24	29	5.38516	1.92345e-015	4.52386e-094	2.66951e-162	1.92345e-015	1
3.26	21	4.58258	3.16932e-015	2.40206e-093	2.94361e-161	3.16932e-015	1
3.28	24	4.89898	5.20572e-015	1.26747e-092	3.22115e-160	5.20572e-015	1
3.29	28	5.2915	6.66384e-015	2.90464e-092	1.06251e-159	6.66384e-015	1
3.31	33	5.74456	1.08939e-014	1.51831e-091	1.14945e-158	1.08939e-014	1
3.32	25	5	1.39124e-014	3.46319e-091	3.76986e-158	1.39124e-014	1
3.34	31	5.56776	2.26364e-014	1.79334e-090	4.03188e-157	2.26364e-014	1
3.36	29	5.38516	3.6715e-014	9.22844e-090	4.2793e-156	3.6715e-014	1
3.37	25	5	4.67034e-014	2.08853e-089	1.39015e-155	4.67034e-014	1
3.39	20	4.47214	7.53928e-014	1.06469e-088	1.45866e-154	7.53928e-014	1
3.4	30	5.47723	9.56768e-014	2.39824e-088	4.71145e-154	9.56768e-014	1
3.42	24	4.89898	1.53721e-013	1.21113e-087	4.88733e-153	1.53721e-013	1
3.43	28	5.2915	1.94618e-013	2.71532e-087	1.56959e-152	1.94618e-013	1
3.45	29	5.38516	3.11212e-013	1.35843e-086	1.60964e-151	3.11212e-013	1
3.47	28	5.2915	4.96088e-013	6.75357e-086	1.63815e-150	4.96088e-013	1
3.48	21	4.58258	6.256e-013	1.50231e-085	5.21101e-150	6.256e-013	1
3.5	12	3.4641	9.92532e-013	7.39898e-085	5.24291e-149	9.92532e-013	1
3.51	23	4.79583	1.24869e-012	1.63816e-084	1.65827e-148	1.24869e-012	1
3.53	25	5	1.97173e-012	7.99258e-084	1.64941e-147	1.97173e-012	1
3.54	27	5.19615	2.47475e-012	1.76129e-083	5.18709e-147	2.47475e-012	1
3.56	26	5.09902	3.88929e-012	8.5129e-083	5.10065e-146	3.88929e-012	1
3.58	30	5.47723	6.09312e-012	4.08886e-082	4.97749e-145	6.09312e-012	1
3.59	21	4.58258	7.61746e-012	8.94013e-082	1.55045e-144	7.61746e-012	1
3.61	35	5.91608	1.18775e-011	4.25389e-081	1.49578e-143	1.18775e-011	1
3.62	31	5.56776	1.48139e-011	9.25734e-081	4.63266e-143	1.48139e-011	1
3.64	24	4.89898	2.29895e-011	4.3636e-080	4.4184e-142	2.29895e-011	1
3.66	26	5.09902	3.55647e-011	2.04401e-079	4.182e-141	3.55647e-011	1
3.67	31	5.56776	4.41825e-011	4.41347e-079	1.28292e-140	4.41825e-011	1
3.69	31	5.56776	6.80277e-011	2.04802e-078	1.20045e-139	6.80277e-011	1
3.7	20	4.47214	8.43122e-011	4.40141e-078	3.66162e-139	8.43122e-011	1
3.72	22	4.69042	1.29203e-010	2.02331e-077	3.38721e-138	1.29203e-010	1
3.73	20	4.47214	1.59753e-010	4.32791e-077	1.02727e-137	1.59753e-010	1
3.75	25	5	2.43655e-010	1.97091e-076	9.3946e-137	2.43655e-010	1
3.77	24	4.89898	3.70452e-010	8.91938e-076	8.52622e-136	3.70452e-010	1
3.78	28	5.2915	4.56243e-010	1.89299e-075	2.56125e-135	4.56243e-010	1
3.8	17	4.12311	6.90396e-010	8.48657e-075	2.29803e-134	6.90396e-010	1
3.81	27	5.19615	8.48273e-010	1.79268e-074	6.86379e-134	8.48273e-010	1
3.83	24	4.89898	1.27757e-009	7.96169e-074	6.08826e-133	1.27757e-009	1
3.85	27	5.19615	1.91806e-009	3.51386e-073	5.35927e-132	1.91806e-009	1
3.86	18	4.24264	2.3474e-009	7.36468e-073	1.58551e-131	2.3474e-009	1
3.88	21	4.58258	3.5076e-009	3.21996e-072	1.37977e-130	3.5076e-009	1
3.89	30	5.47723	4.2826e-009	6.71705e-072	4.05865e-130	4.2826e-009	1
3.91	33	5.74456	6.36908e-009	2.90933e-071	3.49176e-129	6.36908e-009	1
3.92	30	5.47723	7.75795e-009	6.04059e-071	1.02125e-128	7.75795e-009	1
3.94	30	5.47723	1.14832e-008	2.59185e-070	8.68602e-128	1.14832e-008	1
3.96	23	4.79583	1.69436e-008	1.10515e-069	7.3315e-127	1.69436e-008	1
3.97	33	5.74456	2.05572e-008	2.27669e-069	2.12391e-126	2.05572e-008	1
3.99	28	5.2915	3.01894e-008	9.61681e-069	1.77228e-125	3.01894e-008	1
4	18	4.24264	3.65414e-008	1.97185e-068	5.10491e-125	3.65414e-008	1
4.02	30	5.47723	5.34097e-008	8.25121e-068	4.21124e-124	5.34097e-008	1
4.04	26	5.09902	7.7819e-008	3.43115e-067	3.4476e-123	7.7819e-008	1
4.05	26	5.09902	9.3822e-008	6.98039e-067	9.83617e-123	9.3822e-008	1
4.07	24	4.89898	1.36055e-007	2.87554e-066	7.96082e-122	1.36055e-007	1
4.08	25	5	1.63647e-007	5.82262e-066	2.25829e-121	1.63647e-007	1
4.1	28	5.2915	2.36191e-007	2.37616e-065	1.80691e-120	2.36191e-007	1
4.11	25	5	2.83418e-007	4.78886e-065	5.09649e-120	2.83418e-007	1
4.13	30	5.47723	4.07127e-007	1.936e-064	4.03138e-119	4.07127e-007	1
4.15	41	6.40312	5.82991e-007	7.77782e-064	3.1646e-118	5.82991e-007	1
4.16	27	5.19615	6.9681e-007	1.5553e-063	8.84114e-118	6.9681e-007	1
4.18	33	5.74456	9.93096e-007	6.18988e-063	6.86119e-117	9.93096e-007	1
4.19	26	5.09902	1.18418e-006	1.23196e-062	1.9059e-116	1.18418e-006	1
4.21	29	5.38516	1.67973e-006	4.85716e-062	1.46224e-115	1.67973e-006	1
4.23	41	6.40312	2.37516e-006	1.90304e-061	1.11331e-114	2.37516e-006	1
4.24	38	6.16441	2.82101e-006	3.75802e-061	3.06319e-114	2.82101e-006	1
4.26	40	6.32456	3.97012e-006	1.45861e-060	2.30568e-113	3.97012e-006	1
4.27	33	5.74456	4.70424e-006	2.86689e-060	6.30765e-113	4.70424e-006	1
4.29	49	7	6.5892e-006	1.10232e-059	4.69373e-112	6.5892e-006	1
4.3	30	5.47723	7.78917e-006	2.15644e-059	1.27673e-111	7.78917e-006	1
4.32	38	6.16441	1.08588e-005	8.21399e-059	9.39238e-111	1.08588e-005	1
4.34	34	5.83095	1.50904e-005	3.1092e-058	6.85701e-110	1.50904e-005	1
4.35	35	5.91608	1.77683e-005	6.03497e-058	1.84744e-109	1.77683e-005	1
4.37	33	5.74456	2.4576e-005	2.26301e-057	1.33339e-108	2.4576e-005	1
4.38	36	6	2.88689e-005	4.37192e-057	3.57194e-108	2.88689e-005	1
4.4	41	6.40312	3.97411e-005	1.62405e-056	2.54867e-107	3.97411e-005	1
4.42	34	5.83095	5.45357e-005	5.99525e-056	1.80471e-106	5.45357e-005	1
4.43	37	6.08276	6.38098e-005	1.14919e-055	4.78863e-106	6.38098e-005	1
4.45	45	6.7082	8.71513e-005	4.20256e-055	3.3522e-105	8.71513e-005	1
4.46	41	6.40312	0.000101731	8.01781e-055	8.84394e-105	0.000101731	1
4.48	58	7.61577	0.000138288	2.90467e-054	6.12054e-104	0.000138288	1
4.49	45	6.7082	0.000161041	5.51565e-054	1.60553e-103	0.000161041	1
4.51	43	6.55744	0.000217878	1.9795e-053	1.09847e-102	0.000217878	1
4.53	38	6.16441	0.000293847	7.05979e-053	7.45832e-102	0.000293847	1
4.54	43	6.55744	0.000340848	1.33012e-052	1.93787e-101	0.000340848	1
4.56	44	6.63325	0.000457523	4.69941e-052	1.30077e-100	0.000457523	1
4.57	37	6.08276	0.000529451	8.81251e-052	3.36045e-100	0.000529451	1
4.59	35	5.91608	0.000707332	3.0844e-051	2.22998e-099	0.000707332	1
4.6	32	5.65685	0.000816599	5.75686e-051	5.72808e-099	0.000816599	1
4.62	32	5.65685	0.00108581	1.99606e-050	3.75784e-098	0.00108581	1
4.64	35	5.91608	0.00143922	6.87766e-050	2.44653e-097	0.00143922	1
4.65	40	6.32456	0.001655	1.27366e-049	6.22463e-097	0.001655	1
4.67	33	5.74456	0.00218332	4.34747e-049	4.00637e-096	0.00218332	1
4.68	34	5.83095	0.00250475	8.01324e-049	1.01351e-095	0.00250475	1
4.7	36	6	0.00328873	2.70962e-048	6.44896e-095	0.00328873	1
4.72	36	6	0.0043045	9.10517e-048	4.07227e-094	0.0043045	1
4.73	46	6.78233	0.00491877	1.66516e-047	1.02039e-093	0.00491877	1
4.75	38	6.16441	0.00640762	5.54311e-047	6.36998e-093	0.00640762	1
4.76	39	6.245	0.00730472	1.00898e-046	1.58701e-092	0.00730472	1
4.78	33	5.74456	0.00947085	3.32732e-046	9.79439e-092	0.00947085	1
4.79	37	6.08276	0.0107713	6.0281e-046	2.42623e-091	0.0107713	1
4.81	27	5.19615	0.0138995	1.9693e-045	1.48032e-090	0.0138995	1
4.83	27	5.19615	0.0178797	6.39322e-045	8.96316e-090	0.0178797	1
4.84	28	5.2915	0.0202548	1.14922e-044	2.19923e-089	0.0202548	1
4.86	33	5.74456	0.0259319	3.69598e-044	1.31644e-088	0.0259319	1
4.87	28	5.2915	0.0293071	6.6126e-044	3.21162e-088	0.0293071	1
4.89	29	5.38516	0.0373444	2.10676e-043	1.90056e-087	0.0373444	1
4.91	29	5.38516	0.047436	6.67017e-043	1.11615e-086	0.047436	1
4.92	30	5.47723	0.0533993	1.18407e-042	2.69711e-086	0.0533993	1
4.94	32	5.65685	0.0675092	3.71378e-042	1.5659e-085	0.0675092	1
4.95	32	5.65685	0.0758164	6.56167e-042	3.76229e-085	0.0758164	1
4.97	24	4.89898	0.0953974	2.03878e-041	2.15945e-084	0.0953974	1
4.98	35	5.91608	0.106883	3.58532e-041	5.15876e-084	0.106883	1
5	30	5.47723	0.133853	1.10357e-040	2.92726e-083	0.133853	1
5.02	23	4.79583	0.1671	3.37561e-040	1.6484e-082	0.1671	1
5.03	39	6.245	0.186482	5.88988e-040	3.90048e-082	0.186482	1
5.05	27	5.19615	0.231703	1.78474e-039	2.17142e-081	0.231703	1
5.06	22	4.69042	0.257968	3.09948e-039	5.10872e-081	0.257968	1
5.08	31	5.56776	0.31901	9.3041e-039	2.81166e-080	0.31901	1
5.1	17	4.12311	0.393255	2.77548e-038	1.53567e-079	0.393255	1
5.11	23	4.79583	0.43611	4.78244e-038	3.57866e-079	0.43611	1
5.13	23	4.79583	0.535071	1.41329e-037	1.93232e-078	0.535071	1
5.14	35	5.91608	0.591978	2.42382e-037	4.47729e-078	0.591978	1
5.16	24	4.89898	0.72288	7.09576e-037	2.39001e-077	0.72288	1
5.17	22	4.69042	0.797871	1.21123e-036	5.50616e-077	0.797871	1
5.19	20	4.47214	0.969703	3.51271e-036	2.90575e-076	0.969703	1
5.21	21	4.58258	1.17483	1.01236e-035	1.52178e-075	1.17483	1
5.22	25	5	1.29161	1.7146e-035	3.4726e-075	1.29161	1
5.24	18	4.24264	1.55744	4.89523e-035	1.79793e-074	1.55744	1
5.25	18	4.24264	1.7082	8.25198e-035	4.07934e-074	1.7082	1
5.27	28	5.2915	2.05006	2.33392e-034	2.08802e-073	2.05006	1
5.29	19	4.3589	2.45258	6.55983e-034	1.06062e-072	2.45258	1
5.3	21	4.58258	2.67941	1.09717e-033	2.38359e-072	2.67941	1
5.32	27	5.19615	3.19037	3.05491e-033	1.19697e-071	3.19037	1
5.33	32	5.65685	3.4772	5.08557e-033	2.67465e-071	3.4772	1
5.35	29	5.38516	4.12076	1.40275e-032	1.32784e-070	4.12076	1
5.36	31	5.56776	4.48062	2.32423e-032	2.95013e-070	4.48062	1
5.38	33	5.74456	5.28484	6.35094e-032	1.44792e-069	5.28484	1
5.4	16	4	6.21378	1.72454e-031	7.05232e-069	6.21378	1
5.41	44	6.63325	6.72983	2.83512e-031	1.55196e-068	6.72983	1
5.43	11	3.31662	7.87542	7.62648e-031	7.47299e-068	7.87542	1
5.44	33	5.74456	8.50932	1.2479e-030	1.63515e-067	8.50932	1
5.46	34	5.83095	9.91082	3.32545e-030	7.78385e-067	9.91082	1
5.48	27	5.19615	11.5068	8.80642e-030	3.67719e-066	11.5068	1
5.49	32	5.65685	12.3841	1.42973e-029	7.96953e-066	12.3841	1
5.51	33	5.74456	14.3105	3.75076e-029	3.72203e-065	14.3105	1
5.52	26	5.09902	15.3651	6.06082e-029	8.02064e-065	15.3651	1
5.54	24	4.89898	17.6714	1.57512e-028	3.70323e-064	17.6714	1
5.55	33	5.74456	18.9289	2.53329e-028	7.93457e-064	18.9289	1
5.57	32	5.65685	21.6674	6.52207e-028	3.62177e-063	21.6674	1
5.59	37	6.08276	24.724	1.66864e-027	1.6406e-062	24.724	1
5.6	32	5.65685	26.3792	2.66276e-027	3.48176e-062	26.3792	1
5.62	27	5.19615	29.9584	6.74882e-027	1.55921e-061	29.9584	1
5.63	33	5.74456	31.8884	1.0719e-026	3.29014e-061	31.8884	1
5.65	35	5.91608	36.0442	2.69134e-026	1.45662e-060	36.0442	1
5.67	28	5.2915	40.6133	6.7152e-026	6.39971e-060	40.6133	1
5.68	45	6.7082	43.0597	1.05824e-025	1.33759e-059	43.0597	1
5.7	46	6.78233	48.2891	2.61572e-025	5.80984e-059	48.2891	1
5.71	43	6.55744	51.0768	4.10275e-025	1.20737e-058	51.0768	1
5.73	46	6.78233	57.0095	1.00462e-024	5.1845e-058	57.0095	1
5.74	43	6.55744	60.1583	1.56835e-024	1.07126e-057	60.1583	1
5.76	44	6.63325	66.8289	3.8044e-024	4.54765e-057	66.8289	1
5.78	58	7.61577	74.0055	9.17078e-024	1.91585e-056	74.0055	1
5.79	57	7.54983	77.7857	1.42052e-023	3.92107e-056	77.7857	1
5.81	69	8.30662	85.7323	3.39222e-023	1.63307e-055	85.7323	1
5.82	60	7.74597	89.8986	5.22977e-023	3.32323e-055	89.8986	1
5.84	97	9.84886	98.615	1.23719e-022	1.36831e-054	98.615	1
5.85	58	7.61577	103.163	1.89843e-022	2.76856e-054	103.163	1
5.87	85	9.21954	112.631	4.44905e-022	1.12695e-053	112.631	1
5.89	97	9.84886	122.582	1.03614e-021	4.55239e-053	122.582	1
5.9	101	10.0499	127.73	1.57751e-021	9.12352e-053	127.73	1
5.92	95	9.74679	138.358	3.63949e-021	3.64352e-052	138.358	1
5.93	95	9.74679	143.829	5.5151e-021	7.26035e-052	143.829	1
5.95	122	11.0454	155.062	1.26049e-020	2.86644e-051	155.062	1
5.97	147	12.1244	166.644	2.86287e-020	1.12308e-050	166.644	1
5.98	130	11.4018	172.552	4.3044e-020	2.21667e-050	172.552	1
6	155	12.4499	184.566	9.68486e-020	8.58607e-050	184.566	1
6.01	153	12.3693	190.658	1.44931e-019	1.68499e-049	190.658	1
6.03	177	13.3041	202.97	3.23043e-019	6.45232e-049	202.97	1
6.04	216	14.6969	209.174	4.81159e-019	1.25902e-048	209.174	1
6.06	247	15.7162	221.631	1.06244e-018	4.76624e-048	221.631	1
6.08	236	15.3623	234.091	2.33129e-018	1.79062e-047	234.091	1
6.09	246	15.6844	240.296	3.44526e-018	3.46078e-047	240.296	1
6.11	211	14.5258	252.607	7.48915e-018	1.28537e-046	252.607	1
6.12	258	16.0624	258.691	1.10158e-017	2.47007e-046	258.691	1
6.14	303	17.4069	270.661	2.37216e-017	9.06959e-046	270.661	1
6.16	340	18.4391	282.293	5.07633e-017	3.30483e-045	282.293	1
6.17	340	18.4391	287.954	7.40853e-017	6.29052e-045	287.954	1
6.19	386	19.6469	298.912	1.57056e-016	2.26607e-044	298.912	1
6.2	410	20.2485	304.186	2.28137e-016	4.28868e-044	304.186	1
6.22	357	18.8944	314.271	4.7911e-016	1.52734e-043	314.271	1
6.23	359	18.9473	319.061	6.92684e-016	2.87408e-043	319.061	1
6.25	421	20.5183	328.083	1.44109e-015	1.0119e-042	328.083	1
6.27	383	19.5704	336.299	2.97939e-015	3.53556e-042	336.299	1
6.28	451	21.2368	340.081	4.2739e-015	6.58984e-042	340.081	1
6.3	438	20.9284	346.951	8.75341e-015	2.27626e-041	346.951	1
6.31	451	21.2368	350.024	1.24978e-014	4.21843e-041	350.024	1
6.33	431	20.7605	355.41	2.53573e-014	1.44053e-040	355.41	1
6.35	500	22.3607	359.742	5.11271e-014	4.88178e-040	359.742	1
6.36	475	21.7945	361.5	7.24276e-014	8.96112e-040	361.5	1
6.38	443	21.0476	364.18	1.44667e-013	3.00222e-039	364.18	1
6.39	420	20.4939	365.095	2.03977e-013	5.47949e-039	365.095	1
6.41	468	21.6333	366.066	4.03612e-013	1.81487e-038	366.066	1
6.42	497	22.2935	366.118	5.66414e-013	3.29348e-038	366.118	1
6.44	431	20.7605	365.359	1.11028e-012	1.07842e-037	365.359	1
6.46	419	20.4695	363.453	2.16278e-012	3.5043e-037	363.453	1
6.47	473	21.7486	362.075	3.01148e-012	6.29891e-037	362.075	1
6.49	385	19.6214	358.486	5.81132e-012	2.02351e-036	358.486	1
6.5	443	21.0476	356.284	8.05382e-012	3.61645e-036	356.284	1
6.52	397	19.9249	351.087	1.53962e-011	1.14854e-035	351.087	1
6.54	359	18.9473	344.877	2.92485e-011	3.6199e-035	344.877	1
6.55	408	20.199	341.41	4.02188e-011	6.40808e-035	341.41	1
6.57	354	18.8149	333.788	7.56896e-011	1.99665e-034	333.788	1
6.58	313	17.6918	329.651	1.0359e-010	3.51436e-034	329.651	1
6.6	346	18.6011	320.771	1.93128e-010	1.08254e-033	320.771	1
6.61	270	16.4317	316.047	2.63079e-010	1.89453e-033	316.047	1
6.63	282	16.7929	306.082	4.85879e-010	5.76935e-033	306.082	1
6.65	248	15.748	295.497	8.91761e-010	1.74355e-032	295.497	1
6.66	252	15.8745	290	1.20528e-009	3.02236e-032	290	1
6.68	242	15.5563	278.65	2.19142e-009	9.02984e-032	278.65	1
6.69	201	14.1774	272.82	2.94797e-009	1.55634e-031	272.82	1
6.71	219	14.7986	260.906	5.30979e-009	4.59687e-031	260.906	1
6.73	216	14.6969	248.726	9.50409e-009	1.34743e-030	248.726	1
6.74	186	13.6382	242.563	1.26855e-008	2.30029e-030	242.563	1
6.76	180	13.4164	230.148	2.24935e-008	6.66578e-030	230.148	1
6.77	150	12.2474	223.916	2.98821e-008	1.13147e-029	223.916	1
6.79	146	12.083	211.453	5.24901e-008	3.24142e-029	211.453	1
6.8	159	12.6095	205.241	6.9405e-008	5.47064e-029	205.241	1
6.82	122	11.0454	192.902	1.20774e-007	1.54938e-028	192.902	1
6.84	117	10.8167	180.734	2.08852e-007	4.35471e-028	180.734	1
6.85	166	12.8841	174.735	2.73999e-007	7.27975e-028	174.735	1
6.87	107	10.3441	162.94	4.69384e-007	2.02276e-027	162.94	1
6.88	109	10.4403	157.159	6.12911e-007	3.36213e-027	157.159	1
6.9	115	10.7238	145.859	1.04015e-006	9.23564e-027	145.859	1
6.91	111	10.5357	140.351	1.35183e-006	1.52633e-026	140.351	1
6.93	98	9.89949	129.645	2.27267e-006	4.14503e-026	129.645	1
6.95	95	9.74679	119.379	3.7969e-006	1.11709e-025	119.379	1
6.96	95	9.74679	114.419	4.89614e-006	1.82863e-025	114.419	1
6.98	101	10.0499	104.861	8.10333e-006	4.87208e-025	104.861	1
6.99	88	9.38083	100.267	1.04003e-005	7.92983e-025	100.267	1
7.01	106	10.2956	91.4575	1.7052e-005	2.0887e-024	91.4574	1
7.03	88	9.38083	83.1592	2.7783e-005	5.45974e-024	83.1592	1
7.04	90	9.48683	79.2032	3.53803e-005	8.8019e-024	79.2031	1
7.06	93	9.64365	71.6769	5.71063e-005	2.27456e-023	71.6769	1
7.07	85	9.21954	68.1058	7.23809e-005	3.64598e-023	68.1057	1
7.09	82	9.05539	61.3432	0.000115735	9.31454e-023	61.3431	1
7.1	90	9.48683	58.1493	0.000146003	1.48454e-022	58.1491	1
7.12	70	8.3666	52.1282	0.00023127	3.74941e-022	52.1279	1
7.14	89	9.43398	46.5834	0.000364044	9.39763e-022	46.5831	1
7.15	95	9.74679	43.9843	0.00045567	1.48355e-021	43.9839	1
7.17	81	9	39.1205	0.000710563	3.67606e-021	39.1198	1
7.18	55	7.4162	36.8506	0.000885234	5.77005e-021	36.8497	1
7.2	75	8.66025	32.6213	0.0013675	1.41347e-020	32.6199	1
7.22	47	6.85565	28.7868	0.0020993	3.43618e-020	28.7847	1
7.23	76	8.7178	27.0103	0.00259494	5.34228e-020	27.0077	1
7.25	63	7.93725	23.7238	0.00394632	1.28393e-019	23.7198	1
7.26	66	8.12404	22.2078	0.00485516	1.98475e-019	22.2029	1
7.28	65	8.06226	19.4153	0.00731451	4.71569e-019	19.408	1
7.29	57	7.54983	18.1328	0.00895686	7.24806e-019	18.1239	1
7.31	58	7.61577	15.781	0.0133676	1.7025e-018	15.7676	1
7.33	59	7.68115	13.6943	0.0198258	3.96859e-018	13.6745	1
7.34	52	7.2111	12.7436	0.0240879	6.04181e-018	12.7195	1
7.36	64	8	11.0144	0.0353911	1.39233e-017	10.979	1
7.37	51	7.14143	10.2309	0.0427977	2.10759e-017	10.1881	1
7.39	48	6.9282	8.81473	0.062292	4.80159e-017	8.75244	1
7.41	58	7.61577	7.58551	0.0900994	1.0856e-016	7.49541	1
7.42	63	7.93725	7.03622	0.108105	1.62767e-016	6.92812	1
7.44	47	6.85565	6.06	0.154901	3.6381e-016	5.9051	1
7.45	49	7	5.63025	0.184985	5.42357e-016	5.44527	1
7.47	51	7.14143	4.88188	0.262579	1.19845e-015	4.6193	1
7.48	53	7.28011	4.56164	0.312105	1.77641e-015	4.24954	1
7.5	47	6.85565	4.02681	0.438877	3.88062e-015	3.58793	1
7.52	57	7.54983	3.63308	0.613285	8.41287e-015	3.01979	1
7.53	45	6.7082	3.4904	0.723272	1.23516e-014	2.76713	1
7.55	51	7.14143	3.31921	1.00124	2.64722e-014	2.31797	1
7.56	50	7.07107	3.29428	1.17527	3.86439e-014	2.11901	1
7.58	52	7.2111	3.3784	1.61172	8.18793e-014	1.76668	1
7.6	48	6.9282	3.66474	2.19645	1.72167e-013	1.46829	1
7.61	48	6.9282	3.89508	2.5581	2.48941e-013	1.33698	1
7.63	55	7.4162	4.55948	3.45356	5.17485e-013	1.10592	1
7.64	50	7.07107	5.00796	4.00332	7.4397e-013	1.00464	1
7.66	47	6.85565	6.1812	5.35411	1.52891e-012	0.827094	1
7.67	70	8.3666	6.92689	6.17732	2.18551e-012	0.749573	1
7.69	41	6.40312	8.79853	8.18434	4.44023e-012	0.614192	1
7.71	54	7.34847	11.2774	10.7757	8.95246e-012	0.501678	1
7.72	64	8	12.7883	12.3355	1.26755e-011	0.452868	1
7.74	63	7.93725	16.4574	16.0892	2.52655e-011	0.36816	1
7.75	66	8.12404	18.6633	18.3318	3.55685e-011	0.331556	1
7.77	75	8.66025	23.9547	23.6865	7.00895e-011	0.268267	1
7.79	67	8.18535	30.6305	30.4141	1.37064e-010	0.216376	1
7.8	78	8.83176	34.5769	34.3828	1.91124e-010	0.194096	1
7.82	72	8.48528	43.8912	43.7354	3.69497e-010	0.155813	1
7.83	92	9.59166	49.35	49.2106	5.12289e-010	0.139439	1
7.85	94	9.69536	62.1222	62.0108	9.79121e-010	0.111408	1
7.86	135	11.619	69.5461	69.4466	1.34975e-009	0.0994646	1
7.88	122	11.0454	86.7708	86.6917	2.55035e-009	0.0790945	1
7.9	131	11.4455	107.606	107.543	4.78222e-009	0.0626981	1
7.91	157	12.53	119.554	119.499	6.52982e-009	0.0557564	1
7.93	171	13.0767	146.898	146.854	1.21048e-008	0.0439894	1
7.94	195	13.9642	162.454	162.414	1.64339e-008	0.0390267	1
7.96	231	15.1987	197.757	197.726	3.01177e-008	0.030645	1
7.97	266	16.3095	217.679	217.652	4.06554e-008	0.0271235	1
7.99	288	16.9706	262.514	262.493	7.36587e-008	0.0211978	1
8.01	320	17.8885	314.612	314.595	1.32438e-007	0.0165145	1
8.02	354	18.8149	343.611	343.596	1.77078e-007	0.0145592	1
8.04	374	19.3391	407.955	407.944	3.1476e-007	0.0112891	1
8.05	501	22.383	443.471	443.461	4.1845e-007	0.00992899	1
8.07	523	22.8692	521.591	521.583	7.35332e-007	0.0076625	1
8.09	556	23.5797	609.642	609.636	1.28235e-006	0.00589476	1
8.1	637	25.2389	657.546	657.541	1.68859e-006	0.00516417	1
8.12	825	28.7228	761.359	761.355	2.91122e-006	0.00395404	1
8.13	761	27.5862	817.335	817.331	3.81158e-006	0.0034558	1
8.15	927	30.4467	937.52	937.518	6.4965e-006	0.00263351	1
8.16	949	30.8058	1001.73	1001.73	8.45713e-006	0.00229623	1
8.18	1083	32.909	1138.28	1138.28	1.42503e-005	0.00174159	1
8.2	1172	34.2345	1285.36	1285.36	2.3829e-005	0.00131677	1
8.21	1304	36.1109	1362.67	1362.67	3.07258e-005	0.00114361	1
8.23	1549	39.3573	1524.35	1524.35	5.0794e-005	0.000860565	1
8.24	1492	38.6264	1608.47	1608.47	6.51213e-005	0.000745631	1
8.26	1626	40.3237	1782.47	1782.47	0.000106428	0.00055844	1
8.28	1937	44.0114	1962.96	1962.96	0.000172613	0.000416927	1
8.29	1856	43.0813	2055.11	2055.11	0.000219199	0.000359822	1
8.31	2278	47.7284	2242.03	2242.03	0.000351465	0.000267373	1
8.32	2232	47.244	2336.28	2336.28	0.000443772	0.000230206	1
8.34	2466	49.6588	2524.92	2524.92	0.000703441	0.000170252	1
8.35	2518	50.1797	2618.72	2618.72	0.000883116	0.00014624	1
8.37	2888	53.7401	2803.69	2803.69	0.00138392	0.000107643	1
8.39	2730	52.2494	2982.97	2982.97	0.00215223	7.89831e-005	1
8.4	3018	54.9363	3069.64	3069.64	0.00267629	6.75765e-005	1
8.42	3206	56.6216	3235.37	3235.37	0.00411467	4.93504e-005	1
8.43	3301	57.4543	3313.76	3313.76	0.00508736	4.21235e-005	1
8.45	3652	60.4318	3459.99	3459.99	0.0077325	3.06172e-005	1
8.47	3311	57.5413	3590.11	3590.09	0.0116636	2.21838e-005	1
8.48	3774	61.4329	3648.4	3648.39	0.0142838	1.88607e-005	1
8.5	3768	61.384	3750.18	3750.16	0.0213	1.36011e-005	1
8.51	3484	59.0254	3793.2	3793.18	0.025936	1.15364e-005	1
8.53	4004	63.2772	3862.54	3862.51	0.0382354	8.28e-006	1
8.54	3781	61.4898	3888.54	3888.49	0.0462916	7.00645e-006	1
8.56	3891	62.3779	3922.58	3922.52	0.0674667	5.00501e-006	1
8.58	4298	65.5591	3932.21	3932.11	0.0975799	3.56404e-006	1
8.59	3993	63.1902	3927.8	3927.68	0.117018	3.00398e-006	1
8.61	3994	63.1981	3900.61	3900.45	0.16732	2.12902e-006	1
8.62	4362	66.0454	3877.98	3877.78	0.199504	1.79023e-006	1
8.64	3677	60.6383	3815.14	3814.86	0.282016	1.2628e-006	1
8.66	3913	62.554	3729.91	3729.52	0.39562	8.87962e-007	1
8.67	3731	61.0819	3679.37	3678.91	0.467236	7.43721e-007	1
8.69	3788	61.5467	3563.6	3562.95	0.647987	5.20492e-007	1
8.7	3610	60.0833	3498.88	3498.12	0.760918	4.34913e-007	1
8.72	3328	57.6888	3357.21	3356.16	1.04326	3.02936e-007	1
8.73	3630	60.2495	3280.86	3279.64	1.21808	2.5253e-007	1
8.75	3158	56.1961	3118.76	3117.11	1.65104	1.75068e-007	1
8.77	3011	54.8726	2946.34	2944.12	2.22086	1.20985e-007	1
8.78	3023	54.9818	2857.11	2854.55	2.56839	1.00457e-007	1
8.8	2693	51.8941	2674.32	2670.9	3.41547	6.90958e-008	1
8.81	2741	52.3546	2581.42	2577.49	3.92736	5.72365e-008	1
8.83	2420	49.1935	2394.27	2389.11	5.16316	3.91822e-008	1
8.85	2336	48.3322	2207.39	2200.66	6.73619	2.67384e-008	1
8.86	2137	46.2277	2114.79	2107.12	7.6722	2.2062e-008	1
8.88	2361	48.5901	1932.65	1922.75	9.89563	1.49843e-008	1
8.89	1359	36.8646	1843.6	1832.4	11.2063	1.23344e-008	1
8.91	1692	41.1339	1670.71	1656.42	14.2893	8.33786e-009	1
8.92	1505	38.7943	1587.26	1571.17	16.0895	6.84714e-009	1
8.94	1458	38.1838	1427.28	1406.99	20.2822	4.60672e-009	1
8.96	1274	35.6931	1277.47	1252.1	25.3731	3.08961e-009	1
8.97	1056	32.4962	1206.69	1178.39	28.2982	2.52724e-009	1
8.99	1109	33.3017	1073.85	1038.85	34.9979	1.68696e-009	1
9	997	31.5753	1011.93	973.117	38.8097	1.37664e-009	1
9.02	771	27.7669	897.308	849.857	47.4513	9.14584e-010	1
9.03	825	28.7228	844.666	792.347	52.3189	7.44581e-010	1
9.05	621	24.9199	748.749	685.509	63.2401	4.92335e-010	1
9.07	641	25.318	665.231	589.371	75.8595	3.24519e-010	1
9.08	593	24.3516	628.047	545.2	82.8467	2.63157e-010	1
9.1	537	23.1733	562.601	464.354	98.2467	1.72639e-010	1
9.11	484	22	534.221	427.538	106.683	1.39665e-010	1
9.13	536	23.1517	485.806	360.733	125.073	9.11923e-011	1
9.15	394	19.8494	447.982	302.464	145.517	5.93552e-011	1
9.16	409	20.2237	432.822	276.311	156.512	4.78294e-011	1
9.18	400	20	409.532	229.511	180.021	3.09842e-011	1
9.19	436	20.8806	401.199	208.682	192.517	2.49086e-011	1
9.21	382	19.5448	390.628	171.715	218.913	1.60598e-011	1
9.22	379	19.4679	388.17	155.399	232.771	1.28802e-011	1
9.24	407	20.1742	388.345	126.674	261.671	8.2653e-012	1
9.26	426	20.6398	394.536	102.614	291.922	5.2872e-012	1
9.27	372	19.2873	399.592	92.1395	307.453	4.22372e-012	1
9.29	461	21.4709	413.03	73.9403	339.09	2.6891e-012	1
9.3	465	21.5639	421.172	66.0813	355.091	2.14314e-012	1
9.32	488	22.0907	439.702	52.5329	387.169	1.35802e-012	1
9.34	460	21.4476	460.436	41.5013	418.934	8.57817e-013	1
9.35	493	22.2036	471.336	36.8007	434.535	6.80966e-013	1
9.37	475	21.7945	493.632	28.8008	464.831	4.28113e-013	1
9.38	588	24.2487	504.807	25.419	479.388	3.39048e-013	1
9.4	481	21.9317	526.678	19.7071	506.971	2.12148e-013	1
9.41	552	23.4947	537.172	17.3115	519.861	1.67616e-013	1
9.43	576	24	556.807	13.2959	543.511	1.04385e-013	1
9.45	567	23.8118	574.062	10.148	563.914	6.48028e-014	1
9.46	581	24.1039	581.603	8.8448	572.758	5.09985e-014	1
9.48	575	23.9792	594.179	6.68753	587.491	3.15106e-014	1
9.49	657	25.632	599.099	5.80142	593.298	2.47396e-014	1
9.51	631	25.1197	605.973	4.3454	601.628	1.52138e-014	1
9.53	553	23.516	608.669	3.23447	605.434	9.32639e-015	1
9.54	609	24.6779	608.394	2.784	605.61	7.29352e-015	1
9.56	544	23.3238	604.553	2.05286	602.5	4.44998e-015	1
9.57	574	23.9583	600.991	1.75867	599.232	3.4718e-015	1
9.59	594	24.3721	590.65	1.28467	589.366	2.10824e-015	1
9.6	604	24.5764	583.917	1.0954	582.822	1.64093e-015	1
9.62	539	23.2164	567.489	0.792683	566.697	9.9175e-016	1
9.64	607	24.6374	547.396	0.570036	546.826	5.97508e-016	1
9.65	478	21.8632	536.099	0.482262	535.617	4.63235e-016	1
9.67	468	21.6333	511.293	0.343561	510.95	2.77772e-016	1
9.68	474	21.7715	497.907	0.289296	497.618	2.14842e-016	1
9.7	471	21.7025	469.498	0.204165	469.294	1.28219e-016	1
9.72	461	21.4709	439.359	0.143185	439.215	7.62806e-017	1
9.73	444	21.0713	423.812	0.119628	423.692	5.87668e-017	1
9.75	426	20.6398	392.103	0.0831124	392.02	3.47969e-017	1
9.76	391	19.7737	376.074	0.0691133	376.005	2.67443e-017	1
9.78	313	17.6918	343.983	0.0475677	343.935	1.5761e-017	1
9.79	354	18.8149	328.04	0.0393701	328	1.2085e-017	1
9.81	267	16.3401	296.635	0.0268432	296.608	7.08838e-018	1
9.83	281	16.7631	266.198	0.0181877	266.18	4.14454e-018	1
9.84	274	16.5529	251.451	0.0149359	251.436	3.16539e-018	1
9.86	246	15.6844	223.082	0.0100252	223.072	1.84205e-018	1
9.87	198	14.0712	209.52	0.00819416	209.512	1.40354e-018	1
9.89	230	15.1658	183.766	0.00544859	183.76	8.12917e-019	1
9.91	150	12.2474	159.951	0.00360033	159.948	4.6935e-019	1
9.92	150	12.2474	148.801	0.00291978	148.798	3.56212e-019	1
9.94	137	11.7047	128.043	0.00191129	128.041	2.04694e-019	1
9.95	104	10.198	118.437	0.00154274	118.435	1.54985e-019	1
9.97	102	10.0995	100.754	0.00100043	100.753	8.864e-020	1
9.98	82	9.05539	92.663	0.000803731	92.6622	6.69556e-020	1
10	71	8.42615	77.9305	0.000516322	77.93	3.8113e-020	1
10.02	70	8.3666	65.0418	0.000329616	65.0415	2.16267e-020	1
10.03	50	7.07107	59.2504	0.000262743	59.2502	1.62718e-020	1
10.05	47	6.85565	48.888	0.000166164	48.8878	9.18963e-021	1
10.06	42	6.48074	44.2806	0.000131831	44.2805	6.89788e-021	1
10.08	55	7.4162	36.1201	8.25925e-005	36.1201	3.87725e-021	1
10.1	29	5.38516	29.2394	5.14211e-005	29.2394	2.17251e-021	1
10.11	31	5.56776	26.2322	4.04781e-005	26.2322	1.6243e-021	1
10.13	17	4.12311	20.9933	2.49654e-005	20.9933	9.05838e-022	1
10.14	22	4.69042	18.7266	1.95603e-005	18.7266	6.75661e-022	1
10.16	16	4	14.8159	1.19512e-005	14.8159	3.75023e-022	1
10.17	14	3.74166	13.1408	9.31983e-006	13.1408	2.79067e-022	1
10.19	10	3.16228	10.2782	5.64105e-006	10.2782	1.54164e-022	1
10.21	4	2	7.97803	3.39305e-006	7.97803	8.4896e-023	1
10.22	6	2.44949	7.00877	2.62533e-006	7.00877	6.29254e-023	1
10.24	13	3.60555	5.37832	1.56434e-006	5.37832	3.44886e-023	1
10.25	5	2.23607	4.69791	1.20472e-006	4.69791	2.55028e-023	1
10.27	6	2.44949	3.56398	7.11131e-007	3.56398	1.39118e-023	1
10.28	2	1.41421	3.09533	5.45081e-007	3.09532	1.02628e-023	1
10.3	7	2.64575	2.32146	3.18745e-007	2.32146	5.57196e-024	1
10.32	8	2.82843	1.72783	1.85227e-007	1.72783	3.01564e-024	1
10.33	7	2.64575	1.48637	1.40868e-007	1.48637	2.2159e-024	1
10.35	2	1.41421	1.09368	8.10942e-008	1.09368	1.19362e-024	1
10.36	2	1.41421	0.935467	6.13844e-008	0.935467	8.75008e-025	1
10.38	3	1.73205	0.680484	3.50068e-008	0.680484	4.69109e-025	1
10.4	5	2.23607	0.491237	1.98392e-008	0.491237	2.50707e-025	1
10.41	2	1.41421	0.416182	1.49001e-008	0.416182	1.83062e-025	1
10.43	3	1.73205	0.297017	8.36528e-009	0.297017	9.73725e-026	1
10.44	4	2	0.2502	6.25323e-009	0.2502	7.09318e-026	1
10.46	2	1.41421	0.176527	3.47786e-009	0.176527	3.75512e-026	1
10.47	1	1	0.147853	2.58758e-009	0.147853	2.72899e-026	1
10.49	4	2	0.103128	1.42567e-009	0.103128	1.43791e-026	1
10.51	7	2.64575	0.0713856	7.80587e-010	0.0713856	7.55248e-027	1
10.52	3	1.73205	0.059222	5.76238e-010	0.059222	5.46708e-027	1
10.54	3	1.73205	0.0405267	3.12551e-010	0.0405267	2.85798e-027	1
10.55	6	2.44949	0.0334292	2.29647e-010	0.0334292	2.06394e-027	1
10.57	4	2	0.0226157	1.23395e-010	0.0226157	1.07386e-027	1
10.59	0	1	0.0151836	6.58889e-011	0.0151836	5.56964e-028	1
10.6	5	2.23607	0.0124055	4.8034e-011	0.0124055	4.00639e-028	1
10.62	2	1.41421	0.00823393	2.54086e-011	0.00823393	2.06813e-028	1
10.63	3	1.73205	0.00668898	1.84364e-011	0.00668898	1.48415e-028	1
10.65	1	1	0.00438911	9.66109e-012	0.00438911	7.62514e-029	1
10.66	2	1.41421	0.00354521	6.97718e-012	0.00354521	5.45908e-029	1
10.68	2	1.41421	0.00229977	3.62199e-012	0.00229977	2.79149e-029	1
10.7	3	1.73205	0.00148051	1.86849e-012	0.00148051	1.42292e-029	1
10.71	5	2.23607	0.00118449	1.33889e-012	0.00118449	1.01471e-029	1
10.73	3	1.73205	0.000753844	6.84235e-013	0.000753844	5.14794e-030	1
10.74	4	2	0.000599672	4.87995e-013	0.000599672	3.6624e-030	1
10.76	3	1.73205	0.000377303	2.47056e-013	0.000377303	1.84928e-030	1
10.78	2	1.41421	0.000235587	1.24295e-013	0.000235587	9.30829e-031	1
10.79	7	2.64575	0.000185625	8.7955e-014	0.000185625	6.59614e-031	1
10.81	3	1.73205	0.000114584	4.38364e-014	0.000114584	3.30448e-031	1
10.82	4	2	8.9768e-005	3.08746e-014	8.9768e-005	2.33612e-031	1
10.84	4	2	5.47813e-005	1.52438e-014	5.47813e-005	1.16481e-031	1
10.85	1	1	4.26721e-005	1.06861e-014	4.26721e-005	8.21522e-032	1
10.87	0	1	2.57443e-005	5.2267e-015	2.57443e-005	4.07683e-032	1
10.89	3	1.73205	1.54135e-005	2.54047e-015	1.54135e-005	2.01677e-032	1
10.9	6	2.44949	1.18923e-005	1.767e-015	1.18923e-005	1.4168e-032	1
10.92	1	1	7.03901e-006	8.50829e-016	7.03901e-006	6.97572e-033	1
10.93	1	1	5.39996e-006	5.89011e-016	5.39996e-006	4.88895e-033	1
10.95	1	1	3.15981e-006	2.80961e-016	3.15981e-006	2.39574e-033	1
10.97	1	1	1.83491e-006	1.33182e-016	1.83491e-006	1.17029e-033	1
10.98	4	2	1.39427e-006	9.14796e-017	1.39427e-006	8.16975e-034	1
11	3	1.73205	8.00438e-007	4.29577e-017	8.00438e-007	3.972e-034	1
11.01	6	2.44949	6.04747e-007	2.93683e-017	6.04747e-007	2.76628e-034	1
11.03	1	1	3.43224e-007	1.3662e-017	3.43224e-007	1.33857e-034	1
11.04	4	2	2.57832e-007	9.29629e-018	2.57832e-007	9.30038e-035	1
11.06	3	1.73205	1.44666e-007	4.28412e-018	1.44666e-007	4.47911e-035	1
11.08	7	2.64575	8.05527e-008	1.96196e-018	8.05527e-008	2.15037e-035	1
11.09	1	1	5.99367e-008	1.3246e-018	5.99367e-008	1.4882e-035	1
11.11	3	1.73205	3.29938e-008	6.00941e-019	3.29938e-008	7.11095e-036	1
11.12	1	1	2.44094e-008	4.03817e-019	2.44094e-008	4.90961e-036	1
11.14	0	1	1.32838e-008	1.81488e-019	1.32838e-008	2.33485e-036	1
11.16	4	2	7.17413e-009	8.1057e-020	7.17413e-009	1.10688e-036	1
11.17	4	2	5.25714e-009	5.40432e-020	5.25714e-009	7.61219e-037	1
11.19	2	1.41421	2.80687e-009	2.39111e-020	2.80687e-009	3.59168e-037	1
11.2	2	1.41421	2.0451e-009	1.58675e-020	2.0451e-009	2.46421e-037	1
11.22	1	1	1.07948e-009	6.95482e-021	1.07948e-009	1.15721e-037	1
11.23	2	1.41421	7.82022e-010	4.5936e-021	7.82022e-010	7.92072e-038	1
11.25	2	1.41421	4.08077e-010	1.99456e-021	4.08077e-010	3.70206e-038	1
11.27	2	1.41421	2.11324e-010	8.60636e-022	2.11324e-010	1.72485e-038	1
11.28	2	1.41421	1.51638e-010	5.64007e-022	1.51638e-010	1.17596e-038	1
11.3	3	1.73205	7.76322e-011	2.41087e-022	7.76322e-011	5.45316e-039	1
11.31	6	2.44949	5.53878e-011	1.57253e-022	5.53878e-011	3.70904e-039	1
11.33	0	1	2.80332e-011	6.65893e-023	2.80332e-011	1.71183e-039	1
11.34	3	1.73205	1.98864e-011	4.32301e-023	1.98864e-011	1.16158e-039	1
11.36	3	1.73205	9.95039e-012	1.81347e-023	9.95039e-012	5.33572e-040	1
11.38	2	1.41421	4.94091e-012	7.55983e-024	4.94091e-012	2.44325e-040	1
11.39	3	1.73205	3.47173e-012	4.86959e-024	3.47173e-012	1.65136e-040	1
11.41	7	2.64575	1.70427e-012	2.011e-024	1.70427e-012	7.52599e-041	1
11.42	3	1.73205	1.19067e-012	1.28929e-024	1.19067e-012	5.0747e-041	1
11.44	4	2	5.7784e-013	5.27456e-025	5.7784e-013	2.30185e-041	1
11.46	3	1.73205	2.78297e-013	2.14437e-025	2.78297e-013	1.04082e-041	1
11.47	4	2	1.92582e-013	1.36407e-025	1.92582e-013	6.9905e-042	1
11.49	7	2.64575	9.16941e-014	5.49375e-026	9.16941e-014	3.14594e-042	1
11.5	2	1.41421	6.309e-014	3.47827e-026	6.309e-014	2.10794e-042	1
11.52	3	1.73205	2.9697e-014	1.38775e-026	2.9697e-014	9.44159e-043	1
11.53	3	1.73205	2.03163e-014	8.74513e-027	2.03163e-014	6.3114e-043	1
11.55	3	1.73205	9.45412e-015	3.45647e-027	9.45412e-015	2.81357e-043	1
11.57	4	2	4.36597e-015	1.35761e-027	4.36597e-015	1.25032e-043	1
11.58	1	1	2.95847e-015	8.48844e-028	2.95847e-015	8.3251e-044	1
11.6	2	1.41421	1.35068e-015	3.30285e-028	1.35068e-015	3.68212e-044	1
11.61	3	1.73205	9.10023e-016	2.05541e-028	9.10023e-016	2.4459e-044	1
11.63	1	1	4.10736e-016	7.92279e-029	4.10736e-016	1.07669e-044	1
11.65	1	1	1.83974e-016	3.03483e-029	1.83974e-016	4.72473e-045	1
11.66	1	1	1.22775e-016	1.87388e-029	1.22775e-016	3.12612e-045	1
11.68	3	1.73205	5.43664e-017	7.11077e-030	5.43664e-017	1.36532e-045	1
11.69	3	1.73205	3.60742e-017	4.37001e-030	3.60742e-017	9.01231e-046	1
11.71	2	1.41421	1.57922e-017	1.64276e-030	1.57922e-017	3.91752e-046	1
11.72	5	2.23607	1.04189e-017	1.00484e-030	1.04189e-017	2.57979e-046	1
11.74	4	2	4.50912e-018	3.74203e-031	4.50912e-018	1.11611e-046	1
11.76	0	1	1.93662e-018	1.38482e-031	1.93662e-018	4.81345e-047	1
11.77	4	2	1.26555e-018	8.40459e-032	1.26555e-018	3.15732e-047	1
11.79	3	1.73205	5.37351e-019	3.0812e-032	5.37351e-019	1.35523e-047	1
11.8	1	1	3.49143e-019	1.86124e-032	3.49143e-019	8.86847e-048	1
11.82	3	1.73205	1.46558e-019	6.75962e-033	1.46558e-019	3.7887e-048	1
11.84	4	2	6.10515e-020	2.43962e-033	6.10515e-020	1.61347e-048	1
11.85	3	1.73205	3.92913e-020	1.46218e-033	3.92913e-020	1.05168e-048	1
11.87	2	1.41421	1.61812e-020	5.22777e-034	1.61812e-020	4.45761e-049	1
11.88	5	2.23607	1.03544e-020	3.11856e-034	1.03544e-020	2.89866e-049	1
11.9	4	2	4.21562e-021	1.10456e-034	4.21562e-021	1.22281e-049	1
11.91	2	1.41421	2.68218e-021	6.55819e-035	2.68218e-021	7.93281e-050	1
11.93	6	2.44949	1.07957e-021	2.3011e-035	1.07957e-021	3.3307e-050	1
11.95	3	1.73205	4.3122e-022	8.0235e-036	4.3122e-022	1.39403e-050	1
11.96	4	2	2.71756e-022	4.72669e-036	2.71756e-022	9.00801e-051	1
11.98	5	2.23607	1.07313e-022	1.63269e-036	1.07313e-022	3.75243e-051	1
11.99	2	1.41421	6.72427e-023	9.57317e-037	6.72427e-023	2.41903e-051	1
12.01	4	2	2.62508e-023	3.27581e-037	2.62508e-023	1.00293e-051	1
12.03	1	1	1.01701e-023	1.11394e-037	1.01701e-023	4.14505e-052	1
12.04	2	1.41421	6.31207e-024	6.48054e-038	6.31207e-024	2.66162e-052	1
12.06	2	1.41421	2.41757e-024	2.18308e-038	2.41757e-024	1.09484e-052	1
12.07	2	1.41421	1.4919e-024	1.26409e-038	1.4919e-024	7.01357e-053	1
12.09	1	1	5.649e-025	4.21846e-039	5.649e-025	2.87137e-053	1
12.1	3	1.73205	3.46612e-025	2.43121e-039	3.46612e-025	1.83506e-053	1
12.12	3	1.73205	1.29748e-025	8.03739e-040	1.29748e-025	7.47734e-054	1
12.14	3	1.73205	4.81995e-026	2.6405e-040	4.81995e-026	3.0372e-054	1
12.15	3	1.73205	2.92934e-026	1.50991e-040	2.92934e-026	1.9334e-054	1
12.17	1	1	1.07581e-026	4.91405e-041	1.07581e-026	7.81616e-055	1
12.18	1	1	6.50094e-027	2.79681e-041	6.50094e-027	4.96381e-055	1
12.2	2	1.41421	2.3603e-027	9.01715e-042	2.3603e-027	1.99725e-055	1
12.22	2	1.41421	8.50439e-028	2.88904e-042	8.50439e-028	8.01086e-056	1
12.23	3	1.73205	5.09023e-028	1.63145e-042	5.09023e-028	5.06745e-056	1
12.25	1	1	1.81317e-028	5.17816e-043	1.81317e-028	2.02293e-056	1
12.26	2	1.41421	1.07906e-028	2.91042e-043	1.07906e-028	1.27663e-056	1
12.28	1	1	3.79989e-029	9.15111e-044	3.79989e-029	5.07227e-057	1
12.29	3	1.73205	2.24849e-029	5.11932e-044	2.24849e-029	3.19343e-057	1
12.31	2	1.41421	7.82783e-030	1.59459e-044	7.82783e-030	1.26282e-057	1
12.33	0	1	2.70443e-030	4.93584e-045	2.70443e-030	4.97799e-058	1
12.34	2	1.41421	1.58508e-030	2.73967e-045	1.58508e-030	3.12174e-058	1
12.36	1	1	5.4139e-031	8.40095e-046	5.4139e-031	1.22477e-058	1
12.37	5	2.23607	3.15498e-031	4.64113e-046	3.15498e-031	7.66253e-059	1
12.39	2	1.41421	1.06533e-031	1.40985e-046	1.06533e-031	2.9921e-059	1
12.4	4	2	6.17279e-032	7.7522e-047	6.17279e-032	1.86752e-059	1
12.42	4	2	2.06059e-032	2.33287e-047	2.06059e-032	7.25796e-060	1
12.44	1	1	6.82632e-033	6.97644e-048	6.82632e-033	2.81187e-060	1
12.45	3	1.73205	3.91778e-033	3.80614e-048	3.91778e-033	1.74812e-060	1
12.47	3	1.73205	1.2831e-033	1.12758e-048	1.2831e-033	6.74057e-061	1
12.48	4	2	7.32194e-034	6.12287e-049	7.32194e-034	4.18067e-061	1
12.5	10	3.16228	2.37067e-034	1.79694e-049	2.37067e-034	1.60441e-061	1
12.52	2	1.41421	7.61727e-035	5.2407e-050	7.61727e-035	6.13787e-062	1
12.53	4	2	4.30546e-035	2.82356e-050	4.30546e-035	3.79188e-062	1
12.55	5	2.23607	1.36765e-035	8.15774e-051	1.36765e-035	1.44378e-062	1
12.56	1	1	7.68612e-036	4.37458e-051	7.68612e-036	8.89838e-063	1
12.58	1	1	2.41372e-036	1.25206e-051	2.41372e-036	3.37212e-063	1
12.59	2	1.41421	1.34875e-036	6.68269e-052	1.34875e-036	2.07341e-063	1
12.61	2	1.41421	4.18733e-037	1.89478e-052	4.18733e-037	7.82028e-064	1
12.63	4	2	1.2901e-037	5.33882e-053	1.2901e-037	2.94029e-064	1
12.64	4	2	7.14044e-038	2.82727e-053	7.14044e-038	1.80078e-064	1
12.66	3	1.73205	2.1749e-038	7.8917e-054	2.1749e-038	6.73866e-065	1
12.67	4	2	1.19688e-038	4.1596e-054	1.19688e-038	4.11733e-065	1
12.69	1	1	3.60405e-039	1.1502e-054	3.60405e-039	1.53347e-065	1
12.71	5	2.23607	1.07699e-039	3.1606e-055	1.07699e-039	5.69329e-066	1
12.72	2	1.41421	5.87056e-040	1.65291e-055	5.87056e-040	3.46493e-066	1
12.74	8	2.82843	1.73431e-040	4.4995e-056	1.73431e-040	1.28035e-066	1
12.75	3	1.73205	9.39956e-041	2.34208e-056	9.39956e-041	7.77377e-067	1
12.77	1	1	2.74524e-041	6.31589e-057	2.74524e-041	2.85898e-067	1
12.78	1	1	1.47936e-041	3.27213e-057	1.47936e-041	1.73176e-067	1
12.8	2	1.41421	4.27141e-042	8.74139e-058	4.27141e-042	6.33887e-068	1
12.82	1	1	1.22392e-042	2.32065e-058	1.22392e-042	2.31296e-068	1
12.83	5	2.23607	6.53281e-043	1.19289e-058	6.53281e-043	1.3955e-068	1
12.85	3	1.73205	1.85058e-043	3.13724e-059	1.85058e-043	5.06795e-069	1
12.86	4	2	9.82125e-044	1.60509e-059	9.82125e-044	3.05048e-069	1
12.88	1	1	2.75042e-044	4.18179e-060	2.75042e-044	1.10259e-069	1
12.9	2	1.41421	7.6439e-045	1.08269e-060	7.6439e-045	3.97275e-070	1
12.91	3	1.73205	4.01818e-045	5.49608e-061	4.01818e-045	2.38186e-070	1
12.93	3	1.73205	1.104e-045	1.40965e-061	1.104e-045	8.54156e-071	1
12.94	4	2	5.77029e-046	7.12229e-062	5.77029e-046	5.10898e-071	1
12.96	3	1.73205	1.56734e-046	1.80965e-062	1.56734e-046	1.82348e-071	1
12.97	1	1	8.14524e-047	9.10043e-063	8.14524e-047	1.08811e-071	1
12.99	1	1	2.18724e-047	2.29063e-063	2.18724e-047	3.86531e-072	1
13.01	2	1.41421	5.82869e-048	5.72961e-064	5.82869e-048	1.36876e-072	1
13.02	3	1.73205	3.0003e-048	2.85884e-064	3.0003e-048	8.13551e-073	1
13.04	2	1.41421	7.90434e-049	7.08399e-065	7.90434e-049	2.8673e-073	1
13.05	1	1	4.0455e-049	3.51804e-065	4.0455e-049	1.70021e-073	1
13.07	3	1.73205	1.05365e-049	8.63587e-066	1.05365e-049	5.96399e-074	1
13.09	1	1	2.72338e-050	2.10664e-066	2.72338e-050	2.08546e-074	1
13.1	3	1.73205	1.3806e-050	1.03803e-066	1.3806e-050	1.23174e-074	1
13.12	5	2.23607	3.5278e-051	2.50848e-067	3.5278e-051	4.28675e-075	1
13.13	4	2	1.77819e-051	1.23024e-067	1.77819e-051	2.52592e-075	1
13.15	0	1	4.49198e-052	2.94516e-068	4.49198e-052	8.74932e-076	1
13.16	3	1.73205	2.25125e-052	1.43763e-068	2.25125e-052	5.14325e-076	1
13.18	2	1.41421	5.62224e-053	3.40943e-069	5.62224e-053	1.77312e-076	1
13.2	6	2.44949	1.39341e-053	8.03516e-070	1.39341e-053	6.09352e-077	1
13.21	4	2	6.91703e-054	3.89162e-070	6.91703e-054	3.56796e-077	1
13.23	1	1	1.69478e-054	9.08575e-071	1.69478e-054	1.22038e-077	1
13.24	3	1.73205	8.36502e-055	4.37981e-071	8.36502e-055	7.12886e-078	1
13.26	3	1.73205	2.02622e-055	1.01298e-071	2.02622e-055	2.42684e-078	1
13.28	1	1	4.87069e-056	2.32824e-072	4.87069e-056	8.23556e-079	1
13.29	2	1.41421	2.38121e-056	1.11358e-072	2.38121e-056	4.79187e-079	1
13.31	6	2.44949	5.65883e-057	2.5355e-073	5.65883e-057	1.61846e-079	1
13.32	3	1.73205	2.75072e-057	1.20702e-073	2.75072e-057	9.39478e-080	1
13.34	9	3	6.46251e-058	2.72254e-074	6.46251e-058	3.15812e-080	1
13.35	0	1	3.12345e-058	1.28998e-074	3.12345e-058	1.82889e-080	1
13.37	2	1.41421	7.2546e-059	2.88244e-075	7.2546e-059	6.11891e-081	1
13.39	4	2	1.67215e-059	6.40054e-076	1.67215e-059	2.04076e-081	1
13.4	2	1.41421	8.00504e-060	3.00901e-076	8.00504e-060	1.17717e-081	1
13.42	3	1.73205	1.82411e-060	6.61906e-077	1.82411e-060	3.90752e-082	1
13.43	6	2.44949	8.68264e-061	3.09715e-077	8.68264e-061	2.24864e-082	1
13.45	2	1.41421	1.95598e-061	6.74919e-078	1.95598e-061	7.42896e-083	1
13.46	3	1.73205	9.25717e-062	3.14323e-078	9.25717e-062	4.265e-083	1
13.48	4	2	2.06166e-062	6.78552e-079	2.06166e-062	1.4024e-083	1
13.5	2	1.41421	4.55658e-063	1.45569e-079	4.55658e-063	4.59682e-084	1
13.51	3	1.73205	2.13603e-063	6.72652e-080	2.13603e-063	2.62867e-084	1
13.53	2	1.41421	4.66717e-064	1.42953e-080	4.66717e-064	8.57563e-085	1
13.54	2	1.41421	2.17537e-064	6.57466e-081	2.17537e-064	4.89235e-085	1
13.56	3	1.73205	4.69902e-065	1.38418e-081	4.69902e-065	1.58852e-085	1
13.58	1	1	1.00731e-065	2.89595e-082	1.00731e-065	5.1416e-086	1
13.59	3	1.73205	4.65048e-066	1.32151e-082	4.65048e-066	2.92171e-086	1
13.61	2	1.41421	9.85552e-067	2.73895e-083	9.85552e-067	9.41214e-087	1
13.62	2	1.41421	4.52404e-067	1.244e-083	4.52404e-067	5.33581e-087	1
13.64	3	1.73205	9.47837e-068	2.55419e-084	9.47837e-068	1.71079e-087	1
13.65	3	1.73205	4.32607e-068	1.15465e-084	4.32607e-068	9.67567e-088	1
13.67	2	1.41421	8.96036e-069	2.34854e-085	8.96036e-069	3.08761e-088	1
13.69	2	1.41421	1.8418e-069	4.74708e-086	1.8418e-069	9.82189e-089	1
13.7	2	1.41421	8.32637e-070	2.12921e-086	8.32637e-070	5.53309e-089	1
13.72	2	1.41421	1.69199e-070	4.26348e-087	1.69199e-070	1.7518e-089	1
13.73	2	1.41421	7.60543e-071	1.90334e-087	7.60543e-071	9.84532e-090	1
13.75	5	2.23607	1.52788e-071	3.77553e-088	1.52788e-071	3.10237e-090	1
13.77	6	2.44949	3.04607e-072	7.44249e-089	3.04607e-072	9.7451e-091	1
13.78	5	2.23607	1.35619e-072	3.29661e-089	1.35619e-072	5.45531e-091	1
13.8	2	1.41421	2.67299e-073	6.43762e-090	2.67299e-073	1.70552e-091	1
13.81	2	1.41421	1.18329e-073	2.83814e-090	1.18329e-073	9.52496e-092	1
13.83	2	1.41421	2.30564e-074	5.49045e-091	2.30564e-074	2.96379e-092	1
13.84	2	1.41421	1.01484e-074	2.40921e-091	1.01484e-074	1.6513e-092	1
13.86	2	1.41421	1.9549e-075	4.61707e-092	1.9549e-075	5.11393e-093	1
13.88	3	1.73205	3.73709e-076	8.79299e-093	3.73709e-076	1.57876e-093	1
13.89	2	1.41421	1.62928e-076	3.82826e-093	1.62928e-076	8.76155e-094	1
13.91	3	1.73205	3.07914e-077	7.22251e-094	3.07914e-077	2.69207e-094	1
13.92	5	2.23607	1.33476e-077	3.12976e-094	1.33476e-077	1.49048e-094	1
13.94	5	2.23607	2.49381e-078	5.84946e-095	2.49381e-078	4.55801e-095	1
13.96	4	2	4.62388e-079	1.08642e-095	4.62388e-079	1.38949e-095	1
13.97	1	1	1.98534e-079	4.6711e-096	1.98534e-079	7.66272e-096	1
13.99	6	2.44949	3.63919e-080	8.59446e-097	3.63919e-080	2.32493e-096	1
14	0	1	1.55362e-080	3.67788e-097	1.55362e-080	1.27911e-096	1
14.02	3	1.73205	2.81539e-081	6.70371e-098	2.81539e-081	3.8626e-097	1
14.03	5	2.23607	1.19507e-081	2.85531e-098	1.19507e-081	2.12008e-097	1
14.05	2	1.41421	2.14098e-082	5.1557e-099	2.14098e-082	6.37191e-098	1
14.07	1	1	3.80641e-083	9.25123e-100	3.80641e-083	1.90905e-098	1
14.08	7	2.64575	1.60038e-083	3.90963e-100	1.60038e-083	1.0437e-098	1
14.1	0	1	2.81288e-084	6.94968e-101	2.81288e-084	3.11221e-099	1
14.11	2	1.41421	1.17591e-084	2.9232e-101	1.17591e-084	1.69747e-099	1
14.13	1	1	2.04327e-085	5.14761e-102	2.04327e-085	5.03779e-100	1
14.15	1	1	3.52341e-086	9.00805e-103	3.52341e-086	1.49042e-100	1
14.16	1	1	1.45894e-086	3.75944e-103	1.45894e-086	8.09709e-101	1
14.18	1	1	2.48715e-087	6.51726e-104	2.48715e-087	2.3842e-101	1
14.19	4	2	1.02397e-087	2.70717e-104	1.02397e-087	1.29222e-101	1
14.21	3	1.73205	1.72575e-088	4.64916e-105	1.72575e-088	3.787e-102	1
14.22	1	1	7.06443e-089	1.92214e-105	7.06443e-089	2.04768e-102	1
14.24	7	2.64575	1.17704e-089	3.2701e-106	1.17704e-089	5.97263e-103	1
14.26	2	1.41421	1.9462e-090	5.5286e-107	1.9462e-090	1.7366e-103	1
14.27	5	2.23607	7.89118e-091	2.26789e-107	7.89118e-091	9.35308e-104	1
14.29	0	1	1.28992e-091	3.79834e-108	1.28992e-091	2.70667e-104	1
14.3	1	1	5.20034e-092	1.55081e-108	5.20034e-092	1.45432e-104	1
14.32	1	1	8.40386e-093	2.57305e-109	8.40386e-093	4.18877e-105	1
14.34	3	1.73205	1.34775e-093	4.24245e-110	1.34775e-093	1.20266e-105	1
14.35	4	2	5.38185e-094	1.71862e-110	5.38185e-094	6.43661e-106	1
14.37	2	1.41421	8.53273e-095	2.80714e-111	8.53273e-095	1.83933e-106	1
14.38	3	1.73205	3.38784e-095	1.13184e-111	3.38784e-095	9.82077e-107	1
14.4	1	1	5.31012e-096	1.83142e-112	5.31012e-096	2.79314e-107	1
14.41	1	1	2.09629e-096	7.34967e-113	2.09629e-096	1.48783e-107	1
14.43	1	1	3.24832e-097	1.17811e-113	3.24832e-097	4.21157e-108	1
14.45	1	1	4.99515e-098	1.87665e-114	4.99515e-098	1.18841e-108	1
14.46	1	1	1.95322e-098	7.47243e-115	1.95322e-098	6.30542e-109	1
14.48	4	2	2.96938e-099	1.17917e-115	2.96938e-099	1.77085e-109	1
14.49	4	2	1.15446e-099	4.67319e-116	1.15446e-099	9.37352e-110	1
14.51	1	1	1.73509e-100	7.30541e-117	1.73509e-100	2.62009e-110	1
14.53	0	1	2.58789e-101	1.13489e-117	2.58789e-101	7.30061e-111	1
14.54	4	2	9.96586e-102	4.46261e-118	9.96586e-102	3.84917e-111	1
14.56	1	1	1.46948e-102	6.86777e-119	1.46948e-102	1.06747e-111	1
14.57	2	1.41421	5.6266e-103	2.68787e-119	5.6266e-103	5.61484e-112	1
14.59	2	1.41421	8.20203e-104	4.09782e-120	8.20203e-104	1.54979e-112	1
14.6	2	1.41421	3.12259e-104	1.59626e-120	3.12259e-104	8.13252e-113	1
14.62	0	1	4.50003e-105	2.41083e-121	4.50003e-105	2.23411e-113	1
14.64	2	1.41421	6.43576e-106	3.61831e-122	6.43576e-106	6.11808e-114	1
14.65	6	2.44949	2.42688e-106	1.39847e-122	2.42688e-106	3.19784e-114	1
14.67	1	1	3.43129e-107	2.07927e-123	3.43129e-107	8.71589e-115	1
14.68	3	1.73205	1.28653e-107	7.99869e-124	1.28653e-107	4.54492e-115	1
14.7	6	2.44949	1.79826e-108	1.17813e-124	1.79826e-108	1.2329e-115	1
14.71	4	2	6.7039e-109	4.51086e-125	6.7039e-109	6.41377e-116	1
14.73	5	2.23607	9.26376e-110	6.58189e-126	9.26376e-110	1.73165e-116	1
14.75	0	1	1.27037e-110	9.54377e-127	1.27037e-110	4.66054e-117	1
14.76	6	2.44949	4.69093e-111	3.62564e-127	4.69093e-111	2.41497e-117	1
14.78	1	1	6.35958e-112	5.208e-128	6.35958e-112	6.46894e-118	1
14.79	1	1	2.33491e-112	1.96922e-128	2.3349e-112	3.34411e-118	1
14.81	1	1	3.12942e-113	2.80219e-129	3.12942e-113	8.91554e-119	1
14.83	3	1.73205	4.1624e-114	3.96259e-130	4.16237e-114	2.36944e-119	1
14.84	3	1.73205	1.5137e-114	1.48662e-130	1.51369e-114	1.22006e-119	1
14.86	2	1.41421	1.99043e-115	2.08257e-131	1.9904e-115	3.22718e-120	1
14.87	3	1.73205	7.19709e-116	7.77638e-132	7.19693e-116	1.6578e-120	1
14.89	2	1.41421	9.35612e-117	1.07918e-132	9.35569e-117	4.36435e-121	1
14.9	2	1.41421	3.36376e-117	4.01081e-133	3.36354e-117	2.23666e-121	1
14.92	2	1.41421	4.32323e-118	5.51398e-134	4.32265e-118	5.8605e-122	1
14.94	4	2	5.51452e-119	7.53316e-135	5.51299e-119	1.53073e-122	1
14.95	4	2	1.96397e-119	2.77787e-135	1.96319e-119	7.81389e-123	1
14.97	2	1.41421	2.47731e-120	3.7596e-136	2.47528e-120	2.03131e-123	1
14.98	5	2.23607	8.77455e-121	1.37986e-136	8.7642e-121	1.03447e-123	1
15	1	1	1.09512e-121	1.85004e-137	1.09245e-121	2.67653e-124	1
15.02	5	2.23607	1.35827e-122	2.46494e-138	1.35136e-122	6.90332e-125	1
15.03	1	1	4.77431e-123	8.9763e-139	4.7393e-123	3.50176e-125	1
15.05	2	1.41421	5.88565e-124	1.18478e-139	5.79576e-124	8.98913e-126	1
15.06	2	1.41421	2.06649e-124	4.29427e-140	2.021e-124	4.54903e-126	1
15.08	0	1	2.55958e-125	5.61498e-141	2.44336e-125	1.16224e-126	1
15.09	5	2.23607	9.05816e-126	2.02561e-141	8.47139e-126	5.86772e-127	1
15.11	6	2.44949	1.16172e-126	2.62381e-142	1.01252e-126	1.49208e-127	1
15.13	2	1.41421	1.57919e-127	3.37743e-143	1.20097e-127	3.78219e-128	1
15.14	2	1.41421	6.02632e-128	1.20891e-143	4.12434e-128	1.90198e-128	1
15.16	3	1.73205	9.63474e-129	1.54158e-144	4.83628e-129	4.79846e-129	1
15.17	4	2	4.05871e-129	5.49199e-145	1.65137e-129	2.40734e-129	1
15.19	1	1	7.95914e-130	6.93775e-146	1.91438e-130	6.04477e-130	1
15.21	2	1.41421	1.73329e-130	8.70934e-147	2.20238e-131	1.51305e-130	1
15.22	7	2.64575	8.3058e-131	3.07856e-147	7.44871e-132	7.56093e-131	1
15.24	6	2.44949	1.96834e-131	3.82853e-148	8.47172e-133	1.88362e-131	1
15.25	1	1	9.67539e-132	1.34696e-148	2.84887e-133	9.39051e-132	1
15.27	6	2.44949	2.36041e-132	1.65941e-149	3.20324e-134	2.32837e-132	1
15.28	1	1	1.16874e-132	5.81078e-150	1.07103e-134	1.15803e-132	1
15.3	3	1.73205	2.86969e-133	7.09174e-151	1.19054e-135	2.85779e-133	1
15.32	2	1.41421	7.04336e-134	8.60101e-152	1.31331e-136	7.03023e-134	1
15.33	1	1	3.48712e-134	2.98832e-152	4.34948e-137	3.48277e-134	1
15.35	5	2.23607	8.53201e-135	3.59038e-153	4.74337e-138	8.52727e-135	1
15.36	2	1.41421	4.21599e-135	1.24159e-153	1.56196e-138	4.21443e-135	1
15.38	4	2	1.02716e-135	1.47777e-154	1.68401e-139	1.027e-135	1
15.4	1	1	2.49494e-136	1.7479e-155	1.80178e-140	2.49476e-136	1
15.41	4	2	1.22819e-136	5.99724e-156	5.87677e-141	1.22813e-136	1
15.43	5	2.23607	2.96935e-137	7.02712e-157	6.21617e-142	2.96928e-137	1
15.44	2	1.41421	1.4583e-137	2.39977e-157	2.01591e-142	1.45828e-137	1
15.46	1	1	3.50909e-138	2.78557e-158	2.10805e-143	3.50907e-138	1
15.47	2	1.41421	1.71932e-138	9.46814e-159	6.79738e-144	1.71931e-138	1
15.49	1	1	4.11767e-139	1.08874e-159	7.0271e-145	4.11766e-139	1
15.51	1	1	9.83056e-140	1.24413e-160	7.20932e-146	9.83055e-140	1
15.52	5	2.23607	4.79764e-140	4.19579e-161	2.30255e-146	4.79764e-140	1
15.54	3	1.73205	1.13999e-140	4.74974e-162	2.33536e-147	1.13999e-140	1
15.55	6	2.44949	5.55038e-141	1.59433e-162	7.4162e-148	5.55038e-141	1
15.57	5	2.23607	1.31262e-141	1.78793e-163	7.43619e-149	1.31262e-141	1
15.59	4	2	3.09448e-142	1.99252e-164	7.39951e-150	3.09448e-142	1
15.6	1	1	1.50072e-142	6.63601e-165	2.32748e-150	1.50072e-142	1
15.62	2	1.41421	3.52121e-143	7.32615e-166	2.28962e-151	3.52121e-143	1
15.63	1	1	1.70363e-143	2.42851e-166	7.16075e-152	1.70363e-143	1
15.65	6	2.44949	3.97845e-144	2.65599e-167	6.96404e-153	3.97845e-144	1
15.66	4	2	1.9203e-144	8.7629e-168	2.16556e-153	1.9203e-144	1
15.68	2	1.41421	4.46328e-145	9.49404e-169	2.08208e-154	4.46328e-145	1
15.7	0	1	1.03411e-145	1.02219e-169	1.9866e-155	1.03411e-145	1
15.71	4	2	4.97178e-146	3.3462e-170	6.11888e-156	4.97178e-146	1
15.73	4	2	1.14649e-146	3.56904e-171	5.77177e-157	1.14649e-146	1
15.74	2	1.41421	5.49906e-147	1.16287e-171	1.7676e-157	5.49906e-147	1
15.76	2	1.41421	1.2621e-147	1.2287e-172	1.64834e-158	1.2621e-147	1
15.77	1	1	6.03924e-148	3.98458e-173	5.0192e-159	6.03924e-148	1
15.79	3	1.73205	1.37954e-148	4.17077e-174	4.62724e-160	1.37954e-148	1
15.81	4	2	3.14134e-149	4.33837e-175	4.23344e-161	3.14134e-149	1
15.82	3	1.73205	1.49724e-149	1.39592e-175	1.27684e-161	1.49724e-149	1
15.84	2	1.41421	3.39326e-150	1.43844e-176	1.15487e-162	3.39326e-150	1
15.85	2	1.41421	1.61349e-150	4.60663e-177	3.46328e-163	1.61349e-150	1
15.87	2	1.41421	3.63948e-151	4.70251e-178	3.09677e-164	3.63948e-151	1
15.89	1	1	8.18354e-152	4.77038e-179	2.74799e-165	8.18354e-152	1
15.9	2	1.41421	3.87595e-152	1.51581e-179	8.16251e-166	3.87595e-152	1
15.92	3	1.73205	8.67413e-153	1.5233e-180	7.16069e-167	8.67413e-153	1
15.93	3	1.73205	4.09861e-153	4.81765e-181	2.11484e-167	4.09861e-153	1
15.95	5	2.23607	9.12912e-154	4.79616e-182	1.83414e-168	9.12912e-154	1
15.96	5	2.23607	4.3034e-154	1.50974e-182	5.38601e-169	4.3034e-154	1
15.98	7	2.64575	9.54004e-155	1.48894e-183	4.61794e-170	9.54004e-155	1
16	2	1.41421	2.10823e-155	1.45925e-184	3.92929e-171	2.10823e-155	1
16.01	2	1.41421	9.89896e-156	4.55761e-185	1.14289e-171	9.89896e-156	1
16.03	7	2.64575	2.17723e-156	4.42494e-186	9.61376e-173	2.17723e-156	1
16.04	4	2	1.01987e-156	1.37554e-186	2.78032e-173	1.01987e-156	1
16.06	2	1.41421	2.23258e-157	1.323e-187	2.31212e-174	2.23258e-157	1
16.08	3	1.73205	4.87187e-158	1.26452e-188	1.90814e-175	4.87187e-158	1
16.09	3	1.73205	2.27315e-158	3.90022e-189	5.46595e-176	2.27315e-158	1
16.11	1	1	4.93699e-159	3.69294e-190	4.45954e-177	4.93699e-159	1
16.12	0	1	2.29809e-159	1.13369e-190	1.27016e-177	2.29809e-159	1
16.14	2	1.41421	4.9676e-160	1.06339e-191	1.02449e-178	4.9676e-160	1
16.15	4	2	2.30687e-160	3.24918e-192	2.90128e-179	2.30687e-160	1
16.17	0	1	4.96306e-161	3.0192e-193	2.31348e-180	4.96306e-161	1
16.19	1	1	1.0644e-161	2.78796e-194	1.83073e-181	1.0644e-161	1
16.2	0	1	4.92345e-162	8.4521e-195	5.13522e-182	4.92345e-162	1
16.22	4	2	1.05092e-162	7.73175e-196	4.01739e-183	1.05092e-162	1
16.23	2	1.41421	4.84963e-163	2.33299e-196	1.12045e-183	4.84963e-163	1
16.25	2	1.41421	1.03028e-163	2.11419e-197	8.66565e-185	1.03028e-163	1
16.27	0	1	2.18189e-164	1.90394e-198	6.65111e-186	2.18189e-164	1
16.28	3	1.73205	1.0029e-164	5.70015e-199	1.83737e-186	1.0029e-164	1
16.3	4	2	2.11388e-165	5.08524e-200	1.39417e-187	2.11388e-165	1
16.31	2	1.41421	9.69345e-166	1.51532e-200	3.8294e-188	9.69345e-166	1
16.33	7	2.64575	2.03351e-166	1.3392e-201	2.87259e-189	2.03351e-166	1
16.34	2	1.41421	9.30287e-167	3.97189e-202	7.84517e-190	9.30287e-167	1
16.36	0	1	1.94236e-167	3.47743e-203	5.81797e-191	1.94236e-167	1
16.38	3	1.73205	4.04273e-168	3.02549e-204	4.28177e-192	4.04273e-168	1
16.39	5	2.23607	1.84218e-168	8.90317e-205	1.15826e-192	1.84218e-168	1
16.41	2	1.41421	3.81612e-169	7.67362e-206	8.42721e-194	3.81612e-169	1
16.42	4	2	1.73481e-169	2.24754e-206	2.26662e-194	1.73481e-169	1
16.44	3	1.73205	3.57674e-170	1.91902e-207	1.63035e-195	3.57674e-170	1
16.46	4	2	7.3511e-171	1.62829e-208	1.16377e-196	7.3511e-171	1
16.47	3	1.73205	3.32867e-171	4.7319e-209	3.1004e-197	3.32867e-171	1
16.49	3	1.73205	6.80897e-172	3.97744e-210	2.18791e-198	6.80897e-172	1
16.5	2	1.41421	3.0759e-172	1.15045e-210	5.79552e-199	3.0759e-172	1
16.52	1	1	6.26222e-173	9.57972e-212	4.04324e-200	6.26222e-173	1
16.53	2	1.41421	2.82223e-173	2.75788e-212	1.06489e-200	2.82223e-173	1
16.55	5	2.23607	5.71865e-174	2.27498e-213	7.34458e-202	5.71865e-174	1
16.57	6	2.44949	1.15511e-174	1.86491e-214	5.02705e-203	1.15511e-174	1
16.58	4	2	5.18534e-175	5.32694e-215	1.31142e-203	5.18534e-175	1
16.6	3	1.73205	1.04245e-175	4.32589e-216	8.87388e-205	1.04245e-175	1
16.61	3	1.73205	4.66851e-176	1.22986e-216	2.30174e-205	4.66851e-176	1
16.63	1	1	9.34116e-177	9.89394e-218	1.53976e-206	9.34116e-177	1
16.65	0	1	1.86317e-177	7.90975e-219	1.02219e-207	1.86317e-177	1
16.66	2	1.41421	8.31124e-178	2.2312e-219	2.62621e-208	8.31124e-178	1
16.68	4	2	1.64992e-178	1.76705e-220	1.72359e-209	1.64992e-178	1
16.69	1	1	7.34259e-179	4.96116e-221	4.40295e-210	7.34259e-179	1
16.71	1	1	1.45075e-179	3.89234e-222	2.85677e-211	1.45075e-179	1
16.72	4	2	6.44096e-180	1.08769e-222	7.25599e-212	6.44096e-180	1
16.74	3	1.73205	1.2666e-180	8.45375e-224	4.65428e-213	1.2666e-180	1
16.76	0	1	2.48289e-181	6.52939e-225	2.96273e-214	2.48289e-181	1
16.77	5	2.23607	1.098e-181	1.81035e-225	7.45364e-215	1.098e-181	1
16.79	2	1.41421	2.14224e-182	1.38517e-226	4.69066e-216	2.14224e-182	1
16.8	3	1.73205	9.4512e-183	3.82255e-227	1.17334e-216	9.4512e-183	1
16.82	4	2	1.83526e-183	2.89742e-228	7.29983e-218	1.83526e-183	1
16.83	1	1	8.0777e-184	7.95828e-229	1.81558e-218	8.0777e-184	1
16.85	4	2	1.56114e-184	5.97577e-230	1.11668e-219	1.56114e-184	1
16.87	3	1.73205	3.00766e-185	4.45909e-231	6.81599e-221	3.00766e-185	1
16.88	2	1.41421	1.31858e-185	1.21521e-231	1.67913e-221	1.31858e-185	1
16.9	0	1	2.52836e-186	8.98302e-233	1.01323e-222	2.52836e-186	1
16.91	0	1	1.10584e-186	2.43662e-233	2.48187e-223	1.10584e-186	1
16.93	4	2	2.11041e-187	1.78433e-234	1.48057e-224	2.11041e-187	1
16.95	4	2	4.01489e-188	1.29849e-235	8.76519e-226	4.01489e-188	1
16.96	2	1.41421	1.74909e-188	3.49464e-236	2.12659e-226	1.74909e-188	1
16.98	0	1	3.31181e-189	2.51933e-237	1.24464e-227	3.31181e-189	1
16.99	1	1	1.43939e-189	6.74847e-238	3.00247e-228	1.43939e-189	1
17.01	0	1	2.71253e-190	4.81954e-239	1.73725e-229	2.71253e-190	1
17.02	2	1.41421	1.17614e-190	1.28495e-239	4.16688e-230	1.17614e-190	1
17.04	1	1	2.20598e-191	9.09079e-241	2.38353e-231	2.20598e-191	1
17.06	3	1.73205	4.12454e-192	6.39142e-242	1.35305e-232	4.12454e-192	1
17.07	6	2.44949	1.78135e-192	1.69073e-242	3.21452e-233	1.78135e-192	1
17.09	3	1.73205	3.31487e-193	1.17757e-243	1.80399e-234	3.31487e-193	1
17.1	3	1.73205	1.42828e-193	3.10043e-244	4.26137e-235	1.42828e-193	1
17.12	3	1.73205	2.64531e-194	2.1392e-245	2.36425e-236	2.64531e-194	1
17.14	2	1.41421	4.88394e-195	1.46676e-246	1.30173e-237	4.88394e-195	1
17.15	2	1.41421	2.09606e-195	3.83171e-247	3.04572e-238	2.09606e-195	1
17.17	4	2	3.85162e-196	2.60266e-248	1.65784e-239	3.85162e-196	1
17.18	3	1.73205	1.64911e-196	6.76722e-249	3.85678e-240	1.64911e-196	1
17.2	3	1.73205	3.01602e-197	4.55357e-250	2.0754e-241	3.01602e-197	1
17.21	6	2.44949	1.28829e-197	1.17843e-250	4.80063e-242	1.28829e-197	1
17.23	1	1	2.34501e-198	7.85529e-252	2.55388e-243	2.34501e-198	1
17.25	6	2.44949	4.25505e-199	5.20355e-253	1.3483e-244	4.25505e-199	1
17.26	1	1	1.81039e-199	1.33613e-253	3.08914e-245	1.81039e-199	1
17.28	2	1.41421	3.26947e-200	8.76805e-255	1.61231e-246	3.26947e-200	1
17.29	3	1.73205	1.38777e-200	2.24084e-255	3.67292e-247	1.38777e-200	1
17.31	4	2	2.49441e-201	1.45674e-256	1.89517e-248	2.49441e-201	1
17.33	3	1.73205	4.46941e-202	9.41093e-258	9.70441e-250	4.46941e-202	1
17.34	4	2	1.88963e-202	2.38636e-258	2.1897e-250	1.88963e-202	1
17.36	4	2	3.3698e-203	1.52723e-259	1.10849e-251	3.3698e-203	1
17.37	4	2	1.42136e-203	3.85449e-260	2.48692e-252	1.42136e-203	1
17.39	4	2	2.52277e-204	2.44372e-261	1.24461e-253	2.52277e-204	1
17.4	0	1	1.06157e-204	6.13866e-262	2.77635e-254	1.06157e-204	1
17.42	0	1	1.87529e-205	3.85546e-263	1.37363e-255	1.87529e-205	1
17.44	1	1	3.30229e-206	2.40633e-264	6.74452e-257	3.30229e-206	1
17.45	0	1	1.38413e-206	5.99757e-265	1.49021e-257	1.38413e-206	1
17.47	2	1.41421	2.42588e-207	3.70828e-266	7.23358e-259	2.42588e-207	1
17.48	1	1	1.01439e-207	9.19921e-267	1.58914e-259	1.01439e-207	1
17.5	5	2.23607	1.76947e-208	5.63463e-268	7.62593e-261	1.76947e-208	1
17.52	3	1.73205	3.07689e-209	3.42971e-269	3.63168e-262	3.07689e-209	1
17.53	5	2.23607	1.28154e-209	8.44177e-270	7.90262e-263	1.28154e-209	1
17.55	1	1	2.21793e-210	5.0903e-271	3.72058e-264	2.21793e-210	1
17.56	3	1.73205	9.21597e-211	1.24703e-271	8.04983e-265	9.21597e-211	1
17.58	2	1.41421	1.58745e-211	7.44911e-273	3.74672e-266	1.58745e-211	1
17.59	0	1	6.58063e-212	1.81634e-273	8.0601e-267	6.58063e-212	1
17.61	1	1	1.12817e-212	1.07484e-274	3.70878e-268	1.12817e-212	1
17.63	3	1.73205	1.92801e-213	6.32069e-276	1.69358e-269	1.92801e-213	1
17.64	0	1	7.96092e-214	1.52917e-276	3.60868e-270	7.96092e-214	1
17.66	1	1	1.35408e-214	8.9083e-278	1.6291e-271	1.35408e-214	1
17.67	3	1.73205	5.57791e-215	2.14508e-278	3.45146e-272	5.57791e-215	1
17.69	1	1	9.44274e-216	1.23794e-279	1.54038e-273	9.44274e-216	1
17.71	3	1.73205	1.59351e-216	7.09963e-281	6.82237e-275	1.59351e-216	1
17.72	1	1	6.53838e-217	1.69622e-281	1.43168e-275	6.53838e-217	1
17.74	1	1	1.09818e-217	9.63685e-283	6.26872e-277	1.09818e-217	1
17.75	1	1	4.49531e-218	2.29161e-283	1.30798e-277	4.49531e-218	1
17.77	2	1.41421	7.51463e-219	1.28976e-284	5.66188e-279	7.51463e-219	1
17.78	1	1	3.06879e-219	3.05263e-285	1.17462e-279	3.06879e-219	1
17.8	2	1.41421	5.10577e-220	1.702e-286	5.02667e-281	5.10577e-220	1
17.82	1	1	8.46807e-221	9.4303e-288	2.13475e-282	8.46807e-221	1
17.83	1	1	3.44455e-221	2.21456e-288	4.3867e-283	3.44455e-221	1
17.85	1	1	5.68593e-222	1.21554e-289	1.84175e-284	5.68593e-222	1
17.86	0	1	2.3074e-222	2.84112e-290	3.763e-285	2.3074e-222	1
17.88	2	1.41421	3.79085e-223	1.54486e-291	1.56189e-286	3.79085e-223	1
17.89	2	1.41421	1.53472e-223	3.59392e-292	3.17298e-287	1.53472e-223	1
17.91	2	1.41421	2.50951e-224	1.93591e-293	1.302e-288	2.50951e-224	1
17.93	1	1	4.09053e-225	1.03628e-294	5.30197e-290	4.09053e-225	1
17.94	6	2.44949	1.64953e-225	2.39197e-295	1.06686e-290	1.64953e-225	1
17.96	1	1	2.67606e-226	1.26843e-296	4.29497e-292	2.67606e-226	1
17.97	3	1.73205	1.07659e-226	2.91409e-297	8.59295e-293	1.07659e-226	1
17.99	2	1.41421	1.73832e-227	1.53085e-298	3.41995e-294	1.73832e-227	1
18.01	4	2	2.79796e-228	7.9917e-300	1.35077e-295	2.79796e-228	1
18.02	1	1	1.1212e-228	1.82168e-300	2.67681e-296	1.1212e-228	1
18.04	0	1	1.79614e-229	9.421e-302	1.04521e-297	1.79614e-229	1
18.05	0	1	7.1805e-230	2.13741e-302	2.05946e-298	7.1805e-230	1
18.07	1	1	1.14487e-230	1.09504e-303	7.94998e-300	1.14487e-230	1
18.08	2	1.41421	4.56608e-231	2.47275e-304	1.5575e-300	4.56608e-231	1
18.1	1	1	7.24588e-232	1.25499e-305	5.94381e-302	7.24588e-232	1
18.12	1	1	1.14622e-232	6.3296e-307	2.25105e-303	1.14622e-232	1
18.13	4	2	4.55348e-233	1.41816e-307	4.3682e-304	4.55348e-233	1
18.15	4	2	7.16913e-234	7.08563e-309	1.63549e-305	7.16913e-234	1
18.16	0	1	2.84128e-234	1.5801e-309	3.15557e-306	2.84128e-234	1
18.18	3	1.73205	4.45228e-235	7.82089e-311	1.16802e-307	4.45228e-235	1
18.2	1	1	6.95475e-236	3.84686e-312	4.29046e-309	6.95475e-236	1
18.21	1	1	2.74547e-236	8.51158e-313	8.19951e-310	2.74547e-236	1
18.23	0	1	4.26836e-237	4.14741e-314	2.97761e-311	4.26836e-237	1
18.24	4	2	1.68101e-237	9.13355e-315	5.65802e-312	1.68101e-237	1
18.26	1	1	2.60111e-238	4.40879e-316	2.03128e-313	2.60111e-238	1
18.27	0	1	1.02197e-238	9.66347e-317	3.83777e-314	1.02197e-238	1
18.29	0	1	1.57389e-239	4.60443e-318	1.3621e-315	1.57389e-239	1
18.31	3	1.73205	2.41624e-240	2.13708e-319	4.7975e-317	2.41624e-240	1
18.32	4	2	9.45603e-241	3.88583e-320	8.97737e-318	9.45603e-241	1
18.34	4	2	1.44484e-241	0	3.11217e-319	1.44484e-241	1
18.35	0	1	5.64107e-242	0	5.68571e-320	5.64107e-242	1
18.37	1	1	8.57861e-243	0	0	8.57861e-243	1
18.39	1	1	1.30048e-243	0	0	1.30048e-243	1
18.4	1	1	5.05746e-244	0	0	5.05746e-244	1
18.42	1	1	7.6307e-245	0	0	7.6307e-245	1
18.43	1	1	2.96051e-245	0	0	2.96051e-245	1
18.45	1	1	4.44573e-246	0	0	4.44573e-246	1
18.46	1	1	1.72075e-246	0	0	1.72075e-246	1
18.48	1	1	2.57182e-247	0	0	2.57182e-247	1
18.5	1	1	3.83172e-248	0	0	3.83172e-248	1
18.51	1	1	1.47726e-248	0	0	1.47726e-248	1
18.53	3	1.73205	2.19056e-249	0	0	2.19056e-249	1
18.54	2	1.41421	8.42539e-250	0	0	8.42539e-250	1
18.56	2	1.41421	1.24346e-250	0	0	1.24346e-250	1
18.58	2	1.41421	1.82939e-251	0	0	1.82939e-251	1
18.59	0	1	7.00859e-252	0	0	7.00859e-252	1
18.61	3	1.73205	1.02624e-252	0	0	1.02624e-252	1
18.62	3	1.73205	3.92234e-253	0	0	3.92234e-253	1
18.64	2	1.41421	5.71624e-254	0	0	5.71624e-254	1
18.65	1	1	2.17961e-254	0	0	2.17961e-254	1
18.67	0	1	3.16147e-255	0	0	3.16147e-255	1
18.69	1	1	4.57119e-256	0	0	4.57119e-256	1
18.7	0	1	1.73614e-256	0	0	1.73614e-256	1
18.72	1	1	2.49845e-257	0	0	2.49845e-257	1
18.73	1	1	9.46674e-258	0	0	9.46674e-258	1
18.75	3	1.73205	1.35591e-258	0	0	1.35591e-258	1
18.77	2	1.41421	1.93595e-259	0	0	1.93595e-259	1
18.78	2	1.41421	7.30651e-260	0	0	7.30651e-260	1
18.8	3	1.73205	1.03829e-260	0	0	1.03829e-260	1
18.81	0	1	3.90937e-261	0	0	3.90937e-261	1
18.83	0	1	5.52916e-262	0	0	5.52916e-262	1
18.84	0	1	2.07693e-262	0	0	2.07693e-262	1
18.86	3	1.73205	2.92361e-263	0	0	2.92361e-263	1
18.88	1	1	4.10249e-264	0	0	4.10249e-264	1
18.89	3	1.73205	1.53496e-264	0	0	1.53496e-264	1
18.91	1	1	2.14373e-265	0	0	2.14373e-265	1
18.92	4	2	8.00191e-266	0	0	8.00191e-266	1
18.94	2	1.41421	1.11228e-266	0	0	1.11228e-266	1
18.95	3	1.73205	4.14198e-267	0	0	4.14198e-267	1
18.97	1	1	5.73023e-268	0	0	5.73023e-268	1
18.99	2	1.41421	7.90254e-269	0	0	7.90254e-269	1
19	3	1.73205	2.93123e-269	0	0	2.93123e-269	1
19.02	1	1	4.02337e-270	0	0	4.02337e-270	1
19.03	0	1	1.48883e-270	0	0	1.48883e-270	1
19.05	0	1	2.03391e-271	0	0	2.03391e-271	1
19.07	0	1	2.76979e-272	0	0	2.76979e-272	1
19.08	0	1	1.02092e-272	0	0	1.02092e-272	1
19.1	2	1.41421	1.38373e-273	0	0	1.38373e-273	1
19.11	0	1	5.08825e-274	0	0	5.08825e-274	1
19.13	1	1	6.86396e-275	0	0	6.86396e-275	1
19.14	1	1	2.51805e-275	0	0	2.51805e-275	1
19.16	3	1.73205	3.38077e-276	0	0	3.38077e-276	1
19.18	2	1.41421	4.52479e-277	0	0	4.52479e-277	1
19.19	2	1.41421	1.65339e-277	0	0	1.65339e-277	1
19.21	4	2	2.20243e-278	0	0	2.20243e-278	1
19.22	1	1	8.02884e-279	0	0	8.02884e-279	1
19.24	3	1.73205	1.06445e-279	0	0	1.06445e-279	1
19.26	3	1.73205	1.40679e-280	0	0	1.40679e-280	1
19.27	1	1	5.10819e-281	0	0	5.10819e-281	1
19.29	0	1	6.71917e-282	0	0	6.71917e-282	1
19.3	2	1.41421	2.43403e-282	0	0	2.43403e-282	1
19.32	2	1.41421	3.18654e-283	0	0	3.18654e-283	1
19.33	2	1.41421	1.1516e-283	0	0	1.1516e-283	1
19.35	0	1	1.50052e-284	0	0	1.50052e-284	1
19.37	0	1	1.949e-285	0	0	1.949e-285	1
19.38	3	1.73205	7.0159e-286	0	0	7.0159e-286	1
19.4	1	1	9.06981e-287	0	0	9.06981e-287	1
19.41	3	1.73205	3.25718e-287	0	0	3.25718e-287	1
19.43	1	1	4.19085e-288	0	0	4.19085e-288	1
19.45	2	1.41421	5.37518e-289	0	0	5.37518e-289	1
19.46	1	1	1.92276e-289	0	0	1.92276e-289	1
19.48	0	1	2.45449e-290	0	0	2.45449e-290	1
19.49	1	1	8.75922e-291	0	0	8.75922e-291	1
19.51	1	1	1.11288e-291	0	0	1.11288e-291	1
19.52	2	1.41421	3.96209e-292	0	0	3.96209e-292	1
19.54	1	1	5.01015e-293	0	0	5.01015e-293	1
19.56	1	1	6.3155e-294	0	0	6.3155e-294	1
19.57	1	1	2.23961e-294	0	0	2.23961e-294	1
19.59	0	1	2.8098e-295	0	0	2.8098e-295	1
19.6	1	1	9.94061e-296	0	0	9.94061e-296	1
19.62	0	1	1.24126e-296	0	0	1.24126e-296	1
19.64	1	1	1.54504e-297	0	0	1.54504e-297	1
19.65	1	1	5.44459e-298	0	0	5.44459e-298	1
19.67	0	1	6.7451e-299	0	0	6.7451e-299	1
19.68	0	1	2.3713e-299	0	0	2.3713e-299	1
19.7	1	1	2.92385e-300	0	0	2.92385e-300	1
19.71	0	1	1.02548e-300	0	0	1.02548e-300	1
19.73	1	1	1.25847e-301	0	0	1.25847e-301	1
19.75	2	1.41421	1.53952e-302	0	0	1.53952e-302	1
19.76	2	1.41421	5.3783e-303	0	0	5.3783e-303	1
19.78	1	1	6.54839e-304	0	0	6.54839e-304	1
19.79	2	1.41421	2.28227e-304	0	0	2.28227e-304	1
19.81	2	1.41421	2.76568e-305	0	0	2.76568e-305	1
19.83	2	1.41421	3.34093e-306	0	0	3.34093e-306	1
19.84	4	2	1.15981e-306	0	0	1.15981e-306	1
19.86	0	1	1.39444e-307	0	0	1.39444e-307	1
19.87	0	1	4.82937e-308	0	0	4.82937e-308	1
19.89	0	1	5.77892e-309	0	0	5.77892e-309	1
19.9	2	1.41421	1.99669e-309	0	0	1.99669e-309	1
19.92	1	1	2.37801e-310	0	0	2.37801e-310	1
19.94	0	1	2.82323e-311	0	0	2.82323e-311	1
19.95	1	1	9.71625e-312	0	0	9.71625e-312	1
19.97	3	1.73205	1.14809e-312	0	0	1.14809e-312	1
19.98	4	2	3.94186e-313	0	0	3.94186e-313	1
20	0	1	4.6358e-314	0	0	4.6358e-314	1
20.02	0	1	5.43473e-315	0	0	5.43473e-315	1
20.03	0	1	1.85862e-315	0	0	1.85862e-315	1
20.05	2	1.41421	2.16864e-316	0	0	2.16864e-316	1
20.06	2	1.41421	7.39891e-317	0	0	7.39891e-317	1
20.08	3	1.73205	8.59245e-318	0	0	8.59245e-318	1
20.09	1	1	2.92324e-318	0	0	2.92324e-318	1
20.11	0	1	3.36464e-319	0	0	3.36464e-319	1
20.13	2	1.41421	3.79887e-320	0	0	3.79887e-320	1
20.14	1	1	1.26629e-320	0	0	1.26629e-320	1
20.16	0	1	0	0	0	0	1
20.17	1	1	0	0	0	0	1
20.19	1	1	0	0	0	0	1
20.2	1	1	0	0	0	0	1
20.22	3	1.73205	0	0	0	0	1
20.24	1	1	0	0	0	0	1
20.25	1	1	0	0	0	0	1
20.27	1	1	0	0	0	0	1
20.28	1	1	0	0	0	0	1
20.3	2	1.41421	0	0	0	0	1
20.32	0	1	0	0	0	0	1
20.33	1	1	0	0	0	0	1
20.35	1	1	0	0	0	0	1
20.36	1	1	0	0	0	0	1
20.38	2	1.41421	0	0	0	0	1
20.39	0	1	0	0	0	0	1
20.41	1	1	0	0	0	0	1
20.43	0	1	0	0	0	0	1
20.44	1	1	0	0	0	0	1
20.46	2	1.41421	0	0	0	0	1
20.47	1	1	0	0	0	0	1
20.49	3	1.73205	0	0	0	0	1
20.51	1	1	0	0	0	0	1
20.52	1	1	0	0	0	0	1
20.54	0	1	0	0	0	0	1
20.55	0	1	0	0	0	0	1
20.57	2	1.41421	0	0	0	0	1
20.58	0	1	0	0	0	0	1
20.6	3	1.73205	0	0	0	0	1
20.62	2	1.41421	0	0	0	0	1
20.63	1	1	0	0	0	0	1
20.65	2	1.41421	0	0	0	0	1
20.66	2	1.41421	0	0	0	0	1
20.68	0	1	0	0	0	0	1
20.7	2	1.41421	0	0	0	0	1
20.71	0	1	0	0	0	0	1
20.73	0	1	0	0	0	0	1
20.74	2	1.41421	0	0	0	0	1
20.76	2	1.41421	0	0	0	0	1
20.77	1	1	0	0	0	0	1
20.79	2	1.41421	0	0	0	0	1
20.81	0	1	0	0	0	0	1
20.82	2	1.41421	0	0	0	0	1
20.84	1	1	0	0	0	0	1
20.85	2	1.41421	0	0	0	0	1
20.87	1	1	0	0	0	0	1
20.89	1	1	0	0	0	0	1
20.9	1	1	0	0	0	0	1
20.92	1	1	0	0	0	0	1
20.93	2	1.41421	0	0	0	0	1
20.95	3	1.73205	0	0	0	0	1
20.96	2	1.41421	0	0	0	0	1
20.98	1	1	0	0	0	0	1
21	3	1.73205	0	0	0	0	1
21.01	0	1	0	0	0	0	1
21.03	2	1.41421	0	0	0	0	1
21.04	2	1.41421	0	0	0	0	1
21.06	2	1.41421	0	0	0	0	1
21.08	4	2	0	0	0	0	1
21.09	2	1.41421	0	0	0	0	1
21.11	0	1	0	0	0	0	1
21.12	1	1	0	0	0	0	1
21.14	0	1	0	0	0	0	1
21.15	0	1	0	0	0	0	1
21.17	2	1.41421	0	0	0	0	1
21.19	3	1.73205	0	0	0	0	1
21.2	2	1.41421	0	0	0	0	1
21.22	1	1	0	0	0	0	1
21.23	1	1	0	0	0	0	1
21.25	0	1	0	0	0	0	1
21.26	1	1	0	0	0	0	1
21.28	1	1	0	0	0	0	1
21.3	3	1.73205	0	0	0	0	1
21.31	1	1	0	0	0	0	1
21.33	1	1	0	0	0	0	1
21.34	2	1.41421	0	0	0	0	1
21.36	1	1	0	0	0	0	1
21.38	1	1	0	0	0	0	1
21.39	0	1	0	0	0	0	1
21.41	0	1	0	0	0	0	1
21.42	3	1.73205	0	0	0	0	1
21.44	0	1	0	0	0	0	1
21.45	1	1	0	0	0	0	1
21.47	1	1	0	0	0	0	1
21.49	1	1	0	0	0	0	1
21.5	0	1	0	0	0	0	1
21.52	1	1	0	0	0	0	1
21.53	0	1	0	0	0	0	1
21.55	0	1	0	0	0	0	1
21.57	0	1	0	0	0	0	1
21.58	0	1	0	0	0	0	1
21.6	0	1	0	0	0	0	1
21.61	0	1	0	0	0	0	1
21.63	0	1	0	0	0	0	1
21.64	0	1	0	0	0	0	1
21.66	0	1	0	0	0	0	1
21.68	1	1	0	0	0	0	1
21.69	1	1	0	0	0	0	1
21.71	1	1	0	0	0	0	1
21.72	0	1	0	0	0	0	1
21.74	0	1	0	0	0	0	1
21.76	1	1	0	0	0	0	1
21.77	0	1	0	0	0	0	1
21.79	0	1	0	0	0	0	1
21.8	0	1	0	0	0	0	1
21.82	1	1	0	0	0	0	1
21.83	1	1	0	0	0	0	1
21.85	0	1	0	0	0	0	1
21.87	1	1	0	0	0	0	1
21.88	0	1	0	0	0	0	1
21.9	0	1	0	0	0	0	1
21.91	2	1.41421	0	0	0	0	1
21.93	0	1	0	0	0	0	1
21.95	2	1.41421	0	0	0	0	1
21.96	1	1	0	0	0	0	1
21.98	2	1.41421	0	0	0	0	1
21.99	1	1	0	0	0	0	1
22.01	1	1	0	0	0	0	1
22.02	0	1	0	0	0	0	1
22.04	2	1.41421	0	0	0	0	1
22.06	0	1	0	0	0	0	1
22.07	2	1.41421	0	0	0	0	1
22.09	1	1	0	0	0	0	1
22.1	0	1	0	0	0	0	1
22.12	2	1.41421	0	0	0	0	1
22.14	2	1.41421	0	0	0	0	1
22.15	1	1	0	0	0	0	1
22.17	1	1	0	0	0	0	1
22.18	1	1	0	0	0	0	1
22.2	1	1	0	0	0	0	1
22.21	0	1	0	0	0	0	1
22.23	2	1.41421	0	0	0	0	1
22.25	0	1	0	0	0	0	1
22.26	3	1.73205	0	0	0	0	1
22.28	1	1	0	0	0	0	1
22.29	2	1.41421	0	0	0	0	1
22.31	2	1.41421	0	0	0	0	1
22.32	0	1	0	0	0	0	1
22.34	0	1	0	0	0	0	1
22.36	0	1	0	0	0	0	1
22.37	1	1	0	0	0	0	1
22.39	0	1	0	0	0	0	1
22.4	1	1	0	0	0	0	1
22.42	2	1.41421	0	0	0	0	1
22.44	1	1	0	0	0	0	1
22.45	0	1	0	0	0	0	1
22.47	0	1	0	0	0	0	1
22.48	1	1	0	0	0	0	1
22.5	1	1	0	0	0	0	1
22.51	1	1	0	0	0	0	1
22.53	0	1	0	0	0	0	1
22.55	1	1	0	0	0	0	1
22.56	0	1	0	0	0	0	1
22.58	1	1	0	0	0	0	1
22.59	1	1	0	0	0	0	1
22.61	1	1	0	0	0	0	1
22.63	1	1	0	0	0	0	1
22.64	0	1	0	0	0	0	1
22.66	0	1	0	0	0	0	1
22.67	0	1	0	0	0	0	1
22.69	1	1	0	0	0	0	1
22.7	2	1.41421	0	0	0	0	1
22.72	1	1	0	0	0	0	1
22.74	2	1.41421	0	0	0	0	1
22.75	1	1	0	0	0	0	1
22.77	2	1.41421	0	0	0	0	1
22.78	1	1	0	0	0	0	1
22.8	1	1	0	0	0	0	1
22.82	1	1	0	0	0	0	1
22.83	1	1	0	0	0	0	1
22.85	0	1	0	0	0	0	1
22.86	1	1	0	0	0	0	1
22.88	2	1.41421	0	0	0	0	1
22.89	0	1	0	0	0	0	1
22.91	1	1	0	0	0	0	1
22.93	0	1	0	0	0	0	1
22.94	1	1	0	0	0	0	1
22.96	1	1	0	0	0	0	1
22.97	1	1	0	0	0	0	1
22.99	2	1.41421	0	0	0	0	1
23.01	0	1	0	0	0	0	1
23.02	1	1	0	0	0	0	1
23.04	0	1	0	0	0	0	1
23.05	1	1	0	0	0	0	1
23.07	1	1	0	0	0	0	1
23.08	0	1	0	0	0	0	1
23.1	2	1.41421	0	0	0	0	1
23.12	0	1	0	0	0	0	1
23.13	1	1	0	0	0	0	1
23.15	0	1	0	0	0	0	1
23.16	0	1	0	0	0	0	1
23.18	0	1	0	0	0	0	1
23.2	0	1	0	0	0	0	1
23.21	3	1.73205	0	0	0	0	1
23.23	0	1	0	0	0	0	1
23.24	1	1	0	0	0	0	1
23.26	0	1	0	0	0	0	1
23.27	1	1	0	0	0	0	1
23.29	0	1	0	0	0	0	1
23.31	0	1	0	0	0	0	1
23.32	0	1	0	0	0	0	1
23.34	1	1	0	0	0	0	1
23.35	2	1.41421	0	0	0	0	1
23.37	1	1	0	0	0	0	1
23.38	0	1	0	0	0	0	1
23.4	0	1	0	0	0	0	1
23.42	1	1	0	0	0	0	1
23.43	1	1	0	0	0	0	1
23.45	0	1	0	0	0	0	1
23.46	1	1	0	0	0	0	1
23.48	1	1	0	0	0	0	1
23.5	0	1	0	0	0	0	1
23.51	2	1.41421	0	0	0	0	1
23.53	0	1	0	0	0	0	1
23.54	0	1	0	0	0	0	1
23.56	0	1	0	0	0	0	1
23.57	1	1	0	0	0	0	1
23.59	0	1	0	0	0	0	1
23.61	1	1	0	0	0	0	1
23.62	0	1	0	0	0	0	1
23.64	1	1	0	0	0	0	1
23.65	1	1	0	0	0	0	1
23.67	0	1	0	0	0	0	1
23.69	1	1	0	0	0	0	1
23.7	0	1	0	0	0	0	1
23.72	0	1	0	0	0	0	1
23.73	0	1	0	0	0	0	1
23.75	1	1	0	0	0	0	1
23.76	2	1.41421	0	0	0	0	1
23.78	0	1	0	0	0	0	1
23.8	0	1	0	0	0	0	1
23.81	0	1	0	0	0	0	1
23.83	0	1	0	0	0	0	1
23.84	0	1	0	0	0	0	1
23.86	0	1	0	0	0	0	1
23.88	1	1	0	0	0	0	1
23.89	0	1	0	0	0	0	1
23.91	1	1	0	0	0	0	1
23.92	1	1	0	0	0	0	1
23.94	0	1	0	0	0	0	1
23.95	0	1	0	0	0	0	1
23.97	0	1	0	0	0	0	1
23.99	1	1	0	0	0	0	1
24	0	1	0	0	0	0	1
24.02	0	1	0	0	0	0	1
24.03	0	1	0	0	0	0	1
24.05	2	1.41421	0	0	0	0	1
24.07	0	1	0	0	0	0	1
24.08	0	1	0	0	0	0	1
24.1	0	1	0	0	0	0	1
24.11	0	1	0	0	0	0	1
24.13	0	1	0	0	0	0	1
24.14	0	1	0	0	0	0	1
24.16	2	1.41421	0	0	0	0	1
24.18	2	1.41421	0	0	0	0	1
24.19	0	1	0	0	0	0	1
24.21	2	1.41421	0	0	0	0	1
24.22	0	1	0	0	0	0	1
24.24	1	1	0	0	0	0	1
24.26	0	1	0	0	0	0	1
24.27	1	1	0	0	0	0	1
24.29	0	1	0	0	0	0	1
24.3	1	1	0	0	0	0	1
24.32	4	2	0	0	0	0	1
24.33	1	1	0	0	0	0	1
24.35	0	1	0	0	0	0	1
24.37	0	1	0	0	0	0	1
24.38	1	1	0	0	0	0	1
24.4	0	1	0	0	0	0	1
24.41	0	1	0	0	0	0	1
24.43	2	1.41421	0	0	0	0	1
24.45	2	1.41421	0	0	0	0	1
24.46	0	1	0	0	0	0	1
24.48	0	1	0	0	0	0	1
24.49	0	1	0	0	0	0	1
24.51	0	1	0	0	0	0	1
24.52	1	1	0	0	0	0	1
24.54	0	1	0	0	0	0	1
24.56	0	1	0	0	0	0	1
24.57	1	1	0	0	0	0	1
24.59	2	1.41421	0	0	0	0	1
24.6	0	1	0	0	0	0	1
24.62	1	1	0	0	0	0	1
24.63	0	1	0	0	0	0	1
24.65	0	1	0	0	0	0	1
24.67	1	1	0	0	0	0	1
24.68	1	1	0	0	0	0	1
24.7	1	1	0	0	0	0	1
24.71	0	1	0	0	0	0	1
24.73	1	1	0	0	0	0	1
24.75	0	1	0	0	0	0	1
24.76	1	1	0	0	0	0	1
24.78	0	1	0	0	0	0	1
24.79	1	1	0	0	0	0	1
24.81	1	1	0	0	0	0	1
24.82	0	1	0	0	0	0	1
24.84	0	1	0	0	0	0	1
24.86	0	1	0	0	0	0	1
24.87	2	1.41421	0	0	0	0	1
24.89	0	1	0	0	0	0	1
24.9	1	1	0	0	0	0	1
24.92	1	1	0	0	0	0	1
24.94	2	1.41421	0	0	0	0	1
24.95	0	1	0	0	0	0	1
24.97	1	1	0	0	0	0	1
24.98	1	1	0	0	0	0	1
25	2	1.41421	0	0	0	0	1
25.01	1	1	0	0	0	0	1
25.03	2	1.41421	0	0	0	0	1
25.05	2	1.41421	0	0	0	0	1
25.06	2	1.41421	0	0	0	0	1
25.08	0	1	0	0	0	0	1
25.09	1	1	0	0	0	0	1
25.11	0	1	0	0	0	0	1
25.13	0	1	0	0	0	0	1
25.14	0	1	0	0	0	0	1
25.16	2	1.41421	0	0	0	0	1
25.17	0	1	0	0	0	0	1
25.19	1	1	0	0	0	0	1
25.2	0	1	0	0	0	0	1
25.22	1	1	0	0	0	0	1
25.24	1	1	0	0	0	0	1
25.25	0	1	0	0	0	0	1
25.27	1	1	0	0	0	0	1
25.28	1	1	0	0	0	0	1
25.3	0	1	0	0	0	0	1
25.32	1	1	0	0	0	0	1
25.33	0	1	0	0	0	0	1
25.35	0	1	0	0	0	0	1
25.36	0	1	0	0	0	0	1
25.38	0	1	0	0	0	0	1
25.39	1	1	0	0	0	0	1
25.41	0	1	0	0	0	0	1
25.43	0	1	0	0	0	0	1
25.44	1	1	0	0	0	0	1
25.46	1	1	0	0	0	0	1
25.47	0	1	0	0	0	0	1
25.49	1	1	0	0	0	0	1
25.51	1	1	0	0	0	0	1
25.52	0	1	0	0	0	0	1
25.54	0	1	0	0	0	0	1
25.55	0	1	0	0	0	0	1
25.57	1	1	0	0	0	0	1
25.58	1	1	0	0	0	0	1
25.6	0	1	0	0	0	0	1
25.62	1	1	0	0	0	0	1
25.63	0	1	0	0	0	0	1
25.65	0	1	0	0	0	0	1
25.66	0	1	0	0	0	0	1
25.68	1	1	0	0	0	0	1
25.69	0	1	0	0	0	0	1
25.71	0	1	0	0	0	0	1
25.73	0	1	0	0	0	0	1
25.74	0	1	0	0	0	0	1
25.76	1	1	0	0	0	0	1
25.77	0	1	0	0	0	0	1
25.79	2	1.41421	0	0	0	0	1
25.81	0	1	0	0	0	0	1
25.82	0	1	0	0	0	0	1
25.84	0	1	0	0	0	0	1
25.85	1	1	0	0	0	0	1
25.87	1	1	0	0	0	0	1
25.88	1	1	0	0	0	0	1
25.9	0	1	0	0	0	0	1
25.92	1	1	0	0	0	0	1
25.93	1	1	0	0	0	0	1
25.95	0	1	0	0	0	0	1
25.96	0	1	0	0	0	0	1
25.98	1	1	0	0	0	0	1
26	1	1	0	0	0	0	1
26.01	0	1	0	0	0	0	1
26.03	2	1.41421	0	0	0	0	1
26.04	0	1	0	0	0	0	1
26.06	0	1	0	0	0	0	1
26.07	1	1	0	0	0	0	1
26.09	0	1	0	0	0	0	1
26.11	0	1	0	0	0	0	1
26.12	2	1.41421	0	0	0	0	1
26.14	0	1	0	0	0	0	1
26.15	0	1	0	0	0	0	1
26.17	0	1	0	0	0	0	1
26.19	0	1	0	0	0	0	1
26.2	1	1	0	0	0	0	1
26.22	1	1	0	0	0	0	1
26.23	0	1	0	0	0	0	1
26.25	2	1.41421	0	0	0	0	1
26.26	0	1	0	0	0	0	1
26.28	2	1.41421	0	0	0	0	1
26.3	0	1	0	0	0	0	1
26.31	1	1	0	0	0	0	1
26.33	0	1	0	0	0	0	1
26.34	1	1	0	0	0	0	1
26.36	0	1	0	0	0	0	1
26.38	0	1	0	0	0	0	1
26.39	1	1	0	0	0	0	1
26.41	1	1	0	0	0	0	1
26.42	1	1	0	0	0	0	1
26.44	0	1	0	0	0	0	1
26.45	0	1	0	0	0	0	1
26.47	0	1	0	0	0	0	1
26.49	0	1	0	0	0	0	1
26.5	0	1	0	0	0	0	1
26.52	1	1	0	0	0	0	1
26.53	0	1	0	0	0	0	1
26.55	1	1	0	0	0	0	1
26.57	1	1	0	0	0	0	1
26.58	0	1	0	0	0	0	1
26.6	1	1	0	0	0	0	1
26.61	0	1	0	0	0	0	1
26.63	0	1	0	0	0	0	1
26.64	1	1	0	0	0	0	1
26.66	0	1	0	0	0	0	1
26.68	0	1	0	0	0	0	1
26.69	0	1	0	0	0	0	1
26.71	0	1	0	0	0	0	1
26.72	0	1	0	0	0	0	1
26.74	0	1	0	0	0	0	1
26.75	1	1	0	0	0	0	1
26.77	0	1	0	0	0	0	1
26.79	0	1	0	0	0	0	1
26.8	0	1	0	0	0	0	1
26.82	0	1	0	0	0	0	1
26.83	0	1	0	0	0	0	1
26.85	0	1	0	0	0	0	1
26.87	0	1	0	0	0	0	1
26.88	1	1	0	0	0	0	1
26.9	0	1	0	0	0	0	1
26.91	0	1	0	0	0	0	1
26.93	0	1	0	0	0	0	1
26.94	1	1	0	0	0	0	1
26.96	1	1	0	0	0	0	1
26.98	1	1	0	0	0	0	1
26.99	0	1	0	0	0	0	1
27.01	0	1	0	0	0	0	1
27.02	0	1	0	0	0	0	1
27.04	1	1	0	0	0	0	1
27.06	0	1	0	0	0	0	1
27.07	0	1	0	0	0	0	1
27.09	2	1.41421	0	0	0	0	1
27.1	1	1	0	0	0	0	1
27.12	1	1	0	0	0	0	1
27.13	1	1	0	0	0	0	1
27.15	0	1	0	0	0	0	1
27.17	0	1	0	0	0	0	1
27.18	0	1	0	0	0	0	1
27.2	0	1	0	0	0	0	1
27.21	0	1	0	0	0	0	1
27.23	0	1	0	0	0	0	1
27.25	1	1	0	0	0	0	1
27.26	0	1	0	0	0	0	1
27.28	0	1	0	0	0	0	1
27.29	0	1	0	0	0	0	1
27.31	0	1	0	0	0	0	1
27.32	0	1	0	0	0	0	1
27.34	1	1	0	0	0	0	1
27.36	0	1	0	0	0	0	1
27.37	1	1	0	0	0	0	1
27.39	1	1	0	0	0	0	1
27.4	1	1	0	0	0	0	1
27.42	1	1	0	0	0	0	1
27.44	2	1.41421	0	0	0	0	1
27.45	0	1	0	0	0	0	1
27.47	0	1	0	0	0	0	1
27.48	1	1	0	0	0	0	1
27.5	0	1	0	0	0	0	1
27.51	0	1	0	0	0	0	1
27.53	0	1	0	0	0	0	1
27.55	1	1	0	0	0	0	1
27.56	0	1	0	0	0	0	1
27.58	0	1	0	0	0	0	1
27.59	1	1	0	0	0	0	1
27.61	0	1	0	0	0	0	1
27.63	0	1	0	0	0	0	1
27.64	1	1	0	0	0	0	1
27.66	0	1	0	0	0	0	1
27.67	0	1	0	0	0	0	1
27.69	0	1	0	0	0	0	1
27.7	0	1	0	0	0	0	1
27.72	1	1	0	0	0	0	1
27.74	0	1	0	0	0	0	1
27.75	1	1	0	0	0	0	1
27.77	0	1	0	0	0	0	1
27.78	0	1	0	0	0	0	1
27.8	0	1	0	0	0	0	1
27.81	0	1	0	0	0	0	1
27.83	1	1	0	0	0	0	1
27.85	0	1	0	0	0	0	1
27.86	0	1	0	0	0	0	1
27.88	0	1	0	0	0	0	1
27.89	0	1	0	0	0	0	1
27.91	0	1	0	0	0	0	1
27.93	1	1	0	0	0	0	1
27.94	0	1	0	0	0	0	1
27.96	0	1	0	0	0	0	1
27.97	0	1	0	0	0	0	1
27.99	0	1	0	0	0	0	1
28	2	1.41421	0	0	0	0	1
28.02	0	1	0	0	0	0	1
28.04	0	1	0	0	0	0	1
28.05	1	1	0	0	0	0	1
28.07	0	1	0	0	0	0	1
28.08	0	1	0	0	0	0	1
28.1	1	1	0	0	0	0	1
28.12	0	1	0	0	0	0	1
28.13	0	1	0	0	0	0	1
28.15	0	1	0	0	0	0	1
28.16	0	1	0	0	0	0	1
28.18	0	1	0	0	0	0	1
28.19	1	1	0	0	0	0	1
28.21	1	1	0	0	0	0	1
28.23	1	1	0	0	0	0	1
28.24	0	1	0	0	0	0	1
28.26	0	1	0	0	0	0	1
28.27	0	1	0	0	0	0	1
28.29	0	1	0	0	0	0	1
28.31	0	1	0	0	0	0	1
28.32	0	1	0	0	0	0	1
28.34	1	1	0	0	0	0	1
28.35	0	1	0	0	0	0	1
28.37	0	1	0	0	0	0	1
28.38	1	1	0	0	0	0	1
28.4	0	1	0	0	0	0	1
28.42	0	1	0	0	0	0	1
28.43	1	1	0	0	0	0	1
28.45	0	1	0	0	0	0	1
28.46	0	1	0	0	0	0	1
28.48	2	1.41421	0	0	0	0	1
28.5	0	1	0	0	0	0	1
28.51	1	1	0	0	0	0	1
28.53	0	1	0	0	0	0	1
28.54	0	1	0	0	0	0	1
28.56	1	1	0	0	0	0	1
28.57	1	1	0	0	0	0	1
28.59	0	1	0	0	0	0	1
28.61	2	1.41421	0	0	0	0	1
28.62	0	1	0	0	0	0	1
28.64	0	1	0	0	0	0	1
28.65	0	1	0	0	0	0	1
28.67	0	1	0	0	0	0	1
28.69	0	1	0	0	0	0	1
28.7	0	1	0	0	0	0	1
28.72	0	1	0	0	0	0	1
28.73	0	1	0	0	0	0	1
28.75	0	1	0	0	0	0	1
28.76	1	1	0	0	0	0	1
28.78	1	1	0	0	0	0	1
28.8	0	1	0	0	0	0	1
28.81	0	1	0	0	0	0	1
28.83	2	1.41421	0	0	0	0	1
28.84	0	1	0	0	0	0	1
28.86	0	1	0	0	0	0	1
28.88	0	1	0	0	0	0	1
28.89	0	1	0	0	0	0	1
28.91	0	1	0	0	0	0	1
28.92	0	1	0	0	0	0	1
28.94	0	1	0	0	0	0	1
28.95	0	1	0	0	0	0	1
28.97	0	1	0	0	0	0	1
28.99	1	1	0	0	0	0	1
29	0	1	0	0	0	0	1
29.02	0	1	0	0	0	0	1
29.03	0	1	0	0	0	0	1
29.05	1	1	0	0	0	0	1
29.06	0	1	0	0	0	0	1
29.08	0	1	0	0	0	0	1
29.1	0	1	0	0	0	0	1
29.11	0	1	0	0	0	0	1
29.13	1	1	0	0	0	0	1
29.14	0	1	0	0	0	0	1
29.16	0	1	0	0	0	0	1
29.18	0	1	0	0	0	0	1
29.19	1	1	0	0	0	0	1
29.21	0	1	0	0	0	0	1
29.22	0	1	0	0	0	0	1
29.24	0	1	0	0	0	0	1
29.25	0	1	0	0	0	0	1
29.27	0	1	0	0	0	0	1
29.29	0	1	0	0	0	0	1
29.3	0	1	0	0	0	0	1
29.32	0	1	0	0	0	0	1
29.33	0	1	0	0	0	0	1
29.35	0	1	0	0	0	0	1
29.37	0	1	0	0	0	0	1
29.38	0	1	0	0	0	0	1
29.4	0	1	0	0	0	0	1
29.41	0	1	0	0	0	0	1
29.43	1	1	0	0	0	0	1
29.44	1	1	0	0	0	0	1
29.46	0	1	0	0	0	0	1
29.48	0	1	0	0	0	0	1
29.49	1	1	0	0	0	0	1
29.51	0	1	0	0	0	0	1
29.52	0	1	0	0	0	0	1
29.54	0	1	0	0	0	0	1
29.56	0	1	0	0	0	0	1
29.57	0	1	0	0	0	0	1
29.59	0	1	0	0	0	0	1
29.6	1	1	0	0	0	0	1
29.62	0	1	0	0	0	0	1
29.63	0	1	0	0	0	0	1
29.65	1	1	0	0	0	0	1
29.67	0	1	0	0	0	0	1
29.68	0	1	0	0	0	0	1
29.7	1	1	0	0	0	0	1
29.71	0	1	0	0	0	0	1
29.73	0	1	0	0	0	0	1
29.75	0	1	0	0	0	0	1
29.76	1	1	0	0	0	0	1
29.78	0	1	0	0	0	0	1
29.79	0	1	0	0	0	0	1
29.81	0	1	0	0	0	0	1
29.82	0	1	0	0	0	0	1
29.84	0	1	0	0	0	0	1
29.86	0	1	0	0	0	0	1
29.87	0	1	0	0	0	0	1
29.89	0	1	0	0	0	0	1
29.9	1	1	0	0	0	0	1
29.92	0	1	0	0	0	0	1
29.94	0	1	0	0	0	0	1
29.95	0	1	0	0	0	0	1
29.97	0	1	0	0	0	0	1
29.98	0	1	0	0	0	0	1
30	0	1	0	0	0	0	1
30.01	0	1	0	0	0	0	1
30.03	1	1	0	0	0	0	1
30.05	0	1	0	0	0	0	1
30.06	0	1	0	0	0	0	1
30.08	0	1	0	0	0	0	1
30.09	0	1	0	0	0	0	1
30.11	0	1	0	0	0	0	1
30.12	0	1	0	0	0	0	1
30.14	0	1	0	0	0	0	1
30.16	1	1	0	0	0	0	1
30.17	0	1	0	0	0	0	1
30.19	0	1	0	0	0	0	1
30.2	0	1	0	0	0	0	1
30.22	0	1	0	0	0	0	1
30.24	0	1	0	0	0	0	1
30.25	0	1	0	0	0	0	1
30.27	0	1	0	0	0	0	1
30.28	0	1	0	0	0	0	1
30.3	0	1	0	0	0	0	1
30.31	0	1	0	0	0	0	1
30.33	0	1	0	0	0	0	1
30.35	0	1	0	0	0	0	1
30.36	0	1	0	0	0	0	1
30.38	0	1	0	0	0	0	1
30.39	0	1	0	0	0	0	1
30.41	0	1	0	0	0	0	1
30.43	0	1	0	0	0	0	1
30.44	0	1	0	0	0	0	1
30.46	0	1	0	0	0	0	1
30.47	0	1	0	0	0	0	1
30.49	0	1	0	0	0	0	1
30.5	0	1	0	0	0	0	1
30.52	0	1	0	0	0	0	1
30.54	0	1	0	0	0	0	1
30.55	0	1	0	0	0	0	1
30.57	0	1	0	0	0	0	1
30.58	1	1	0	0	0	0	1
30.6	0	1	0	0	0	0	1
30.62	0	1	0	0	0	0	1
30.63	0	1	0	0	0	0	1
30.65	0	1	0	0	0	0	1
30.66	0	1	0	0	0	0	1
30.68	0	1	0	0	0	0	1
30.69	0	1	0	0	0	0	1
30.71	0	1	0	0	0	0	1
30.73	1	1	0	0	0	0	1
30.74	0	1	0	0	0	0	1
30.76	0	1	0	0	0	0	1
30.77	0	1	0	0	0	0	1
30.79	0	1	0	0	0	0	1
30.81	0	1	0	0	0	0	1
30.82	1	1	0	0	0	0	1
30.84	0	1	0	0	0	0	1
30.85	0	1	0	0	0	0	1
30.87	1	1	0	0	0	0	1
30.88	0	1	0	0	0	0	1
30.9	0	1	0	0	0	0	1
30.92	0	1	0	0	0	0	1
30.93	0	1	0	0	0	0	1
30.95	0	1	0	0	0	0	1
30.96	0	1	0	0	0	0	1
30.98	0	1	0	0	0	0	1
31	0	1	0	0	0	0	1
31.01	1	1	0	0	0	0	1
31.03	0	1	0	0	0	0	1
31.04	0	1	0	0	0	0	1
31.06	0	1	0	0	0	0	1
31.07	0	1	0	0	0	0	1
31.09	0	1	0	0	0	0	1
31.11	0	1	0	0	0	0	1
31.12	0	1	0	0	0	0	1
31.14	0	1	0	0	0	0	1
31.15	0	1	0	0	0	0	1
31.17	0	1	0	0	0	0	1
31.18	0	1	0	0	0	0	1
31.2	0	1	0	0	0	0	1
31.22	0	1	0	0	0	0	1
31.23	0	1	0	0	0	0	1
31.25	1	1	0	0	0	0	1
31.26	0	1	0	0	0	0	1
31.28	0	1	0	0	0	0	1
31.3	0	1	0	0	0	0	1
31.31	0	1	0	0	0	0	1
31.33	0	1	0	0	0	0	1
31.34	0	1	0	0	0	0	1
31.36	0	1	0	0	0	0	1
31.37	0	1	0	0	0	0	1
31.39	0	1	0	0	0	0	1
31.41	0	1	0	0	0	0	1
31.42	0	1	0	0	0	0	1
31.44	0	1	0	0	0	0	1
31.45	0	1	0	0	0	0	1
31.47	0	1	0	0	0	0	1
31.49	0	1	0	0	0	0	1
31.5	0	1	0	0	0	0	1
31.52	0	1	0	0	0	0	1
31.53	0	1	0	0	0	0	1
31.55	0	1	0	0	0	0	1
31.56	0	1	0	0	0	0	1
31.58	0	1	0	0	0	0	1
31.6	0	1	0	0	0	0	1
31.61	0	1	0	0	0	0	1
31.63	0	1	0	0	0	0	1
31.64	0	1	0	0	0	0	1
31.66	0	1	0	0	0	0	1
31.68	0	1	0	0	0	0	1
31.69	0	1	0	0	0	0	1
31.71	0	1	0	0	0	0	1
31.72	0	1	0	0	0	0	1
31.74	0	1	0	0	0	0	1
31.75	0	1	0	0	0	0	1
31.77	0	1	0	0	0	0	1
31.79	0	1	0	0	0	0	1
31.8	0	1	0	0	0	0	1
31.82	0	1	0	0	0	0	1
31.83	0	1	0	0	0	0	1
31.85	0	1	0	0	0	0	1
31.87	0	1	0	0	0	0	1
31.88	0	1	0	0	0	0	1
31.9	0	1	0	0	0	0	1
31.91	0	1	0	0	0	0	1
31.93	0	1	0	0	0	0	1
31.94	0	1	0	0	0	0	1
31.96	0	1	0	0	0	0	1
31.98	0	1	0	0	0	0	1
31.99	0	1	0	0	0	0	1
32.01	0	1	0	0	0	0	1
32.02	0	1	0	0	0	0	1
32.04	0	1	0	0	0	0	1
32.06	0	1	0	0	0	0	1
32.07	0	1	0	0	0	0	1
32.09	0	1	0	0	0	0	1
32.1	0	1	0	0	0	0	1
32.12	0	1	0	0	0	0	1
32.13	0	1	0	0	0	0	1
32.15	0	1	0	0	0	0	1
32.17	0	1	0	0	0	0	1
32.18	0	1	0	0	0	0	1
32.2	0	1	0	0	0	0	1
32.21	0	1	0	0	0	0	1
32.23	0	1	0	0	0	0	1
32.24	0	1	0	0	0	0	1
32.26	0	1	0	0	0	0	1
32.28	0	1	0	0	0	0	1
32.29	0	1	0	0	0	0	1
32.31	0	1	0	0	0	0	1
32.32	0	1	0	0	0	0	1
32.34	0	1	0	0	0	0	1
32.36	0	1	0	0	0	0	1
32.37	0	1	0	0	0	0	1
32.39	0	1	0	0	0	0	1
32.4	0	1	0	0	0	0	1
32.42	0	1	0	0	0	0	1
32.43	-1	1	0	0	0	0	1
