Energy	Impulses
E/keV	Impulses/#

0.79	0
0.81	0
0.82	0
0.84	0
0.86	0
0.87	0
0.89	0
0.90	0
0.92	0
0.93	0
0.95	0
0.97	0
0.98	0
1.00	0
1.01	0
1.03	0
1.05	0
1.06	0
1.08	0
1.09	0
1.11	0
1.12	0
1.14	0
1.16	0
1.17	2
1.19	0
1.20	2
1.22	4
1.24	10
1.25	10
1.27	23
1.28	20
1.30	15
1.31	14
1.33	15
1.35	20
1.36	8
1.38	15
1.39	26
1.41	17
1.42	20
1.44	10
1.46	12
1.47	16
1.49	13
1.50	30
1.52	9
1.54	22
1.55	11
1.57	13
1.58	7
1.60	17
1.61	21
1.63	14
1.65	21
1.66	13
1.68	19
1.69	16
1.71	12
1.73	19
1.74	6
1.76	18
1.77	21
1.79	15
1.80	9
1.82	14
1.84	18
1.85	12
1.87	17
1.88	15
1.90	13
1.92	19
1.93	14
1.95	10
1.96	11
1.98	20
1.99	14
2.01	17
2.03	22
2.04	15
2.06	19
2.07	16
2.09	14
2.11	17
2.12	14
2.14	16
2.15	18
2.17	16
2.18	12
2.20	20
2.22	12
2.23	14
2.25	16
2.26	18
2.28	12
2.30	24
2.31	14
2.33	10
2.34	18
2.36	13
2.37	15
2.39	12
2.41	14
2.42	16
2.44	15
2.45	19
2.47	19
2.48	20
2.50	22
2.52	17
2.53	11
2.55	15
2.56	8
2.58	21
2.60	13
2.61	12
2.63	7
2.64	9
2.66	14
2.67	12
2.69	15
2.71	16
2.72	9
2.74	11
2.75	13
2.77	16
2.79	10
2.80	24
2.82	15
2.83	16
2.85	16
2.86	20
2.88	15
2.90	19
2.91	20
2.93	23
2.94	20
2.96	21
2.98	19
2.99	25
3.01	25
3.02	23
3.04	22
3.05	38
3.07	27
3.09	25
3.10	32
3.12	28
3.13	26
3.15	31
3.17	42
3.18	44
3.20	30
3.21	34
3.23	46
3.24	37
3.26	30
3.28	39
3.29	31
3.31	53
3.32	43
3.34	50
3.36	49
3.37	36
3.39	42
3.40	39
3.42	42
3.43	48
3.45	32
3.47	34
3.48	34
3.50	47
3.51	38
3.53	40
3.54	31
3.56	39
3.58	29
3.59	41
3.61	35
3.62	36
3.64	26
3.66	22
3.67	33
3.69	16
3.70	23
3.72	31
3.73	22
3.75	26
3.77	23
3.78	14
3.80	23
3.81	27
3.83	23
3.85	18
3.86	28
3.88	19
3.89	22
3.91	21
3.92	21
3.94	20
3.96	17
3.97	20
3.99	29
4.00	22
4.02	9
4.04	19
4.05	19
4.07	22
4.08	19
4.10	21
4.11	32
4.13	21
4.15	15
4.16	19
4.18	16
4.19	25
4.21	16
4.23	16
4.24	13
4.26	18
4.27	25
4.29	20
4.30	22
4.32	23
4.34	22
4.35	21
4.37	18
4.38	20
4.40	18
4.42	16
4.43	17
4.45	20
4.46	29
4.48	17
4.49	38
4.51	26
4.53	23
4.54	20
4.56	26
4.57	30
4.59	24
4.60	27
4.62	23
4.64	32
4.65	27
4.67	28
4.68	33
4.70	27
4.72	21
4.73	31
4.75	25
4.76	33
4.78	28
4.79	35
4.81	22
4.83	26
4.84	18
4.86	23
4.87	19
4.89	32
4.91	24
4.92	24
4.94	27
4.95	26
4.97	25
4.98	27
5.00	30
5.02	22
5.03	26
5.05	31
5.06	28
5.08	21
5.10	39
5.11	24
5.13	27
5.14	25
5.16	21
5.17	31
5.19	15
5.21	22
5.22	19
5.24	24
5.25	29
5.27	30
5.29	25
5.30	27
5.32	21
5.33	31
5.35	18
5.36	28
5.38	33
5.40	34
5.41	34
5.43	21
5.44	33
5.46	40
5.48	23
5.49	37
5.51	24
5.52	42
5.54	37
5.55	36
5.57	35
5.59	58
5.60	40
5.62	43
5.63	54
5.65	69
5.67	69
5.68	67
5.70	89
5.71	111
5.73	102
5.74	135
5.76	135
5.78	173
5.79	181
5.81	189
5.82	211
5.84	303
5.85	268
5.87	343
5.89	371
5.90	446
5.92	493
5.93	478
5.95	615
5.97	629
5.98	689
6.00	850
6.01	862
6.03	998
6.04	1123
6.06	1203
6.08	1256
6.09	1618
6.11	1349
6.12	1736
6.14	1756
6.16	1911
6.17	1974
6.19	1963
6.20	2275
6.22	2251
6.23	2263
6.25	2505
6.27	2390
6.28	2708
6.30	2530
6.31	2694
6.33	2765
6.35	2981
6.36	2539
6.38	2770
6.39	2808
6.41	2771
6.42	2788
6.44	2503
6.46	2768
6.47	2689
6.49	2329
6.50	2465
6.52	2156
6.54	2275
6.55	2133
6.57	2035
6.58	1931
6.60	2033
6.61	1513
6.63	1567
6.65	1426
6.66	1361
6.68	1233
6.69	1127
6.71	1102
6.73	1031
6.74	934
6.76	940
6.77	800
6.79	791
6.80	709
6.82	691
6.84	636
6.85	704
6.87	518
6.88	582
6.90	538
6.91	552
6.93	574
6.95	538
6.96	525
6.98	516
6.99	507
7.01	532
7.03	436
7.04	482
7.06	440
7.07	474
7.09	407
7.10	484
7.12	388
7.14	395
7.15	387
7.17	371
7.18	374
7.20	314
7.22	350
7.23	309
7.25	268
7.26	295
7.28	210
7.29	220
7.31	193
7.33	187
7.34	193
7.36	142
7.37	133
7.39	123
7.41	106
7.42	88
7.44	82
7.45	61
7.47	49
7.48	48
7.50	41
7.52	34
7.53	40
7.55	28
7.56	25
7.58	28
7.60	15
7.61	14
7.63	8
7.64	10
7.66	4
7.67	6
7.69	7
7.71	10
7.72	4
7.74	3
7.75	5
7.77	3
7.79	5
7.80	5
7.82	4
7.83	3
7.85	5
7.86	3
7.88	1
7.90	6
7.91	2
7.93	5
7.94	3
7.96	7
7.97	5
7.99	5
8.01	6
8.02	1
8.04	4
8.05	4
8.07	7
8.09	3
8.10	2
8.12	4
8.13	2
8.15	5
8.16	0
8.18	6
8.20	5
8.21	3
8.23	7
8.24	4
8.26	3
8.28	2
8.29	4
8.31	6
8.32	3
8.34	5
8.35	3
8.37	2
8.39	1
8.40	1
8.42	2
8.43	9
8.45	2
8.47	1
8.48	6
8.50	5
8.51	2
8.53	5
8.54	5
8.56	4
8.58	2
8.59	7
8.61	4
8.62	6
8.64	5
8.66	2
8.67	2
8.69	3
8.70	1
8.72	3
8.73	1
8.75	3
8.77	6
8.78	1
8.80	1
8.81	2
8.83	0
8.85	1
8.86	3
8.88	5
8.89	1
8.91	0
8.92	4
8.94	6
8.96	2
8.97	2
8.99	3
9.00	1
9.02	1
9.03	1
9.05	5
9.07	2
9.08	0
9.10	0
9.11	2
9.13	1
9.15	2
9.16	2
9.18	1
9.19	2
9.21	3
9.22	1
9.24	2
9.26	3
9.27	2
9.29	1
9.30	4
9.32	3
9.34	6
9.35	3
9.37	4
9.38	3
9.40	3
9.41	2
9.43	4
9.45	1
9.46	4
9.48	1
9.49	0
9.51	1
9.53	0
9.54	2
9.56	3
9.57	2
9.59	4
9.60	1
9.62	1
9.64	1
9.65	4
9.67	6
9.68	4
9.70	3
9.72	3
9.73	1
9.75	0
9.76	4
9.78	3
9.79	2
9.81	3
9.83	0
9.84	2
9.86	2
9.87	2
9.89	2
9.91	3
9.92	2
9.94	2
9.95	2
9.97	2
9.98	2
10.00	2
10.02	6
10.03	4
10.05	4
10.06	3
10.08	5
10.10	5
10.11	5
10.13	1
10.14	2
10.16	2
10.17	8
10.19	7
10.21	4
10.22	7
10.24	0
10.25	4
10.27	7
10.28	4
10.30	5
10.32	4
10.33	3
10.35	4
10.36	5
10.38	5
10.40	4
10.41	2
10.43	4
10.44	3
10.46	6
10.47	4
10.49	2
10.51	3
10.52	4
10.54	3
10.55	3
10.57	1
10.59	3
10.60	4
10.62	2
10.63	2
10.65	3
10.66	2
10.68	3
10.70	2
10.71	2
10.73	1
10.74	3
10.76	0
10.78	3
10.79	3
10.81	2
10.82	2
10.84	4
10.85	1
10.87	7
10.89	2
10.90	4
10.92	0
10.93	4
10.95	3
10.97	2
10.98	1
11.00	4
11.01	6
11.03	5
11.04	1
11.06	6
11.08	12
11.09	5
11.11	5
11.12	2
11.14	4
11.16	2
11.17	8
11.19	5
11.20	7
11.22	5
11.23	0
11.25	9
11.27	3
11.28	5
11.30	3
11.31	6
11.33	2
11.34	1
11.36	5
11.38	3
11.39	6
11.41	2
11.42	2
11.44	4
11.46	5
11.47	5
11.49	4
11.50	3
11.52	1
11.53	0
11.55	5
11.57	1
11.58	2
11.60	1
11.61	2
11.63	6
11.65	1
11.66	5
11.68	5
11.69	3
11.71	4
11.72	2
11.74	1
11.76	3
11.77	3
11.79	3
11.80	0
11.82	2
11.84	3
11.85	1
11.87	3
11.88	3
11.90	1
11.91	6
11.93	1
11.95	4
11.96	1
11.98	3
11.99	3
12.01	2
12.03	1
12.04	2
12.06	3
12.07	4
12.09	2
12.10	2
12.12	4
12.14	2
12.15	0
12.17	1
12.18	1
12.20	3
12.22	6
12.23	3
12.25	1
12.26	6
12.28	3
12.29	3
12.31	1
12.33	3
12.34	5
12.36	2
12.37	0
12.39	7
12.40	5
12.42	4
12.44	3
12.45	4
12.47	3
12.48	1
12.50	4
12.52	9
12.53	1
12.55	6
12.56	4
12.58	4
12.59	3
12.61	7
12.63	4
12.64	7
12.66	2
12.67	1
12.69	3
12.71	3
12.72	7
12.74	4
12.75	3
12.77	5
12.78	4
12.80	2
12.82	4
12.83	4
12.85	2
12.86	7
12.88	4
12.90	4
12.91	1
12.93	7
12.94	3
12.96	1
12.97	3
12.99	1
13.01	3
13.02	1
13.04	3
13.05	2
13.07	3
13.09	1
13.10	0
13.12	1
13.13	2
13.15	3
13.16	1
13.18	5
13.20	0
13.21	0
13.23	2
13.24	2
13.26	1
13.28	0
13.29	4
13.31	2
13.32	4
13.34	2
13.35	2
13.37	5
13.39	3
13.40	1
13.42	2
13.43	3
13.45	1
13.46	2
13.48	3
13.50	4
13.51	3
13.53	0
13.54	5
13.56	8
13.58	7
13.59	2
13.61	1
13.62	3
13.64	4
13.65	2
13.67	6
13.69	3
13.70	1
13.72	1
13.73	2
13.75	4
13.77	2
13.78	1
13.80	8
13.81	3
13.83	6
13.84	2
13.86	1
13.88	4
13.89	3
13.91	1
13.92	4
13.94	1
13.96	7
13.97	7
13.99	7
14.00	4
14.02	4
14.03	5
14.05	4
14.07	4
14.08	4
14.10	5
14.11	4
14.13	2
14.15	3
14.16	1
14.18	5
14.19	3
14.21	3
14.22	3
14.24	2
14.26	3
14.27	4
14.29	2
14.30	9
14.32	2
14.34	2
14.35	2
14.37	3
14.38	5
14.40	3
14.41	0
14.43	4
14.45	5
14.46	1
14.48	3
14.49	3
14.51	1
14.53	5
14.54	2
14.56	5
14.57	5
14.59	2
14.60	3
14.62	4
14.64	3
14.65	2
14.67	5
14.68	0
14.70	5
14.71	6
14.73	0
14.75	3
14.76	4
14.78	6
14.79	3
14.81	3
14.83	1
14.84	1
14.86	2
14.87	3
14.89	3
14.90	2
14.92	2
14.94	2
14.95	1
14.97	0
14.98	1
15.00	1
15.02	3
15.03	5
15.05	5
15.06	4
15.08	6
15.09	1
15.11	6
15.13	4
15.14	2
15.16	3
15.17	1
15.19	2
15.21	2
15.22	5
15.24	0
15.25	3
15.27	0
15.28	3
15.30	4
15.32	2
15.33	3
15.35	3
15.36	3
15.38	2
15.40	3
15.41	4
15.43	4
15.44	2
15.46	6
15.47	0
15.49	2
15.51	1
15.52	2
15.54	1
15.55	2
15.57	4
15.59	1
15.60	2
15.62	2
15.63	5
15.65	1
15.66	2
15.68	2
15.70	1
15.71	2
15.73	0
15.74	4
15.76	2
15.77	0
15.79	5
15.81	0
15.82	1
15.84	2
15.85	0
15.87	1
15.89	1
15.90	2
15.92	1
15.93	1
15.95	1
15.96	2
15.98	1
16.00	0
16.01	2
16.03	1
16.04	5
16.06	2
16.08	0
16.09	2
16.11	2
16.12	6
16.14	5
16.15	2
16.17	0
16.19	2
16.20	1
16.22	0
16.23	2
16.25	2
16.27	0
16.28	2
16.30	2
16.31	1
16.33	2
16.34	5
16.36	0
16.38	2
16.39	0
16.41	3
16.42	0
16.44	3
16.46	2
16.47	0
16.49	0
16.50	2
16.52	2
16.53	1
16.55	0
16.57	5
16.58	1
16.60	2
16.61	1
16.63	3
16.65	1
16.66	4
16.68	2
16.69	2
16.71	2
16.72	1
16.74	1
16.76	3
16.77	2
16.79	3
16.80	2
16.82	2
16.83	4
16.85	2
16.87	3
16.88	4
16.90	3
16.91	3
16.93	1
16.95	2
16.96	2
16.98	2
16.99	6
17.01	2
17.02	0
17.04	2
17.06	1
17.07	3
17.09	3
17.10	2
17.12	0
17.14	4
17.15	3
17.17	3
17.18	2
17.20	4
17.21	2
17.23	2
17.25	1
17.26	3
17.28	2
17.29	6
17.31	4
17.33	1
17.34	8
17.36	1
17.37	4
17.39	8
17.40	4
17.42	3
17.44	5
17.45	1
17.47	3
17.48	3
17.50	3
17.52	6
17.53	4
17.55	3
17.56	4
17.58	4
17.59	3
17.61	2
17.63	0
17.64	4
17.66	2
17.67	2
17.69	3
17.71	2
17.72	1
17.74	4
17.75	3
17.77	4
17.78	0
17.80	4
17.82	2
17.83	2
17.85	5
17.86	4
17.88	3
17.89	2
17.91	1
17.93	1
17.94	2
17.96	2
17.97	4
17.99	2
18.01	0
18.02	3
18.04	0
18.05	2
18.07	1
18.08	2
18.10	2
18.12	2
18.13	2
18.15	2
18.16	0
18.18	2
18.20	1
18.21	3
18.23	3
18.24	3
18.26	3
18.27	1
18.29	2
18.31	2
18.32	3
18.34	3
18.35	3
18.37	0
18.39	3
18.40	3
18.42	3
18.43	5
18.45	1
18.46	3
18.48	1
18.50	2
18.51	1
18.53	2
18.54	1
18.56	0
18.58	6
18.59	2
18.61	1
18.62	3
18.64	2
18.65	1
18.67	4
18.69	0
18.70	3
18.72	1
18.73	3
18.75	0
18.77	4
18.78	1
18.80	2
18.81	2
18.83	2
18.84	1
18.86	3
18.88	0
18.89	2
18.91	3
18.92	3
18.94	6
18.95	1
18.97	1
18.99	1
19.00	1
19.02	4
19.03	1
19.05	0
19.07	1
19.08	3
19.10	0
19.11	1
19.13	0
19.14	2
19.16	1
19.18	0
19.19	1
19.21	1
19.22	2
19.24	1
19.26	2
19.27	3
19.29	0
19.30	1
19.32	1
19.33	1
19.35	2
19.37	2
19.38	1
19.40	0
19.41	2
19.43	3
19.45	1
19.46	0
19.48	3
19.49	3
19.51	2
19.52	0
19.54	0
19.56	2
19.57	2
19.59	2
19.60	0
19.62	3
19.64	1
19.65	0
19.67	1
19.68	2
19.70	1
19.71	0
19.73	0
19.75	4
19.76	2
19.78	2
19.79	1
19.81	0
19.83	1
19.84	2
19.86	2
19.87	2
19.89	2
19.90	2
19.92	0
19.94	0
19.95	1
19.97	1
19.98	0
20.00	3
20.02	0
20.03	3
20.05	0
20.06	1
20.08	1
20.09	1
20.11	2
20.13	0
20.14	1
20.16	1
20.17	0
20.19	1
20.20	2
20.22	3
20.24	2
20.25	1
20.27	1
20.28	3
20.30	2
20.32	1
20.33	0
20.35	2
20.36	2
20.38	2
20.39	1
20.41	1
20.43	2
20.44	1
20.46	0
20.47	0
20.49	1
20.51	2
20.52	1
20.54	0
20.55	2
20.57	0
20.58	1
20.60	2
20.62	3
20.63	3
20.65	0
20.66	0
20.68	1
20.70	1
20.71	1
20.73	2
20.74	1
20.76	0
20.77	1
20.79	4
20.81	3
20.82	3
20.84	2
20.85	2
20.87	3
20.89	0
20.90	1
20.92	0
20.93	2
20.95	3
20.96	4
20.98	2
21.00	3
21.01	5
21.03	3
21.04	2
21.06	1
21.08	0
21.09	1
21.11	0
21.12	2
21.14	3
21.15	2
21.17	1
21.19	7
21.20	1
21.22	1
21.23	2
21.25	4
21.26	2
21.28	3
21.30	1
21.31	0
21.33	0
21.34	2
21.36	0
21.38	2
21.39	1
21.41	0
21.42	1
21.44	4
21.45	1
21.47	4
21.49	1
21.50	1
21.52	1
21.53	2
21.55	2
21.57	1
21.58	1
21.60	1
21.61	3
21.63	2
21.64	0
21.66	1
21.68	1
21.69	2
21.71	2
21.72	2
21.74	2
21.76	2
21.77	3
21.79	0
21.80	1
21.82	0
21.83	0
21.85	1
21.87	2
21.88	1
21.90	4
21.91	1
21.93	5
21.95	1
21.96	2
21.98	7
21.99	2
22.01	0
22.02	2
22.04	1
22.06	2
22.07	5
22.09	0
22.10	0
22.12	3
22.14	0
22.15	2
22.17	1
22.18	0
22.20	1
22.21	1
22.23	2
22.25	1
22.26	1
22.28	2
22.29	2
22.31	1
22.32	0
22.34	1
22.36	2
22.37	1
22.39	0
22.40	2
22.42	0
22.44	0
22.45	1
22.47	1
22.48	1
22.50	2
22.51	0
22.53	3
22.55	2
22.56	2
22.58	1
22.59	2
22.61	1
22.63	0
22.64	0
22.66	2
22.67	2
22.69	1
22.70	0
22.72	1
22.74	0
22.75	0
22.77	2
22.78	1
22.80	0
22.82	2
22.83	1
22.85	0
22.86	2
22.88	2
22.89	0
22.91	0
22.93	1
22.94	0
22.96	1
22.97	0
22.99	1
23.01	0
23.02	0
23.04	2
23.05	0
23.07	1
23.08	2
23.10	1
23.12	1
23.13	0
23.15	0
23.16	0
23.18	2
23.20	3
23.21	0
23.23	1
23.24	1
23.26	2
23.27	2
23.29	1
23.31	0
23.32	1
23.34	0
23.35	2
23.37	1
23.38	0
23.40	0
23.42	2
23.43	0
23.45	1
23.46	1
23.48	2
23.50	0
23.51	1
23.53	2
23.54	0
23.56	0
23.57	0
23.59	1
23.61	2
23.62	0
23.64	1
23.65	0
23.67	0
23.69	0
23.70	0
23.72	1
23.73	0
23.75	0
23.76	1
23.78	1
23.80	1
23.81	0
23.83	0
23.84	0
23.86	0
23.88	1
23.89	1
23.91	1
23.92	1
23.94	0
23.95	0
23.97	2
23.99	1
24.00	0
24.02	0
24.03	1
24.05	0
24.07	1
24.08	1
24.10	1
24.11	0
24.13	1
24.14	1
24.16	1
24.18	0
24.19	2
24.21	0
24.22	1
24.24	0
24.26	2
24.27	2
24.29	1
24.30	0
24.32	1
24.33	0
24.35	2
24.37	0
24.38	1
24.40	1
24.41	0
24.43	0
24.45	2
24.46	1
24.48	3
24.49	0
24.51	4
24.52	0
24.54	2
24.56	1
24.57	1
24.59	0
24.60	2
24.62	0
24.63	1
24.65	2
24.67	0
24.68	0
24.70	0
24.71	0
24.73	0
24.75	0
24.76	2
24.78	0
24.79	0
24.81	1
24.82	1
24.84	0
24.86	1
24.87	1
24.89	1
24.90	1
24.92	0
24.94	1
24.95	0
24.97	0
24.98	0
25.00	0
25.01	1
25.03	0
25.05	0
25.06	0
25.08	0
25.09	1
25.11	1
25.13	0
25.14	0
25.16	0
25.17	1
25.19	0
25.20	1
25.22	0
25.24	0
25.25	1
25.27	0
25.28	1
25.30	1
25.32	0
25.33	0
25.35	0
25.36	0
25.38	0
25.39	2
25.41	1
25.43	0
25.44	0
25.46	0
25.47	0
25.49	0
25.51	0
25.52	2
25.54	0
25.55	0
25.57	1
25.58	1
25.60	2
25.62	0
25.63	0
25.65	2
25.66	0
25.68	0
25.69	0
25.71	3
25.73	0
25.74	2
25.76	1
25.77	0
25.79	1
25.81	0
25.82	0
25.84	0
25.85	0
25.87	1
25.88	0
25.90	1
25.92	1
25.93	1
25.95	0
25.96	0
25.98	1
26.00	0
26.01	0
26.03	0
26.04	3
26.06	1
26.07	0
26.09	0
26.11	0
26.12	1
26.14	0
26.15	1
26.17	0
26.19	1
26.20	2
26.22	0
26.23	0
26.25	1
26.26	0
26.28	0
26.30	0
26.31	0
26.33	0
26.34	1
26.36	2
26.38	2
26.39	1
26.41	0
26.42	0
26.44	1
26.45	2
26.47	0
26.49	0
26.50	0
26.52	0
26.53	0
26.55	0
26.57	0
26.58	0
26.60	0
26.61	0
26.63	0
26.64	0
26.66	2
26.68	1
26.69	1
26.71	3
26.72	0
26.74	0
26.75	2
26.77	0
26.79	0
26.80	0
26.82	1
26.83	0
26.85	0
26.87	0
26.88	0
26.90	0
26.91	0
26.93	0
26.94	0
26.96	0
26.98	0
26.99	0
27.01	1
27.02	1
27.04	1
27.06	0
27.07	0
27.09	0
27.10	0
27.12	0
27.13	1
27.15	0
27.17	0
27.18	1
27.20	1
27.21	0
27.23	0
27.25	1
27.26	0
27.28	0
27.29	0
27.31	0
27.32	0
27.34	1
27.36	2
27.37	0
27.39	0
27.40	1
27.42	0
27.44	2
27.45	0
27.47	1
27.48	0
27.50	0
27.51	0
27.53	0
27.55	1
27.56	0
27.58	0
27.59	0
27.61	0
27.63	0
27.64	0
27.66	0
27.67	1
27.69	0
27.70	1
27.72	1
27.74	0
27.75	0
27.77	1
27.78	0
27.80	1
27.81	0
27.83	0
27.85	0
27.86	1
27.88	1
27.89	0
27.91	2
27.93	0
27.94	1
27.96	0
27.97	0
27.99	0
28.00	0
28.02	1
28.04	0
28.05	0
28.07	1
28.08	0
28.10	0
28.12	0
28.13	0
28.15	0
28.16	0
28.18	0
28.19	0
28.21	0
28.23	0
28.24	0
28.26	0
28.27	0
28.29	0
28.31	0
28.32	0
28.34	1
28.35	0
28.37	2
28.38	2
28.40	0
28.42	0
28.43	0
28.45	0
28.46	0
28.48	0
28.50	0
28.51	0
28.53	0
28.54	0
28.56	0
28.57	1
28.59	0
28.61	0
28.62	0
28.64	0
28.65	0
28.67	1
28.69	0
28.70	1
28.72	0
28.73	1
28.75	0
28.76	0
28.78	0
28.80	0
28.81	0
28.83	0
28.84	0
28.86	0
28.88	0
28.89	0
28.91	0
28.92	0
28.94	0
28.95	0
28.97	0
28.99	1
29.00	0
29.02	0
29.03	0
29.05	0
29.06	0
29.08	0
29.10	0
29.11	0
29.13	0
29.14	0
29.16	0
29.18	0
29.19	0
29.21	0
29.22	0
29.24	0
29.25	0
29.27	0
29.29	0
29.30	0
29.32	1
29.33	0
29.35	0
29.37	0
29.38	0
29.40	0
29.41	0
29.43	0
29.44	0
29.46	0
29.48	0
29.49	0
29.51	0
29.52	0
29.54	0
29.56	1
29.57	0
29.59	0
29.60	0
29.62	0
29.63	1
29.65	0
29.67	0
29.68	0
29.70	1
29.71	0
29.73	0
29.75	0
29.76	0
29.78	0
29.79	0
29.81	0
29.82	0
29.84	0
29.86	0
29.87	0
29.89	0
29.90	0
29.92	1
29.94	0
29.95	0
29.97	1
29.98	0
30.00	0
30.01	0
30.03	0
30.05	0
30.06	0
30.08	0
30.09	0
30.11	0
30.12	0
30.14	0
30.16	0
30.17	1
30.19	0
30.20	1
30.22	0
30.24	0
30.25	0
30.27	0
30.28	0
30.30	0
30.31	0
30.33	1
30.35	0
30.36	0
30.38	0
30.39	0
30.41	0
30.43	0
30.44	0
30.46	0
30.47	0
30.49	0
30.50	0
30.52	0
30.54	0
30.55	0
30.57	0
30.58	0
30.60	0
30.62	0
30.63	0
30.65	0
30.66	0
30.68	0
30.69	1
30.71	0
30.73	0
30.74	0
30.76	1
30.77	0
30.79	0
30.81	0
30.82	1
30.84	0
30.85	0
30.87	0
30.88	0
30.90	0
30.92	0
30.93	0
30.95	0
30.96	0
30.98	1
31.00	0
31.01	0
31.03	0
31.04	0
31.06	0
31.07	0
31.09	0
31.11	0
31.12	0
31.14	0
31.15	0
31.17	0
31.18	0
31.20	0
31.22	0
31.23	0
31.25	0
31.26	0
31.28	0
31.30	0
31.31	0
31.33	0
31.34	0
31.36	0
31.37	0
31.39	0
31.41	0
31.42	1
31.44	0
31.45	1
31.47	0
31.49	0
31.50	0
31.52	0
31.53	0
31.55	0
31.56	0
31.58	0
31.60	0
31.61	0
31.63	0
31.64	1
31.66	0
31.68	0
31.69	0
31.71	0
31.72	0
31.74	0
31.75	0
31.77	0
31.79	0
31.80	0
31.82	0
31.83	0
31.85	0
31.87	0
31.88	0
31.90	0
31.91	0
31.93	0
31.94	0
31.96	0
31.98	0
31.99	0
32.01	0
32.02	0
32.04	1
32.06	0
32.07	0
32.09	0
32.10	0
32.12	0
32.13	0
32.15	0
32.17	0
32.18	0
32.20	0
32.21	0
32.23	0
32.24	0
32.26	0
32.28	0
32.29	0
32.31	0
32.32	0
32.34	0
32.36	0
32.37	0
32.39	0
32.40	0
32.42	0
32.43	-1
