# exported by fityk 0.8.7
#6-EdelStahl:x	6-EdelStahl:y	6-EdelStahl:s	6-EdelStahl:F(x)	6-EdelStahl:%_1(x)	6-EdelStahl:%_2(x)	6-EdelStahl:%_3(x)	6-EdelStahl:a
0.79	0	1	2.31435e-009	5.31217e-109	5.93518e-206	2.31435e-009	1
0.81	0	1	3.32151e-009	3.34703e-108	1.24407e-204	3.32151e-009	1
0.82	0	1	3.975e-009	8.38062e-108	5.67506e-204	3.975e-009	1
0.84	0	1	5.68108e-009	5.22827e-107	1.17236e-202	5.68108e-009	1
0.86	0	1	8.09687e-009	3.24018e-106	2.39848e-201	8.09687e-009	1
0.87	0	1	9.65621e-009	8.04633e-106	1.08092e-200	9.65621e-009	1
0.89	0	1	1.3705e-008	4.93746e-105	2.17946e-199	1.3705e-008	1
0.9	0	1	1.63104e-008	1.22006e-104	9.75091e-199	1.63104e-008	1
0.92	0	1	2.30528e-008	7.41275e-104	1.93766e-197	2.30528e-008	1
0.93	0	1	2.7378e-008	1.82265e-103	8.60627e-197	2.7378e-008	1
0.95	0	1	3.85344e-008	1.09647e-102	1.68549e-195	3.85344e-008	1
0.97	0	1	5.40864e-008	6.5527e-102	3.26908e-194	5.40864e-008	1
0.98	0	1	6.4011e-008	1.59792e-101	1.43448e-193	6.4011e-008	1
1	0	1	8.94708e-008	9.45526e-101	2.74202e-192	8.94708e-008	1
1.01	0	1	1.05667e-007	2.29433e-100	1.19448e-191	1.05667e-007	1
1.03	0	1	1.47081e-007	1.34421e-099	2.25027e-190	1.47081e-007	1
1.05	0	1	2.04155e-007	7.82366e-099	4.19831e-189	2.04155e-007	1
1.06	0	1	2.40276e-007	1.8828e-098	1.80682e-188	2.40276e-007	1
1.08	0	1	3.32126e-007	1.08503e-097	3.32227e-187	3.32126e-007	1
1.09	0	1	3.90073e-007	2.59826e-097	1.41943e-186	3.90073e-007	1
1.11	0	1	5.3694e-007	1.48256e-096	2.57225e-185	5.3694e-007	1
1.12	0	1	6.29307e-007	3.53265e-096	1.09102e-184	6.29307e-007	1
1.14	0	1	8.62641e-007	1.99584e-095	1.94854e-183	8.62641e-007	1
1.16	0	1	1.1792e-006	1.12016e-094	3.44646e-182	1.1792e-006	1
1.17	2	1.41421	1.37726e-006	2.64716e-094	1.44419e-181	1.37726e-006	1
1.19	0	1	1.87483e-006	1.47106e-093	2.51748e-180	1.87483e-006	1
1.2	2	1.41421	2.18515e-006	3.45921e-093	1.04727e-179	2.18515e-006	1
1.22	4	2	2.9622e-006	1.90335e-092	1.7992e-178	2.9622e-006	1
1.24	10	3.16228	4.00441e-006	1.04038e-091	3.06115e-177	4.00441e-006	1
1.25	10	3.16228	4.65102e-006	2.42634e-091	1.25808e-176	4.65102e-006	1
1.27	23	4.79583	6.26124e-006	1.31316e-090	2.10957e-175	6.26124e-006	1
1.28	20	4.47214	7.2571e-006	3.04737e-090	8.60708e-175	7.2571e-006	1
1.3	15	3.87298	9.72887e-006	1.633e-089	1.42239e-173	9.72887e-006	1
1.31	14	3.74166	1.12528e-005	3.77086e-089	5.76132e-173	1.12528e-005	1
1.33	15	3.87298	1.50226e-005	2.00076e-088	9.38349e-172	1.50226e-005	1
1.35	20	4.47214	1.99997e-005	1.05458e-087	1.51354e-170	1.99997e-005	1
1.36	8	2.82843	2.30521e-005	2.41516e-087	6.05658e-170	2.30521e-005	1
1.38	15	3.87298	3.05615e-005	1.26045e-086	9.62797e-169	3.05615e-005	1
1.39	26	5.09902	3.51524e-005	2.87236e-086	3.82479e-168	3.51524e-005	1
1.41	17	4.12311	4.64095e-005	1.48427e-085	5.99231e-167	4.64095e-005	1
1.42	20	4.47214	5.32697e-005	3.36568e-085	2.36324e-166	5.32697e-005	1
1.44	10	3.16228	7.00359e-005	1.72203e-084	3.64898e-165	7.00359e-005	1
1.46	12	3.4641	9.18231e-005	8.7526e-084	5.57985e-164	9.18231e-005	1
1.47	16	4	0.00010503	1.96838e-083	2.17404e-163	0.00010503	1
1.49	13	3.60555	0.00013713	9.90606e-083	3.2764e-162	0.00013713	1
1.5	30	5.47723	0.000156527	2.21677e-082	1.26731e-161	0.000156527	1
1.52	9	3	0.000203515	1.1046e-081	1.88231e-160	0.000203515	1
1.54	22	4.69042	0.000263872	5.46792e-081	2.76875e-159	0.000263872	1
1.55	11	3.31662	0.00030015	1.21354e-080	1.05804e-158	0.00030015	1
1.57	13	3.60555	0.000387547	5.94789e-080	1.53382e-157	0.000387547	1
1.58	7	2.64575	0.000439909	1.31353e-079	5.81875e-157	0.000439909	1
1.6	17	4.12311	0.000565634	6.37449e-079	8.31345e-156	0.000565634	1
1.61	21	4.58258	0.00064072	1.40078e-078	3.13096e-155	0.00064072	1
1.63	14	3.74166	0.000820404	6.73084e-078	4.40867e-154	0.000820404	1
1.65	21	4.58258	0.00104756	3.2129e-077	6.14785e-153	0.00104756	1
1.66	13	3.60555	0.0011825	7.0022e-077	2.28745e-152	0.0011825	1
1.68	19	4.3589	0.00150362	3.30946e-076	3.14374e-151	0.00150362	1
1.69	16	4	0.00169377	7.17698e-076	1.16122e-150	0.00169377	1
1.71	12	3.4641	0.00214477	3.3586e-075	1.57285e-149	0.00214477	1
1.73	19	4.3589	0.00270831	1.56136e-074	2.10982e-148	0.00270831	1
1.74	6	2.44949	0.00304021	3.35816e-074	7.6992e-148	0.00304021	1
1.76	18	4.24264	0.00382303	1.54576e-073	1.01785e-146	0.00382303	1
1.77	21	4.58258	0.00428259	3.30815e-073	3.68742e-146	0.00428259	1
1.79	15	3.87298	0.00536288	1.50772e-072	4.80441e-145	0.00536288	1
1.8	9	3	0.00599502	3.21078e-072	1.7279e-144	0.00599502	1
1.82	14	3.74166	0.007476	1.4489e-071	2.21878e-143	0.007476	1
1.84	18	4.24264	0.00929694	6.49528e-071	2.8216e-142	0.00929694	1
1.85	12	3.4641	0.0103567	1.37183e-070	1.00255e-141	0.0103567	1
1.87	17	4.12311	0.0128257	6.08911e-070	1.25651e-140	0.0128257	1
1.88	15	3.87298	0.0142579	1.27969e-069	4.43216e-140	0.0142579	1
1.9	13	3.60555	0.0175833	5.62407e-069	5.47463e-139	0.0175833	1
1.92	19	4.3589	0.021624	2.45543e-068	6.69699e-138	0.021624	1
1.93	14	3.74166	0.0239553	5.11787e-068	2.33379e-137	0.0239553	1
1.95	10	3.16228	0.0293377	2.21238e-067	2.81362e-136	0.0293377	1
1.96	11	3.31662	0.0324328	4.58849e-067	9.7339e-136	0.0324328	1
1.98	20	4.47214	0.0395544	1.96397e-066	1.15656e-134	0.0395544	1
1.99	14	3.74166	0.0436363	4.05314e-066	3.97219e-134	0.0436363	1
2.01	17	4.12311	0.0529963	1.71771e-065	4.65148e-133	0.0529963	1
2.03	22	4.69042	0.0641853	7.23169e-065	5.39434e-132	0.0641853	1
2.04	15	3.87298	0.0705631	1.48016e-064	1.83034e-131	0.0705631	1
2.06	19	4.3589	0.0851049	6.17009e-064	2.09198e-130	0.0851049	1
2.07	16	4	0.0933662	1.25663e-063	7.04677e-130	0.0933662	1
2.09	14	3.74166	0.112138	5.18662e-063	7.93769e-129	0.112138	1
2.11	17	4.12311	0.134311	2.12663e-062	8.85492e-128	0.134311	1
2.12	14	3.74166	0.146837	4.29555e-062	2.94679e-127	0.146837	1
2.14	16	4	0.175137	1.7439e-061	3.2398e-126	0.175137	1
2.15	18	4.24264	0.191072	3.50506e-061	1.07034e-125	0.191072	1
2.17	16	4	0.226948	1.40894e-060	1.15977e-124	0.226948	1
2.18	12	3.4641	0.247081	2.81782e-060	3.80377e-124	0.247081	1
2.2	20	4.47214	0.292252	1.12151e-059	4.062e-123	0.292252	1
2.22	12	3.4641	0.34472	4.43428e-059	4.29589e-122	0.34472	1
2.23	14	3.74166	0.373997	8.79541e-059	1.39197e-121	0.373997	1
2.25	16	4	0.439303	3.44326e-058	1.45084e-120	0.439303	1
2.26	18	4.24264	0.475619	6.79596e-058	4.66697e-120	0.475619	1
2.28	12	3.4641	0.556343	2.63426e-057	4.79407e-119	0.556343	1
2.3	24	4.89898	0.648961	1.01437e-056	4.87709e-118	0.648961	1
2.31	14	3.74166	0.700169	1.98559e-056	1.54992e-117	0.700169	1
2.33	10	3.16228	0.813328	7.57046e-056	1.55397e-116	0.813328	1
2.34	18	4.24264	0.875676	1.47456e-055	4.90263e-116	0.875676	1
2.36	13	3.60555	1.01296	5.56658e-055	4.84443e-115	1.01296	1
2.37	15	3.87298	1.08834	1.07889e-054	1.51729e-114	1.08834	1
2.39	12	3.4641	1.25373	4.0327e-054	1.47761e-113	1.25373	1
2.41	14	3.74166	1.44023	1.49743e-053	1.42508e-112	1.44023	1
2.42	16	4	1.54203	2.87836e-053	4.40958e-112	1.54203	1
2.44	15	3.87298	1.76404	1.05825e-052	4.19135e-111	1.76404	1
2.45	19	4.3589	1.88479	2.02412e-052	1.28751e-110	1.88479	1
2.47	19	4.3589	2.14717	7.36843e-052	1.20611e-109	2.14717	1
2.48	20	4.47214	2.28936	1.40239e-051	3.6781e-109	2.28936	1
2.5	22	4.69042	2.5972	5.05477e-051	3.39577e-108	2.5972	1
2.52	17	4.12311	2.93824	1.80994e-050	3.10483e-107	2.93824	1
2.53	11	3.31662	3.12195	3.41641e-050	9.35421e-107	3.12195	1
2.55	15	3.87298	3.51718	1.21123e-049	8.42919e-106	3.51718	1
2.56	8	2.82843	3.72929	2.27499e-049	2.52113e-105	3.72929	1
2.58	21	4.58258	4.18391	7.98602e-049	2.23899e-104	4.18391	1
2.6	13	3.60555	4.68092	2.78491e-048	1.96922e-103	4.68092	1
2.61	12	3.4641	4.94597	5.18771e-048	5.81884e-103	4.94597	1
2.63	7	2.64575	5.51045	1.79123e-047	5.04381e-102	5.51045	1
2.64	9	3	5.81034	3.32018e-047	1.47958e-101	5.81034	1
2.66	14	3.74166	6.44651	1.13509e-046	1.26398e-100	6.44651	1
2.67	12	3.4641	6.78317	2.09358e-046	3.68095e-100	6.78317	1
2.69	15	3.87298	7.4945	7.08686e-046	3.09912e-099	7.4945	1
2.71	16	4	8.25741	2.38313e-045	2.58407e-098	8.25741	1
2.72	9	3	8.65848	4.35931e-045	7.43458e-098	8.65848	1
2.74	11	3.31662	9.50015	1.45146e-044	6.10943e-097	9.50015	1
2.75	13	3.60555	9.9408	2.64194e-044	1.74499e-096	9.9408	1
2.77	16	4	10.8617	8.70974e-044	1.41324e-095	10.8617	1
2.79	10	3.16228	11.8349	2.85244e-043	1.1335e-094	11.8349	1
2.8	24	4.89898	12.3409	5.14928e-043	3.19851e-094	12.3409	1
2.82	15	3.87298	13.3906	1.66975e-042	2.52834e-093	13.3906	1
2.83	16	4	13.934	2.99936e-042	7.08269e-093	13.934	1
2.85	16	4	15.0563	9.63007e-042	5.51778e-092	15.0563	1
2.86	20	4.47214	15.6345	1.72129e-041	1.5345e-091	15.6345	1
2.88	15	3.87298	16.8234	5.47202e-041	1.17818e-090	16.8234	1
2.9	19	4.3589	18.0524	1.72811e-040	8.95864e-090	18.0524	1
2.91	20	4.47214	18.6807	3.06343e-040	2.46137e-089	18.6807	1
2.93	23	4.79583	19.9618	9.57912e-040	1.84453e-088	19.9618	1
2.94	20	4.47214	20.6135	1.6897e-039	5.03107e-088	20.6135	1
2.96	21	4.58258	21.9355	5.23144e-039	3.71577e-087	21.9355	1
2.98	19	4.3589	23.2774	1.60903e-038	2.71783e-086	23.2774	1
2.99	25	5	23.9538	2.81487e-038	7.32368e-086	23.9538	1
3.01	25	5	25.3133	8.57225e-038	5.27937e-085	25.3133	1
3.02	23	4.79583	25.9946	1.49223e-037	1.4123e-084	25.9946	1
3.04	22	4.69042	27.3555	4.49954e-037	1.00337e-083	27.3555	1
3.05	38	6.16441	28.0331	7.79394e-037	2.66468e-083	28.0331	1
3.07	27	5.19615	29.3779	2.32692e-036	1.86576e-082	29.3779	1
3.09	25	5	30.7016	6.90139e-036	1.29375e-081	30.7016	1
3.1	32	5.65685	31.3529	1.1856e-035	3.39445e-081	31.3529	1
3.12	28	5.2915	32.6291	3.48166e-035	2.31976e-080	32.6291	1
3.13	26	5.09902	33.2519	5.95162e-035	6.04228e-080	33.2519	1
3.15	31	5.56776	34.4613	1.73053e-034	4.06962e-079	34.4613	1
3.17	42	6.48074	35.6154	4.99863e-034	2.71452e-078	35.6154	1
3.18	44	6.63325	36.1691	8.47445e-034	6.98526e-078	36.1691	1
3.2	30	5.47723	37.2247	2.4237e-033	4.59199e-077	37.2247	1
3.21	34	5.83095	37.7246	4.08871e-033	1.17309e-076	37.7246	1
3.23	46	6.78233	38.6639	1.15784e-032	7.60022e-076	38.6639	1
3.24	37	6.08276	39.1015	1.94358e-032	1.9275e-075	39.1015	1
3.26	30	5.47723	39.9081	5.44951e-032	1.23075e-074	39.9081	1
3.28	39	6.245	40.6183	1.5179e-031	7.78272e-074	40.6183	1
3.29	31	5.56776	40.9353	2.52702e-031	1.94999e-073	40.9353	1
3.31	53	7.28011	41.4902	6.9693e-031	1.21527e-072	41.4902	1
3.32	43	6.55744	41.7268	1.15452e-030	3.02282e-072	41.7268	1
3.34	50	7.07107	42.1163	3.15265e-030	1.85665e-071	42.1163	1
3.36	49	7	42.3912	8.55224e-030	1.12937e-070	42.3912	1
3.37	36	6	42.485	1.40509e-029	2.77528e-070	42.485	1
3.39	42	6.48074	42.5842	3.77401e-029	1.66376e-069	42.5842	1
3.4	39	6.245	42.5894	6.16987e-029	4.05884e-069	42.5894	1
3.42	42	6.48074	42.5111	1.64085e-028	2.39808e-068	42.5111	1
3.43	48	6.9282	42.4277	2.66924e-028	5.80785e-068	42.4277	1
3.45	32	5.65685	42.1733	7.02868e-028	3.38186e-067	42.1733	1
3.47	34	5.83095	41.8039	1.83861e-027	1.95022e-066	41.8039	1
3.48	34	5.83095	41.577	2.96634e-027	4.66623e-066	41.577	1
3.5	47	6.85565	41.0411	7.68302e-027	2.65199e-065	41.0411	1
3.51	38	6.16441	40.7333	1.23342e-026	6.29933e-065	40.7333	1
3.53	40	6.32456	40.0408	3.16312e-026	3.5284e-064	40.0408	1
3.54	31	5.56776	39.6576	5.05291e-026	8.32032e-064	39.6576	1
3.56	39	6.245	38.8211	1.28304e-025	4.59307e-063	38.8211	1
3.58	29	5.38516	37.8966	3.23645e-025	2.51103e-062	37.8966	1
3.59	41	6.40312	37.4036	5.12751e-025	5.84987e-062	37.4036	1
3.61	35	5.91608	36.3608	1.28065e-024	3.15191e-061	36.3608	1
3.62	36	6	35.813	2.0189e-024	7.28966e-061	35.813	1
3.64	26	5.09902	34.6695	4.99265e-024	3.87091e-060	34.6695	1
3.66	22	4.69042	33.4693	1.22653e-023	2.03566e-059	33.4693	1
3.67	33	5.74456	32.8505	1.91768e-023	4.65127e-059	32.8505	1
3.69	16	4	31.5812	4.66462e-023	2.4107e-058	31.5812	1
3.7	23	4.79583	30.9327	7.25705e-023	5.46824e-058	30.9327	1
3.72	31	5.56776	29.6136	1.74781e-022	2.79317e-057	29.6136	1
3.73	22	4.69042	28.9451	2.70574e-022	6.28987e-057	28.9451	1
3.75	26	5.09902	27.5953	6.45232e-022	3.16643e-056	27.5953	1
3.77	23	4.79583	26.2354	1.52853e-021	1.57864e-055	26.2354	1
3.78	14	3.74166	25.5541	2.34681e-021	3.51205e-055	25.5541	1
3.8	23	4.79583	24.1935	5.50468e-021	1.72566e-054	24.1935	1
3.81	27	5.19615	23.5161	8.40973e-021	3.81128e-054	23.5161	1
3.83	23	4.79583	22.1714	1.95312e-020	1.84562e-053	22.1714	1
3.85	18	4.24264	20.8454	4.50617e-020	8.85115e-053	20.8454	1
3.86	28	5.2915	20.1914	6.82762e-020	1.93129e-052	20.1914	1
3.88	19	4.3589	18.9048	1.5597e-019	9.12819e-052	18.9048	1
3.89	22	4.69042	18.2735	2.35153e-019	1.9773e-051	18.2735	1
3.91	21	4.58258	17.0378	5.31883e-019	9.21059e-051	17.0378	1
3.92	21	4.58258	16.4345	7.97945e-019	1.98068e-050	16.4345	1
3.94	20	4.47214	15.2594	1.78703e-018	9.09303e-050	15.2594	1
3.96	17	4.12311	14.1289	3.97578e-018	4.13417e-049	14.1289	1
3.97	20	4.47214	13.5813	5.9155e-018	8.7831e-049	13.5813	1
3.99	29	5.38516	12.5227	1.30309e-017	3.93556e-048	12.5227	1
4	22	4.69042	12.0123	1.92926e-017	8.30051e-048	12.0123	1
4.02	9	3	11.0299	4.20794e-017	3.66557e-047	11.0299	1
4.04	19	4.3589	10.0997	9.11753e-017	1.60312e-046	10.0997	1
4.05	19	4.3589	9.65439	1.33877e-016	3.34038e-046	9.65439	1
4.07	22	4.69042	8.80338	2.87215e-016	1.43979e-045	8.80338	1
4.08	19	4.3589	8.39767	4.19645e-016	2.9783e-045	8.39767	1
4.1	21	4.58258	7.62555	8.91411e-016	1.26517e-044	7.62555	1
4.11	32	5.65685	7.25895	1.29598e-015	2.59812e-044	7.25895	1
4.13	21	4.58258	6.56407	2.72578e-015	1.08772e-043	6.56407	1
4.15	15	3.87298	5.91921	5.69523e-015	4.50986e-043	5.91921	1
4.16	19	4.3589	5.61508	8.21192e-015	9.14967e-043	5.61508	1
4.18	16	4	5.04237	1.69887e-014	3.73877e-042	5.04237	1
4.19	25	5	4.77332	2.43748e-014	7.53027e-042	4.77332	1
4.21	16	4	4.2686	4.99286e-014	3.03259e-041	4.2686	1
4.23	16	4	3.80665	1.01599e-013	1.20949e-040	3.80665	1
4.24	13	3.60555	3.59102	1.44571e-013	2.40666e-040	3.59102	1
4.26	18	4.24264	3.18906	2.91282e-013	9.45981e-040	3.18906	1
4.27	25	5	3.00214	4.12433e-013	1.86868e-039	3.00214	1
4.29	20	4.47214	2.65499	8.22775e-013	7.23905e-039	2.65499	1
4.3	22	4.69042	2.49417	1.15923e-012	1.41963e-038	2.49417	1
4.32	23	4.79583	2.19657	2.28976e-012	5.42e-038	2.19657	1
4.34	22	4.69042	1.9291	4.49304e-012	2.04932e-037	1.9291	1
4.35	21	4.58258	1.80595	6.27826e-012	3.9704e-037	1.80595	1
4.37	18	4.24264	1.57944	1.21979e-011	1.47953e-036	1.57944	1
4.38	20	4.47214	1.47554	1.69602e-011	2.84569e-036	1.47554	1
4.4	18	4.24264	1.28509	3.26265e-011	1.04509e-035	1.28509	1
4.42	16	4	1.11612	6.23505e-011	3.8011e-035	1.11612	1
4.43	17	4.12311	1.03907	8.59801e-011	7.22281e-035	1.03907	1
4.45	20	4.47214	0.898689	1.6269e-010	2.58904e-034	0.898689	1
4.46	29	5.38516	0.834907	2.23237e-010	4.88399e-034	0.834907	1
4.48	17	4.12311	0.7191	4.18239e-010	1.72538e-033	0.7191	1
4.49	38	6.16441	0.666671	5.71054e-010	3.23118e-033	0.666671	1
4.51	26	5.09902	0.571807	1.05933e-009	1.125e-032	0.571807	1
4.53	23	4.79583	0.489079	1.95214e-009	3.87906e-032	0.489079	1
4.54	20	4.47214	0.451847	2.64348e-009	7.17686e-032	0.451847	1
4.56	26	5.09902	0.384865	4.82338e-009	2.43887e-031	0.384865	1
4.57	30	5.47723	0.354824	6.49924e-009	4.47957e-031	0.354824	1
4.59	24	4.89898	0.300966	1.17418e-008	1.50027e-030	0.300966	1
4.6	27	5.19615	0.276896	1.57432e-008	2.73562e-030	0.276896	1
4.62	23	4.79583	0.233888	2.81615e-008	9.02958e-030	0.233888	1
4.64	32	5.65685	0.197011	5.00438e-008	2.95166e-029	0.197011	1
4.65	27	5.19615	0.180626	6.65459e-008	5.31722e-029	0.180626	1
4.67	28	5.2915	0.151513	1.17087e-007	1.71301e-028	0.151513	1
4.68	33	5.74456	0.138622	1.54927e-007	3.06351e-028	0.138622	1
4.7	27	5.19615	0.115795	2.69904e-007	9.7269e-028	0.115795	1
4.72	21	4.58258	0.0964586	4.67113e-007	3.05855e-027	0.0964582	1
4.73	31	5.56776	0.0879455	6.12988e-007	5.40388e-027	0.0879449	1
4.75	25	5	0.0729547	1.05041e-006	1.67466e-026	0.0729536	1
4.76	33	5.74456	0.0663775	1.37163e-006	2.93735e-026	0.0663761	1
4.78	28	5.2915	0.0548345	2.32721e-006	8.97128e-026	0.0548322	1
4.79	35	5.91608	0.0497876	3.02385e-006	1.56215e-025	0.0497845	1
4.81	22	4.69042	0.0409599	5.0799e-006	4.7022e-025	0.0409549	1
4.83	26	5.09902	0.0336061	8.47774e-006	1.40173e-024	0.0335976	1
4.84	18	4.24264	0.0304097	1.09249e-005	2.41138e-024	0.0303988	1
4.86	23	4.79583	0.024852	1.80524e-005	7.08447e-024	0.024834	1
4.87	19	4.3589	0.0224458	2.31483e-005	1.2099e-023	0.0224227	1
4.89	32	5.65685	0.0182795	3.78732e-005	3.50323e-023	0.0182417	1
4.91	24	4.89898	0.0148606	6.15566e-005	1.00456e-022	0.014799	1
4.92	24	4.89898	0.013394	7.82834e-005	1.69492e-022	0.0133157	1
4.94	27	5.19615	0.0108837	0.000125982	4.78998e-022	0.0107577	1
4.95	26	5.09902	0.00981871	0.000159422	8.02317e-022	0.00965929	1
4.97	25	5	0.00802523	0.000254027	2.23465e-021	0.0077712	1
4.98	27	5.19615	0.00728303	0.000319867	3.71588e-021	0.00696316	1
5	30	5.47723	0.00608341	0.000504656	1.02001e-020	0.00557875	1
5.02	22	4.69042	0.00524812	0.000790954	2.7729e-020	0.00445717	1
5.03	26	5.09902	0.00496761	0.000987762	4.55531e-020	0.00397985	1
5.05	31	5.56776	0.00469933	0.00153286	1.22046e-019	0.00316648	1
5.06	28	5.2915	0.00472629	0.0019048	1.99044e-019	0.00282148	1
5.08	21	4.58258	0.00516231	0.00292681	5.25575e-019	0.0022355	1
5.1	39	6.245	0.00623382	0.00446753	1.37438e-018	0.00176629	1
5.11	24	4.89898	0.00707428	0.0055059	2.21443e-018	0.00156839	1
5.13	27	5.19615	0.00955543	0.00832139	5.70707e-018	0.00123404	1
5.14	25	5	0.0112983	0.0102048	9.12868e-018	0.00109348	1
5.16	21	4.58258	0.0161277	0.0152709	2.31866e-017	0.000856792	1
5.17	31	5.56776	0.0193922	0.0186346	3.6819e-017	0.000757624	1
5.19	15	3.87298	0.0282018	0.0276107	9.2168e-017	0.000591158	1
5.21	22	4.69042	0.0411008	0.0406408	2.28494e-016	0.000459986	1
5.22	19	4.3589	0.04959	0.0491846	3.5846e-016	0.000405333	1
5.24	24	4.89898	0.071996	0.0716819	8.75818e-016	0.000314081	1
5.25	29	5.38516	0.0865986	0.0863224	1.36402e-015	0.000276186	1
5.27	30	5.47723	0.124779	0.124566	3.28452e-015	0.000213117	1
5.29	25	5	0.178731	0.178567	7.83266e-015	0.000163993	1
5.3	27	5.19615	0.213413	0.213269	1.20517e-014	0.000143706	1
5.32	21	4.58258	0.30282	0.30271	2.83246e-014	0.000110121	1
5.33	31	5.56776	0.359845	0.359749	4.32655e-014	9.62975e-005	1
5.35	18	4.24264	0.505656	0.505582	1.00216e-013	7.34847e-005	1
5.36	28	5.2915	0.597941	0.597877	1.51968e-013	6.41261e-005	1
5.38	33	5.74456	0.832002	0.831953	3.46918e-013	4.87309e-005	1
5.4	34	5.83095	1.15008	1.15005	7.84308e-013	3.69288e-005	1
5.41	34	5.83095	1.34883	1.3488	1.175e-012	3.21139e-005	1
5.43	21	4.58258	1.84614	1.84611	2.61803e-012	2.42349e-005	1
5.44	33	5.74456	2.15448	2.15445	3.89371e-012	2.10311e-005	1
5.46	40	6.32456	2.91975	2.91973	8.55027e-012	1.58051e-005	1
5.48	23	4.79583	3.93078	3.93077	1.85944e-011	1.18447e-005	1
5.49	37	6.08276	4.54956	4.54955	2.73215e-011	1.02432e-005	1
5.51	24	4.89898	6.06454	6.06453	5.85579e-011	7.64448e-006	1
5.52	42	6.48074	6.98451	6.9845	8.54173e-011	6.59709e-006	1
5.54	37	6.08276	9.21848	9.21847	1.80429e-010	4.90291e-006	1
5.55	36	6	10.5644	10.5644	2.6128e-010	4.22232e-006	1
5.57	35	5.91608	13.8058	13.8058	5.43933e-010	3.12493e-006	1
5.59	58	7.61577	17.9229	17.9229	1.12142e-009	2.30632e-006	1
5.6	40	6.32456	20.3707	20.3707	1.60436e-009	1.97928e-006	1
5.62	43	6.55744	26.1847	26.1847	3.25991e-009	1.4547e-006	1
5.63	54	7.34847	29.6137	29.6137	4.62996e-009	1.24582e-006	1
5.65	69	8.30662	37.6902	37.6902	9.2717e-009	9.11822e-007	1
5.67	69	8.30662	47.6534	47.6534	1.83877e-008	6.65513e-007	1
5.68	67	8.18535	53.4503	53.4503	2.58007e-008	5.67971e-007	1
5.7	89	9.43398	66.9129	66.9129	5.04288e-008	4.12819e-007	1
5.71	111	10.5357	74.6815	74.6815	7.0246e-008	3.5158e-007	1
5.73	102	10.0995	92.5693	92.5693	1.35315e-007	2.54475e-007	1
5.74	135	11.619	102.806	102.806	1.87124e-007	2.16273e-007	1
5.76	135	11.619	126.173	126.173	3.5525e-007	1.55887e-007	1
5.78	173	13.1529	153.831	153.831	6.6792e-007	1.12049e-007	1
5.79	181	13.4536	169.436	169.436	9.12514e-007	9.48979e-008	1
5.81	189	13.7477	204.54	204.54	1.69086e-006	6.79272e-008	1
5.82	211	14.5258	224.176	224.176	2.29331e-006	5.74095e-008	1
5.84	303	17.4069	267.951	267.951	4.18804e-006	4.09221e-008	1
5.85	268	16.3707	292.221	292.221	5.63902e-006	3.45137e-008	1
5.87	343	18.5203	345.838	345.838	1.01492e-005	2.44993e-008	1
5.89	371	19.2614	406.596	406.596	1.80902e-005	1.73423e-008	1
5.9	446	21.1187	439.776	439.776	2.4064e-005	1.45757e-008	1
5.92	493	22.2036	511.936	511.936	4.22727e-005	1.02747e-008	1
5.93	478	21.8632	550.975	550.975	5.58245e-005	8.61762e-009	1
5.95	615	24.7992	635.054	635.054	9.66484e-005	6.04944e-009	1
5.97	629	25.0799	727.142	727.142	0.000165711	4.23481e-009	1
5.98	689	26.2488	776.153	776.153	0.000216196	3.53949e-009	1
6	850	29.1548	879.934	879.934	0.000365328	2.46744e-009	1
6.01	862	29.3598	934.599	934.598	0.000473172	2.05801e-009	1
6.03	998	31.5911	1049.11	1049.11	0.000788011	1.4287e-009	1
6.04	1123	33.5112	1108.78	1108.78	0.00101323	1.18914e-009	1
6.06	1203	34.6843	1232.36	1232.35	0.00166303	8.22082e-010	1
6.08	1256	35.4401	1360.68	1360.68	0.0027032	5.66745e-010	1
6.09	1618	40.2244	1426.24	1426.23	0.00343389	4.70079e-010	1
6.11	1349	36.7287	1559.22	1559.22	0.00550102	3.22723e-010	1
6.12	1736	41.6653	1626.26	1626.25	0.00693731	2.6712e-010	1
6.14	1756	41.9047	1760.35	1760.34	0.0109528	1.82622e-010	1
6.16	1911	43.715	1892.95	1892.94	0.0171257	1.24507e-010	1
6.17	1974	44.4297	1958.1	1958.07	0.0213367	1.02697e-010	1
6.19	1963	44.3058	2084.82	2084.79	0.0328797	6.97244e-011	1
6.2	2275	47.697	2145.91	2145.87	0.0406675	5.73911e-011	1
6.22	2251	47.4447	2262.26	2262.2	0.0617626	3.88023e-011	1
6.23	2263	47.571	2317.03	2316.96	0.0758376	3.18721e-011	1
6.25	2505	50.05	2418.58	2418.47	0.113512	2.14591e-011	1
6.27	2390	48.8876	2507.96	2507.79	0.168262	1.4408e-011	1
6.28	2708	52.0384	2547.57	2547.36	0.204116	1.17936e-011	1
6.3	2530	50.2991	2615.69	2615.39	0.298194	7.88543e-012	1
6.31	2694	51.9038	2643.89	2643.53	0.359111	6.44113e-012	1
6.33	2765	52.5833	2687.86	2687.35	0.517046	4.28873e-012	1
6.35	2981	54.5985	2714.64	2713.9	0.737252	2.84765e-012	1
6.36	2539	50.3885	2721.4	2720.52	0.87716	2.31799e-012	1
6.38	2770	52.6308	2721.53	2720.3	1.23266	1.5327e-012	1
6.39	2808	52.9906	2714.91	2713.45	1.45595	1.24502e-012	1
6.41	2771	52.6403	2688.47	2686.46	2.01646	8.19803e-013	1
6.42	2788	52.8015	2668.81	2666.45	2.36446	6.64542e-013	1
6.44	2503	50.03	2617.11	2613.88	3.22741	4.35755e-013	1
6.46	2768	52.6118	2549.83	2545.47	4.36278	2.8494e-013	1
6.47	2689	51.8556	2510.77	2505.72	5.05402	2.30174e-013	1
6.49	2329	48.2597	2422.8	2416.07	6.73324	1.49884e-013	1
6.5	2465	49.6488	2374.32	2366.58	7.74351	1.20823e-013	1
6.52	2156	46.4327	2269.56	2259.39	10.1673	7.83496e-014	1
6.54	2275	47.697	2156.07	2142.85	13.2207	5.06657e-014	1
6.55	2133	46.1844	2096.71	2081.69	15.0211	4.07005e-014	1
6.57	2035	45.111	1974.09	1954.84	19.25	2.62099e-014	1
6.58	1931	43.9431	1911.36	1889.65	21.7128	2.10109e-014	1
6.6	2033	45.0888	1784.42	1756.99	27.4237	1.3474e-014	1
6.61	1513	38.8973	1720.72	1690.01	30.7079	1.07788e-014	1
6.63	1567	39.5854	1594.09	1555.86	38.2242	6.88348e-015	1
6.65	1426	37.7624	1470.05	1422.93	47.1208	4.38368e-015	1
6.66	1361	36.8917	1409.55	1357.42	52.1278	3.49463e-015	1
6.68	1233	35.1141	1292.53	1229.2	63.3318	2.21625e-015	1
6.69	1127	33.5708	1236.36	1166.81	69.5533	1.76309e-015	1
6.71	1102	33.1964	1129.45	1046.17	83.2816	1.11347e-015	1
6.73	1031	32.1092	1030.58	931.819	98.7567	7.01257e-016	1
6.74	934	30.5614	984.395	877.245	107.151	5.55933e-016	1
6.76	940	30.6594	898.878	773.653	125.225	3.48663e-016	1
6.77	800	28.2843	859.623	724.74	134.883	2.75832e-016	1
6.79	791	28.1247	788.209	632.852	155.358	1.72273e-016	1
6.8	709	26.6271	756.036	589.909	166.127	1.36003e-016	1
6.82	691	26.2869	698.613	510.034	188.579	8.45879e-017	1
6.84	636	25.219	650.068	438.069	211.999	5.24636e-017	1
6.85	704	26.533	628.945	404.984	223.961	4.12743e-017	1
6.87	518	22.7596	592.546	344.41	248.136	2.54928e-017	1
6.88	582	24.1247	577.061	316.824	260.237	2.0014e-017	1
6.9	538	23.1948	550.94	266.778	284.162	1.231e-017	1
6.91	552	23.4947	540.055	244.197	295.858	9.64422e-018	1
6.93	574	23.9583	521.985	203.595	318.39	5.90717e-018	1
6.95	538	23.1948	507.954	168.625	339.329	3.60814e-018	1
6.96	525	22.9129	502.119	153.082	349.037	2.81697e-018	1
6.98	516	22.7156	492.154	125.538	366.616	1.71345e-018	1
6.99	507	22.5167	487.773	113.403	374.37	1.33495e-018	1
7.01	532	23.0651	479.624	92.0805	387.543	8.08617e-019	1
7.03	436	20.8806	471.58	74.2748	397.306	4.88441e-019	1
7.04	482	21.9545	467.361	66.543	400.818	3.79223e-019	1
7.06	440	20.9762	458.123	53.146	404.977	2.28114e-019	1
7.07	474	21.7715	452.972	47.3782	405.594	1.76737e-019	1
7.09	407	20.1742	441.348	37.4663	403.881	1.05869e-019	1
7.1	484	22	434.799	33.235	401.564	8.18539e-020	1
7.12	388	19.6977	420.113	26.0227	394.09	4.88282e-020	1
7.14	395	19.8746	403.262	20.2414	383.021	2.90465e-020	1
7.15	387	19.6723	394.039	17.8077	376.232	2.23796e-020	1
7.17	371	19.2614	374.095	13.7147	360.38	1.32575e-020	1
7.18	374	19.3391	363.432	12.0061	351.426	1.01933e-020	1
7.2	314	17.72	340.911	9.15539	331.755	6.01329e-021	1
7.22	350	18.7083	317.097	6.93556	310.161	3.53754e-021	1
7.23	309	17.5784	304.83	6.02154	298.808	2.71046e-021	1
7.25	268	16.3707	279.839	4.51655	275.322	1.58788e-021	1
7.26	295	17.1756	267.223	3.90193	263.321	1.2141e-021	1
7.28	210	14.4914	242.016	2.89783	239.118	7.08301e-022	1
7.29	220	14.8324	229.528	2.49111	227.037	5.40439e-022	1
7.31	193	13.8924	205.022	1.83181	203.19	3.13977e-022	1
7.33	187	13.6748	181.43	1.33813	180.092	1.81903e-022	1
7.34	193	13.8924	170.072	1.14085	168.932	1.38311e-022	1
7.36	142	11.9164	148.39	0.825167	147.564	7.97972e-023	1
7.37	133	11.5326	138.116	0.700037	137.416	6.05479e-023	1
7.39	123	11.0905	118.802	0.501334	118.301	3.47869e-023	1
7.41	106	10.2956	101.217	0.356667	100.861	1.99308e-023	1
7.42	88	9.38083	93.0919	0.300091	92.7918	1.50704e-023	1
7.44	82	9.05539	78.1807	0.211389	77.9693	8.59848e-024	1
7.45	61	7.81025	71.3886	0.176979	71.2116	6.48808e-024	1
7.47	49	7	59.0951	0.123437	58.9717	3.68637e-024	1
7.48	48	6.9282	53.5728	0.102833	53.4699	2.7758e-024	1
7.5	41	6.40312	43.7107	0.0710149	43.6397	1.57057e-024	1
7.52	34	5.83095	35.3214	0.0487189	35.2727	8.86176e-025	1
7.53	40	6.32456	31.6366	0.0402527	31.5964	6.64963e-025	1
7.55	28	5.2915	25.1968	0.0273424	25.1695	3.73634e-025	1
7.56	25	5	22.4051	0.0224792	22.3827	2.79781e-025	1
7.58	28	5.2915	17.5873	0.0151188	17.5722	1.56551e-025	1
7.6	15	3.87298	13.6725	0.0101015	13.6624	8.7354e-026	1
7.61	14	3.74166	12.0115	0.00823646	12.0032	6.51844e-026	1
7.63	8	2.82843	9.20311	0.0054488	9.19766	3.62209e-026	1
7.64	10	3.16228	8.0265	0.00442084	8.02208	2.6972e-026	1
7.66	4	2	6.06112	0.00289574	6.05822	1.4925e-026	1
7.67	6	2.44949	5.24793	0.00233782	5.24559	1.10908e-026	1
7.69	7	2.64575	3.90571	0.00151621	3.90419	6.11158e-027	1
7.71	10	3.16228	2.87873	0.000976872	2.87776	3.35842e-027	1
7.72	4	2	2.46248	0.000782169	2.4617	2.48698e-027	1
7.74	3	1.73205	1.78879	0.000498969	1.78829	1.36095e-027	1
7.75	5	2.23607	1.51905	0.000397542	1.51865	1.00571e-027	1
7.77	3	1.73205	1.08752	0.000251102	1.08727	5.4806e-028	1
7.79	5	2.23607	0.771069	0.00015756	0.770911	2.97835e-028	1
7.8	5	2.23607	0.646905	0.0001245	0.646781	2.19329e-028	1
7.82	4	2	0.45204	7.73499e-005	0.451962	1.18695e-028	1
7.83	3	1.73205	0.3765	6.08175e-005	0.376439	8.72258e-029	1
7.85	5	2.23607	0.259287	3.74123e-005	0.25925	4.70075e-029	1
7.86	3	1.73205	0.214392	2.92705e-005	0.214363	3.44726e-029	1
7.88	1	1	0.145514	1.78283e-005	0.145496	1.85005e-029	1
7.9	6	2.44949	0.0978112	1.07875e-005	0.0978004	9.90112e-030	1
7.91	2	1.41421	0.0799006	8.37042e-006	0.0798922	7.23572e-030	1
7.93	5	2.23607	0.0529313	5.01476e-006	0.0529263	3.85629e-030	1
7.94	3	1.73205	0.0429254	3.87191e-006	0.0429215	2.81229e-030	1
7.96	7	2.64575	0.0280257	2.2968e-006	0.0280234	1.49257e-030	1
7.97	5	2.23607	0.022563	1.7646e-006	0.0225613	1.08623e-030	1
7.99	5	2.23607	0.0145184	1.03643e-006	0.0145174	5.74094e-031	1
8.01	6	2.44949	0.00925181	6.04727e-007	0.00925121	3.02578e-031	1
8.02	1	1	0.00735869	4.6078e-007	0.00735823	2.19438e-031	1
8.04	4	2	0.00462155	2.66201e-007	0.00462128	1.15173e-031	1
8.05	4	2	0.00364923	2.01833e-007	0.00364902	8.33527e-032	1
8.07	7	2.64575	0.00225874	1.15452e-007	0.00225863	4.35661e-032	1
8.09	3	1.73205	0.00138458	6.56056e-008	0.00138452	2.27075e-032	1
8.1	2	1.41421	0.0010801	4.93327e-008	0.00108005	1.63767e-032	1
8.12	4	2	0.000652523	2.77568e-008	0.000652495	8.50028e-033	1
8.13	2	1.41421	0.000505337	2.07687e-008	0.000505316	6.11764e-033	1
8.15	5	2.23607	0.000300879	1.15701e-008	0.000300867	3.16212e-033	1
8.16	0	1	0.000231322	8.61441e-009	0.000231313	2.27103e-033	1
8.18	6	2.44949	0.000135739	4.75169e-009	0.000135734	1.16897e-033	1
8.2	5	2.23607	7.88824e-005	2.60376e-009	7.88798e-005	6.00037e-034	1
8.21	3	1.73205	5.99152e-005	1.92265e-009	5.99133e-005	4.29449e-034	1
8.23	7	2.64575	3.43156e-005	1.04315e-009	3.43145e-005	2.19519e-034	1
8.24	4	2	2.58754e-005	7.66466e-010	2.58747e-005	1.56783e-034	1
8.26	3	1.73205	1.46056e-005	4.1175e-010	1.46052e-005	7.98083e-035	1
8.28	2	1.41421	8.16468e-006	2.19738e-010	8.16446e-006	4.05124e-035	1
8.29	4	2	6.0823e-006	1.60126e-010	6.08214e-006	2.88339e-035	1
8.31	6	2.44949	3.35093e-006	8.46112e-011	3.35085e-006	1.45758e-035	1
8.32	3	1.73205	2.47819e-006	6.13527e-011	2.47812e-006	1.03524e-035	1
8.34	5	2.23607	1.34558e-006	3.20991e-011	1.34555e-006	5.21141e-036	1
8.35	3	1.73205	9.87911e-007	2.31604e-011	9.87888e-007	3.69368e-036	1
8.37	2	1.41421	5.28656e-007	1.19977e-011	5.28644e-007	1.85166e-036	1
8.39	1	1	2.80165e-007	6.17422e-012	2.80159e-007	9.25665e-037	1
8.4	1	1	2.03214e-007	4.41821e-012	2.0321e-007	6.53803e-037	1
8.42	2	1.41421	1.06139e-007	2.25125e-012	1.06136e-007	3.25482e-037	1
8.43	9	3	7.64282e-008	1.60301e-012	7.64266e-008	2.29411e-037	1
8.45	2	1.41421	3.93416e-008	8.08737e-013	3.93408e-008	1.13732e-037	1
8.47	1	1	2.00556e-008	4.0533e-013	2.00552e-008	5.62265e-038	1
8.48	6	2.44949	1.42675e-008	2.86241e-013	1.42672e-008	3.94927e-038	1
8.5	5	2.23607	7.16822e-009	1.42046e-013	7.16808e-009	1.9443e-038	1
8.51	2	1.41421	5.06247e-009	9.98157e-014	5.06237e-009	1.3628e-038	1
8.53	5	2.23607	2.50671e-009	4.90443e-014	2.50666e-009	6.6814e-039	1
8.54	5	2.23607	1.7575e-009	3.42931e-014	1.75747e-009	4.67338e-039	1
8.56	4	2	8.57662e-010	1.66836e-014	8.57645e-010	2.28166e-039	1
8.58	2	1.41421	4.14498e-010	8.06314e-015	4.1449e-010	1.11087e-039	1
8.59	7	2.64575	2.87108e-010	5.59158e-015	2.87103e-010	7.74314e-040	1
8.61	4	2	1.36751e-010	2.67573e-015	1.36749e-010	3.75419e-040	1
8.62	6	2.44949	9.40359e-011	1.84638e-015	9.4034e-011	2.61134e-040	1
8.64	5	2.23607	4.41426e-011	8.74827e-016	4.41417e-011	1.26081e-040	1
8.66	2	1.41421	2.05214e-011	4.11769e-016	2.0521e-011	6.07056e-041	1
8.67	2	1.41421	1.39413e-011	2.81801e-016	1.3941e-011	4.2079e-041	1
8.69	3	1.73205	6.3875e-012	1.31331e-016	6.38737e-012	2.01758e-041	1
8.7	1	1	4.3079e-012	8.94346e-017	4.30781e-012	1.3956e-041	1
8.72	3	1.73205	1.94524e-012	4.12692e-017	1.9452e-012	6.66367e-042	1
8.73	1	1	1.30241e-012	2.79646e-017	1.30238e-012	4.59978e-042	1
8.75	3	1.73205	5.79606e-013	1.27769e-017	5.79593e-013	2.18714e-042	1
8.77	6	2.44949	2.5545e-013	5.7992e-018	2.55444e-013	1.03707e-042	1
8.78	1	1	1.68971e-013	3.8973e-018	1.68967e-013	7.13381e-043	1
8.8	1	1	7.33943e-014	1.75147e-018	7.33925e-014	3.36853e-043	1
8.81	2	1.41421	4.81956e-014	1.17124e-018	4.81944e-014	2.31232e-043	1
8.83	0	1	2.06318e-014	5.21168e-019	2.06313e-014	1.08731e-043	1
8.85	1	1	8.74688e-015	2.30377e-019	8.74665e-015	5.09861e-044	1
8.86	3	1.73205	5.67454e-015	1.5279e-019	5.67439e-015	3.48777e-044	1
8.88	5	2.23607	2.37097e-015	6.6873e-020	2.3709e-015	1.62867e-044	1
8.89	1	1	1.52701e-015	4.41319e-020	1.52697e-015	1.11179e-044	1
8.91	0	1	6.28805e-016	1.91251e-020	6.28786e-016	5.17005e-045	1
8.92	4	2	4.02043e-016	1.25589e-020	4.0203e-016	3.5219e-045	1
8.94	6	2.44949	1.63164e-016	5.38887e-021	1.63159e-016	1.63094e-045	1
8.96	2	1.41421	6.55787e-017	2.29706e-021	6.55764e-017	7.53162e-046	1
8.97	2	1.41421	4.1424e-017	1.49601e-021	4.14225e-017	5.11283e-046	1
8.99	3	1.73205	1.64085e-017	6.31397e-022	1.64079e-017	2.35125e-046	1
9	1	1	1.02896e-017	4.09176e-022	1.02892e-017	1.59282e-046	1
9.02	1	1	4.01692e-018	1.70991e-022	4.01675e-018	7.29443e-047	1
9.03	1	1	2.5007e-018	1.10263e-022	2.50059e-018	4.93118e-047	1
9.05	5	2.23607	9.62136e-019	4.56233e-023	9.6209e-019	2.24887e-047	1
9.07	2	1.41421	3.66604e-019	1.87531e-023	3.66585e-019	1.02275e-047	1
9.08	0	1	2.25475e-019	1.19934e-023	2.25463e-019	6.88998e-048	1
9.1	0	1	8.46716e-020	4.88115e-024	8.46667e-020	3.1204e-048	1
9.11	2	1.41421	5.16985e-020	3.10625e-024	5.16954e-020	2.09775e-048	1
9.13	1	1	1.91336e-020	1.25174e-024	1.91324e-020	9.46089e-049	1
9.15	2	1.41421	7.01298e-021	5.01093e-025	7.01248e-021	4.25503e-049	1
9.16	2	1.41421	4.23034e-021	3.1626e-025	4.23002e-021	2.85059e-049	1
9.18	1	1	1.52813e-021	1.25356e-025	1.528e-021	1.27671e-049	1
9.19	2	1.41421	9.15107e-022	7.87258e-026	9.15028e-022	8.5353e-050	1
9.21	3	1.73205	3.25789e-022	3.08966e-026	3.25758e-022	3.80683e-050	1
9.22	1	1	1.93681e-022	1.93078e-026	1.93662e-022	2.53971e-050	1
9.24	2	1.41421	6.79566e-023	7.50274e-027	6.79491e-023	1.12802e-050	1
9.26	3	1.73205	2.36136e-023	2.89626e-027	2.36107e-023	4.9962e-051	1
9.27	2	1.41421	1.38691e-023	1.79502e-027	1.38673e-023	3.32161e-051	1
9.29	1	1	4.7496e-024	6.86092e-028	4.74891e-024	1.46508e-051	1
9.3	4	2	2.76938e-024	4.23119e-028	2.76895e-024	9.71992e-052	1
9.32	3	1.73205	9.347e-025	1.60128e-028	9.3454e-025	4.26935e-052	1
9.34	6	2.44949	3.12428e-025	6.02011e-029	3.12368e-025	1.87004e-052	1
9.35	3	1.73205	1.79974e-025	3.6821e-029	1.79937e-025	1.23636e-052	1
9.37	4	2	5.92881e-026	1.37065e-029	5.92744e-026	5.39288e-053	1
9.38	3	1.73205	3.39052e-026	8.3419e-030	3.38969e-026	3.558e-053	1
9.4	3	1.73205	1.1008e-026	3.07461e-030	1.10049e-026	1.54551e-053	1
9.41	2	1.41421	6.24953e-027	1.86198e-030	6.24767e-027	1.01754e-053	1
9.43	4	2	1.99973e-027	6.79508e-031	1.99905e-027	4.40151e-054	1
9.45	1	1	6.33697e-028	2.46344e-031	6.33451e-028	1.89865e-054	1
9.46	4	2	3.55434e-028	1.47959e-031	3.55286e-028	1.2457e-054	1
9.48	1	1	1.11008e-028	5.31109e-032	1.10955e-028	5.35112e-055	1
9.49	0	1	6.18122e-029	3.17416e-032	6.17804e-029	3.50354e-055	1
9.51	1	1	1.90264e-029	1.12815e-032	1.90151e-029	1.49874e-055	1
9.53	0	1	5.80004e-030	3.9832e-033	5.79605e-030	6.39344e-056	1
9.54	2	1.41421	3.19073e-030	2.36096e-033	3.18837e-030	4.17144e-056	1
9.56	3	1.73205	9.58639e-031	8.25372e-034	9.57814e-031	1.77208e-056	1
9.57	2	1.41421	5.23553e-031	4.86804e-034	5.23067e-031	1.15379e-056	1
9.59	4	2	1.55032e-031	1.68504e-034	1.54863e-031	4.88104e-057	1
9.6	1	1	8.40571e-032	9.88918e-035	8.39582e-032	3.1714e-057	1
9.62	1	1	2.4532e-032	3.3893e-035	2.44981e-032	1.33605e-057	1
9.64	1	1	7.09081e-033	1.15395e-035	7.07927e-033	5.61288e-058	1
9.65	4	2	3.79844e-033	6.71664e-036	3.79172e-033	3.63425e-058	1
9.67	6	2.44949	1.08213e-033	2.26425e-036	1.07987e-033	1.52042e-058	1
9.68	4	2	5.75504e-034	1.3114e-036	5.74193e-034	9.82395e-059	1
9.7	3	1.73205	1.61603e-034	4.37727e-037	1.61165e-034	4.09283e-059	1
9.72	3	1.73205	4.49443e-035	1.45144e-037	4.47991e-035	1.70041e-059	1
9.73	1	1	2.3617e-035	8.33724e-038	2.35336e-035	1.09487e-059	1
9.75	0	1	6.4745e-036	2.73725e-038	6.44713e-036	4.52982e-060	1
9.76	4	2	3.37786e-036	1.56453e-038	3.36221e-036	2.91062e-060	1
9.78	3	1.73205	9.12868e-037	5.08592e-039	9.07782e-037	1.19919e-060	1
9.79	2	1.41421	4.72873e-037	2.89258e-039	4.6998e-037	7.68931e-061	1
9.81	3	1.73205	1.2599e-037	9.31035e-040	1.25059e-037	3.15485e-061	1
9.83	0	1	3.32538e-038	2.97698e-040	3.29561e-038	1.29081e-061	1
9.84	2	1.41421	1.70244e-038	1.67921e-040	1.68564e-038	8.248e-062	1
9.86	2	1.41421	4.43106e-039	5.31628e-041	4.3779e-039	3.36061e-062	1
9.87	2	1.41421	2.25282e-039	2.9839e-041	2.22298e-039	2.14289e-062	1
9.89	2	1.41421	5.78356e-040	9.35367e-042	5.69002e-040	8.69475e-063	1
9.91	3	1.73205	1.4715e-040	2.91279e-042	1.44238e-040	3.51808e-063	1
9.92	2	1.41421	7.39784e-041	1.62143e-042	7.23569e-041	2.23551e-063	1
9.94	2	1.41421	1.85768e-041	4.99942e-043	1.80769e-041	9.00767e-064	1
9.95	2	1.41421	9.27945e-042	2.7692e-043	9.00253e-042	5.71185e-064	1
9.97	2	1.41421	2.30114e-042	8.45416e-044	2.2166e-042	2.29192e-064	1
9.98	2	1.41421	1.14249e-042	4.65964e-044	1.09589e-042	1.4503e-064	1
10	2	1.41421	2.80015e-043	1.40852e-044	2.6593e-043	5.7952e-065	1
10.02	6	2.44949	6.81375e-044	4.22964e-045	6.39078e-044	2.30925e-065	1
10.03	4	2	3.35273e-044	2.31205e-045	3.12153e-044	1.45619e-065	1
10.05	4	2	8.08063e-045	6.87435e-046	7.39319e-045	5.77839e-066	1
10.06	3	1.73205	3.95888e-045	3.73915e-046	3.58496e-045	3.63621e-066	1
10.08	5	2.23607	9.46891e-046	1.10078e-046	8.36813e-046	1.43689e-066	1
10.1	5	2.23607	2.25638e-046	3.21929e-047	1.93445e-046	5.6623e-067	1
10.11	5	2.23607	1.10037e-046	1.73665e-047	9.26708e-047	3.55078e-067	1
10.13	1	1	2.61419e-047	5.02882e-048	2.11131e-047	1.39341e-067	1
10.14	2	1.41421	1.27403e-047	2.69939e-048	1.0041e-047	8.71973e-068	1
10.16	2	1.41421	3.02851e-048	7.7395e-049	2.25456e-048	3.40758e-068	1
10.17	8	2.82843	1.47784e-048	4.1339e-049	1.06445e-048	2.12796e-068	1
10.19	7	2.64575	3.5291e-049	1.17355e-049	2.35555e-049	8.2812e-069	1
10.21	4	2	8.47188e-050	3.30958e-050	5.1623e-050	3.21377e-069	1
10.22	7	2.64575	4.1611e-050	1.7532e-050	2.4079e-050	1.99996e-069	1
10.24	0	1	1.00963e-050	4.89549e-051	5.2008e-051	7.72913e-070	1
10.25	4	2	4.98876e-051	2.58049e-051	2.40827e-051	4.79989e-070	1
10.27	7	2.64575	1.22609e-051	7.13448e-052	5.12642e-052	1.84726e-070	1
10.28	4	2	6.09872e-052	3.7421e-052	2.35661e-052	1.14478e-070	1
10.3	5	2.23607	1.5188e-052	1.0244e-052	4.94398e-053	4.38738e-071	1
10.32	4	2	3.81301e-053	2.78582e-053	1.02719e-053	1.67679e-071	1
10.33	3	1.73205	1.91567e-053	1.44917e-053	4.66506e-054	1.03553e-071	1
10.35	4	2	4.85731e-054	3.90208e-054	9.55234e-055	3.94117e-072	1
10.36	5	2.23607	2.45048e-054	2.0198e-054	4.30681e-055	2.42887e-072	1
10.38	5	2.23607	6.25407e-055	5.38493e-055	8.69135e-056	9.20561e-073	1
10.4	4	2	1.59991e-055	1.42621e-055	1.73702e-056	3.47931e-073	1
10.41	2	1.41421	8.09532e-056	7.32161e-056	7.73718e-057	2.13678e-073	1
10.43	4	2	2.0724e-056	1.92e-056	1.52398e-057	8.04245e-074	1
10.44	3	1.73205	1.04818e-056	9.80785e-057	6.73901e-058	4.92889e-074	1
10.46	6	2.44949	2.67744e-057	2.54662e-057	1.30819e-058	1.84741e-074	1
10.47	4	2	1.35187e-057	1.29444e-057	5.74286e-059	1.12984e-074	1
10.49	2	1.41421	3.43775e-058	3.32788e-058	1.09871e-059	4.21717e-075	1
10.51	3	1.73205	8.70743e-059	8.49926e-059	2.08171e-060	1.5697e-075	1
10.52	4	2	4.3749e-059	4.28462e-059	9.02839e-061	9.56663e-076	1
10.54	3	1.73205	1.10034e-059	1.08348e-059	1.68589e-061	3.54601e-076	1
10.55	3	1.73205	5.50757e-060	5.43498e-060	7.25867e-062	2.15664e-076	1
10.57	1	1	1.37418e-060	1.36082e-060	1.33584e-062	7.96061e-077	1
10.59	3	1.73205	3.40914e-061	3.3848e-061	2.43465e-063	2.93026e-077	1
10.6	4	2	1.69428e-061	1.68392e-061	1.03561e-063	1.77596e-077	1
10.62	2	1.41421	4.16574e-062	4.14714e-062	1.8602e-064	6.51e-078	1
10.63	2	1.41421	2.06084e-062	2.05299e-062	7.85523e-065	3.93733e-078	1
10.65	3	1.73205	5.02009e-063	5.00618e-063	1.39059e-065	1.43726e-078	1
10.66	2	1.41421	2.47182e-063	2.46599e-063	5.8296e-066	8.67461e-079	1
10.68	3	1.73205	5.96413e-064	5.95396e-064	1.01709e-066	3.15335e-079	1
10.7	2	1.41421	1.42983e-064	1.42807e-064	1.75737e-067	1.1431e-079	1
10.71	2	1.41421	6.98392e-065	6.97664e-065	7.27838e-068	6.87526e-080	1
10.73	1	1	1.6581e-065	1.65686e-065	1.23942e-068	2.48193e-080	1
10.74	3	1.73205	8.05941e-066	8.05431e-066	5.096e-069	1.48966e-080	1
10.76	0	1	1.89478e-066	1.89392e-066	8.55247e-070	5.35519e-081	1
10.78	3	1.73205	4.42552e-067	4.4241e-067	1.42148e-070	1.91979e-081	1
10.79	3	1.73205	2.13352e-067	2.13294e-067	5.77409e-071	1.14826e-081	1
10.81	2	1.41421	4.93424e-068	4.93329e-068	9.45824e-072	4.09928e-082	1
10.82	2	1.41421	2.36706e-068	2.36668e-068	3.81411e-072	2.44674e-082	1
10.84	4	2	5.4205e-069	5.41989e-069	6.15742e-073	8.69846e-083	1
10.85	1	1	2.5875e-069	2.58726e-069	2.46502e-073	5.18103e-083	1
10.87	7	2.64575	5.86698e-070	5.86658e-070	3.92198e-074	1.83425e-083	1
10.89	2	1.41421	1.32154e-070	1.32148e-070	6.17982e-075	6.47575e-084	1
10.9	4	2	6.25661e-071	6.25636e-071	2.44416e-075	3.84374e-084	1
10.92	0	1	1.39541e-071	1.39538e-071	3.79559e-076	1.35137e-084	1
10.93	4	2	6.5737e-072	6.57355e-072	1.4903e-076	8.00444e-085	1
10.95	3	1.73205	1.45168e-072	1.45166e-072	2.28087e-077	2.80245e-085	1
10.97	2	1.41421	3.18465e-073	3.18462e-073	3.45712e-078	9.78447e-086	1
10.98	1	1	1.48793e-073	1.48791e-073	1.34104e-078	5.77542e-086	1
11	4	2	3.23197e-074	3.23195e-074	2.00324e-079	2.00803e-086	1
11.01	6	2.44949	1.50257e-074	1.50256e-074	7.71434e-080	1.1828e-086	1
11.03	5	2.23607	3.23159e-075	3.23158e-075	1.13572e-080	4.09528e-087	1
11.04	1	1	1.49496e-075	1.49496e-075	4.34185e-081	2.40723e-087	1
11.06	6	2.44949	3.18351e-076	3.18351e-076	6.29976e-082	8.29999e-088	1
11.08	12	3.4641	6.73461e-077	6.7346e-077	9.05232e-083	2.85384e-088	1
11.09	5	2.23607	3.08986e-077	3.08986e-077	3.41898e-083	1.67168e-088	1
11.11	5	2.23607	6.472e-078	6.472e-078	4.84185e-084	5.72391e-089	1
11.12	2	1.41421	2.95469e-078	2.95469e-078	1.81547e-084	3.34587e-089	1
11.14	4	2	6.12783e-079	6.12783e-079	2.53385e-085	1.14087e-089	1
11.16	2	1.41421	1.2625e-079	1.2625e-079	3.50235e-086	3.87931e-090	1
11.17	8	2.82843	5.71632e-080	5.71632e-080	1.29739e-086	2.25975e-090	1
11.19	5	2.23607	1.1661e-080	1.1661e-080	1.76737e-087	7.65184e-091	1
11.2	7	2.64575	5.25373e-081	5.25373e-081	6.49943e-088	4.44801e-091	1
11.22	5	2.23607	1.06116e-081	1.06116e-081	8.72592e-089	1.49989e-091	1
11.23	0	1	4.7573e-082	4.7573e-082	3.18566e-089	8.70066e-092	1
11.25	9	3	9.51409e-083	9.51409e-083	4.21516e-090	2.92168e-092	1
11.27	3	1.73205	1.89018e-083	1.89018e-083	5.52351e-091	9.78372e-093	1
11.28	5	2.23607	8.40419e-084	8.40419e-084	1.99221e-091	5.6557e-093	1
11.3	3	1.73205	1.6532e-084	1.6532e-084	2.57285e-092	1.88602e-093	1
11.31	6	2.44949	7.31418e-085	7.31418e-085	9.21243e-093	1.08798e-093	1
11.33	2	1.41421	1.42459e-085	1.42459e-085	1.17255e-093	3.613e-094	1
11.34	1	1	6.27158e-086	6.27158e-086	4.16804e-094	2.07988e-094	1
11.36	5	2.23607	1.20947e-086	1.20947e-086	5.2284e-095	6.87815e-095	1
11.38	3	1.73205	2.3171e-087	2.3171e-087	6.49519e-096	2.26828e-095	1
11.39	6	2.44949	1.01168e-087	1.01168e-087	2.28099e-096	1.30124e-095	1
11.41	2	1.41421	1.91905e-088	1.91905e-088	2.7927e-097	4.27335e-096	1
11.42	2	1.41421	8.33743e-089	8.33743e-089	9.73633e-098	2.44637e-096	1
11.44	4	2	1.56592e-089	1.56592e-089	1.17483e-098	8.00058e-097	1
11.46	5	2.23607	2.92171e-090	2.92171e-090	1.40392e-099	2.60923e-097	1
11.47	5	2.23607	1.25891e-090	1.25891e-090	4.83554e-100	1.48852e-097	1
11.49	4	2	2.32571e-091	2.32571e-091	5.69495e-101	4.8343e-098	1
11.5	3	1.73205	9.97149e-092	9.97149e-092	1.9473e-101	2.75213e-098	1
11.52	1	1	1.82396e-092	1.82396e-092	2.26025e-102	8.90093e-099	1
11.53	0	1	7.78157e-093	7.78157e-093	7.67251e-103	5.05668e-099	1
11.55	5	2.23607	1.40935e-093	1.40934e-093	8.77687e-104	1.62861e-099	1
11.57	1	1	2.5357e-094	2.53569e-094	9.94324e-105	5.23073e-100	1
11.58	2	1.41421	1.07291e-094	1.0729e-094	3.33459e-105	2.9613e-100	1
11.6	1	1	1.91133e-095	1.91132e-095	3.72314e-106	9.47139e-101	1
11.61	2	1.41421	8.04726e-096	8.0472e-096	1.23954e-106	5.35089e-101	1
11.63	6	2.44949	1.41944e-096	1.41943e-096	1.36398e-107	1.7043e-101	1
11.65	1	1	2.48726e-097	2.4872e-097	1.48641e-108	5.41322e-102	1
11.66	5	2.23607	1.03859e-097	1.03856e-097	4.88906e-109	3.0476e-102	1
11.68	5	2.23607	1.80198e-098	1.80188e-098	5.25092e-110	9.63953e-103	1
11.69	3	1.73205	7.48732e-099	7.48678e-099	1.71459e-110	5.41567e-103	1
11.71	4	2	1.28629e-099	1.28612e-099	1.81489e-111	1.70584e-103	1
11.72	2	1.41421	5.31835e-100	5.31739e-100	5.88321e-112	9.56371e-104	1
11.74	1	1	9.04739e-101	9.04439e-101	6.13736e-113	2.99985e-104	1
11.76	3	1.73205	1.52917e-101	1.52823e-101	6.34068e-114	9.38346e-105	1
11.77	3	1.73205	6.27164e-102	6.2664e-102	2.03064e-114	5.24254e-105	1
11.79	3	1.73205	1.05002e-102	1.04839e-102	2.06759e-115	1.63303e-105	1
11.8	0	1	4.28669e-103	4.27758e-103	6.57356e-116	9.10469e-106	1
11.82	2	1.41421	7.11418e-104	7.08594e-104	6.59647e-117	2.82426e-106	1
11.84	3	1.73205	1.17481e-104	1.16607e-104	6.55555e-118	8.73643e-107	1
11.85	1	1	4.76715e-105	4.71861e-105	2.0591e-118	4.85396e-107	1
11.87	3	1.73205	7.83793e-106	7.68841e-106	2.01675e-119	1.49525e-107	1
11.88	3	1.73205	3.17869e-106	3.09579e-106	6.2887e-120	8.29027e-108	1
11.9	1	1	5.24878e-107	4.99446e-107	6.07037e-121	2.54316e-108	1
11.91	6	2.44949	2.14182e-107	2.00111e-107	1.87915e-121	1.40709e-108	1
11.93	1	1	3.6264e-108	3.19655e-108	1.7877e-122	4.29847e-109	1
11.95	4	2	6.38199e-109	5.07251e-109	1.68428e-123	1.30948e-109	1
11.96	1	1	2.73766e-109	2.01566e-109	5.15103e-124	7.21998e-110	1
11.98	3	1.73205	5.35735e-110	3.16703e-110	4.7829e-125	2.19032e-110	1
11.99	3	1.73205	2.4574e-110	1.25226e-110	1.45215e-125	1.20514e-110	1
12.01	2	1.41421	5.58895e-111	1.94815e-111	1.32888e-126	3.6408e-111	1
12.03	1	1	1.39793e-111	3.0108e-112	1.20434e-127	1.09685e-111	1
12.04	2	1.41421	7.19475e-112	1.18069e-112	3.61244e-128	6.01407e-112	1
12.06	3	1.73205	1.98496e-112	1.80671e-113	3.22657e-129	1.80428e-112	1
12.07	4	2	1.05773e-112	7.04999e-114	9.60797e-130	9.87234e-113	1
12.09	2	1.41421	3.05629e-113	1.06816e-114	8.45769e-131	2.94947e-113	1
12.1	2	1.41421	1.65195e-113	4.14748e-115	2.50024e-131	1.61047e-113	1
12.12	4	2	4.85364e-114	6.22194e-116	2.1691e-132	4.79142e-114	1
12.14	2	1.41421	1.43084e-114	9.27251e-117	1.86365e-133	1.42157e-114	1
12.15	0	1	7.7708e-115	3.57073e-117	5.44285e-134	7.73509e-115	1
12.17	1	1	2.29063e-115	5.26893e-118	4.60882e-135	2.28536e-115	1
12.18	1	1	1.24295e-115	2.01897e-118	1.33626e-135	1.24093e-115	1
12.2	3	1.73205	3.65406e-116	2.94978e-119	1.11515e-136	3.65111e-116	1
12.22	6	2.44949	1.07169e-116	4.28133e-120	9.2164e-138	1.07126e-116	1
12.23	3	1.73205	5.79825e-117	1.62704e-120	2.63994e-138	5.79662e-117	1
12.25	1	1	1.69391e-117	2.3382e-121	2.15031e-139	1.69368e-117	1
12.26	6	2.44949	9.14636e-118	8.84193e-122	6.11469e-140	9.14547e-118	1
12.28	3	1.73205	2.66116e-118	1.25813e-122	4.90862e-141	2.66103e-118	1
12.29	3	1.73205	1.43395e-118	4.73411e-123	1.38571e-141	1.4339e-118	1
12.31	1	1	4.15486e-119	6.66977e-124	1.09632e-142	4.15479e-119	1
12.33	3	1.73205	1.20053e-119	9.33497e-125	8.58986e-144	1.20053e-119	1
12.34	5	2.23607	6.44661e-120	3.48367e-125	2.39569e-144	6.44658e-120	1
12.36	2	1.41421	1.85498e-120	4.82763e-126	1.84995e-145	1.85498e-120	1
12.37	0	1	9.94011e-121	1.79269e-126	5.12204e-146	9.94009e-121	1
12.39	7	2.64575	2.84831e-121	2.45978e-127	3.89808e-147	2.84831e-121	1
12.4	5	2.23607	1.52312e-121	9.08899e-128	1.07146e-147	1.52311e-121	1
12.42	4	2	4.34627e-122	1.23481e-128	8.03638e-149	4.34627e-122	1
12.44	3	1.73205	1.23678e-122	1.66654e-129	5.96942e-150	1.23678e-122	1
12.45	4	2	6.59063e-123	6.10726e-130	1.62102e-150	6.59063e-123	1
12.47	3	1.73205	1.86763e-123	8.16122e-131	1.18669e-151	1.86763e-123	1
12.48	1	1	9.93157e-124	2.976e-131	3.19914e-152	9.93157e-124	1
12.5	4	2	2.80265e-124	3.93764e-132	2.30815e-153	2.80265e-124	1
12.52	9	3	7.88697e-125	5.1757e-133	1.64922e-154	7.88697e-125	1
12.53	1	1	4.17953e-125	1.8718e-133	4.39244e-155	4.17953e-125	1
12.55	6	2.44949	1.17127e-125	2.43605e-134	3.09314e-156	1.17127e-125	1
12.56	4	2	6.19395e-126	8.76644e-135	8.17837e-157	6.19395e-126	1
12.58	4	2	1.72856e-126	1.12965e-135	5.67596e-158	1.72856e-126	1
12.59	3	1.73205	9.12198e-127	4.0451e-136	1.48986e-158	9.12198e-127	1
12.61	7	2.64575	2.53509e-127	5.16113e-137	1.01905e-159	2.53509e-127	1
12.63	4	2	7.02567e-128	6.54169e-138	6.90295e-161	7.02567e-128	1
12.64	7	2.64575	3.69473e-128	2.3232e-138	1.79008e-161	3.69473e-128	1
12.66	2	1.41421	1.01968e-128	2.91559e-139	1.19506e-162	1.01968e-128	1
12.67	1	1	5.35122e-129	1.03031e-139	3.07657e-163	5.35122e-129	1
12.69	3	1.73205	1.47069e-129	1.28027e-140	2.02424e-164	1.47069e-129	1
12.71	3	1.73205	4.03073e-130	1.5804e-141	1.31899e-165	4.03073e-130	1
12.72	7	2.64575	2.10795e-130	5.53888e-142	3.35469e-166	2.10795e-130	1
12.74	4	2	5.75319e-131	6.76986e-143	2.15433e-167	5.75319e-131	1
12.75	3	1.73205	3.00248e-131	2.36092e-143	5.43953e-168	3.00248e-131	1
12.77	5	2.23607	8.16048e-132	2.85716e-144	3.4427e-169	8.16048e-132	1
12.78	4	2	4.24992e-132	9.91479e-145	8.62955e-170	4.24992e-132	1
12.8	2	1.41421	1.15028e-132	1.18804e-145	5.38276e-171	1.15028e-132	1
12.82	4	2	3.10469e-133	1.41418e-146	3.32513e-172	3.10469e-133	1
12.83	4	2	1.61128e-133	4.86707e-147	8.23435e-173	1.61128e-133	1
12.85	2	1.41421	4.33086e-134	5.73638e-148	5.01315e-174	4.33086e-134	1
12.86	7	2.64575	2.24296e-134	1.96447e-148	1.23246e-174	2.24296e-134	1
12.88	4	2	6.00358e-135	2.29251e-149	7.39489e-176	6.00358e-135	1
12.9	4	2	1.60247e-135	2.65769e-150	4.39418e-177	1.60247e-135	1
12.91	1	1	8.27043e-136	9.02663e-151	1.06726e-177	8.27043e-136	1
12.93	7	2.64575	2.19835e-136	1.03613e-151	6.25022e-179	2.19835e-136	1
12.94	3	1.73205	1.13221e-136	3.50172e-152	1.50705e-179	1.13221e-136	1
12.96	1	1	2.99697e-137	3.97983e-153	8.69823e-181	2.99697e-137	1
12.97	3	1.73205	1.5403e-137	1.33838e-153	2.0821e-181	1.5403e-137	1
12.99	1	1	4.06021e-138	1.50611e-154	1.18436e-182	4.06021e-138	1
13.01	3	1.73205	1.06729e-138	1.68369e-155	6.67195e-184	1.06729e-138	1
13.02	1	1	5.46634e-139	5.61551e-156	1.57782e-184	5.46634e-139	1
13.04	3	1.73205	1.43093e-139	6.2157e-157	8.75999e-186	1.43093e-139	1
13.05	2	1.41421	7.3135e-140	2.06283e-157	2.05659e-186	7.3135e-140	1
13.07	3	1.73205	1.90649e-140	2.26079e-158	1.12531e-187	1.90649e-140	1
13.09	1	1	4.95603e-141	2.46141e-159	6.09795e-189	4.95603e-141	1
13.1	0	1	2.52424e-141	8.10159e-160	1.41436e-189	2.52424e-141	1
13.12	1	1	6.53458e-142	8.73351e-161	7.55352e-191	6.53458e-142	1
13.13	2	1.41421	3.3213e-142	2.86037e-161	1.73926e-191	3.3213e-142	1
13.15	3	1.73205	8.56215e-143	3.05306e-162	9.15447e-193	8.56215e-143	1
13.16	1	1	4.34277e-143	9.94983e-163	2.09261e-193	4.34277e-143	1
13.18	5	2.23607	1.11488e-143	1.05153e-163	1.08551e-194	1.11488e-143	1
13.2	0	1	2.85419e-144	1.10398e-164	5.57659e-196	2.85419e-144	1
13.21	0	1	1.44263e-144	3.56823e-165	1.25938e-196	1.44263e-144	1
13.23	2	1.41421	3.67787e-145	3.70923e-166	6.37629e-198	3.67787e-145	1
13.24	2	1.41421	1.85508e-145	1.19295e-166	1.42953e-198	1.85508e-145	1
13.26	1	1	4.70968e-146	1.22786e-167	7.1332e-200	4.70968e-146	1
13.28	0	1	1.19237e-146	1.25546e-168	3.52502e-201	1.19237e-146	1
13.29	4	2	5.99332e-147	4.00457e-169	7.80764e-202	5.99332e-147	1
13.31	2	1.41421	1.51103e-147	4.0542e-170	3.80255e-203	1.51103e-147	1
13.32	4	2	7.57922e-148	1.28678e-170	8.36128e-204	7.57922e-148	1
13.34	2	1.41421	1.90291e-148	1.28987e-171	4.01335e-205	1.90291e-148	1
13.35	2	1.41421	9.52494e-149	4.07374e-172	8.76081e-206	9.52494e-149	1
13.37	5	2.23607	2.38146e-149	4.04326e-173	4.14436e-207	2.38146e-149	1
13.39	3	1.73205	5.93767e-150	3.98657e-174	1.94158e-208	5.93767e-150	1
13.4	1	1	2.96176e-150	1.2487e-174	4.18722e-209	2.96176e-150	1
13.42	2	1.41421	7.35376e-151	1.21904e-175	1.93332e-210	7.35376e-151	1
13.43	3	1.73205	3.66047e-151	3.79947e-176	4.13915e-211	3.66047e-151	1
13.45	1	1	9.05073e-152	3.67265e-177	1.88351e-212	9.05073e-152	1
13.46	2	1.41421	4.49577e-152	1.13902e-177	4.00328e-213	4.49577e-152	1
13.48	3	1.73205	1.10698e-152	1.09014e-178	1.79536e-214	1.10698e-152	1
13.5	4	2	2.7181e-153	1.03648e-179	7.97393e-216	2.7181e-153	1
13.51	3	1.73205	1.34547e-153	3.18806e-180	1.67437e-216	1.34547e-153	1
13.53	0	1	3.28994e-154	3.00124e-181	7.32913e-218	3.28994e-154	1
13.54	5	2.23607	1.62514e-154	9.18568e-182	1.52782e-218	1.62514e-154	1
13.56	8	2.82843	3.95724e-155	8.5621e-183	6.59099e-220	3.95724e-155	1
13.58	7	2.64575	9.60915e-156	7.92828e-184	2.81588e-221	9.60915e-156	1
13.59	2	1.41421	4.73018e-156	2.40659e-184	5.79918e-222	4.73018e-156	1
13.61	1	1	1.14382e-156	2.20645e-185	2.4418e-223	1.14382e-156	1
13.62	3	1.73205	5.61881e-157	6.66445e-186	4.9923e-224	5.61881e-157	1
13.64	4	2	1.35304e-157	6.04994e-187	2.07168e-225	1.35304e-157	1
13.65	2	1.41421	6.63271e-158	1.81831e-187	4.20488e-226	6.63271e-158	1
13.67	6	2.44949	1.59054e-158	1.63437e-188	1.71971e-227	1.59054e-158	1
13.69	3	1.73205	3.80356e-159	1.45935e-189	6.96531e-229	3.80356e-159	1
13.7	1	1	1.85806e-159	4.35e-190	1.3967e-229	1.85806e-159	1
13.72	1	1	4.4248e-160	3.84587e-191	5.5753e-231	4.4248e-160	1
13.73	2	1.41421	2.15703e-160	1.1407e-191	1.10987e-231	2.15703e-160	1
13.75	4	2	5.11536e-161	9.98551e-193	4.36631e-233	5.11536e-161	1
13.77	2	1.41421	1.20973e-161	8.68359e-194	1.70116e-234	1.20973e-161	1
13.78	1	1	5.8768e-162	2.55439e-194	3.34564e-235	5.8768e-162	1
13.8	8	2.82843	1.38401e-162	2.19943e-195	1.28466e-236	1.38401e-162	1
13.81	3	1.73205	6.70944e-163	6.43793e-196	2.5082e-237	6.70944e-163	1
13.83	6	2.44949	1.57352e-163	5.48863e-197	9.4918e-239	1.57352e-163	1
13.84	2	1.41421	7.61224e-164	1.59862e-197	1.83976e-239	7.61224e-164	1
13.86	1	1	1.77781e-164	1.34945e-198	6.86164e-241	1.77781e-164	1
13.88	4	2	4.14048e-165	1.13162e-199	2.53443e-242	4.14048e-165	1
13.89	3	1.73205	1.99609e-165	3.26884e-200	4.85317e-243	1.99609e-165	1
13.91	1	1	4.62948e-166	2.71412e-201	1.76667e-244	4.62948e-166	1
13.92	4	2	2.22718e-166	7.80138e-202	3.35847e-245	2.22718e-166	1
13.94	1	1	5.14393e-167	6.41359e-203	1.2049e-246	5.14393e-167	1
13.96	7	2.64575	1.18475e-167	5.23795e-204	4.281e-248	1.18475e-167	1
13.97	7	2.64575	5.67987e-168	1.49319e-204	8.04012e-249	5.67987e-168	1
13.99	7	2.64575	1.30274e-168	1.20745e-205	2.81538e-250	1.30274e-168	1
14	4	2	6.23251e-169	3.42507e-206	5.2492e-251	6.23251e-169	1
14.02	4	2	1.42354e-169	2.74231e-207	1.81153e-252	1.42354e-169	1
14.03	5	2.23607	6.79623e-170	7.74043e-208	3.35307e-253	6.79623e-170	1
14.05	4	2	1.54583e-170	6.13631e-209	1.14044e-254	1.54583e-170	1
14.07	4	2	3.50627e-171	4.83259e-210	3.84141e-256	3.50627e-171	1
14.08	4	2	1.66815e-171	1.35282e-210	7.02456e-257	1.66815e-171	1
14.1	5	2.23607	3.76796e-172	1.05489e-211	2.33193e-258	3.76796e-172	1
14.11	4	2	1.78891e-172	2.93841e-212	4.23333e-259	1.78891e-172	1
14.13	2	1.41421	4.02391e-173	2.26868e-213	1.38502e-260	4.02391e-173	1
14.15	3	1.73205	9.02607e-174	1.74006e-214	4.48764e-262	9.02607e-174	1
14.16	1	1	4.27042e-174	4.80709e-215	8.04855e-263	4.27042e-174	1
14.18	5	2.23607	9.53913e-175	3.65062e-216	2.57014e-264	9.53913e-175	1
14.19	3	1.73205	4.50375e-175	1.00354e-216	4.57611e-265	4.50375e-175	1
14.21	3	1.73205	1.00184e-175	7.54591e-218	1.44017e-266	1.00184e-175	1
14.22	3	1.73205	4.72018e-176	2.06407e-218	2.54562e-267	4.72018e-176	1
14.24	2	1.41421	1.04561e-176	1.53673e-219	7.89569e-269	1.04561e-176	1
14.26	3	1.73205	2.3098e-177	1.13658e-220	2.42534e-270	2.3098e-177	1
14.27	4	2	1.08449e-177	3.08337e-221	4.23529e-271	1.08449e-177	1
14.29	2	1.41421	2.3857e-178	2.25799e-222	1.28217e-272	2.3857e-178	1
14.3	9	3	1.11778e-178	6.0953e-223	2.22277e-273	1.11778e-178	1
14.32	2	1.41421	2.4487e-179	4.41963e-224	6.63186e-275	2.4487e-179	1
14.34	2	1.41421	5.34941e-180	3.18352e-225	1.95957e-276	5.34941e-180	1
14.35	2	1.41421	2.49768e-180	8.52297e-226	3.35617e-277	2.49768e-180	1
14.37	3	1.73205	5.43369e-181	6.07864e-227	9.77347e-279	5.43369e-181	1
14.38	5	2.23607	2.53175e-181	1.61934e-227	1.66177e-279	2.53175e-181	1
14.4	3	1.73205	5.48485e-182	1.14353e-228	4.76929e-281	5.48485e-182	1
14.41	0	1	2.55026e-182	3.03128e-229	8.05036e-282	2.55026e-182	1
14.43	4	2	5.50194e-183	2.11948e-230	2.27708e-283	5.50194e-183	1
14.45	5	2.23607	1.18369e-183	1.47219e-231	6.37861e-285	1.18369e-183	1
14.46	1	1	5.48463e-184	3.87037e-232	1.0637e-285	5.48463e-184	1
14.48	3	1.73205	1.17505e-184	2.66183e-233	2.93661e-287	1.17505e-184	1
14.49	3	1.73205	5.43326e-185	6.96335e-234	4.8616e-288	5.43326e-185	1
14.51	1	1	1.1592e-185	4.74177e-235	1.32277e-289	1.1592e-185	1
14.53	5	2.23607	2.46631e-186	3.20768e-236	3.56431e-291	2.46631e-186	1
14.54	2	1.41421	1.13642e-186	8.32225e-237	5.82964e-292	1.13642e-186	1
14.56	5	2.23607	2.40777e-187	5.57426e-238	1.54814e-293	2.40777e-187	1
14.57	5	2.23607	1.10714e-187	1.43907e-238	2.51372e-294	1.10714e-187	1
14.59	2	1.41421	2.33596e-188	9.54385e-240	6.57908e-296	2.33596e-188	1
14.6	3	1.73205	1.07187e-188	2.4517e-240	1.0605e-296	1.07187e-188	1
14.62	4	2	2.25214e-189	1.60991e-241	2.7355e-298	2.25214e-189	1
14.64	3	1.73205	4.71887e-190	1.05018e-242	6.98796e-300	4.71887e-190	1
14.65	2	1.41421	2.15777e-190	2.6756e-243	1.11282e-300	2.15777e-190	1
14.67	5	2.23607	4.50232e-191	1.72814e-244	2.80168e-302	4.50232e-191	1
14.68	0	1	2.05446e-191	4.38109e-245	4.42929e-303	2.05446e-191	1
14.7	5	2.23607	4.26889e-192	2.80179e-246	1.09902e-304	4.26889e-192	1
14.71	6	2.44949	1.94389e-192	7.06781e-247	1.72489e-305	1.94389e-192	1
14.73	0	1	4.02231e-193	4.4754e-248	4.21803e-307	4.02231e-193	1
14.75	3	1.73205	8.29987e-194	2.81519e-249	1.02152e-308	8.29987e-194	1
14.76	4	2	3.76631e-194	7.0432e-250	1.58392e-309	3.76631e-194	1
14.78	6	2.44949	7.73926e-195	4.38673e-251	3.78048e-311	7.73926e-195	1
14.79	3	1.73205	3.5046e-195	1.09207e-251	5.81934e-312	3.5046e-195	1
14.81	3	1.73205	7.17148e-196	6.73465e-253	1.36889e-313	7.17148e-196	1
14.83	1	1	1.46343e-196	4.12581e-254	3.18894e-315	1.46343e-196	1
14.84	1	1	6.60388e-197	1.01866e-254	4.84958e-316	6.60388e-197	1
14.86	2	1.41421	1.34199e-197	6.17902e-256	1.11339e-317	1.34199e-197	1
14.87	3	1.73205	6.04324e-198	1.51806e-256	1.6793e-318	6.04324e-198	1
14.89	3	1.73205	1.22294e-198	9.1174e-258	3.60717e-320	1.22294e-198	1
14.9	2	1.41421	5.49569e-199	2.22888e-258	4.00687e-321	5.49569e-199	1
14.92	2	1.41421	1.10751e-199	1.32545e-259	0	1.10751e-199	1
14.94	2	1.41421	2.22567e-200	7.83016e-261	0	2.22567e-200	1
14.95	1	1	9.96704e-201	1.89844e-261	0	9.96704e-201	1
14.97	0	1	1.99466e-201	1.11045e-262	0	1.99466e-201	1
14.98	1	1	8.91389e-202	2.679e-263	0	8.91389e-202	1
15	1	1	1.77647e-202	1.55156e-264	0	1.77647e-202	1
15.02	3	1.73205	3.53052e-203	8.92677e-266	0	3.53052e-203	1
15.03	5	2.23607	1.57227e-203	2.1359e-266	0	1.57227e-203	1
15.05	5	2.23607	3.11168e-204	1.21675e-267	0	3.11168e-204	1
15.06	4	2	1.38286e-204	2.8969e-268	0	1.38286e-204	1
15.08	6	2.44949	2.72542e-205	1.63398e-269	0	2.72542e-205	1
15.09	1	1	1.20867e-205	3.87104e-270	0	1.20867e-205	1
15.11	6	2.44949	2.3722e-206	2.1619e-271	0	2.3722e-206	1
15.13	4	2	4.64287e-207	1.19943e-272	0	4.64287e-207	1
15.14	2	1.41421	2.05187e-207	2.81817e-273	0	2.05187e-207	1
15.16	3	1.73205	3.9992e-208	1.5481e-274	0	3.9992e-208	1
15.17	1	1	1.76372e-208	3.61941e-275	0	1.76372e-208	1
15.19	2	1.41421	3.42326e-209	1.96863e-276	0	3.42326e-209	1
15.21	2	1.41421	6.62585e-210	1.0637e-277	0	6.62585e-210	1
15.22	5	2.23607	2.91198e-210	2.46645e-278	0	2.91198e-210	1
15.24	0	1	5.61277e-211	1.31954e-279	0	5.61277e-211	1
15.25	3	1.73205	2.4616e-211	3.04453e-280	0	2.4616e-211	1
15.27	0	1	4.72491e-212	1.61274e-281	0	4.72491e-212	1
15.28	3	1.73205	2.06789e-212	3.70264e-282	0	2.06789e-212	1
15.3	4	2	3.95268e-213	1.942e-283	0	3.95268e-213	1
15.32	2	1.41421	7.53435e-214	1.01186e-284	0	7.53435e-214	1
15.33	3	1.73205	3.28602e-214	2.30397e-285	0	3.28602e-214	1
15.35	3	1.73205	6.23751e-215	1.18861e-286	0	6.23751e-215	1
15.36	3	1.73205	2.71474e-215	2.69305e-287	0	2.71474e-215	1
15.38	2	1.41421	5.13166e-216	1.37563e-288	0	5.13166e-216	1
15.4	3	1.73205	9.67339e-217	6.98051e-290	0	9.67339e-217	1
15.41	4	2	4.19552e-217	1.56857e-290	0	4.19552e-217	1
15.43	4	2	7.87578e-218	7.88107e-292	0	7.87578e-218	1
15.44	2	1.41421	3.40874e-218	1.76217e-292	0	3.40874e-218	1
15.46	6	2.44949	6.3722e-219	8.76646e-294	0	6.3722e-219	1
15.47	0	1	2.75222e-219	1.95045e-294	0	2.75222e-219	1
15.49	2	1.41421	5.12349e-220	9.60737e-296	0	5.12349e-220	1
15.51	1	1	9.51129e-221	4.70115e-297	0	9.51129e-221	1
15.52	2	1.41421	4.09377e-221	1.03735e-297	0	4.09377e-221	1
15.54	1	1	7.56806e-222	5.02597e-299	0	7.56806e-222	1
15.55	2	1.41421	3.25059e-222	1.10355e-299	0	3.25059e-222	1
15.57	4	2	5.98426e-223	5.29393e-301	0	5.98426e-223	1
15.59	1	1	1.09863e-223	2.52287e-302	0	1.09863e-223	1
15.6	2	1.41421	4.70237e-224	5.49386e-303	0	4.70237e-224	1
15.62	2	1.41421	8.59695e-225	2.59232e-304	0	8.59695e-225	1
15.63	5	2.23607	3.67202e-225	5.61718e-305	0	3.67202e-225	1
15.65	1	1	6.68527e-226	2.62436e-306	0	6.68527e-226	1
15.66	2	1.41421	2.84953e-226	5.65849e-307	0	2.84953e-226	1
15.68	2	1.41421	5.16624e-227	2.61758e-308	0	5.16624e-227	1
15.7	1	1	9.34046e-228	1.2029e-309	0	9.34046e-228	1
15.71	2	1.41421	3.96745e-228	2.57228e-310	0	3.96745e-228	1
15.73	0	1	7.14319e-229	1.17042e-311	0	7.14319e-229	1
15.74	4	2	3.02782e-229	2.49045e-312	0	3.02782e-229	1
15.76	2	1.41421	5.42872e-230	1.12201e-313	0	5.42872e-230	1
15.77	0	1	2.2963e-230	2.37563e-314	0	2.2963e-230	1
15.79	5	2.23607	4.09999e-231	1.05971e-315	0	4.09999e-231	1
15.81	0	1	7.30012e-232	4.69599e-317	0	7.30012e-232	1
15.82	1	1	3.07716e-232	9.86011e-318	0	3.07716e-232	1
15.84	2	1.41421	5.45612e-233	4.30455e-319	0	5.45612e-233	1
15.85	0	1	2.29508e-233	8.07106e-320	0	2.29508e-233	1
15.87	1	1	4.05246e-234	0	0	4.05246e-234	1
15.89	1	1	7.13562e-235	0	0	7.13562e-235	1
15.9	2	1.41421	2.99113e-235	0	0	2.99113e-235	1
15.92	1	1	5.24487e-236	0	0	5.24487e-236	1
15.93	1	1	2.19397e-236	0	0	2.19397e-236	1
15.95	1	1	3.83106e-237	0	0	3.83106e-237	1
15.96	2	1.41421	1.59922e-237	0	0	1.59922e-237	1
15.98	1	1	2.78089e-238	0	0	2.78089e-238	1
16	0	1	4.82225e-239	0	0	4.82225e-239	1
16.01	2	1.41421	2.00599e-239	0	0	2.00599e-239	1
16.03	1	1	3.46404e-240	0	0	3.46404e-240	1
16.04	5	2.23607	1.43799e-240	0	0	1.43799e-240	1
16.06	2	1.41421	2.47285e-241	0	0	2.47285e-241	1
16.08	0	1	4.24062e-242	0	0	4.24062e-242	1
16.09	2	1.41421	1.75425e-242	0	0	1.75425e-242	1
16.11	2	1.41421	2.99579e-243	0	0	2.99579e-243	1
16.12	6	2.44949	1.23671e-243	0	0	1.23671e-243	1
16.14	5	2.23607	2.10317e-244	0	0	2.10317e-244	1
16.15	2	1.41421	8.66413e-245	0	0	8.66413e-245	1
16.17	0	1	1.4673e-245	0	0	1.4673e-245	1
16.19	2	1.41421	2.47802e-246	0	0	2.47802e-246	1
16.2	1	1	1.01729e-246	0	0	1.01729e-246	1
16.22	0	1	1.71087e-247	0	0	1.71087e-247	1
16.23	2	1.41421	7.00891e-248	0	0	7.00891e-248	1
16.25	2	1.41421	1.17384e-248	0	0	1.17384e-248	1
16.27	0	1	1.96048e-249	0	0	1.96048e-249	1
16.28	2	1.41421	8.00358e-250	0	0	8.00358e-250	1
16.3	2	1.41421	1.33114e-250	0	0	1.33114e-250	1
16.31	1	1	5.423e-251	0	0	5.423e-251	1
16.33	2	1.41421	8.98185e-252	0	0	8.98185e-252	1
16.34	5	2.23607	3.65154e-252	0	0	3.65154e-252	1
16.36	0	1	6.02267e-253	0	0	6.02267e-253	1
16.38	2	1.41421	9.9059e-254	0	0	9.9059e-254	1
16.39	0	1	4.01322e-254	0	0	4.01322e-254	1
16.41	3	1.73205	6.57333e-255	0	0	6.57333e-255	1
16.42	0	1	2.65753e-255	0	0	2.65753e-255	1
16.44	3	1.73205	4.33469e-256	0	0	4.33469e-256	1
16.46	2	1.41421	7.05065e-257	0	0	7.05065e-257	1
16.47	0	1	2.84061e-257	0	0	2.84061e-257	1
16.49	0	1	4.60118e-258	0	0	4.60118e-258	1
16.5	2	1.41421	1.84989e-258	0	0	1.84989e-258	1
16.52	2	1.41421	2.98395e-259	0	0	2.98395e-259	1
16.53	1	1	1.19718e-259	0	0	1.19718e-259	1
16.55	0	1	1.92306e-260	0	0	1.92306e-260	1
16.57	5	2.23607	3.08048e-261	0	0	3.08048e-261	1
16.58	1	1	1.23162e-261	0	0	1.23162e-261	1
16.6	2	1.41421	1.96467e-262	0	0	1.96467e-262	1
16.61	1	1	7.83865e-263	0	0	7.83865e-263	1
16.63	3	1.73205	1.2452e-263	0	0	1.2452e-263	1
16.65	1	1	1.97256e-264	0	0	1.97256e-264	1
16.66	4	2	7.84283e-265	0	0	7.84283e-265	1
16.68	2	1.41421	1.23723e-265	0	0	1.23723e-265	1
16.69	2	1.41421	4.90892e-266	0	0	4.90892e-266	1
16.71	2	1.41421	7.71172e-267	0	0	7.71172e-267	1
16.72	1	1	3.05338e-267	0	0	3.05338e-267	1
16.74	1	1	4.77675e-268	0	0	4.77675e-268	1
16.76	3	1.73205	7.45206e-269	0	0	7.45206e-269	1
16.77	2	1.41421	2.94032e-269	0	0	2.94032e-269	1
16.79	3	1.73205	4.568e-270	0	0	4.568e-270	1
16.8	2	1.41421	1.79862e-270	0	0	1.79862e-270	1
16.82	2	1.41421	2.78264e-271	0	0	2.78264e-271	1
16.83	4	2	1.09336e-271	0	0	1.09336e-271	1
16.85	2	1.41421	1.68449e-272	0	0	1.68449e-272	1
16.87	3	1.73205	2.58801e-273	0	0	2.58801e-273	1
16.88	4	2	1.01335e-273	0	0	1.01335e-273	1
16.9	3	1.73205	1.55041e-274	0	0	1.55041e-274	1
16.91	3	1.73205	6.05808e-275	0	0	6.05808e-275	1
16.93	1	1	9.2301e-276	0	0	9.2301e-276	1
16.95	2	1.41421	1.40239e-276	0	0	1.40239e-276	1
16.96	2	1.41421	5.4607e-277	0	0	5.4607e-277	1
16.98	2	1.41421	8.26226e-278	0	0	8.26226e-278	1
16.99	6	2.44949	3.21049e-278	0	0	3.21049e-278	1
17.01	2	1.41421	4.83736e-279	0	0	4.83736e-279	1
17.02	0	1	1.87575e-279	0	0	1.87575e-279	1
17.04	2	1.41421	2.81449e-280	0	0	2.81449e-280	1
17.06	1	1	4.2113e-281	0	0	4.2113e-281	1
17.07	3	1.73205	1.62731e-281	0	0	1.62731e-281	1
17.09	3	1.73205	2.42479e-282	0	0	2.42479e-282	1
17.1	2	1.41421	9.35026e-283	0	0	9.35026e-283	1
17.12	0	1	1.38744e-283	0	0	1.38744e-283	1
17.14	4	2	2.05304e-284	0	0	2.05304e-284	1
17.15	3	1.73205	7.88925e-285	0	0	7.88925e-285	1
17.17	3	1.73205	1.16253e-285	0	0	1.16253e-285	1
17.18	2	1.41421	4.45797e-286	0	0	4.45797e-286	1
17.2	4	2	6.54176e-287	0	0	6.54176e-287	1
17.21	2	1.41421	2.50334e-287	0	0	2.50334e-287	1
17.23	2	1.41421	3.65818e-288	0	0	3.65818e-288	1
17.25	1	1	5.3309e-289	0	0	5.3309e-289	1
17.26	3	1.73205	2.0329e-289	0	0	2.0329e-289	1
17.28	2	1.41421	2.95011e-290	0	0	2.95011e-290	1
17.29	6	2.44949	1.12266e-290	0	0	1.12266e-290	1
17.31	4	2	1.6224e-291	0	0	1.6224e-291	1
17.33	1	1	2.33808e-292	0	0	2.33808e-292	1
17.34	8	2.82843	8.86662e-293	0	0	8.86662e-293	1
17.36	1	1	1.27247e-293	0	0	1.27247e-293	1
17.37	4	2	4.81547e-294	0	0	4.81547e-294	1
17.39	8	2.82843	6.88201e-295	0	0	6.88201e-295	1
17.4	4	2	2.59897e-295	0	0	2.59897e-295	1
17.42	3	1.73205	3.69883e-296	0	0	3.69883e-296	1
17.44	5	2.23607	5.24953e-297	0	0	5.24953e-297	1
17.45	1	1	1.97558e-297	0	0	1.97558e-297	1
17.47	3	1.73205	2.79214e-298	0	0	2.79214e-298	1
17.48	3	1.73205	1.04859e-298	0	0	1.04859e-298	1
17.5	3	1.73205	1.47583e-299	0	0	1.47583e-299	1
17.52	6	2.44949	2.07137e-300	0	0	2.07137e-300	1
17.53	4	2	7.75202e-301	0	0	7.75202e-301	1
17.55	3	1.73205	1.08349e-301	0	0	1.08349e-301	1
17.56	4	2	4.04646e-302	0	0	4.04646e-302	1
17.58	4	2	5.63211e-303	0	0	5.63211e-303	1
17.59	3	1.73205	2.09902e-303	0	0	2.09902e-303	1
17.61	2	1.41421	2.90937e-304	0	0	2.90937e-304	1
17.63	0	1	4.02137e-305	0	0	4.02137e-305	1
17.64	4	2	1.49351e-305	0	0	1.49351e-305	1
17.66	2	1.41421	2.05575e-306	0	0	2.05575e-306	1
17.67	2	1.41421	7.61901e-307	0	0	7.61901e-307	1
17.69	3	1.73205	1.04435e-307	0	0	1.04435e-307	1
17.71	2	1.41421	1.42754e-308	0	0	1.42754e-308	1
17.72	1	1	5.27237e-309	0	0	5.27237e-309	1
17.74	4	2	7.17686e-310	0	0	7.17686e-310	1
17.75	3	1.73205	2.64512e-310	0	0	2.64512e-310	1
17.77	4	2	3.58559e-311	0	0	3.58559e-311	1
17.78	0	1	1.31876e-311	0	0	1.31876e-311	1
17.8	4	2	1.7802e-312	0	0	1.7802e-312	1
17.82	2	1.41421	2.39642e-313	0	0	2.39642e-313	1
17.83	2	1.41421	8.78328e-314	0	0	8.78328e-314	1
17.85	5	2.23607	1.17744e-314	0	0	1.17744e-314	1
17.86	4	2	4.30651e-315	0	0	4.30651e-315	1
17.88	3	1.73205	5.74903e-316	0	0	5.74903e-316	1
17.89	2	1.41421	2.09834e-316	0	0	2.09834e-316	1
17.91	1	1	2.78953e-317	0	0	2.78953e-317	1
17.93	1	1	3.69805e-318	0	0	3.69805e-318	1
17.94	2	1.41421	1.34505e-318	0	0	1.34505e-318	1
17.96	2	1.41421	1.77389e-319	0	0	1.77389e-319	1
17.97	4	2	6.43916e-320	0	0	6.43916e-320	1
17.99	2	1.41421	8.41888e-321	0	0	8.41888e-321	1
18.01	0	1	1.05236e-321	0	0	1.05236e-321	1
18.02	3	1.73205	2.12448e-322	0	0	2.12448e-322	1
18.04	0	1	0	0	0	0	1
18.05	2	1.41421	0	0	0	0	1
18.07	1	1	0	0	0	0	1
18.08	2	1.41421	0	0	0	0	1
18.1	2	1.41421	0	0	0	0	1
18.12	2	1.41421	0	0	0	0	1
18.13	2	1.41421	0	0	0	0	1
18.15	2	1.41421	0	0	0	0	1
18.16	0	1	0	0	0	0	1
18.18	2	1.41421	0	0	0	0	1
18.2	1	1	0	0	0	0	1
18.21	3	1.73205	0	0	0	0	1
18.23	3	1.73205	0	0	0	0	1
18.24	3	1.73205	0	0	0	0	1
18.26	3	1.73205	0	0	0	0	1
18.27	1	1	0	0	0	0	1
18.29	2	1.41421	0	0	0	0	1
18.31	2	1.41421	0	0	0	0	1
18.32	3	1.73205	0	0	0	0	1
18.34	3	1.73205	0	0	0	0	1
18.35	3	1.73205	0	0	0	0	1
18.37	0	1	0	0	0	0	1
18.39	3	1.73205	0	0	0	0	1
18.4	3	1.73205	0	0	0	0	1
18.42	3	1.73205	0	0	0	0	1
18.43	5	2.23607	0	0	0	0	1
18.45	1	1	0	0	0	0	1
18.46	3	1.73205	0	0	0	0	1
18.48	1	1	0	0	0	0	1
18.5	2	1.41421	0	0	0	0	1
18.51	1	1	0	0	0	0	1
18.53	2	1.41421	0	0	0	0	1
18.54	1	1	0	0	0	0	1
18.56	0	1	0	0	0	0	1
18.58	6	2.44949	0	0	0	0	1
18.59	2	1.41421	0	0	0	0	1
18.61	1	1	0	0	0	0	1
18.62	3	1.73205	0	0	0	0	1
18.64	2	1.41421	0	0	0	0	1
18.65	1	1	0	0	0	0	1
18.67	4	2	0	0	0	0	1
18.69	0	1	0	0	0	0	1
18.7	3	1.73205	0	0	0	0	1
18.72	1	1	0	0	0	0	1
18.73	3	1.73205	0	0	0	0	1
18.75	0	1	0	0	0	0	1
18.77	4	2	0	0	0	0	1
18.78	1	1	0	0	0	0	1
18.8	2	1.41421	0	0	0	0	1
18.81	2	1.41421	0	0	0	0	1
18.83	2	1.41421	0	0	0	0	1
18.84	1	1	0	0	0	0	1
18.86	3	1.73205	0	0	0	0	1
18.88	0	1	0	0	0	0	1
18.89	2	1.41421	0	0	0	0	1
18.91	3	1.73205	0	0	0	0	1
18.92	3	1.73205	0	0	0	0	1
18.94	6	2.44949	0	0	0	0	1
18.95	1	1	0	0	0	0	1
18.97	1	1	0	0	0	0	1
18.99	1	1	0	0	0	0	1
19	1	1	0	0	0	0	1
19.02	4	2	0	0	0	0	1
19.03	1	1	0	0	0	0	1
19.05	0	1	0	0	0	0	1
19.07	1	1	0	0	0	0	1
19.08	3	1.73205	0	0	0	0	1
19.1	0	1	0	0	0	0	1
19.11	1	1	0	0	0	0	1
19.13	0	1	0	0	0	0	1
19.14	2	1.41421	0	0	0	0	1
19.16	1	1	0	0	0	0	1
19.18	0	1	0	0	0	0	1
19.19	1	1	0	0	0	0	1
19.21	1	1	0	0	0	0	1
19.22	2	1.41421	0	0	0	0	1
19.24	1	1	0	0	0	0	1
19.26	2	1.41421	0	0	0	0	1
19.27	3	1.73205	0	0	0	0	1
19.29	0	1	0	0	0	0	1
19.3	1	1	0	0	0	0	1
19.32	1	1	0	0	0	0	1
19.33	1	1	0	0	0	0	1
19.35	2	1.41421	0	0	0	0	1
19.37	2	1.41421	0	0	0	0	1
19.38	1	1	0	0	0	0	1
19.4	0	1	0	0	0	0	1
19.41	2	1.41421	0	0	0	0	1
19.43	3	1.73205	0	0	0	0	1
19.45	1	1	0	0	0	0	1
19.46	0	1	0	0	0	0	1
19.48	3	1.73205	0	0	0	0	1
19.49	3	1.73205	0	0	0	0	1
19.51	2	1.41421	0	0	0	0	1
19.52	0	1	0	0	0	0	1
19.54	0	1	0	0	0	0	1
19.56	2	1.41421	0	0	0	0	1
19.57	2	1.41421	0	0	0	0	1
19.59	2	1.41421	0	0	0	0	1
19.6	0	1	0	0	0	0	1
19.62	3	1.73205	0	0	0	0	1
19.64	1	1	0	0	0	0	1
19.65	0	1	0	0	0	0	1
19.67	1	1	0	0	0	0	1
19.68	2	1.41421	0	0	0	0	1
19.7	1	1	0	0	0	0	1
19.71	0	1	0	0	0	0	1
19.73	0	1	0	0	0	0	1
19.75	4	2	0	0	0	0	1
19.76	2	1.41421	0	0	0	0	1
19.78	2	1.41421	0	0	0	0	1
19.79	1	1	0	0	0	0	1
19.81	0	1	0	0	0	0	1
19.83	1	1	0	0	0	0	1
19.84	2	1.41421	0	0	0	0	1
19.86	2	1.41421	0	0	0	0	1
19.87	2	1.41421	0	0	0	0	1
19.89	2	1.41421	0	0	0	0	1
19.9	2	1.41421	0	0	0	0	1
19.92	0	1	0	0	0	0	1
19.94	0	1	0	0	0	0	1
19.95	1	1	0	0	0	0	1
19.97	1	1	0	0	0	0	1
19.98	0	1	0	0	0	0	1
20	3	1.73205	0	0	0	0	1
20.02	0	1	0	0	0	0	1
20.03	3	1.73205	0	0	0	0	1
20.05	0	1	0	0	0	0	1
20.06	1	1	0	0	0	0	1
20.08	1	1	0	0	0	0	1
20.09	1	1	0	0	0	0	1
20.11	2	1.41421	0	0	0	0	1
20.13	0	1	0	0	0	0	1
20.14	1	1	0	0	0	0	1
20.16	1	1	0	0	0	0	1
20.17	0	1	0	0	0	0	1
20.19	1	1	0	0	0	0	1
20.2	2	1.41421	0	0	0	0	1
20.22	3	1.73205	0	0	0	0	1
20.24	2	1.41421	0	0	0	0	1
20.25	1	1	0	0	0	0	1
20.27	1	1	0	0	0	0	1
20.28	3	1.73205	0	0	0	0	1
20.3	2	1.41421	0	0	0	0	1
20.32	1	1	0	0	0	0	1
20.33	0	1	0	0	0	0	1
20.35	2	1.41421	0	0	0	0	1
20.36	2	1.41421	0	0	0	0	1
20.38	2	1.41421	0	0	0	0	1
20.39	1	1	0	0	0	0	1
20.41	1	1	0	0	0	0	1
20.43	2	1.41421	0	0	0	0	1
20.44	1	1	0	0	0	0	1
20.46	0	1	0	0	0	0	1
20.47	0	1	0	0	0	0	1
20.49	1	1	0	0	0	0	1
20.51	2	1.41421	0	0	0	0	1
20.52	1	1	0	0	0	0	1
20.54	0	1	0	0	0	0	1
20.55	2	1.41421	0	0	0	0	1
20.57	0	1	0	0	0	0	1
20.58	1	1	0	0	0	0	1
20.6	2	1.41421	0	0	0	0	1
20.62	3	1.73205	0	0	0	0	1
20.63	3	1.73205	0	0	0	0	1
20.65	0	1	0	0	0	0	1
20.66	0	1	0	0	0	0	1
20.68	1	1	0	0	0	0	1
20.7	1	1	0	0	0	0	1
20.71	1	1	0	0	0	0	1
20.73	2	1.41421	0	0	0	0	1
20.74	1	1	0	0	0	0	1
20.76	0	1	0	0	0	0	1
20.77	1	1	0	0	0	0	1
20.79	4	2	0	0	0	0	1
20.81	3	1.73205	0	0	0	0	1
20.82	3	1.73205	0	0	0	0	1
20.84	2	1.41421	0	0	0	0	1
20.85	2	1.41421	0	0	0	0	1
20.87	3	1.73205	0	0	0	0	1
20.89	0	1	0	0	0	0	1
20.9	1	1	0	0	0	0	1
20.92	0	1	0	0	0	0	1
20.93	2	1.41421	0	0	0	0	1
20.95	3	1.73205	0	0	0	0	1
20.96	4	2	0	0	0	0	1
20.98	2	1.41421	0	0	0	0	1
21	3	1.73205	0	0	0	0	1
21.01	5	2.23607	0	0	0	0	1
21.03	3	1.73205	0	0	0	0	1
21.04	2	1.41421	0	0	0	0	1
21.06	1	1	0	0	0	0	1
21.08	0	1	0	0	0	0	1
21.09	1	1	0	0	0	0	1
21.11	0	1	0	0	0	0	1
21.12	2	1.41421	0	0	0	0	1
21.14	3	1.73205	0	0	0	0	1
21.15	2	1.41421	0	0	0	0	1
21.17	1	1	0	0	0	0	1
21.19	7	2.64575	0	0	0	0	1
21.2	1	1	0	0	0	0	1
21.22	1	1	0	0	0	0	1
21.23	2	1.41421	0	0	0	0	1
21.25	4	2	0	0	0	0	1
21.26	2	1.41421	0	0	0	0	1
21.28	3	1.73205	0	0	0	0	1
21.3	1	1	0	0	0	0	1
21.31	0	1	0	0	0	0	1
21.33	0	1	0	0	0	0	1
21.34	2	1.41421	0	0	0	0	1
21.36	0	1	0	0	0	0	1
21.38	2	1.41421	0	0	0	0	1
21.39	1	1	0	0	0	0	1
21.41	0	1	0	0	0	0	1
21.42	1	1	0	0	0	0	1
21.44	4	2	0	0	0	0	1
21.45	1	1	0	0	0	0	1
21.47	4	2	0	0	0	0	1
21.49	1	1	0	0	0	0	1
21.5	1	1	0	0	0	0	1
21.52	1	1	0	0	0	0	1
21.53	2	1.41421	0	0	0	0	1
21.55	2	1.41421	0	0	0	0	1
21.57	1	1	0	0	0	0	1
21.58	1	1	0	0	0	0	1
21.6	1	1	0	0	0	0	1
21.61	3	1.73205	0	0	0	0	1
21.63	2	1.41421	0	0	0	0	1
21.64	0	1	0	0	0	0	1
21.66	1	1	0	0	0	0	1
21.68	1	1	0	0	0	0	1
21.69	2	1.41421	0	0	0	0	1
21.71	2	1.41421	0	0	0	0	1
21.72	2	1.41421	0	0	0	0	1
21.74	2	1.41421	0	0	0	0	1
21.76	2	1.41421	0	0	0	0	1
21.77	3	1.73205	0	0	0	0	1
21.79	0	1	0	0	0	0	1
21.8	1	1	0	0	0	0	1
21.82	0	1	0	0	0	0	1
21.83	0	1	0	0	0	0	1
21.85	1	1	0	0	0	0	1
21.87	2	1.41421	0	0	0	0	1
21.88	1	1	0	0	0	0	1
21.9	4	2	0	0	0	0	1
21.91	1	1	0	0	0	0	1
21.93	5	2.23607	0	0	0	0	1
21.95	1	1	0	0	0	0	1
21.96	2	1.41421	0	0	0	0	1
21.98	7	2.64575	0	0	0	0	1
21.99	2	1.41421	0	0	0	0	1
22.01	0	1	0	0	0	0	1
22.02	2	1.41421	0	0	0	0	1
22.04	1	1	0	0	0	0	1
22.06	2	1.41421	0	0	0	0	1
22.07	5	2.23607	0	0	0	0	1
22.09	0	1	0	0	0	0	1
22.1	0	1	0	0	0	0	1
22.12	3	1.73205	0	0	0	0	1
22.14	0	1	0	0	0	0	1
22.15	2	1.41421	0	0	0	0	1
22.17	1	1	0	0	0	0	1
22.18	0	1	0	0	0	0	1
22.2	1	1	0	0	0	0	1
22.21	1	1	0	0	0	0	1
22.23	2	1.41421	0	0	0	0	1
22.25	1	1	0	0	0	0	1
22.26	1	1	0	0	0	0	1
22.28	2	1.41421	0	0	0	0	1
22.29	2	1.41421	0	0	0	0	1
22.31	1	1	0	0	0	0	1
22.32	0	1	0	0	0	0	1
22.34	1	1	0	0	0	0	1
22.36	2	1.41421	0	0	0	0	1
22.37	1	1	0	0	0	0	1
22.39	0	1	0	0	0	0	1
22.4	2	1.41421	0	0	0	0	1
22.42	0	1	0	0	0	0	1
22.44	0	1	0	0	0	0	1
22.45	1	1	0	0	0	0	1
22.47	1	1	0	0	0	0	1
22.48	1	1	0	0	0	0	1
22.5	2	1.41421	0	0	0	0	1
22.51	0	1	0	0	0	0	1
22.53	3	1.73205	0	0	0	0	1
22.55	2	1.41421	0	0	0	0	1
22.56	2	1.41421	0	0	0	0	1
22.58	1	1	0	0	0	0	1
22.59	2	1.41421	0	0	0	0	1
22.61	1	1	0	0	0	0	1
22.63	0	1	0	0	0	0	1
22.64	0	1	0	0	0	0	1
22.66	2	1.41421	0	0	0	0	1
22.67	2	1.41421	0	0	0	0	1
22.69	1	1	0	0	0	0	1
22.7	0	1	0	0	0	0	1
22.72	1	1	0	0	0	0	1
22.74	0	1	0	0	0	0	1
22.75	0	1	0	0	0	0	1
22.77	2	1.41421	0	0	0	0	1
22.78	1	1	0	0	0	0	1
22.8	0	1	0	0	0	0	1
22.82	2	1.41421	0	0	0	0	1
22.83	1	1	0	0	0	0	1
22.85	0	1	0	0	0	0	1
22.86	2	1.41421	0	0	0	0	1
22.88	2	1.41421	0	0	0	0	1
22.89	0	1	0	0	0	0	1
22.91	0	1	0	0	0	0	1
22.93	1	1	0	0	0	0	1
22.94	0	1	0	0	0	0	1
22.96	1	1	0	0	0	0	1
22.97	0	1	0	0	0	0	1
22.99	1	1	0	0	0	0	1
23.01	0	1	0	0	0	0	1
23.02	0	1	0	0	0	0	1
23.04	2	1.41421	0	0	0	0	1
23.05	0	1	0	0	0	0	1
23.07	1	1	0	0	0	0	1
23.08	2	1.41421	0	0	0	0	1
23.1	1	1	0	0	0	0	1
23.12	1	1	0	0	0	0	1
23.13	0	1	0	0	0	0	1
23.15	0	1	0	0	0	0	1
23.16	0	1	0	0	0	0	1
23.18	2	1.41421	0	0	0	0	1
23.2	3	1.73205	0	0	0	0	1
23.21	0	1	0	0	0	0	1
23.23	1	1	0	0	0	0	1
23.24	1	1	0	0	0	0	1
23.26	2	1.41421	0	0	0	0	1
23.27	2	1.41421	0	0	0	0	1
23.29	1	1	0	0	0	0	1
23.31	0	1	0	0	0	0	1
23.32	1	1	0	0	0	0	1
23.34	0	1	0	0	0	0	1
23.35	2	1.41421	0	0	0	0	1
23.37	1	1	0	0	0	0	1
23.38	0	1	0	0	0	0	1
23.4	0	1	0	0	0	0	1
23.42	2	1.41421	0	0	0	0	1
23.43	0	1	0	0	0	0	1
23.45	1	1	0	0	0	0	1
23.46	1	1	0	0	0	0	1
23.48	2	1.41421	0	0	0	0	1
23.5	0	1	0	0	0	0	1
23.51	1	1	0	0	0	0	1
23.53	2	1.41421	0	0	0	0	1
23.54	0	1	0	0	0	0	1
23.56	0	1	0	0	0	0	1
23.57	0	1	0	0	0	0	1
23.59	1	1	0	0	0	0	1
23.61	2	1.41421	0	0	0	0	1
23.62	0	1	0	0	0	0	1
23.64	1	1	0	0	0	0	1
23.65	0	1	0	0	0	0	1
23.67	0	1	0	0	0	0	1
23.69	0	1	0	0	0	0	1
23.7	0	1	0	0	0	0	1
23.72	1	1	0	0	0	0	1
23.73	0	1	0	0	0	0	1
23.75	0	1	0	0	0	0	1
23.76	1	1	0	0	0	0	1
23.78	1	1	0	0	0	0	1
23.8	1	1	0	0	0	0	1
23.81	0	1	0	0	0	0	1
23.83	0	1	0	0	0	0	1
23.84	0	1	0	0	0	0	1
23.86	0	1	0	0	0	0	1
23.88	1	1	0	0	0	0	1
23.89	1	1	0	0	0	0	1
23.91	1	1	0	0	0	0	1
23.92	1	1	0	0	0	0	1
23.94	0	1	0	0	0	0	1
23.95	0	1	0	0	0	0	1
23.97	2	1.41421	0	0	0	0	1
23.99	1	1	0	0	0	0	1
24	0	1	0	0	0	0	1
24.02	0	1	0	0	0	0	1
24.03	1	1	0	0	0	0	1
24.05	0	1	0	0	0	0	1
24.07	1	1	0	0	0	0	1
24.08	1	1	0	0	0	0	1
24.1	1	1	0	0	0	0	1
24.11	0	1	0	0	0	0	1
24.13	1	1	0	0	0	0	1
24.14	1	1	0	0	0	0	1
24.16	1	1	0	0	0	0	1
24.18	0	1	0	0	0	0	1
24.19	2	1.41421	0	0	0	0	1
24.21	0	1	0	0	0	0	1
24.22	1	1	0	0	0	0	1
24.24	0	1	0	0	0	0	1
24.26	2	1.41421	0	0	0	0	1
24.27	2	1.41421	0	0	0	0	1
24.29	1	1	0	0	0	0	1
24.3	0	1	0	0	0	0	1
24.32	1	1	0	0	0	0	1
24.33	0	1	0	0	0	0	1
24.35	2	1.41421	0	0	0	0	1
24.37	0	1	0	0	0	0	1
24.38	1	1	0	0	0	0	1
24.4	1	1	0	0	0	0	1
24.41	0	1	0	0	0	0	1
24.43	0	1	0	0	0	0	1
24.45	2	1.41421	0	0	0	0	1
24.46	1	1	0	0	0	0	1
24.48	3	1.73205	0	0	0	0	1
24.49	0	1	0	0	0	0	1
24.51	4	2	0	0	0	0	1
24.52	0	1	0	0	0	0	1
24.54	2	1.41421	0	0	0	0	1
24.56	1	1	0	0	0	0	1
24.57	1	1	0	0	0	0	1
24.59	0	1	0	0	0	0	1
24.6	2	1.41421	0	0	0	0	1
24.62	0	1	0	0	0	0	1
24.63	1	1	0	0	0	0	1
24.65	2	1.41421	0	0	0	0	1
24.67	0	1	0	0	0	0	1
24.68	0	1	0	0	0	0	1
24.7	0	1	0	0	0	0	1
24.71	0	1	0	0	0	0	1
24.73	0	1	0	0	0	0	1
24.75	0	1	0	0	0	0	1
24.76	2	1.41421	0	0	0	0	1
24.78	0	1	0	0	0	0	1
24.79	0	1	0	0	0	0	1
24.81	1	1	0	0	0	0	1
24.82	1	1	0	0	0	0	1
24.84	0	1	0	0	0	0	1
24.86	1	1	0	0	0	0	1
24.87	1	1	0	0	0	0	1
24.89	1	1	0	0	0	0	1
24.9	1	1	0	0	0	0	1
24.92	0	1	0	0	0	0	1
24.94	1	1	0	0	0	0	1
24.95	0	1	0	0	0	0	1
24.97	0	1	0	0	0	0	1
24.98	0	1	0	0	0	0	1
25	0	1	0	0	0	0	1
25.01	1	1	0	0	0	0	1
25.03	0	1	0	0	0	0	1
25.05	0	1	0	0	0	0	1
25.06	0	1	0	0	0	0	1
25.08	0	1	0	0	0	0	1
25.09	1	1	0	0	0	0	1
25.11	1	1	0	0	0	0	1
25.13	0	1	0	0	0	0	1
25.14	0	1	0	0	0	0	1
25.16	0	1	0	0	0	0	1
25.17	1	1	0	0	0	0	1
25.19	0	1	0	0	0	0	1
25.2	1	1	0	0	0	0	1
25.22	0	1	0	0	0	0	1
25.24	0	1	0	0	0	0	1
25.25	1	1	0	0	0	0	1
25.27	0	1	0	0	0	0	1
25.28	1	1	0	0	0	0	1
25.3	1	1	0	0	0	0	1
25.32	0	1	0	0	0	0	1
25.33	0	1	0	0	0	0	1
25.35	0	1	0	0	0	0	1
25.36	0	1	0	0	0	0	1
25.38	0	1	0	0	0	0	1
25.39	2	1.41421	0	0	0	0	1
25.41	1	1	0	0	0	0	1
25.43	0	1	0	0	0	0	1
25.44	0	1	0	0	0	0	1
25.46	0	1	0	0	0	0	1
25.47	0	1	0	0	0	0	1
25.49	0	1	0	0	0	0	1
25.51	0	1	0	0	0	0	1
25.52	2	1.41421	0	0	0	0	1
25.54	0	1	0	0	0	0	1
25.55	0	1	0	0	0	0	1
25.57	1	1	0	0	0	0	1
25.58	1	1	0	0	0	0	1
25.6	2	1.41421	0	0	0	0	1
25.62	0	1	0	0	0	0	1
25.63	0	1	0	0	0	0	1
25.65	2	1.41421	0	0	0	0	1
25.66	0	1	0	0	0	0	1
25.68	0	1	0	0	0	0	1
25.69	0	1	0	0	0	0	1
25.71	3	1.73205	0	0	0	0	1
25.73	0	1	0	0	0	0	1
25.74	2	1.41421	0	0	0	0	1
25.76	1	1	0	0	0	0	1
25.77	0	1	0	0	0	0	1
25.79	1	1	0	0	0	0	1
25.81	0	1	0	0	0	0	1
25.82	0	1	0	0	0	0	1
25.84	0	1	0	0	0	0	1
25.85	0	1	0	0	0	0	1
25.87	1	1	0	0	0	0	1
25.88	0	1	0	0	0	0	1
25.9	1	1	0	0	0	0	1
25.92	1	1	0	0	0	0	1
25.93	1	1	0	0	0	0	1
25.95	0	1	0	0	0	0	1
25.96	0	1	0	0	0	0	1
25.98	1	1	0	0	0	0	1
26	0	1	0	0	0	0	1
26.01	0	1	0	0	0	0	1
26.03	0	1	0	0	0	0	1
26.04	3	1.73205	0	0	0	0	1
26.06	1	1	0	0	0	0	1
26.07	0	1	0	0	0	0	1
26.09	0	1	0	0	0	0	1
26.11	0	1	0	0	0	0	1
26.12	1	1	0	0	0	0	1
26.14	0	1	0	0	0	0	1
26.15	1	1	0	0	0	0	1
26.17	0	1	0	0	0	0	1
26.19	1	1	0	0	0	0	1
26.2	2	1.41421	0	0	0	0	1
26.22	0	1	0	0	0	0	1
26.23	0	1	0	0	0	0	1
26.25	1	1	0	0	0	0	1
26.26	0	1	0	0	0	0	1
26.28	0	1	0	0	0	0	1
26.3	0	1	0	0	0	0	1
26.31	0	1	0	0	0	0	1
26.33	0	1	0	0	0	0	1
26.34	1	1	0	0	0	0	1
26.36	2	1.41421	0	0	0	0	1
26.38	2	1.41421	0	0	0	0	1
26.39	1	1	0	0	0	0	1
26.41	0	1	0	0	0	0	1
26.42	0	1	0	0	0	0	1
26.44	1	1	0	0	0	0	1
26.45	2	1.41421	0	0	0	0	1
26.47	0	1	0	0	0	0	1
26.49	0	1	0	0	0	0	1
26.5	0	1	0	0	0	0	1
26.52	0	1	0	0	0	0	1
26.53	0	1	0	0	0	0	1
26.55	0	1	0	0	0	0	1
26.57	0	1	0	0	0	0	1
26.58	0	1	0	0	0	0	1
26.6	0	1	0	0	0	0	1
26.61	0	1	0	0	0	0	1
26.63	0	1	0	0	0	0	1
26.64	0	1	0	0	0	0	1
26.66	2	1.41421	0	0	0	0	1
26.68	1	1	0	0	0	0	1
26.69	1	1	0	0	0	0	1
26.71	3	1.73205	0	0	0	0	1
26.72	0	1	0	0	0	0	1
26.74	0	1	0	0	0	0	1
26.75	2	1.41421	0	0	0	0	1
26.77	0	1	0	0	0	0	1
26.79	0	1	0	0	0	0	1
26.8	0	1	0	0	0	0	1
26.82	1	1	0	0	0	0	1
26.83	0	1	0	0	0	0	1
26.85	0	1	0	0	0	0	1
26.87	0	1	0	0	0	0	1
26.88	0	1	0	0	0	0	1
26.9	0	1	0	0	0	0	1
26.91	0	1	0	0	0	0	1
26.93	0	1	0	0	0	0	1
26.94	0	1	0	0	0	0	1
26.96	0	1	0	0	0	0	1
26.98	0	1	0	0	0	0	1
26.99	0	1	0	0	0	0	1
27.01	1	1	0	0	0	0	1
27.02	1	1	0	0	0	0	1
27.04	1	1	0	0	0	0	1
27.06	0	1	0	0	0	0	1
27.07	0	1	0	0	0	0	1
27.09	0	1	0	0	0	0	1
27.1	0	1	0	0	0	0	1
27.12	0	1	0	0	0	0	1
27.13	1	1	0	0	0	0	1
27.15	0	1	0	0	0	0	1
27.17	0	1	0	0	0	0	1
27.18	1	1	0	0	0	0	1
27.2	1	1	0	0	0	0	1
27.21	0	1	0	0	0	0	1
27.23	0	1	0	0	0	0	1
27.25	1	1	0	0	0	0	1
27.26	0	1	0	0	0	0	1
27.28	0	1	0	0	0	0	1
27.29	0	1	0	0	0	0	1
27.31	0	1	0	0	0	0	1
27.32	0	1	0	0	0	0	1
27.34	1	1	0	0	0	0	1
27.36	2	1.41421	0	0	0	0	1
27.37	0	1	0	0	0	0	1
27.39	0	1	0	0	0	0	1
27.4	1	1	0	0	0	0	1
27.42	0	1	0	0	0	0	1
27.44	2	1.41421	0	0	0	0	1
27.45	0	1	0	0	0	0	1
27.47	1	1	0	0	0	0	1
27.48	0	1	0	0	0	0	1
27.5	0	1	0	0	0	0	1
27.51	0	1	0	0	0	0	1
27.53	0	1	0	0	0	0	1
27.55	1	1	0	0	0	0	1
27.56	0	1	0	0	0	0	1
27.58	0	1	0	0	0	0	1
27.59	0	1	0	0	0	0	1
27.61	0	1	0	0	0	0	1
27.63	0	1	0	0	0	0	1
27.64	0	1	0	0	0	0	1
27.66	0	1	0	0	0	0	1
27.67	1	1	0	0	0	0	1
27.69	0	1	0	0	0	0	1
27.7	1	1	0	0	0	0	1
27.72	1	1	0	0	0	0	1
27.74	0	1	0	0	0	0	1
27.75	0	1	0	0	0	0	1
27.77	1	1	0	0	0	0	1
27.78	0	1	0	0	0	0	1
27.8	1	1	0	0	0	0	1
27.81	0	1	0	0	0	0	1
27.83	0	1	0	0	0	0	1
27.85	0	1	0	0	0	0	1
27.86	1	1	0	0	0	0	1
27.88	1	1	0	0	0	0	1
27.89	0	1	0	0	0	0	1
27.91	2	1.41421	0	0	0	0	1
27.93	0	1	0	0	0	0	1
27.94	1	1	0	0	0	0	1
27.96	0	1	0	0	0	0	1
27.97	0	1	0	0	0	0	1
27.99	0	1	0	0	0	0	1
28	0	1	0	0	0	0	1
28.02	1	1	0	0	0	0	1
28.04	0	1	0	0	0	0	1
28.05	0	1	0	0	0	0	1
28.07	1	1	0	0	0	0	1
28.08	0	1	0	0	0	0	1
28.1	0	1	0	0	0	0	1
28.12	0	1	0	0	0	0	1
28.13	0	1	0	0	0	0	1
28.15	0	1	0	0	0	0	1
28.16	0	1	0	0	0	0	1
28.18	0	1	0	0	0	0	1
28.19	0	1	0	0	0	0	1
28.21	0	1	0	0	0	0	1
28.23	0	1	0	0	0	0	1
28.24	0	1	0	0	0	0	1
28.26	0	1	0	0	0	0	1
28.27	0	1	0	0	0	0	1
28.29	0	1	0	0	0	0	1
28.31	0	1	0	0	0	0	1
28.32	0	1	0	0	0	0	1
28.34	1	1	0	0	0	0	1
28.35	0	1	0	0	0	0	1
28.37	2	1.41421	0	0	0	0	1
28.38	2	1.41421	0	0	0	0	1
28.4	0	1	0	0	0	0	1
28.42	0	1	0	0	0	0	1
28.43	0	1	0	0	0	0	1
28.45	0	1	0	0	0	0	1
28.46	0	1	0	0	0	0	1
28.48	0	1	0	0	0	0	1
28.5	0	1	0	0	0	0	1
28.51	0	1	0	0	0	0	1
28.53	0	1	0	0	0	0	1
28.54	0	1	0	0	0	0	1
28.56	0	1	0	0	0	0	1
28.57	1	1	0	0	0	0	1
28.59	0	1	0	0	0	0	1
28.61	0	1	0	0	0	0	1
28.62	0	1	0	0	0	0	1
28.64	0	1	0	0	0	0	1
28.65	0	1	0	0	0	0	1
28.67	1	1	0	0	0	0	1
28.69	0	1	0	0	0	0	1
28.7	1	1	0	0	0	0	1
28.72	0	1	0	0	0	0	1
28.73	1	1	0	0	0	0	1
28.75	0	1	0	0	0	0	1
28.76	0	1	0	0	0	0	1
28.78	0	1	0	0	0	0	1
28.8	0	1	0	0	0	0	1
28.81	0	1	0	0	0	0	1
28.83	0	1	0	0	0	0	1
28.84	0	1	0	0	0	0	1
28.86	0	1	0	0	0	0	1
28.88	0	1	0	0	0	0	1
28.89	0	1	0	0	0	0	1
28.91	0	1	0	0	0	0	1
28.92	0	1	0	0	0	0	1
28.94	0	1	0	0	0	0	1
28.95	0	1	0	0	0	0	1
28.97	0	1	0	0	0	0	1
28.99	1	1	0	0	0	0	1
29	0	1	0	0	0	0	1
29.02	0	1	0	0	0	0	1
29.03	0	1	0	0	0	0	1
29.05	0	1	0	0	0	0	1
29.06	0	1	0	0	0	0	1
29.08	0	1	0	0	0	0	1
29.1	0	1	0	0	0	0	1
29.11	0	1	0	0	0	0	1
29.13	0	1	0	0	0	0	1
29.14	0	1	0	0	0	0	1
29.16	0	1	0	0	0	0	1
29.18	0	1	0	0	0	0	1
29.19	0	1	0	0	0	0	1
29.21	0	1	0	0	0	0	1
29.22	0	1	0	0	0	0	1
29.24	0	1	0	0	0	0	1
29.25	0	1	0	0	0	0	1
29.27	0	1	0	0	0	0	1
29.29	0	1	0	0	0	0	1
29.3	0	1	0	0	0	0	1
29.32	1	1	0	0	0	0	1
29.33	0	1	0	0	0	0	1
29.35	0	1	0	0	0	0	1
29.37	0	1	0	0	0	0	1
29.38	0	1	0	0	0	0	1
29.4	0	1	0	0	0	0	1
29.41	0	1	0	0	0	0	1
29.43	0	1	0	0	0	0	1
29.44	0	1	0	0	0	0	1
29.46	0	1	0	0	0	0	1
29.48	0	1	0	0	0	0	1
29.49	0	1	0	0	0	0	1
29.51	0	1	0	0	0	0	1
29.52	0	1	0	0	0	0	1
29.54	0	1	0	0	0	0	1
29.56	1	1	0	0	0	0	1
29.57	0	1	0	0	0	0	1
29.59	0	1	0	0	0	0	1
29.6	0	1	0	0	0	0	1
29.62	0	1	0	0	0	0	1
29.63	1	1	0	0	0	0	1
29.65	0	1	0	0	0	0	1
29.67	0	1	0	0	0	0	1
29.68	0	1	0	0	0	0	1
29.7	1	1	0	0	0	0	1
29.71	0	1	0	0	0	0	1
29.73	0	1	0	0	0	0	1
29.75	0	1	0	0	0	0	1
29.76	0	1	0	0	0	0	1
29.78	0	1	0	0	0	0	1
29.79	0	1	0	0	0	0	1
29.81	0	1	0	0	0	0	1
29.82	0	1	0	0	0	0	1
29.84	0	1	0	0	0	0	1
29.86	0	1	0	0	0	0	1
29.87	0	1	0	0	0	0	1
29.89	0	1	0	0	0	0	1
29.9	0	1	0	0	0	0	1
29.92	1	1	0	0	0	0	1
29.94	0	1	0	0	0	0	1
29.95	0	1	0	0	0	0	1
29.97	1	1	0	0	0	0	1
29.98	0	1	0	0	0	0	1
30	0	1	0	0	0	0	1
30.01	0	1	0	0	0	0	1
30.03	0	1	0	0	0	0	1
30.05	0	1	0	0	0	0	1
30.06	0	1	0	0	0	0	1
30.08	0	1	0	0	0	0	1
30.09	0	1	0	0	0	0	1
30.11	0	1	0	0	0	0	1
30.12	0	1	0	0	0	0	1
30.14	0	1	0	0	0	0	1
30.16	0	1	0	0	0	0	1
30.17	1	1	0	0	0	0	1
30.19	0	1	0	0	0	0	1
30.2	1	1	0	0	0	0	1
30.22	0	1	0	0	0	0	1
30.24	0	1	0	0	0	0	1
30.25	0	1	0	0	0	0	1
30.27	0	1	0	0	0	0	1
30.28	0	1	0	0	0	0	1
30.3	0	1	0	0	0	0	1
30.31	0	1	0	0	0	0	1
30.33	1	1	0	0	0	0	1
30.35	0	1	0	0	0	0	1
30.36	0	1	0	0	0	0	1
30.38	0	1	0	0	0	0	1
30.39	0	1	0	0	0	0	1
30.41	0	1	0	0	0	0	1
30.43	0	1	0	0	0	0	1
30.44	0	1	0	0	0	0	1
30.46	0	1	0	0	0	0	1
30.47	0	1	0	0	0	0	1
30.49	0	1	0	0	0	0	1
30.5	0	1	0	0	0	0	1
30.52	0	1	0	0	0	0	1
30.54	0	1	0	0	0	0	1
30.55	0	1	0	0	0	0	1
30.57	0	1	0	0	0	0	1
30.58	0	1	0	0	0	0	1
30.6	0	1	0	0	0	0	1
30.62	0	1	0	0	0	0	1
30.63	0	1	0	0	0	0	1
30.65	0	1	0	0	0	0	1
30.66	0	1	0	0	0	0	1
30.68	0	1	0	0	0	0	1
30.69	1	1	0	0	0	0	1
30.71	0	1	0	0	0	0	1
30.73	0	1	0	0	0	0	1
30.74	0	1	0	0	0	0	1
30.76	1	1	0	0	0	0	1
30.77	0	1	0	0	0	0	1
30.79	0	1	0	0	0	0	1
30.81	0	1	0	0	0	0	1
30.82	1	1	0	0	0	0	1
30.84	0	1	0	0	0	0	1
30.85	0	1	0	0	0	0	1
30.87	0	1	0	0	0	0	1
30.88	0	1	0	0	0	0	1
30.9	0	1	0	0	0	0	1
30.92	0	1	0	0	0	0	1
30.93	0	1	0	0	0	0	1
30.95	0	1	0	0	0	0	1
30.96	0	1	0	0	0	0	1
30.98	1	1	0	0	0	0	1
31	0	1	0	0	0	0	1
31.01	0	1	0	0	0	0	1
31.03	0	1	0	0	0	0	1
31.04	0	1	0	0	0	0	1
31.06	0	1	0	0	0	0	1
31.07	0	1	0	0	0	0	1
31.09	0	1	0	0	0	0	1
31.11	0	1	0	0	0	0	1
31.12	0	1	0	0	0	0	1
31.14	0	1	0	0	0	0	1
31.15	0	1	0	0	0	0	1
31.17	0	1	0	0	0	0	1
31.18	0	1	0	0	0	0	1
31.2	0	1	0	0	0	0	1
31.22	0	1	0	0	0	0	1
31.23	0	1	0	0	0	0	1
31.25	0	1	0	0	0	0	1
31.26	0	1	0	0	0	0	1
31.28	0	1	0	0	0	0	1
31.3	0	1	0	0	0	0	1
31.31	0	1	0	0	0	0	1
31.33	0	1	0	0	0	0	1
31.34	0	1	0	0	0	0	1
31.36	0	1	0	0	0	0	1
31.37	0	1	0	0	0	0	1
31.39	0	1	0	0	0	0	1
31.41	0	1	0	0	0	0	1
31.42	1	1	0	0	0	0	1
31.44	0	1	0	0	0	0	1
31.45	1	1	0	0	0	0	1
31.47	0	1	0	0	0	0	1
31.49	0	1	0	0	0	0	1
31.5	0	1	0	0	0	0	1
31.52	0	1	0	0	0	0	1
31.53	0	1	0	0	0	0	1
31.55	0	1	0	0	0	0	1
31.56	0	1	0	0	0	0	1
31.58	0	1	0	0	0	0	1
31.6	0	1	0	0	0	0	1
31.61	0	1	0	0	0	0	1
31.63	0	1	0	0	0	0	1
31.64	1	1	0	0	0	0	1
31.66	0	1	0	0	0	0	1
31.68	0	1	0	0	0	0	1
31.69	0	1	0	0	0	0	1
31.71	0	1	0	0	0	0	1
31.72	0	1	0	0	0	0	1
31.74	0	1	0	0	0	0	1
31.75	0	1	0	0	0	0	1
31.77	0	1	0	0	0	0	1
31.79	0	1	0	0	0	0	1
31.8	0	1	0	0	0	0	1
31.82	0	1	0	0	0	0	1
31.83	0	1	0	0	0	0	1
31.85	0	1	0	0	0	0	1
31.87	0	1	0	0	0	0	1
31.88	0	1	0	0	0	0	1
31.9	0	1	0	0	0	0	1
31.91	0	1	0	0	0	0	1
31.93	0	1	0	0	0	0	1
31.94	0	1	0	0	0	0	1
31.96	0	1	0	0	0	0	1
31.98	0	1	0	0	0	0	1
31.99	0	1	0	0	0	0	1
32.01	0	1	0	0	0	0	1
32.02	0	1	0	0	0	0	1
32.04	1	1	0	0	0	0	1
32.06	0	1	0	0	0	0	1
32.07	0	1	0	0	0	0	1
32.09	0	1	0	0	0	0	1
32.1	0	1	0	0	0	0	1
32.12	0	1	0	0	0	0	1
32.13	0	1	0	0	0	0	1
32.15	0	1	0	0	0	0	1
32.17	0	1	0	0	0	0	1
32.18	0	1	0	0	0	0	1
32.2	0	1	0	0	0	0	1
32.21	0	1	0	0	0	0	1
32.23	0	1	0	0	0	0	1
32.24	0	1	0	0	0	0	1
32.26	0	1	0	0	0	0	1
32.28	0	1	0	0	0	0	1
32.29	0	1	0	0	0	0	1
32.31	0	1	0	0	0	0	1
32.32	0	1	0	0	0	0	1
32.34	0	1	0	0	0	0	1
32.36	0	1	0	0	0	0	1
32.37	0	1	0	0	0	0	1
32.39	0	1	0	0	0	0	1
32.4	0	1	0	0	0	0	1
32.42	0	1	0	0	0	0	1
32.43	-1	1	0	0	0	0	1
