Energy	Impulses
E/keV	Impulses/#

0.79	0
0.81	0
0.82	0
0.84	0
0.86	0
0.87	0
0.89	0
0.90	0
0.92	0
0.93	0
0.95	0
0.97	0
0.98	0
1.00	0
1.01	0
1.03	0
1.05	0
1.06	0
1.08	0
1.09	0
1.11	0
1.12	0
1.14	2
1.16	2
1.17	0
1.19	5
1.20	2
1.22	7
1.24	14
1.25	14
1.27	19
1.28	30
1.30	19
1.31	19
1.33	20
1.35	25
1.36	37
1.38	20
1.39	26
1.41	25
1.42	14
1.44	21
1.46	14
1.47	25
1.49	24
1.50	12
1.52	18
1.54	20
1.55	17
1.57	20
1.58	15
1.60	19
1.61	9
1.63	15
1.65	9
1.66	19
1.68	12
1.69	17
1.71	14
1.73	17
1.74	15
1.76	17
1.77	16
1.79	17
1.80	9
1.82	12
1.84	19
1.85	16
1.87	13
1.88	10
1.90	20
1.92	14
1.93	15
1.95	13
1.96	17
1.98	23
1.99	20
2.01	23
2.03	22
2.04	23
2.06	21
2.07	26
2.09	19
2.11	35
2.12	18
2.14	30
2.15	33
2.17	34
2.18	33
2.20	31
2.22	40
2.23	36
2.25	37
2.26	48
2.28	44
2.30	43
2.31	33
2.33	57
2.34	51
2.36	45
2.37	26
2.39	43
2.41	48
2.42	52
2.44	45
2.45	30
2.47	38
2.48	34
2.50	42
2.52	39
2.53	42
2.55	60
2.56	31
2.58	34
2.60	44
2.61	39
2.63	28
2.64	40
2.66	27
2.67	37
2.69	25
2.71	40
2.72	29
2.74	34
2.75	35
2.77	28
2.79	26
2.80	42
2.82	23
2.83	34
2.85	27
2.86	30
2.88	24
2.90	30
2.91	20
2.93	27
2.94	14
2.96	31
2.98	19
2.99	23
3.01	10
3.02	27
3.04	12
3.05	25
3.07	16
3.09	19
3.10	14
3.12	11
3.13	20
3.15	14
3.17	22
3.18	15
3.20	14
3.21	18
3.23	19
3.24	19
3.26	16
3.28	18
3.29	21
3.31	16
3.32	9
3.34	20
3.36	18
3.37	18
3.39	20
3.40	16
3.42	17
3.43	23
3.45	15
3.47	20
3.48	19
3.50	10
3.51	21
3.53	21
3.54	11
3.56	20
3.58	13
3.59	20
3.61	13
3.62	17
3.64	18
3.66	12
3.67	16
3.69	21
3.70	29
3.72	17
3.73	26
3.75	31
3.77	37
3.78	25
3.80	40
3.81	37
3.83	36
3.85	44
3.86	49
3.88	65
3.89	51
3.91	68
3.92	70
3.94	78
3.96	89
3.97	105
3.99	127
4.00	130
4.02	146
4.04	163
4.05	213
4.07	251
4.08	221
4.10	294
4.11	266
4.13	370
4.15	359
4.16	384
4.18	491
4.19	460
4.21	546
4.23	614
4.24	619
4.26	639
4.27	703
4.29	763
4.30	795
4.32	958
4.34	787
4.35	957
4.37	958
4.38	1093
4.40	1059
4.42	1140
4.43	1158
4.45	1208
4.46	1135
4.48	1181
4.49	1205
4.51	1177
4.53	1192
4.54	1202
4.56	1219
4.57	1305
4.59	1085
4.60	1108
4.62	1126
4.64	1113
4.65	1093
4.67	967
4.68	1054
4.70	911
4.72	753
4.73	833
4.75	718
4.76	807
4.78	672
4.79	632
4.81	618
4.83	733
4.84	452
4.86	477
4.87	493
4.89	420
4.91	376
4.92	382
4.94	379
4.95	329
4.97	288
4.98	298
5.00	230
5.02	237
5.03	227
5.05	216
5.06	192
5.08	189
5.10	174
5.11	151
5.13	159
5.14	126
5.16	129
5.17	129
5.19	93
5.21	92
5.22	85
5.24	77
5.25	52
5.27	55
5.29	47
5.30	35
5.32	44
5.33	41
5.35	35
5.36	20
5.38	17
5.40	21
5.41	17
5.43	14
5.44	13
5.46	10
5.48	10
5.49	8
5.51	1
5.52	5
5.54	6
5.55	2
5.57	3
5.59	0
5.60	2
5.62	0
5.63	2
5.65	2
5.67	1
5.68	2
5.70	0
5.71	2
5.73	0
5.74	0
5.76	4
5.78	2
5.79	0
5.81	3
5.82	2
5.84	5
5.85	2
5.87	3
5.89	2
5.90	5
5.92	0
5.93	0
5.95	6
5.97	3
5.98	5
6.00	5
6.01	11
6.03	7
6.04	5
6.06	8
6.08	15
6.09	3
6.11	6
6.12	9
6.14	7
6.16	12
6.17	5
6.19	6
6.20	9
6.22	17
6.23	8
6.25	13
6.27	11
6.28	14
6.30	8
6.31	14
6.33	15
6.35	19
6.36	21
6.38	14
6.39	19
6.41	19
6.42	11
6.44	14
6.46	21
6.47	11
6.49	3
6.50	11
6.52	7
6.54	15
6.55	10
6.57	15
6.58	8
6.60	11
6.61	11
6.63	8
6.65	11
6.66	6
6.68	6
6.69	3
6.71	13
6.73	4
6.74	8
6.76	5
6.77	3
6.79	6
6.80	8
6.82	2
6.84	4
6.85	5
6.87	4
6.88	5
6.90	2
6.91	1
6.93	3
6.95	2
6.96	8
6.98	2
6.99	0
7.01	6
7.03	3
7.04	5
7.06	4
7.07	7
7.09	0
7.10	2
7.12	6
7.14	5
7.15	4
7.17	3
7.18	2
7.20	4
7.22	0
7.23	6
7.25	2
7.26	5
7.28	1
7.29	1
7.31	2
7.33	0
7.34	0
7.36	0
7.37	2
7.39	3
7.41	2
7.42	2
7.44	1
7.45	4
7.47	2
7.48	3
7.50	1
7.52	4
7.53	2
7.55	2
7.56	2
7.58	3
7.60	3
7.61	2
7.63	6
7.64	3
7.66	4
7.67	5
7.69	4
7.71	1
7.72	4
7.74	3
7.75	1
7.77	8
7.79	3
7.80	1
7.82	2
7.83	2
7.85	6
7.86	2
7.88	1
7.90	7
7.91	5
7.93	7
7.94	3
7.96	3
7.97	3
7.99	8
8.01	5
8.02	5
8.04	2
8.05	3
8.07	9
8.09	7
8.10	1
8.12	6
8.13	4
8.15	1
8.16	8
8.18	5
8.20	2
8.21	3
8.23	2
8.24	2
8.26	1
8.28	2
8.29	3
8.31	4
8.32	2
8.34	3
8.35	2
8.37	1
8.39	1
8.40	1
8.42	2
8.43	3
8.45	2
8.47	1
8.48	1
8.50	4
8.51	1
8.53	1
8.54	1
8.56	2
8.58	1
8.59	1
8.61	1
8.62	3
8.64	5
8.66	2
8.67	3
8.69	3
8.70	4
8.72	5
8.73	2
8.75	1
8.77	3
8.78	4
8.80	3
8.81	2
8.83	3
8.85	4
8.86	6
8.88	3
8.89	1
8.91	1
8.92	3
8.94	3
8.96	1
8.97	1
8.99	5
9.00	5
9.02	2
9.03	4
9.05	3
9.07	3
9.08	2
9.10	4
9.11	2
9.13	3
9.15	3
9.16	2
9.18	6
9.19	2
9.21	5
9.22	5
9.24	4
9.26	5
9.27	1
9.29	3
9.30	1
9.32	2
9.34	5
9.35	1
9.37	3
9.38	4
9.40	3
9.41	4
9.43	3
9.45	1
9.46	4
9.48	4
9.49	7
9.51	5
9.53	3
9.54	2
9.56	3
9.57	4
9.59	3
9.60	4
9.62	5
9.64	3
9.65	7
9.67	4
9.68	6
9.70	1
9.72	3
9.73	3
9.75	5
9.76	2
9.78	3
9.79	2
9.81	8
9.83	8
9.84	5
9.86	2
9.87	3
9.89	5
9.91	0
9.92	3
9.94	5
9.95	4
9.97	3
9.98	2
10.00	5
10.02	2
10.03	3
10.05	2
10.06	4
10.08	2
10.10	0
10.11	3
10.13	3
10.14	2
10.16	2
10.17	0
10.19	3
10.21	8
10.22	3
10.24	1
10.25	5
10.27	1
10.28	3
10.30	3
10.32	3
10.33	4
10.35	0
10.36	5
10.38	1
10.40	0
10.41	2
10.43	2
10.44	0
10.46	2
10.47	1
10.49	4
10.51	5
10.52	3
10.54	1
10.55	6
10.57	0
10.59	3
10.60	5
10.62	0
10.63	1
10.65	4
10.66	2
10.68	4
10.70	3
10.71	2
10.73	1
10.74	4
10.76	1
10.78	3
10.79	4
10.81	4
10.82	4
10.84	2
10.85	3
10.87	1
10.89	5
10.90	1
10.92	3
10.93	2
10.95	3
10.97	2
10.98	4
11.00	5
11.01	3
11.03	4
11.04	2
11.06	2
11.08	4
11.09	10
11.11	3
11.12	8
11.14	3
11.16	3
11.17	4
11.19	5
11.20	4
11.22	4
11.23	2
11.25	8
11.27	4
11.28	4
11.30	2
11.31	3
11.33	8
11.34	6
11.36	3
11.38	9
11.39	6
11.41	4
11.42	3
11.44	6
11.46	6
11.47	5
11.49	7
11.50	5
11.52	7
11.53	3
11.55	0
11.57	3
11.58	6
11.60	4
11.61	3
11.63	5
11.65	3
11.66	4
11.68	5
11.69	5
11.71	3
11.72	1
11.74	6
11.76	3
11.77	5
11.79	5
11.80	3
11.82	3
11.84	3
11.85	2
11.87	0
11.88	3
11.90	4
11.91	7
11.93	3
11.95	1
11.96	4
11.98	5
11.99	2
12.01	3
12.03	9
12.04	5
12.06	4
12.07	1
12.09	4
12.10	8
12.12	1
12.14	1
12.15	1
12.17	6
12.18	5
12.20	9
12.22	8
12.23	5
12.25	5
12.26	4
12.28	6
12.29	7
12.31	4
12.33	5
12.34	5
12.36	4
12.37	4
12.39	6
12.40	5
12.42	8
12.44	3
12.45	6
12.47	2
12.48	6
12.50	3
12.52	5
12.53	4
12.55	10
12.56	8
12.58	8
12.59	10
12.61	9
12.63	4
12.64	8
12.66	7
12.67	3
12.69	7
12.71	1
12.72	5
12.74	3
12.75	6
12.77	1
12.78	3
12.80	7
12.82	4
12.83	3
12.85	2
12.86	5
12.88	3
12.90	6
12.91	9
12.93	5
12.94	2
12.96	3
12.97	4
12.99	7
13.01	3
13.02	4
13.04	5
13.05	7
13.07	2
13.09	3
13.10	8
13.12	6
13.13	5
13.15	3
13.16	4
13.18	4
13.20	1
13.21	7
13.23	10
13.24	4
13.26	6
13.28	4
13.29	6
13.31	4
13.32	8
13.34	7
13.35	3
13.37	8
13.39	3
13.40	0
13.42	0
13.43	5
13.45	6
13.46	4
13.48	6
13.50	5
13.51	3
13.53	4
13.54	3
13.56	6
13.58	5
13.59	2
13.61	3
13.62	0
13.64	4
13.65	3
13.67	4
13.69	1
13.70	4
13.72	2
13.73	5
13.75	1
13.77	1
13.78	3
13.80	6
13.81	2
13.83	1
13.84	6
13.86	2
13.88	5
13.89	3
13.91	4
13.92	3
13.94	2
13.96	4
13.97	1
13.99	1
14.00	5
14.02	0
14.03	4
14.05	0
14.07	7
14.08	1
14.10	2
14.11	5
14.13	6
14.15	5
14.16	2
14.18	2
14.19	5
14.21	2
14.22	1
14.24	2
14.26	2
14.27	3
14.29	5
14.30	6
14.32	5
14.34	9
14.35	7
14.37	4
14.38	1
14.40	1
14.41	4
14.43	6
14.45	1
14.46	4
14.48	7
14.49	4
14.51	0
14.53	5
14.54	5
14.56	3
14.57	8
14.59	4
14.60	6
14.62	1
14.64	5
14.65	6
14.67	3
14.68	6
14.70	3
14.71	6
14.73	2
14.75	5
14.76	6
14.78	5
14.79	4
14.81	7
14.83	4
14.84	4
14.86	5
14.87	4
14.89	3
14.90	5
14.92	7
14.94	4
14.95	3
14.97	6
14.98	2
15.00	4
15.02	3
15.03	8
15.05	6
15.06	5
15.08	9
15.09	4
15.11	3
15.13	3
15.14	9
15.16	4
15.17	3
15.19	3
15.21	4
15.22	4
15.24	4
15.25	6
15.27	1
15.28	4
15.30	9
15.32	1
15.33	3
15.35	13
15.36	8
15.38	6
15.40	4
15.41	3
15.43	3
15.44	4
15.46	6
15.47	2
15.49	9
15.51	5
15.52	2
15.54	1
15.55	2
15.57	5
15.59	5
15.60	6
15.62	2
15.63	2
15.65	3
15.66	7
15.68	4
15.70	8
15.71	5
15.73	8
15.74	7
15.76	9
15.77	5
15.79	4
15.81	10
15.82	5
15.84	3
15.85	3
15.87	0
15.89	6
15.90	3
15.92	6
15.93	4
15.95	2
15.96	3
15.98	4
16.00	3
16.01	4
16.03	1
16.04	1
16.06	4
16.08	6
16.09	4
16.11	7
16.12	4
16.14	4
16.15	7
16.17	7
16.19	3
16.20	5
16.22	2
16.23	3
16.25	1
16.27	4
16.28	4
16.30	4
16.31	2
16.33	4
16.34	4
16.36	5
16.38	1
16.39	6
16.41	4
16.42	2
16.44	3
16.46	2
16.47	3
16.49	6
16.50	3
16.52	4
16.53	4
16.55	5
16.57	3
16.58	2
16.60	6
16.61	2
16.63	4
16.65	3
16.66	5
16.68	1
16.69	4
16.71	4
16.72	5
16.74	5
16.76	1
16.77	4
16.79	3
16.80	2
16.82	2
16.83	6
16.85	6
16.87	5
16.88	3
16.90	0
16.91	3
16.93	5
16.95	3
16.96	7
16.98	2
16.99	3
17.01	3
17.02	9
17.04	8
17.06	4
17.07	3
17.09	4
17.10	4
17.12	5
17.14	4
17.15	0
17.17	2
17.18	4
17.20	4
17.21	4
17.23	4
17.25	4
17.26	1
17.28	2
17.29	2
17.31	4
17.33	3
17.34	7
17.36	4
17.37	3
17.39	2
17.40	4
17.42	5
17.44	2
17.45	4
17.47	7
17.48	2
17.50	4
17.52	2
17.53	0
17.55	6
17.56	3
17.58	3
17.59	4
17.61	2
17.63	5
17.64	5
17.66	5
17.67	4
17.69	4
17.71	0
17.72	3
17.74	4
17.75	1
17.77	5
17.78	4
17.80	4
17.82	3
17.83	2
17.85	1
17.86	7
17.88	5
17.89	4
17.91	6
17.93	6
17.94	1
17.96	5
17.97	4
17.99	1
18.01	2
18.02	1
18.04	1
18.05	5
18.07	4
18.08	6
18.10	7
18.12	7
18.13	2
18.15	4
18.16	3
18.18	1
18.20	1
18.21	4
18.23	2
18.24	1
18.26	2
18.27	3
18.29	5
18.31	2
18.32	6
18.34	5
18.35	2
18.37	2
18.39	4
18.40	3
18.42	2
18.43	4
18.45	4
18.46	3
18.48	3
18.50	1
18.51	2
18.53	4
18.54	3
18.56	3
18.58	2
18.59	4
18.61	4
18.62	2
18.64	4
18.65	2
18.67	4
18.69	4
18.70	2
18.72	2
18.73	4
18.75	3
18.77	3
18.78	4
18.80	4
18.81	4
18.83	2
18.84	5
18.86	3
18.88	4
18.89	0
18.91	2
18.92	4
18.94	2
18.95	4
18.97	4
18.99	3
19.00	4
19.02	5
19.03	0
19.05	3
19.07	0
19.08	3
19.10	2
19.11	3
19.13	1
19.14	0
19.16	2
19.18	3
19.19	3
19.21	5
19.22	3
19.24	2
19.26	3
19.27	6
19.29	4
19.30	3
19.32	4
19.33	1
19.35	0
19.37	4
19.38	0
19.40	0
19.41	3
19.43	0
19.45	4
19.46	1
19.48	1
19.49	4
19.51	2
19.52	3
19.54	1
19.56	4
19.57	1
19.59	2
19.60	2
19.62	3
19.64	3
19.65	2
19.67	5
19.68	1
19.70	1
19.71	2
19.73	4
19.75	1
19.76	2
19.78	4
19.79	4
19.81	0
19.83	3
19.84	4
19.86	0
19.87	5
19.89	1
19.90	3
19.92	0
19.94	1
19.95	1
19.97	0
19.98	0
20.00	3
20.02	4
20.03	1
20.05	4
20.06	1
20.08	3
20.09	4
20.11	1
20.13	4
20.14	1
20.16	2
20.17	0
20.19	2
20.20	2
20.22	4
20.24	1
20.25	1
20.27	1
20.28	3
20.30	0
20.32	1
20.33	0
20.35	2
20.36	0
20.38	3
20.39	2
20.41	2
20.43	1
20.44	2
20.46	4
20.47	2
20.49	3
20.51	3
20.52	3
20.54	2
20.55	1
20.57	0
20.58	1
20.60	1
20.62	2
20.63	6
20.65	0
20.66	1
20.68	1
20.70	2
20.71	3
20.73	1
20.74	2
20.76	3
20.77	1
20.79	1
20.81	6
20.82	1
20.84	1
20.85	1
20.87	1
20.89	2
20.90	2
20.92	2
20.93	1
20.95	3
20.96	2
20.98	4
21.00	3
21.01	2
21.03	1
21.04	2
21.06	1
21.08	2
21.09	3
21.11	6
21.12	4
21.14	4
21.15	1
21.17	0
21.19	0
21.20	1
21.22	3
21.23	1
21.25	2
21.26	2
21.28	2
21.30	4
21.31	3
21.33	4
21.34	1
21.36	1
21.38	0
21.39	0
21.41	4
21.42	4
21.44	2
21.45	0
21.47	2
21.49	2
21.50	0
21.52	2
21.53	1
21.55	0
21.57	2
21.58	1
21.60	4
21.61	0
21.63	0
21.64	3
21.66	4
21.68	0
21.69	1
21.71	0
21.72	3
21.74	2
21.76	3
21.77	0
21.79	3
21.80	1
21.82	3
21.83	4
21.85	2
21.87	1
21.88	1
21.90	2
21.91	1
21.93	1
21.95	1
21.96	1
21.98	0
21.99	3
22.01	1
22.02	2
22.04	2
22.06	0
22.07	3
22.09	2
22.10	5
22.12	2
22.14	3
22.15	3
22.17	2
22.18	1
22.20	1
22.21	2
22.23	0
22.25	2
22.26	3
22.28	2
22.29	2
22.31	0
22.32	1
22.34	0
22.36	1
22.37	2
22.39	0
22.40	1
22.42	3
22.44	1
22.45	0
22.47	3
22.48	2
22.50	0
22.51	2
22.53	0
22.55	0
22.56	4
22.58	1
22.59	0
22.61	2
22.63	1
22.64	2
22.66	2
22.67	1
22.69	0
22.70	2
22.72	2
22.74	0
22.75	2
22.77	2
22.78	1
22.80	2
22.82	2
22.83	5
22.85	1
22.86	2
22.88	0
22.89	1
22.91	2
22.93	1
22.94	2
22.96	3
22.97	1
22.99	1
23.01	0
23.02	2
23.04	3
23.05	0
23.07	1
23.08	0
23.10	0
23.12	1
23.13	3
23.15	3
23.16	1
23.18	1
23.20	0
23.21	1
23.23	2
23.24	2
23.26	1
23.27	1
23.29	0
23.31	1
23.32	0
23.34	3
23.35	4
23.37	2
23.38	2
23.40	1
23.42	3
23.43	1
23.45	1
23.46	2
23.48	2
23.50	1
23.51	2
23.53	4
23.54	1
23.56	2
23.57	2
23.59	2
23.61	2
23.62	2
23.64	3
23.65	0
23.67	3
23.69	2
23.70	1
23.72	0
23.73	2
23.75	0
23.76	1
23.78	1
23.80	1
23.81	2
23.83	3
23.84	4
23.86	2
23.88	1
23.89	2
23.91	1
23.92	2
23.94	2
23.95	0
23.97	3
23.99	0
24.00	1
24.02	1
24.03	0
24.05	3
24.07	2
24.08	2
24.10	0
24.11	2
24.13	2
24.14	2
24.16	1
24.18	1
24.19	0
24.21	0
24.22	1
24.24	1
24.26	2
24.27	2
24.29	1
24.30	0
24.32	2
24.33	0
24.35	0
24.37	2
24.38	1
24.40	1
24.41	0
24.43	1
24.45	0
24.46	0
24.48	2
24.49	0
24.51	1
24.52	1
24.54	0
24.56	1
24.57	1
24.59	2
24.60	0
24.62	2
24.63	0
24.65	1
24.67	0
24.68	1
24.70	0
24.71	0
24.73	2
24.75	0
24.76	1
24.78	3
24.79	0
24.81	2
24.82	2
24.84	0
24.86	0
24.87	1
24.89	2
24.90	0
24.92	1
24.94	1
24.95	0
24.97	1
24.98	2
25.00	1
25.01	0
25.03	0
25.05	0
25.06	1
25.08	0
25.09	2
25.11	1
25.13	1
25.14	1
25.16	0
25.17	2
25.19	1
25.20	0
25.22	0
25.24	2
25.25	3
25.27	3
25.28	2
25.30	1
25.32	1
25.33	0
25.35	1
25.36	2
25.38	1
25.39	1
25.41	0
25.43	1
25.44	1
25.46	1
25.47	0
25.49	1
25.51	0
25.52	0
25.54	2
25.55	0
25.57	1
25.58	2
25.60	0
25.62	0
25.63	0
25.65	1
25.66	1
25.68	0
25.69	0
25.71	1
25.73	0
25.74	0
25.76	1
25.77	1
25.79	0
25.81	2
25.82	1
25.84	4
25.85	1
25.87	1
25.88	2
25.90	0
25.92	0
25.93	4
25.95	0
25.96	3
25.98	0
26.00	0
26.01	0
26.03	1
26.04	0
26.06	1
26.07	2
26.09	0
26.11	1
26.12	3
26.14	2
26.15	0
26.17	1
26.19	1
26.20	0
26.22	0
26.23	0
26.25	0
26.26	0
26.28	0
26.30	0
26.31	0
26.33	1
26.34	1
26.36	1
26.38	3
26.39	2
26.41	1
26.42	1
26.44	0
26.45	2
26.47	0
26.49	0
26.50	1
26.52	2
26.53	0
26.55	1
26.57	0
26.58	0
26.60	2
26.61	0
26.63	1
26.64	0
26.66	1
26.68	2
26.69	2
26.71	2
26.72	0
26.74	0
26.75	2
26.77	1
26.79	0
26.80	0
26.82	1
26.83	2
26.85	0
26.87	0
26.88	0
26.90	3
26.91	0
26.93	0
26.94	0
26.96	1
26.98	2
26.99	0
27.01	1
27.02	2
27.04	1
27.06	0
27.07	1
27.09	1
27.10	0
27.12	0
27.13	0
27.15	2
27.17	0
27.18	3
27.20	0
27.21	0
27.23	1
27.25	1
27.26	0
27.28	0
27.29	1
27.31	0
27.32	1
27.34	1
27.36	0
27.37	1
27.39	2
27.40	2
27.42	0
27.44	2
27.45	0
27.47	0
27.48	1
27.50	0
27.51	0
27.53	0
27.55	1
27.56	1
27.58	0
27.59	0
27.61	0
27.63	0
27.64	3
27.66	0
27.67	1
27.69	0
27.70	0
27.72	1
27.74	1
27.75	1
27.77	0
27.78	2
27.80	1
27.81	0
27.83	0
27.85	0
27.86	0
27.88	0
27.89	1
27.91	1
27.93	1
27.94	0
27.96	0
27.97	1
27.99	0
28.00	2
28.02	1
28.04	1
28.05	0
28.07	0
28.08	0
28.10	1
28.12	0
28.13	2
28.15	1
28.16	1
28.18	2
28.19	0
28.21	0
28.23	0
28.24	0
28.26	0
28.27	0
28.29	0
28.31	2
28.32	0
28.34	0
28.35	0
28.37	2
28.38	0
28.40	0
28.42	1
28.43	0
28.45	0
28.46	0
28.48	2
28.50	0
28.51	1
28.53	2
28.54	0
28.56	0
28.57	0
28.59	1
28.61	0
28.62	0
28.64	0
28.65	0
28.67	1
28.69	0
28.70	0
28.72	0
28.73	1
28.75	1
28.76	0
28.78	1
28.80	0
28.81	0
28.83	0
28.84	0
28.86	1
28.88	0
28.89	0
28.91	1
28.92	0
28.94	1
28.95	0
28.97	0
28.99	0
29.00	0
29.02	0
29.03	0
29.05	0
29.06	0
29.08	0
29.10	0
29.11	0
29.13	2
29.14	0
29.16	1
29.18	0
29.19	0
29.21	0
29.22	0
29.24	1
29.25	0
29.27	0
29.29	0
29.30	0
29.32	1
29.33	0
29.35	0
29.37	0
29.38	0
29.40	0
29.41	0
29.43	1
29.44	0
29.46	0
29.48	0
29.49	1
29.51	0
29.52	0
29.54	0
29.56	1
29.57	0
29.59	0
29.60	0
29.62	1
29.63	0
29.65	2
29.67	0
29.68	0
29.70	0
29.71	0
29.73	0
29.75	1
29.76	0
29.78	0
29.79	0
29.81	0
29.82	0
29.84	0
29.86	0
29.87	0
29.89	0
29.90	0
29.92	0
29.94	0
29.95	0
29.97	1
29.98	0
30.00	1
30.01	0
30.03	0
30.05	1
30.06	0
30.08	0
30.09	0
30.11	0
30.12	0
30.14	0
30.16	1
30.17	0
30.19	0
30.20	0
30.22	2
30.24	0
30.25	0
30.27	0
30.28	0
30.30	0
30.31	0
30.33	0
30.35	0
30.36	0
30.38	0
30.39	0
30.41	0
30.43	0
30.44	1
30.46	0
30.47	0
30.49	0
30.50	1
30.52	1
30.54	0
30.55	0
30.57	0
30.58	0
30.60	0
30.62	0
30.63	1
30.65	0
30.66	0
30.68	0
30.69	0
30.71	1
30.73	0
30.74	0
30.76	0
30.77	0
30.79	0
30.81	0
30.82	0
30.84	0
30.85	1
30.87	0
30.88	0
30.90	0
30.92	0
30.93	0
30.95	0
30.96	0
30.98	0
31.00	0
31.01	1
31.03	0
31.04	0
31.06	0
31.07	0
31.09	0
31.11	0
31.12	0
31.14	0
31.15	0
31.17	0
31.18	1
31.20	0
31.22	0
31.23	1
31.25	0
31.26	0
31.28	0
31.30	0
31.31	0
31.33	0
31.34	0
31.36	0
31.37	0
31.39	0
31.41	0
31.42	0
31.44	0
31.45	0
31.47	0
31.49	1
31.50	0
31.52	0
31.53	0
31.55	0
31.56	0
31.58	0
31.60	0
31.61	0
31.63	0
31.64	0
31.66	0
31.68	0
31.69	0
31.71	0
31.72	0
31.74	0
31.75	0
31.77	0
31.79	0
31.80	0
31.82	0
31.83	0
31.85	0
31.87	0
31.88	0
31.90	0
31.91	0
31.93	0
31.94	0
31.96	0
31.98	0
31.99	0
32.01	0
32.02	0
32.04	0
32.06	0
32.07	0
32.09	0
32.10	0
32.12	0
32.13	0
32.15	0
32.17	0
32.18	0
32.20	0
32.21	0
32.23	0
32.24	0
32.26	0
32.28	0
32.29	0
32.31	0
32.32	0
32.34	0
32.36	0
32.37	0
32.39	0
32.40	0
32.42	0
32.43	-1
