Energy	Impulses
E/keV	Impulses/#

0.79	0
0.81	0
0.82	0
0.84	0
0.86	0
0.87	0
0.89	0
0.90	0
0.92	0
0.93	0
0.95	0
0.97	0
0.98	0
1.00	0
1.01	0
1.03	0
1.05	0
1.06	0
1.08	0
1.09	0
1.11	0
1.12	0
1.14	1
1.16	0
1.17	2
1.19	6
1.20	13
1.22	34
1.24	44
1.25	59
1.27	64
1.28	73
1.30	56
1.31	69
1.33	55
1.35	55
1.36	52
1.38	54
1.39	56
1.41	62
1.42	47
1.44	38
1.46	43
1.47	50
1.49	42
1.50	49
1.52	47
1.54	54
1.55	45
1.57	51
1.58	31
1.60	50
1.61	40
1.63	56
1.65	30
1.66	48
1.68	43
1.69	49
1.71	33
1.73	37
1.74	32
1.76	39
1.77	39
1.79	57
1.80	33
1.82	32
1.84	31
1.85	35
1.87	35
1.88	43
1.90	34
1.92	28
1.93	25
1.95	24
1.96	29
1.98	29
1.99	35
2.01	40
2.03	42
2.04	33
2.06	25
2.07	26
2.09	25
2.11	26
2.12	29
2.14	40
2.15	26
2.17	35
2.18	29
2.20	32
2.22	43
2.23	31
2.25	34
2.26	39
2.28	32
2.30	29
2.31	22
2.33	40
2.34	28
2.36	28
2.37	29
2.39	25
2.41	24
2.42	26
2.44	37
2.45	37
2.47	24
2.48	24
2.50	21
2.52	34
2.53	34
2.55	23
2.56	28
2.58	33
2.60	33
2.61	16
2.63	24
2.64	25
2.66	19
2.67	28
2.69	24
2.71	29
2.72	22
2.74	28
2.75	29
2.77	37
2.79	22
2.80	35
2.82	23
2.83	18
2.85	19
2.86	25
2.88	23
2.90	19
2.91	21
2.93	25
2.94	19
2.96	19
2.98	13
2.99	23
3.01	20
3.02	15
3.04	25
3.05	31
3.07	13
3.09	21
3.10	20
3.12	32
3.13	18
3.15	18
3.17	19
3.18	24
3.20	18
3.21	11
3.23	24
3.24	22
3.26	20
3.28	21
3.29	22
3.31	26
3.32	15
3.34	20
3.36	21
3.37	16
3.39	23
3.40	17
3.42	24
3.43	18
3.45	22
3.47	21
3.48	16
3.50	23
3.51	15
3.53	19
3.54	21
3.56	20
3.58	15
3.59	28
3.61	18
3.62	21
3.64	16
3.66	13
3.67	22
3.69	22
3.70	17
3.72	19
3.73	15
3.75	13
3.77	22
3.78	8
3.80	21
3.81	25
3.83	13
3.85	16
3.86	18
3.88	24
3.89	18
3.91	13
3.92	20
3.94	20
3.96	19
3.97	15
3.99	14
4.00	15
4.02	15
4.04	7
4.05	17
4.07	23
4.08	17
4.10	18
4.11	21
4.13	19
4.15	16
4.16	18
4.18	12
4.19	13
4.21	16
4.23	15
4.24	6
4.26	12
4.27	17
4.29	10
4.30	20
4.32	18
4.34	10
4.35	15
4.37	13
4.38	11
4.40	11
4.42	15
4.43	11
4.45	15
4.46	10
4.48	15
4.49	16
4.51	13
4.53	12
4.54	19
4.56	14
4.57	21
4.59	18
4.60	16
4.62	11
4.64	23
4.65	14
4.67	7
4.68	12
4.70	13
4.72	7
4.73	18
4.75	16
4.76	13
4.78	14
4.79	10
4.81	14
4.83	16
4.84	12
4.86	16
4.87	14
4.89	12
4.91	16
4.92	12
4.94	14
4.95	16
4.97	14
4.98	18
5.00	12
5.02	21
5.03	15
5.05	14
5.06	23
5.08	8
5.10	14
5.11	16
5.13	13
5.14	18
5.16	13
5.17	12
5.19	25
5.21	14
5.22	12
5.24	21
5.25	16
5.27	13
5.29	16
5.30	18
5.32	13
5.33	10
5.35	9
5.36	18
5.38	20
5.40	13
5.41	7
5.43	11
5.44	20
5.46	12
5.48	14
5.49	14
5.51	16
5.52	17
5.54	12
5.55	11
5.57	7
5.59	14
5.60	16
5.62	15
5.63	17
5.65	11
5.67	11
5.68	13
5.70	15
5.71	13
5.73	18
5.74	12
5.76	17
5.78	20
5.79	12
5.81	16
5.82	14
5.84	14
5.85	12
5.87	18
5.89	12
5.90	11
5.92	27
5.93	13
5.95	16
5.97	18
5.98	13
6.00	13
6.01	15
6.03	25
6.04	15
6.06	18
6.08	17
6.09	23
6.11	10
6.12	13
6.14	21
6.16	18
6.17	10
6.19	9
6.20	20
6.22	20
6.23	26
6.25	17
6.27	10
6.28	17
6.30	17
6.31	15
6.33	16
6.35	19
6.36	15
6.38	8
6.39	17
6.41	19
6.42	16
6.44	20
6.46	19
6.47	14
6.49	14
6.50	14
6.52	16
6.54	20
6.55	21
6.57	21
6.58	22
6.60	13
6.61	13
6.63	23
6.65	11
6.66	16
6.68	19
6.69	17
6.71	15
6.73	14
6.74	16
6.76	15
6.77	13
6.79	20
6.80	17
6.82	18
6.84	15
6.85	22
6.87	5
6.88	13
6.90	16
6.91	21
6.93	23
6.95	16
6.96	24
6.98	27
6.99	26
7.01	14
7.03	13
7.04	21
7.06	24
7.07	21
7.09	22
7.10	28
7.12	20
7.14	28
7.15	29
7.17	36
7.18	23
7.20	28
7.22	31
7.23	35
7.25	27
7.26	42
7.28	23
7.29	40
7.31	36
7.33	33
7.34	41
7.36	36
7.37	37
7.39	50
7.41	35
7.42	37
7.44	39
7.45	33
7.47	31
7.48	32
7.50	34
7.52	44
7.53	30
7.55	37
7.56	46
7.58	48
7.60	40
7.61	29
7.63	45
7.64	33
7.66	45
7.67	33
7.69	45
7.71	35
7.72	52
7.74	45
7.75	30
7.77	50
7.79	42
7.80	54
7.82	54
7.83	49
7.85	45
7.86	67
7.88	43
7.90	41
7.91	48
7.93	50
7.94	43
7.96	57
7.97	55
7.99	39
8.01	44
8.02	47
8.04	43
8.05	44
8.07	37
8.09	40
8.10	56
8.12	56
8.13	43
8.15	39
8.16	50
8.18	46
8.20	48
8.21	38
8.23	47
8.24	31
8.26	41
8.28	36
8.29	33
8.31	19
8.32	24
8.34	25
8.35	30
8.37	34
8.39	17
8.40	26
8.42	23
8.43	21
8.45	21
8.47	21
8.48	19
8.50	18
8.51	25
8.53	20
8.54	16
8.56	30
8.58	13
8.59	17
8.61	21
8.62	16
8.64	18
8.66	25
8.67	16
8.69	19
8.70	16
8.72	10
8.73	16
8.75	19
8.77	18
8.78	12
8.80	24
8.81	14
8.83	11
8.85	15
8.86	15
8.88	17
8.89	16
8.91	13
8.92	14
8.94	17
8.96	10
8.97	14
8.99	19
9.00	13
9.02	15
9.03	27
9.05	11
9.07	21
9.08	17
9.10	12
9.11	16
9.13	22
9.15	11
9.16	20
9.18	18
9.19	15
9.21	12
9.22	11
9.24	19
9.26	16
9.27	2
9.29	21
9.30	14
9.32	15
9.34	17
9.35	21
9.37	13
9.38	14
9.40	17
9.41	18
9.43	17
9.45	17
9.46	20
9.48	13
9.49	13
9.51	18
9.53	11
9.54	19
9.56	14
9.57	18
9.59	18
9.60	21
9.62	17
9.64	16
9.65	12
9.67	15
9.68	16
9.70	25
9.72	19
9.73	17
9.75	23
9.76	17
9.78	21
9.79	20
9.81	13
9.83	11
9.84	12
9.86	16
9.87	12
9.89	27
9.91	12
9.92	18
9.94	21
9.95	12
9.97	18
9.98	10
10.00	14
10.02	17
10.03	17
10.05	10
10.06	16
10.08	11
10.10	16
10.11	21
10.13	15
10.14	15
10.16	10
10.17	13
10.19	13
10.21	14
10.22	18
10.24	14
10.25	5
10.27	15
10.28	11
10.30	14
10.32	16
10.33	16
10.35	14
10.36	23
10.38	17
10.40	19
10.41	10
10.43	20
10.44	16
10.46	20
10.47	21
10.49	20
10.51	22
10.52	20
10.54	18
10.55	25
10.57	22
10.59	16
10.60	28
10.62	26
10.63	29
10.65	42
10.66	22
10.68	29
10.70	25
10.71	32
10.73	35
10.74	31
10.76	28
10.78	28
10.79	23
10.81	31
10.82	31
10.84	45
10.85	40
10.87	44
10.89	25
10.90	49
10.92	27
10.93	41
10.95	39
10.97	40
10.98	36
11.00	48
11.01	32
11.03	41
11.04	32
11.06	39
11.08	44
11.09	41
11.11	44
11.12	45
11.14	41
11.16	38
11.17	34
11.19	27
11.20	39
11.22	42
11.23	29
11.25	29
11.27	44
11.28	38
11.30	41
11.31	43
11.33	47
11.34	50
11.36	51
11.38	44
11.39	42
11.41	37
11.42	47
11.44	54
11.46	42
11.47	45
11.49	61
11.50	51
11.52	52
11.53	52
11.55	50
11.57	46
11.58	41
11.60	53
11.61	38
11.63	32
11.65	38
11.66	49
11.68	35
11.69	32
11.71	35
11.72	38
11.74	33
11.76	31
11.77	34
11.79	40
11.80	30
11.82	22
11.84	38
11.85	32
11.87	29
11.88	24
11.90	20
11.91	13
11.93	14
11.95	19
11.96	24
11.98	12
11.99	29
12.01	10
12.03	19
12.04	18
12.06	11
12.07	10
12.09	12
12.10	13
12.12	13
12.14	11
12.15	18
12.17	21
12.18	15
12.20	8
12.22	18
12.23	16
12.25	5
12.26	18
12.28	10
12.29	13
12.31	17
12.33	14
12.34	7
12.36	11
12.37	21
12.39	14
12.40	14
12.42	11
12.44	13
12.45	18
12.47	12
12.48	14
12.50	15
12.52	13
12.53	18
12.55	18
12.56	10
12.58	18
12.59	12
12.61	11
12.63	17
12.64	11
12.66	8
12.67	14
12.69	7
12.71	14
12.72	14
12.74	7
12.75	16
12.77	16
12.78	19
12.80	19
12.82	18
12.83	14
12.85	10
12.86	17
12.88	15
12.90	13
12.91	20
12.93	27
12.94	26
12.96	23
12.97	17
12.99	12
13.01	20
13.02	23
13.04	16
13.05	17
13.07	21
13.09	27
13.10	20
13.12	20
13.13	31
13.15	22
13.16	26
13.18	20
13.20	17
13.21	22
13.23	28
13.24	12
13.26	30
13.28	24
13.29	29
13.31	27
13.32	26
13.34	25
13.35	15
13.37	22
13.39	25
13.40	23
13.42	22
13.43	28
13.45	21
13.46	26
13.48	20
13.50	22
13.51	26
13.53	19
13.54	28
13.56	24
13.58	24
13.59	20
13.61	21
13.62	19
13.64	19
13.65	22
13.67	14
13.69	20
13.70	24
13.72	23
13.73	15
13.75	16
13.77	23
13.78	23
13.80	20
13.81	15
13.83	12
13.84	13
13.86	18
13.88	22
13.89	24
13.91	19
13.92	15
13.94	26
13.96	9
13.97	18
13.99	20
14.00	22
14.02	19
14.03	16
14.05	19
14.07	14
14.08	11
14.10	31
14.11	22
14.13	13
14.15	13
14.16	21
14.18	19
14.19	18
14.21	19
14.22	16
14.24	12
14.26	15
14.27	23
14.29	10
14.30	20
14.32	16
14.34	18
14.35	16
14.37	14
14.38	13
14.40	21
14.41	9
14.43	18
14.45	14
14.46	11
14.48	8
14.49	10
14.51	13
14.53	19
14.54	16
14.56	23
14.57	20
14.59	6
14.60	12
14.62	16
14.64	21
14.65	12
14.67	14
14.68	18
14.70	18
14.71	6
14.73	18
14.75	16
14.76	14
14.78	17
14.79	23
14.81	13
14.83	15
14.84	18
14.86	17
14.87	16
14.89	22
14.90	14
14.92	19
14.94	15
14.95	20
14.97	19
14.98	20
15.00	19
15.02	19
15.03	26
15.05	16
15.06	17
15.08	18
15.09	20
15.11	21
15.13	23
15.14	24
15.16	26
15.17	18
15.19	17
15.21	16
15.22	19
15.24	18
15.25	13
15.27	15
15.28	17
15.30	16
15.32	24
15.33	13
15.35	18
15.36	17
15.38	17
15.40	25
15.41	13
15.43	21
15.44	20
15.46	20
15.47	31
15.49	32
15.51	23
15.52	16
15.54	19
15.55	20
15.57	26
15.59	26
15.60	28
15.62	29
15.63	20
15.65	18
15.66	25
15.68	24
15.70	22
15.71	21
15.73	23
15.74	22
15.76	28
15.77	22
15.79	27
15.81	26
15.82	38
15.84	24
15.85	33
15.87	23
15.89	33
15.90	26
15.92	25
15.93	29
15.95	30
15.96	29
15.98	29
16.00	23
16.01	35
16.03	28
16.04	35
16.06	18
16.08	34
16.09	34
16.11	30
16.12	45
16.14	26
16.15	29
16.17	33
16.19	43
16.20	27
16.22	43
16.23	31
16.25	25
16.27	46
16.28	33
16.30	38
16.31	35
16.33	37
16.34	34
16.36	43
16.38	34
16.39	37
16.41	46
16.42	39
16.44	51
16.46	48
16.47	33
16.49	34
16.50	54
16.52	44
16.53	33
16.55	60
16.57	52
16.58	63
16.60	53
16.61	66
16.63	47
16.65	65
16.66	72
16.68	84
16.69	86
16.71	78
16.72	90
16.74	106
16.76	118
16.77	115
16.79	122
16.80	134
16.82	118
16.83	162
16.85	172
16.87	183
16.88	245
16.90	213
16.91	257
16.93	289
16.95	311
16.96	346
16.98	354
16.99	369
17.01	461
17.02	464
17.04	515
17.06	593
17.07	582
17.09	733
17.10	698
17.12	723
17.14	799
17.15	799
17.17	904
17.18	952
17.20	980
17.21	1007
17.23	1078
17.25	1051
17.26	1159
17.28	1205
17.29	1363
17.31	1347
17.33	1237
17.34	1407
17.36	1269
17.37	1307
17.39	1394
17.40	1285
17.42	1462
17.44	1301
17.45	1316
17.47	1359
17.48	1351
17.50	1302
17.52	1277
17.53	1263
17.55	1195
17.56	1249
17.58	1009
17.59	1120
17.61	1017
17.63	897
17.64	981
17.66	782
17.67	813
17.69	759
17.71	693
17.72	615
17.74	587
17.75	528
17.77	463
17.78	459
17.80	425
17.82	323
17.83	273
17.85	302
17.86	240
17.88	200
17.89	204
17.91	160
17.93	134
17.94	124
17.96	104
17.97	103
17.99	69
18.01	76
18.02	65
18.04	46
18.05	42
18.07	39
18.08	33
18.10	26
18.12	18
18.13	22
18.15	25
18.16	23
18.18	23
18.20	13
18.21	11
18.23	17
18.24	19
18.26	11
18.27	12
18.29	14
18.31	10
18.32	15
18.34	11
18.35	9
18.37	10
18.39	10
18.40	8
18.42	6
18.43	13
18.45	11
18.46	6
18.48	17
18.50	11
18.51	16
18.53	3
18.54	7
18.56	10
18.58	16
18.59	12
18.61	8
18.62	13
18.64	11
18.65	12
18.67	7
18.69	13
18.70	11
18.72	6
18.73	8
18.75	17
18.77	7
18.78	5
18.80	13
18.81	12
18.83	16
18.84	16
18.86	20
18.88	16
18.89	14
18.91	25
18.92	15
18.94	12
18.95	30
18.97	27
18.99	26
19.00	27
19.02	35
19.03	39
19.05	38
19.07	30
19.08	41
19.10	47
19.11	43
19.13	37
19.14	63
19.16	61
19.18	64
19.19	64
19.21	87
19.22	94
19.24	92
19.26	103
19.27	108
19.29	122
19.30	107
19.32	158
19.33	122
19.35	128
19.37	147
19.38	154
19.40	160
19.41	179
19.43	166
19.45	184
19.46	205
19.48	193
19.49	192
19.51	210
19.52	197
19.54	191
19.56	213
19.57	191
19.59	228
19.60	184
19.62	235
19.64	215
19.65	189
19.67	183
19.68	193
19.70	185
19.71	211
19.73	198
19.75	160
19.76	153
19.78	173
19.79	157
19.81	157
19.83	136
19.84	124
19.86	117
19.87	131
19.89	120
19.90	105
19.92	103
19.94	58
19.95	90
19.97	89
19.98	75
20.00	63
20.02	51
20.03	59
20.05	53
20.06	51
20.08	48
20.09	64
20.11	38
20.13	44
20.14	20
20.16	31
20.17	24
20.19	22
20.20	24
20.22	22
20.24	17
20.25	17
20.27	22
20.28	10
20.30	10
20.32	7
20.33	17
20.35	4
20.36	8
20.38	5
20.39	2
20.41	6
20.43	2
20.44	3
20.46	0
20.47	3
20.49	1
20.51	4
20.52	1
20.54	1
20.55	0
20.57	0
20.58	1
20.60	0
20.62	0
20.63	1
20.65	0
20.66	0
20.68	1
20.70	0
20.71	0
20.73	1
20.74	0
20.76	0
20.77	0
20.79	0
20.81	0
20.82	0
20.84	0
20.85	0
20.87	0
20.89	0
20.90	1
20.92	0
20.93	0
20.95	0
20.96	0
20.98	0
21.00	0
21.01	1
21.03	0
21.04	0
21.06	1
21.08	0
21.09	1
21.11	1
21.12	0
21.14	1
21.15	0
21.17	0
21.19	0
21.20	0
21.22	0
21.23	0
21.25	1
21.26	1
21.28	0
21.30	1
21.31	0
21.33	0
21.34	3
21.36	0
21.38	1
21.39	0
21.41	0
21.42	0
21.44	0
21.45	0
21.47	0
21.49	0
21.50	1
21.52	0
21.53	1
21.55	1
21.57	0
21.58	1
21.60	0
21.61	1
21.63	0
21.64	0
21.66	0
21.68	0
21.69	0
21.71	1
21.72	2
21.74	0
21.76	0
21.77	1
21.79	0
21.80	0
21.82	0
21.83	0
21.85	0
21.87	0
21.88	2
21.90	0
21.91	0
21.93	1
21.95	2
21.96	0
21.98	0
21.99	0
22.01	2
22.02	0
22.04	0
22.06	0
22.07	0
22.09	2
22.10	2
22.12	0
22.14	1
22.15	0
22.17	1
22.18	0
22.20	1
22.21	0
22.23	0
22.25	0
22.26	1
22.28	2
22.29	1
22.31	4
22.32	1
22.34	0
22.36	0
22.37	1
22.39	0
22.40	1
22.42	1
22.44	2
22.45	2
22.47	1
22.48	0
22.50	1
22.51	1
22.53	1
22.55	0
22.56	1
22.58	0
22.59	0
22.61	1
22.63	3
22.64	0
22.66	1
22.67	0
22.69	0
22.70	1
22.72	0
22.74	1
22.75	0
22.77	2
22.78	0
22.80	0
22.82	0
22.83	0
22.85	1
22.86	0
22.88	1
22.89	0
22.91	1
22.93	0
22.94	1
22.96	1
22.97	1
22.99	0
23.01	0
23.02	2
23.04	1
23.05	3
23.07	0
23.08	1
23.10	0
23.12	0
23.13	0
23.15	0
23.16	0
23.18	0
23.20	0
23.21	0
23.23	1
23.24	0
23.26	0
23.27	0
23.29	1
23.31	1
23.32	0
23.34	0
23.35	0
23.37	0
23.38	0
23.40	0
23.42	0
23.43	0
23.45	0
23.46	0
23.48	0
23.50	0
23.51	0
23.53	0
23.54	0
23.56	1
23.57	0
23.59	0
23.61	0
23.62	0
23.64	0
23.65	0
23.67	1
23.69	0
23.70	1
23.72	0
23.73	1
23.75	0
23.76	0
23.78	1
23.80	1
23.81	1
23.83	0
23.84	1
23.86	1
23.88	1
23.89	0
23.91	0
23.92	1
23.94	1
23.95	1
23.97	0
23.99	0
24.00	0
24.02	1
24.03	0
24.05	0
24.07	0
24.08	0
24.10	0
24.11	0
24.13	0
24.14	0
24.16	0
24.18	0
24.19	0
24.21	0
24.22	0
24.24	2
24.26	0
24.27	1
24.29	0
24.30	0
24.32	0
24.33	0
24.35	0
24.37	1
24.38	2
24.40	1
24.41	1
24.43	2
24.45	0
24.46	0
24.48	0
24.49	0
24.51	0
24.52	0
24.54	1
24.56	1
24.57	0
24.59	0
24.60	0
24.62	0
24.63	0
24.65	1
24.67	1
24.68	0
24.70	1
24.71	0
24.73	0
24.75	0
24.76	1
24.78	0
24.79	0
24.81	0
24.82	1
24.84	0
24.86	0
24.87	2
24.89	1
24.90	0
24.92	1
24.94	0
24.95	0
24.97	0
24.98	0
25.00	1
25.01	0
25.03	2
25.05	0
25.06	0
25.08	0
25.09	0
25.11	0
25.13	0
25.14	0
25.16	1
25.17	0
25.19	0
25.20	1
25.22	0
25.24	0
25.25	0
25.27	0
25.28	0
25.30	0
25.32	0
25.33	0
25.35	1
25.36	0
25.38	1
25.39	0
25.41	0
25.43	0
25.44	0
25.46	1
25.47	0
25.49	0
25.51	0
25.52	0
25.54	0
25.55	0
25.57	1
25.58	0
25.60	0
25.62	0
25.63	1
25.65	0
25.66	0
25.68	0
25.69	0
25.71	0
25.73	0
25.74	0
25.76	0
25.77	0
25.79	1
25.81	0
25.82	0
25.84	0
25.85	0
25.87	0
25.88	1
25.90	0
25.92	0
25.93	0
25.95	0
25.96	1
25.98	0
26.00	1
26.01	0
26.03	0
26.04	0
26.06	0
26.07	0
26.09	1
26.11	0
26.12	0
26.14	0
26.15	0
26.17	0
26.19	0
26.20	0
26.22	0
26.23	0
26.25	1
26.26	0
26.28	0
26.30	0
26.31	0
26.33	0
26.34	2
26.36	1
26.38	0
26.39	0
26.41	0
26.42	1
26.44	1
26.45	0
26.47	0
26.49	0
26.50	2
26.52	0
26.53	0
26.55	1
26.57	0
26.58	0
26.60	0
26.61	0
26.63	0
26.64	2
26.66	0
26.68	0
26.69	0
26.71	0
26.72	0
26.74	0
26.75	0
26.77	0
26.79	0
26.80	1
26.82	0
26.83	0
26.85	1
26.87	0
26.88	0
26.90	0
26.91	0
26.93	0
26.94	0
26.96	1
26.98	1
26.99	0
27.01	0
27.02	1
27.04	1
27.06	0
27.07	0
27.09	0
27.10	1
27.12	0
27.13	0
27.15	0
27.17	0
27.18	0
27.20	0
27.21	0
27.23	0
27.25	0
27.26	0
27.28	0
27.29	0
27.31	0
27.32	0
27.34	0
27.36	0
27.37	0
27.39	1
27.40	0
27.42	0
27.44	0
27.45	0
27.47	0
27.48	0
27.50	0
27.51	0
27.53	0
27.55	0
27.56	0
27.58	0
27.59	1
27.61	0
27.63	0
27.64	0
27.66	0
27.67	0
27.69	0
27.70	0
27.72	0
27.74	0
27.75	0
27.77	0
27.78	0
27.80	0
27.81	0
27.83	0
27.85	0
27.86	0
27.88	0
27.89	0
27.91	0
27.93	1
27.94	0
27.96	0
27.97	0
27.99	1
28.00	0
28.02	0
28.04	0
28.05	0
28.07	0
28.08	1
28.10	0
28.12	0
28.13	0
28.15	0
28.16	0
28.18	0
28.19	1
28.21	0
28.23	0
28.24	0
28.26	0
28.27	0
28.29	0
28.31	0
28.32	1
28.34	0
28.35	0
28.37	0
28.38	0
28.40	0
28.42	0
28.43	0
28.45	0
28.46	0
28.48	0
28.50	1
28.51	0
28.53	0
28.54	0
28.56	0
28.57	0
28.59	1
28.61	0
28.62	0
28.64	0
28.65	1
28.67	0
28.69	0
28.70	2
28.72	1
28.73	0
28.75	0
28.76	2
28.78	0
28.80	0
28.81	0
28.83	0
28.84	0
28.86	0
28.88	0
28.89	1
28.91	0
28.92	0
28.94	0
28.95	0
28.97	0
28.99	1
29.00	0
29.02	0
29.03	1
29.05	0
29.06	1
29.08	0
29.10	0
29.11	0
29.13	0
29.14	0
29.16	0
29.18	0
29.19	1
29.21	0
29.22	0
29.24	0
29.25	0
29.27	0
29.29	0
29.30	0
29.32	0
29.33	0
29.35	0
29.37	0
29.38	0
29.40	0
29.41	0
29.43	0
29.44	0
29.46	0
29.48	1
29.49	0
29.51	0
29.52	0
29.54	0
29.56	0
29.57	0
29.59	0
29.60	0
29.62	0
29.63	0
29.65	0
29.67	0
29.68	0
29.70	2
29.71	0
29.73	0
29.75	0
29.76	0
29.78	0
29.79	1
29.81	0
29.82	0
29.84	0
29.86	0
29.87	0
29.89	0
29.90	0
29.92	0
29.94	0
29.95	0
29.97	0
29.98	0
30.00	0
30.01	0
30.03	0
30.05	0
30.06	0
30.08	0
30.09	0
30.11	0
30.12	0
30.14	0
30.16	0
30.17	0
30.19	0
30.20	0
30.22	0
30.24	0
30.25	0
30.27	0
30.28	0
30.30	1
30.31	0
30.33	0
30.35	0
30.36	0
30.38	0
30.39	0
30.41	0
30.43	0
30.44	1
30.46	0
30.47	0
30.49	0
30.50	0
30.52	0
30.54	0
30.55	0
30.57	0
30.58	0
30.60	0
30.62	0
30.63	0
30.65	0
30.66	0
30.68	0
30.69	0
30.71	0
30.73	0
30.74	0
30.76	0
30.77	0
30.79	0
30.81	0
30.82	0
30.84	0
30.85	0
30.87	0
30.88	0
30.90	0
30.92	0
30.93	0
30.95	0
30.96	0
30.98	1
31.00	0
31.01	0
31.03	0
31.04	0
31.06	0
31.07	0
31.09	0
31.11	0
31.12	0
31.14	0
31.15	0
31.17	0
31.18	0
31.20	1
31.22	0
31.23	0
31.25	0
31.26	0
31.28	0
31.30	0
31.31	0
31.33	0
31.34	0
31.36	0
31.37	0
31.39	0
31.41	0
31.42	0
31.44	0
31.45	0
31.47	0
31.49	0
31.50	0
31.52	0
31.53	0
31.55	0
31.56	0
31.58	0
31.60	0
31.61	1
31.63	0
31.64	0
31.66	0
31.68	0
31.69	0
31.71	0
31.72	0
31.74	0
31.75	0
31.77	0
31.79	0
31.80	0
31.82	0
31.83	0
31.85	1
31.87	0
31.88	0
31.90	0
31.91	0
31.93	0
31.94	0
31.96	0
31.98	0
31.99	0
32.01	0
32.02	0
32.04	0
32.06	0
32.07	0
32.09	1
32.10	0
32.12	1
32.13	0
32.15	0
32.17	0
32.18	0
32.20	0
32.21	0
32.23	0
32.24	0
32.26	0
32.28	0
32.29	0
32.31	0
32.32	0
32.34	0
32.36	0
32.37	0
32.39	0
32.40	0
32.42	0
32.43	-1
