Energy	Impulses
E/keV	Impulses/#

0.79	0
0.81	0
0.82	0
0.84	0
0.86	0
0.87	0
0.89	0
0.90	0
0.92	0
0.93	0
0.95	0
0.97	0
0.98	0
1.00	0
1.01	0
1.03	0
1.05	0
1.06	0
1.08	0
1.09	0
1.11	0
1.12	0
1.14	2
1.16	0
1.17	1
1.19	1
1.20	1
1.22	12
1.24	24
1.25	27
1.27	39
1.28	57
1.30	39
1.31	38
1.33	58
1.35	50
1.36	33
1.38	30
1.39	42
1.41	53
1.42	33
1.44	37
1.46	36
1.47	30
1.49	32
1.50	42
1.52	46
1.54	42
1.55	34
1.57	34
1.58	35
1.60	35
1.61	35
1.63	37
1.65	41
1.66	46
1.68	30
1.69	32
1.71	37
1.73	37
1.74	29
1.76	42
1.77	37
1.79	48
1.80	33
1.82	43
1.84	34
1.85	24
1.87	40
1.88	28
1.90	33
1.92	39
1.93	25
1.95	29
1.96	31
1.98	30
1.99	24
2.01	25
2.03	26
2.04	34
2.06	24
2.07	29
2.09	28
2.11	36
2.12	36
2.14	27
2.15	34
2.17	36
2.18	35
2.20	29
2.22	19
2.23	31
2.25	28
2.26	40
2.28	27
2.30	32
2.31	30
2.33	34
2.34	34
2.36	26
2.37	22
2.39	26
2.41	28
2.42	28
2.44	33
2.45	18
2.47	28
2.48	26
2.50	25
2.52	22
2.53	24
2.55	25
2.56	24
2.58	26
2.60	30
2.61	33
2.63	25
2.64	22
2.66	20
2.67	25
2.69	25
2.71	29
2.72	21
2.74	28
2.75	22
2.77	30
2.79	38
2.80	32
2.82	24
2.83	21
2.85	35
2.86	34
2.88	36
2.90	26
2.91	27
2.93	25
2.94	24
2.96	36
2.98	20
2.99	27
3.01	29
3.02	23
3.04	30
3.05	24
3.07	25
3.09	32
3.10	31
3.12	32
3.13	20
3.15	21
3.17	22
3.18	27
3.20	24
3.21	32
3.23	38
3.24	28
3.26	30
3.28	23
3.29	29
3.31	31
3.32	27
3.34	48
3.36	29
3.37	31
3.39	27
3.40	34
3.42	21
3.43	32
3.45	32
3.47	39
3.48	24
3.50	27
3.51	24
3.53	34
3.54	31
3.56	29
3.58	19
3.59	23
3.61	33
3.62	22
3.64	30
3.66	27
3.67	33
3.69	24
3.70	19
3.72	28
3.73	20
3.75	30
3.77	23
3.78	30
3.80	24
3.81	26
3.83	22
3.85	32
3.86	30
3.88	29
3.89	28
3.91	21
3.92	40
3.94	25
3.96	41
3.97	26
3.99	30
4.00	27
4.02	36
4.04	31
4.05	26
4.07	38
4.08	34
4.10	20
4.11	20
4.13	28
4.15	37
4.16	40
4.18	32
4.19	49
4.21	50
4.23	37
4.24	45
4.26	39
4.27	37
4.29	52
4.30	47
4.32	43
4.34	30
4.35	52
4.37	35
4.38	43
4.40	44
4.42	40
4.43	48
4.45	56
4.46	41
4.48	46
4.49	32
4.51	36
4.53	44
4.54	39
4.56	41
4.57	42
4.59	37
4.60	36
4.62	39
4.64	42
4.65	49
4.67	45
4.68	47
4.70	42
4.72	32
4.73	40
4.75	42
4.76	40
4.78	43
4.79	43
4.81	48
4.83	46
4.84	31
4.86	34
4.87	27
4.89	28
4.91	38
4.92	27
4.94	42
4.95	35
4.97	28
4.98	43
5.00	36
5.02	33
5.03	28
5.05	19
5.06	37
5.08	39
5.10	30
5.11	35
5.13	29
5.14	23
5.16	28
5.17	32
5.19	32
5.21	31
5.22	30
5.24	41
5.25	35
5.27	28
5.29	27
5.30	27
5.32	33
5.33	36
5.35	32
5.36	28
5.38	26
5.40	31
5.41	26
5.43	28
5.44	28
5.46	26
5.48	22
5.49	23
5.51	32
5.52	34
5.54	30
5.55	20
5.57	28
5.59	39
5.60	39
5.62	24
5.63	34
5.65	31
5.67	43
5.68	36
5.70	39
5.71	41
5.73	39
5.74	52
5.76	54
5.78	53
5.79	47
5.81	60
5.82	48
5.84	87
5.85	61
5.87	75
5.89	84
5.90	92
5.92	110
5.93	94
5.95	147
5.97	146
5.98	154
6.00	159
6.01	143
6.03	196
6.04	206
6.06	242
6.08	230
6.09	284
6.11	251
6.12	285
6.14	309
6.16	321
6.17	325
6.19	277
6.20	347
6.22	386
6.23	381
6.25	406
6.27	419
6.28	459
6.30	409
6.31	463
6.33	444
6.35	506
6.36	415
6.38	400
6.39	461
6.41	429
6.42	440
6.44	421
6.46	451
6.47	455
6.49	385
6.50	404
6.52	358
6.54	388
6.55	344
6.57	317
6.58	316
6.60	327
6.61	239
6.63	276
6.65	251
6.66	194
6.68	211
6.69	192
6.71	203
6.73	144
6.74	138
6.76	131
6.77	134
6.79	125
6.80	103
6.82	71
6.84	75
6.85	91
6.87	76
6.88	76
6.90	80
6.91	58
6.93	71
6.95	46
6.96	76
6.98	49
6.99	51
7.01	47
7.03	61
7.04	49
7.06	55
7.07	48
7.09	44
7.10	46
7.12	47
7.14	48
7.15	50
7.17	56
7.18	37
7.20	55
7.22	41
7.23	46
7.25	50
7.26	60
7.28	47
7.29	48
7.31	63
7.33	52
7.34	56
7.36	53
7.37	41
7.39	51
7.41	50
7.42	50
7.44	54
7.45	55
7.47	58
7.48	52
7.50	54
7.52	54
7.53	66
7.55	54
7.56	40
7.58	58
7.60	55
7.61	54
7.63	39
7.64	76
7.66	50
7.67	77
7.69	64
7.71	58
7.72	58
7.74	72
7.75	69
7.77	81
7.79	94
7.80	93
7.82	93
7.83	130
7.85	115
7.86	164
7.88	147
7.90	181
7.91	171
7.93	198
7.94	228
7.96	256
7.97	316
7.99	317
8.01	409
8.02	467
8.04	442
8.05	557
8.07	624
8.09	684
8.10	780
8.12	941
8.13	854
8.15	1009
8.16	1288
8.18	1364
8.20	1415
8.21	1565
8.23	1755
8.24	1877
8.26	1941
8.28	2326
8.29	2268
8.31	2618
8.32	2660
8.34	3030
8.35	3146
8.37	3544
8.39	3213
8.40	3659
8.42	3925
8.43	3978
8.45	4339
8.47	4223
8.48	4785
8.50	4603
8.51	4398
8.53	5008
8.54	4649
8.56	4740
8.58	5089
8.59	4882
8.61	4923
8.62	5408
8.64	4512
8.66	4718
8.67	4738
8.69	4451
8.70	4178
8.72	3937
8.73	4177
8.75	3888
8.77	3505
8.78	3587
8.80	3196
8.81	3136
8.83	2807
8.85	2613
8.86	2348
8.88	2575
8.89	1559
8.91	1834
8.92	1826
8.94	1540
8.96	1378
8.97	1172
8.99	1143
9.00	1032
9.02	811
9.03	851
9.05	735
9.07	678
9.08	567
9.10	526
9.11	521
9.13	575
9.15	375
9.16	453
9.18	437
9.19	446
9.21	419
9.22	400
9.24	488
9.26	512
9.27	472
9.29	620
9.30	543
9.32	626
9.34	567
9.35	627
9.37	648
9.38	698
9.40	633
9.41	759
9.43	729
9.45	728
9.46	768
9.48	725
9.49	802
9.51	753
9.53	699
9.54	852
9.56	684
9.57	752
9.59	791
9.60	735
9.62	724
9.64	804
9.65	644
9.67	636
9.68	549
9.70	602
9.72	542
9.73	472
9.75	477
9.76	488
9.78	379
9.79	380
9.81	313
9.83	335
9.84	279
9.86	268
9.87	225
9.89	217
9.91	156
9.92	153
9.94	133
9.95	117
9.97	101
9.98	98
10.00	80
10.02	62
10.03	52
10.05	43
10.06	38
10.08	28
10.10	35
10.11	14
10.13	24
10.14	24
10.16	24
10.17	16
10.19	8
10.21	12
10.22	3
10.24	9
10.25	6
10.27	7
10.28	2
10.30	4
10.32	0
10.33	7
10.35	3
10.36	2
10.38	3
10.40	3
10.41	4
10.43	4
10.44	2
10.46	3
10.47	6
10.49	3
10.51	5
10.52	1
10.54	0
10.55	6
10.57	1
10.59	4
10.60	3
10.62	2
10.63	1
10.65	2
10.66	3
10.68	4
10.70	4
10.71	0
10.73	2
10.74	3
10.76	4
10.78	2
10.79	6
10.81	2
10.82	3
10.84	2
10.85	3
10.87	2
10.89	2
10.90	4
10.92	0
10.93	1
10.95	4
10.97	2
10.98	3
11.00	3
11.01	3
11.03	2
11.04	6
11.06	5
11.08	3
11.09	5
11.11	3
11.12	2
11.14	2
11.16	7
11.17	5
11.19	1
11.20	3
11.22	2
11.23	3
11.25	3
11.27	2
11.28	1
11.30	3
11.31	6
11.33	6
11.34	3
11.36	2
11.38	2
11.39	0
11.41	4
11.42	2
11.44	4
11.46	4
11.47	2
11.49	4
11.50	2
11.52	4
11.53	5
11.55	3
11.57	3
11.58	6
11.60	3
11.61	3
11.63	3
11.65	0
11.66	1
11.68	3
11.69	5
11.71	4
11.72	4
11.74	4
11.76	4
11.77	4
11.79	5
11.80	0
11.82	7
11.84	5
11.85	7
11.87	1
11.88	3
11.90	3
11.91	3
11.93	3
11.95	3
11.96	5
11.98	1
11.99	6
12.01	1
12.03	6
12.04	1
12.06	3
12.07	3
12.09	4
12.10	0
12.12	6
12.14	1
12.15	2
12.17	3
12.18	2
12.20	7
12.22	2
12.23	6
12.25	6
12.26	6
12.28	3
12.29	2
12.31	3
12.33	6
12.34	3
12.36	1
12.37	6
12.39	3
12.40	6
12.42	1
12.44	3
12.45	0
12.47	3
12.48	0
12.50	5
12.52	1
12.53	2
12.55	0
12.56	3
12.58	5
12.59	1
12.61	1
12.63	2
12.64	3
12.66	4
12.67	4
12.69	0
12.71	4
12.72	2
12.74	3
12.75	2
12.77	2
12.78	5
12.80	4
12.82	6
12.83	2
12.85	3
12.86	2
12.88	2
12.90	4
12.91	2
12.93	5
12.94	3
12.96	1
12.97	4
12.99	3
13.01	1
13.02	2
13.04	5
13.05	4
13.07	8
13.09	2
13.10	5
13.12	4
13.13	3
13.15	3
13.16	5
13.18	5
13.20	5
13.21	4
13.23	4
13.24	4
13.26	6
13.28	3
13.29	2
13.31	4
13.32	4
13.34	1
13.35	3
13.37	7
13.39	8
13.40	1
13.42	3
13.43	3
13.45	3
13.46	3
13.48	1
13.50	4
13.51	2
13.53	1
13.54	2
13.56	7
13.58	1
13.59	2
13.61	2
13.62	2
13.64	3
13.65	1
13.67	2
13.69	5
13.70	3
13.72	3
13.73	4
13.75	2
13.77	4
13.78	4
13.80	5
13.81	3
13.83	3
13.84	1
13.86	0
13.88	2
13.89	1
13.91	2
13.92	2
13.94	4
13.96	0
13.97	4
13.99	4
14.00	3
14.02	3
14.03	3
14.05	2
14.07	0
14.08	3
14.10	7
14.11	1
14.13	8
14.15	2
14.16	2
14.18	5
14.19	2
14.21	1
14.22	4
14.24	2
14.26	1
14.27	3
14.29	2
14.30	4
14.32	3
14.34	8
14.35	4
14.37	1
14.38	2
14.40	2
14.41	2
14.43	1
14.45	1
14.46	3
14.48	3
14.49	2
14.51	2
14.53	2
14.54	1
14.56	3
14.57	6
14.59	4
14.60	2
14.62	5
14.64	1
14.65	2
14.67	5
14.68	2
14.70	3
14.71	6
14.73	4
14.75	3
14.76	6
14.78	0
14.79	0
14.81	1
14.83	2
14.84	1
14.86	5
14.87	1
14.89	2
14.90	2
14.92	5
14.94	7
14.95	3
14.97	1
14.98	1
15.00	4
15.02	5
15.03	1
15.05	3
15.06	5
15.08	3
15.09	2
15.11	2
15.13	3
15.14	3
15.16	5
15.17	2
15.19	3
15.21	0
15.22	1
15.24	4
15.25	1
15.27	1
15.28	1
15.30	4
15.32	6
15.33	1
15.35	5
15.36	2
15.38	3
15.40	2
15.41	3
15.43	4
15.44	6
15.46	2
15.47	3
15.49	2
15.51	2
15.52	3
15.54	0
15.55	1
15.57	2
15.59	3
15.60	1
15.62	4
15.63	2
15.65	4
15.66	4
15.68	4
15.70	5
15.71	3
15.73	4
15.74	2
15.76	3
15.77	2
15.79	3
15.81	1
15.82	2
15.84	0
15.85	0
15.87	3
15.89	5
15.90	3
15.92	2
15.93	3
15.95	2
15.96	4
15.98	3
16.00	4
16.01	6
16.03	4
16.04	5
16.06	4
16.08	7
16.09	2
16.11	2
16.12	1
16.14	2
16.15	3
16.17	4
16.19	2
16.20	3
16.22	3
16.23	3
16.25	3
16.27	1
16.28	0
16.30	1
16.31	5
16.33	0
16.34	5
16.36	3
16.38	1
16.39	3
16.41	1
16.42	2
16.44	4
16.46	1
16.47	3
16.49	2
16.50	3
16.52	2
16.53	2
16.55	0
16.57	6
16.58	3
16.60	6
16.61	1
16.63	2
16.65	0
16.66	2
16.68	6
16.69	1
16.71	2
16.72	4
16.74	4
16.76	2
16.77	2
16.79	2
16.80	2
16.82	2
16.83	5
16.85	3
16.87	2
16.88	6
16.90	6
16.91	1
16.93	4
16.95	8
16.96	2
16.98	5
16.99	5
17.01	5
17.02	2
17.04	9
17.06	1
17.07	6
17.09	5
17.10	3
17.12	2
17.14	4
17.15	6
17.17	4
17.18	5
17.20	8
17.21	4
17.23	4
17.25	3
17.26	3
17.28	4
17.29	3
17.31	0
17.33	3
17.34	2
17.36	1
17.37	5
17.39	2
17.40	2
17.42	1
17.44	1
17.45	2
17.47	5
17.48	3
17.50	1
17.52	2
17.53	2
17.55	1
17.56	0
17.58	0
17.59	4
17.61	0
17.63	0
17.64	0
17.66	1
17.67	7
17.69	0
17.71	2
17.72	0
17.74	2
17.75	1
17.77	2
17.78	0
17.80	2
17.82	2
17.83	5
17.85	2
17.86	2
17.88	1
17.89	2
17.91	7
17.93	0
17.94	3
17.96	3
17.97	3
17.99	1
18.01	4
18.02	1
18.04	3
18.05	4
18.07	1
18.08	2
18.10	2
18.12	1
18.13	1
18.15	1
18.16	1
18.18	1
18.20	1
18.21	2
18.23	0
18.24	1
18.26	1
18.27	1
18.29	0
18.31	1
18.32	2
18.34	2
18.35	2
18.37	4
18.39	2
18.40	1
18.42	3
18.43	0
18.45	1
18.46	2
18.48	1
18.50	2
18.51	4
18.53	1
18.54	1
18.56	1
18.58	2
18.59	2
18.61	4
18.62	3
18.64	1
18.65	0
18.67	1
18.69	1
18.70	1
18.72	1
18.73	3
18.75	2
18.77	2
18.78	2
18.80	1
18.81	1
18.83	0
18.84	1
18.86	0
18.88	1
18.89	0
18.91	0
18.92	0
18.94	1
18.95	1
18.97	2
18.99	4
19.00	1
19.02	1
19.03	1
19.05	1
19.07	3
19.08	1
19.10	1
19.11	0
19.13	1
19.14	0
19.16	1
19.18	1
19.19	1
19.21	1
19.22	2
19.24	0
19.26	1
19.27	2
19.29	2
19.30	1
19.32	0
19.33	1
19.35	1
19.37	1
19.38	1
19.40	1
19.41	1
19.43	0
19.45	0
19.46	1
19.48	1
19.49	1
19.51	0
19.52	3
19.54	0
19.56	1
19.57	0
19.59	0
19.60	1
19.62	2
19.64	2
19.65	1
19.67	4
19.68	1
19.70	1
19.71	2
19.73	3
19.75	2
19.76	0
19.78	1
19.79	0
19.81	0
19.83	1
19.84	0
19.86	0
19.87	2
19.89	2
19.90	1
19.92	1
19.94	1
19.95	2
19.97	0
19.98	1
20.00	2
20.02	2
20.03	2
20.05	1
20.06	4
20.08	2
20.09	1
20.11	1
20.13	1
20.14	2
20.16	0
20.17	0
20.19	2
20.20	0
20.22	1
20.24	0
20.25	0
20.27	2
20.28	0
20.30	1
20.32	1
20.33	1
20.35	1
20.36	2
20.38	0
20.39	1
20.41	1
20.43	0
20.44	5
20.46	1
20.47	3
20.49	0
20.51	1
20.52	0
20.54	1
20.55	2
20.57	2
20.58	4
20.60	2
20.62	1
20.63	2
20.65	0
20.66	2
20.68	2
20.70	1
20.71	0
20.73	0
20.74	2
20.76	2
20.77	2
20.79	1
20.81	2
20.82	0
20.84	0
20.85	0
20.87	0
20.89	1
20.90	2
20.92	2
20.93	0
20.95	1
20.96	1
20.98	2
21.00	0
21.01	3
21.03	0
21.04	1
21.06	2
21.08	1
21.09	0
21.11	1
21.12	1
21.14	2
21.15	3
21.17	0
21.19	3
21.20	1
21.22	0
21.23	1
21.25	0
21.26	2
21.28	0
21.30	2
21.31	0
21.33	2
21.34	1
21.36	1
21.38	3
21.39	0
21.41	1
21.42	0
21.44	3
21.45	2
21.47	0
21.49	0
21.50	0
21.52	0
21.53	1
21.55	1
21.57	0
21.58	2
21.60	1
21.61	1
21.63	0
21.64	0
21.66	1
21.68	2
21.69	0
21.71	1
21.72	1
21.74	2
21.76	0
21.77	0
21.79	0
21.80	0
21.82	0
21.83	2
21.85	1
21.87	2
21.88	2
21.90	2
21.91	0
21.93	2
21.95	1
21.96	0
21.98	5
21.99	0
22.01	0
22.02	1
22.04	0
22.06	3
22.07	0
22.09	0
22.10	1
22.12	0
22.14	1
22.15	1
22.17	0
22.18	0
22.20	0
22.21	0
22.23	1
22.25	0
22.26	2
22.28	0
22.29	0
22.31	2
22.32	2
22.34	1
22.36	0
22.37	0
22.39	0
22.40	1
22.42	0
22.44	0
22.45	0
22.47	0
22.48	1
22.50	3
22.51	1
22.53	0
22.55	0
22.56	0
22.58	0
22.59	2
22.61	0
22.63	1
22.64	1
22.66	2
22.67	3
22.69	0
22.70	0
22.72	2
22.74	1
22.75	1
22.77	0
22.78	2
22.80	0
22.82	0
22.83	3
22.85	0
22.86	3
22.88	2
22.89	1
22.91	0
22.93	0
22.94	0
22.96	0
22.97	0
22.99	1
23.01	0
23.02	1
23.04	0
23.05	2
23.07	0
23.08	1
23.10	1
23.12	1
23.13	1
23.15	0
23.16	1
23.18	0
23.20	1
23.21	0
23.23	3
23.24	3
23.26	0
23.27	2
23.29	2
23.31	0
23.32	1
23.34	0
23.35	0
23.37	0
23.38	0
23.40	1
23.42	2
23.43	1
23.45	2
23.46	1
23.48	0
23.50	2
23.51	0
23.53	0
23.54	0
23.56	2
23.57	1
23.59	0
23.61	0
23.62	0
23.64	3
23.65	0
23.67	1
23.69	1
23.70	1
23.72	0
23.73	0
23.75	0
23.76	1
23.78	0
23.80	0
23.81	0
23.83	1
23.84	2
23.86	0
23.88	1
23.89	0
23.91	1
23.92	2
23.94	0
23.95	0
23.97	0
23.99	0
24.00	1
24.02	2
24.03	3
24.05	0
24.07	1
24.08	1
24.10	0
24.11	0
24.13	1
24.14	1
24.16	2
24.18	0
24.19	0
24.21	1
24.22	0
24.24	1
24.26	0
24.27	1
24.29	0
24.30	0
24.32	1
24.33	3
24.35	0
24.37	0
24.38	1
24.40	0
24.41	0
24.43	0
24.45	0
24.46	1
24.48	1
24.49	0
24.51	0
24.52	0
24.54	1
24.56	1
24.57	2
24.59	1
24.60	0
24.62	0
24.63	0
24.65	1
24.67	0
24.68	0
24.70	3
24.71	0
24.73	0
24.75	1
24.76	1
24.78	0
24.79	0
24.81	0
24.82	0
24.84	2
24.86	0
24.87	1
24.89	0
24.90	0
24.92	1
24.94	1
24.95	0
24.97	0
24.98	1
25.00	0
25.01	0
25.03	1
25.05	2
25.06	1
25.08	0
25.09	0
25.11	0
25.13	1
25.14	0
25.16	0
25.17	0
25.19	1
25.20	1
25.22	1
25.24	0
25.25	2
25.27	2
25.28	1
25.30	0
25.32	3
25.33	0
25.35	1
25.36	1
25.38	0
25.39	0
25.41	0
25.43	0
25.44	0
25.46	0
25.47	0
25.49	0
25.51	0
25.52	1
25.54	1
25.55	0
25.57	1
25.58	1
25.60	0
25.62	1
25.63	1
25.65	1
25.66	1
25.68	0
25.69	1
25.71	0
25.73	2
25.74	1
25.76	1
25.77	0
25.79	1
25.81	0
25.82	1
25.84	0
25.85	1
25.87	0
25.88	0
25.90	0
25.92	1
25.93	0
25.95	1
25.96	0
25.98	1
26.00	1
26.01	1
26.03	0
26.04	0
26.06	0
26.07	2
26.09	1
26.11	0
26.12	0
26.14	0
26.15	0
26.17	0
26.19	0
26.20	0
26.22	1
26.23	0
26.25	0
26.26	0
26.28	0
26.30	0
26.31	1
26.33	1
26.34	1
26.36	1
26.38	0
26.39	1
26.41	0
26.42	1
26.44	0
26.45	1
26.47	0
26.49	0
26.50	1
26.52	0
26.53	0
26.55	0
26.57	0
26.58	0
26.60	0
26.61	0
26.63	0
26.64	0
26.66	1
26.68	0
26.69	0
26.71	0
26.72	0
26.74	0
26.75	1
26.77	1
26.79	0
26.80	1
26.82	1
26.83	0
26.85	0
26.87	0
26.88	1
26.90	0
26.91	1
26.93	0
26.94	0
26.96	0
26.98	0
26.99	1
27.01	0
27.02	0
27.04	2
27.06	0
27.07	1
27.09	0
27.10	0
27.12	1
27.13	1
27.15	0
27.17	0
27.18	0
27.20	0
27.21	1
27.23	0
27.25	1
27.26	1
27.28	0
27.29	0
27.31	0
27.32	2
27.34	1
27.36	0
27.37	1
27.39	0
27.40	0
27.42	0
27.44	0
27.45	0
27.47	0
27.48	0
27.50	1
27.51	0
27.53	0
27.55	0
27.56	1
27.58	0
27.59	0
27.61	0
27.63	0
27.64	0
27.66	2
27.67	0
27.69	0
27.70	0
27.72	1
27.74	0
27.75	0
27.77	0
27.78	1
27.80	0
27.81	1
27.83	0
27.85	1
27.86	0
27.88	0
27.89	0
27.91	1
27.93	1
27.94	2
27.96	0
27.97	0
27.99	0
28.00	0
28.02	1
28.04	0
28.05	0
28.07	0
28.08	0
28.10	1
28.12	0
28.13	0
28.15	1
28.16	1
28.18	0
28.19	0
28.21	0
28.23	0
28.24	1
28.26	0
28.27	0
28.29	0
28.31	2
28.32	0
28.34	0
28.35	0
28.37	1
28.38	0
28.40	0
28.42	0
28.43	0
28.45	0
28.46	0
28.48	0
28.50	0
28.51	0
28.53	0
28.54	0
28.56	0
28.57	0
28.59	0
28.61	0
28.62	0
28.64	0
28.65	1
28.67	0
28.69	0
28.70	1
28.72	0
28.73	1
28.75	0
28.76	0
28.78	0
28.80	0
28.81	1
28.83	1
28.84	0
28.86	0
28.88	0
28.89	0
28.91	0
28.92	0
28.94	0
28.95	0
28.97	0
28.99	0
29.00	0
29.02	0
29.03	0
29.05	0
29.06	0
29.08	0
29.10	0
29.11	0
29.13	0
29.14	0
29.16	0
29.18	1
29.19	0
29.21	0
29.22	0
29.24	0
29.25	0
29.27	0
29.29	0
29.30	0
29.32	0
29.33	1
29.35	0
29.37	0
29.38	1
29.40	0
29.41	0
29.43	1
29.44	1
29.46	0
29.48	0
29.49	0
29.51	1
29.52	1
29.54	0
29.56	0
29.57	0
29.59	0
29.60	0
29.62	0
29.63	0
29.65	0
29.67	0
29.68	1
29.70	0
29.71	0
29.73	0
29.75	0
29.76	0
29.78	0
29.79	0
29.81	1
29.82	0
29.84	0
29.86	0
29.87	1
29.89	0
29.90	0
29.92	0
29.94	1
29.95	0
29.97	0
29.98	0
30.00	0
30.01	0
30.03	0
30.05	0
30.06	0
30.08	0
30.09	0
30.11	0
30.12	0
30.14	0
30.16	0
30.17	0
30.19	1
30.20	0
30.22	0
30.24	0
30.25	0
30.27	0
30.28	0
30.30	0
30.31	0
30.33	0
30.35	0
30.36	0
30.38	0
30.39	0
30.41	0
30.43	0
30.44	0
30.46	0
30.47	0
30.49	0
30.50	0
30.52	0
30.54	0
30.55	0
30.57	0
30.58	0
30.60	0
30.62	1
30.63	0
30.65	0
30.66	0
30.68	0
30.69	0
30.71	0
30.73	0
30.74	0
30.76	0
30.77	0
30.79	0
30.81	0
30.82	0
30.84	0
30.85	0
30.87	0
30.88	0
30.90	0
30.92	0
30.93	0
30.95	0
30.96	0
30.98	0
31.00	0
31.01	0
31.03	0
31.04	0
31.06	0
31.07	0
31.09	0
31.11	0
31.12	0
31.14	0
31.15	0
31.17	0
31.18	0
31.20	0
31.22	0
31.23	0
31.25	0
31.26	0
31.28	0
31.30	0
31.31	0
31.33	0
31.34	0
31.36	0
31.37	0
31.39	0
31.41	0
31.42	0
31.44	0
31.45	0
31.47	0
31.49	0
31.50	0
31.52	0
31.53	0
31.55	0
31.56	0
31.58	0
31.60	0
31.61	1
31.63	0
31.64	0
31.66	0
31.68	0
31.69	0
31.71	0
31.72	0
31.74	0
31.75	0
31.77	0
31.79	0
31.80	0
31.82	0
31.83	0
31.85	0
31.87	0
31.88	0
31.90	0
31.91	0
31.93	0
31.94	0
31.96	0
31.98	0
31.99	0
32.01	0
32.02	0
32.04	0
32.06	0
32.07	0
32.09	0
32.10	0
32.12	0
32.13	0
32.15	0
32.17	0
32.18	0
32.20	0
32.21	0
32.23	0
32.24	0
32.26	0
32.28	0
32.29	0
32.31	0
32.32	0
32.34	0
32.36	0
32.37	0
32.39	0
32.40	0
32.42	0
32.43	-1
