# exported by fityk 0.8.7
#9-X:x	9-X:y	9-X:s	9-X:F(x)	9-X:%_1(x)	9-X:%_2(x)	9-X:%_3(x)	9-X:a
0.79	0	1	1.74172e-074	1.74172e-074	0	3.15181e-214	1
0.81	0	1	6.13278e-074	6.13278e-074	0	4.10854e-213	1
0.82	0	1	1.14884e-073	1.14884e-073	0	1.4797e-212	1
0.84	0	1	4.01786e-073	4.01786e-073	0	1.90984e-211	1
0.86	0	1	1.39883e-072	1.39883e-072	0	2.44877e-210	1
0.87	0	1	2.60563e-072	2.60563e-072	0	8.74675e-210	1
0.89	0	1	9.01027e-072	9.01027e-072	0	1.11044e-208	1
0.9	0	1	1.67268e-071	1.67268e-071	0	3.94675e-208	1
0.92	0	1	5.74502e-071	5.74502e-071	0	4.96113e-207	1
0.93	0	1	1.0629e-070	1.0629e-070	0	1.75459e-206	1
0.95	0	1	3.62599e-070	3.62599e-070	0	2.18379e-205	1
0.97	0	1	1.23139e-069	1.23139e-069	0	2.70008e-204	1
0.98	0	1	2.26539e-069	2.26539e-069	0	9.47071e-204	1
1	0	1	7.64126e-069	7.64126e-069	0	1.15943e-202	1
1.01	0	1	1.40101e-068	1.40101e-068	0	4.04666e-202	1
1.03	0	1	4.69371e-068	4.69371e-068	0	4.90514e-201	1
1.05	0	1	1.56541e-067	1.56541e-067	0	5.90658e-200	1
1.06	0	1	2.85397e-067	2.85397e-067	0	2.04457e-199	1
1.08	0	1	9.454e-067	9.454e-067	0	2.43771e-198	1
1.09	0	1	1.71776e-066	1.71776e-066	0	8.39644e-198	1
1.11	0	1	5.65175e-066	5.65175e-066	7.76671e-321	9.91218e-197	1
1.12	0	1	1.02343e-065	1.02343e-065	5.82602e-320	3.39727e-196	1
1.14	2	1.41421	3.3445e-065	3.3445e-065	2.00809e-318	3.97099e-195	1
1.16	0	1	1.08803e-064	1.08803e-064	6.76378e-317	4.61103e-194	1
1.17	1	1	1.95912e-064	1.95912e-064	3.91157e-316	1.56737e-193	1
1.19	1	1	6.33033e-064	6.33033e-064	1.29997e-314	1.80204e-192	1
1.2	1	1	1.13598e-063	1.13598e-063	7.47064e-314	6.09515e-192	1
1.22	12	3.4641	3.64579e-063	3.64579e-063	2.45172e-312	6.93861e-191	1
1.24	24	4.89898	1.16479e-062	1.16479e-062	7.97882e-311	7.84676e-190	1
1.25	27	5.19615	2.07844e-062	2.07844e-062	4.53739e-310	2.63223e-189	1
1.27	39	6.245	6.59548e-062	6.59548e-062	1.45816e-308	2.94738e-188	1
1.28	57	7.54983	1.17291e-061	1.17291e-061	8.2402e-308	9.8382e-188	1
1.3	39	6.245	3.69681e-061	3.69681e-061	2.61498e-306	1.09074e-186	1
1.31	38	6.16441	6.55198e-061	6.55198e-061	1.46848e-305	3.62285e-186	1
1.33	58	7.61577	2.05112e-060	2.05112e-060	4.60183e-304	3.97697e-185	1
1.35	50	7.07107	6.3921e-060	6.3921e-060	1.43004e-302	4.33695e-184	1
1.36	33	5.74456	1.12651e-059	1.12651e-059	7.94675e-302	1.42864e-183	1
1.38	30	5.47723	3.48691e-059	3.48691e-059	2.43859e-300	1.54259e-182	1
1.39	42	6.48074	6.12432e-059	6.12432e-059	1.34662e-299	5.05636e-182	1
1.41	53	7.28011	1.88287e-058	1.88287e-058	4.08063e-298	5.40579e-181	1
1.42	33	5.74456	3.29582e-058	3.29582e-058	2.23924e-297	1.76317e-180	1
1.44	37	6.08276	1.00642e-057	1.00642e-057	6.70059e-296	1.86642e-179	1
1.46	36	6	3.05936e-057	3.05936e-057	1.98829e-294	1.96271e-178	1
1.47	30	5.47723	5.32501e-057	5.32501e-057	1.07968e-293	6.34895e-178	1
1.49	32	5.65685	1.60778e-056	1.60778e-056	3.1637e-292	6.61062e-177	1
1.5	42	6.48074	2.78896e-056	2.78896e-056	1.70717e-291	2.12783e-176	1
1.52	46	6.78233	8.36376e-056	8.36376e-056	4.93979e-290	2.19367e-175	1
1.54	42	6.48074	2.49688e-055	2.49688e-055	1.4174e-288	2.24666e-174	1
1.55	34	5.83095	4.30684e-055	4.30684e-055	7.56866e-288	7.17204e-174	1
1.57	34	5.83095	1.27705e-054	1.27705e-054	2.14455e-286	7.27282e-173	1
1.58	35	5.91608	2.19532e-054	2.19532e-054	1.13796e-285	2.31024e-172	1
1.6	35	5.91608	6.46548e-054	6.46548e-054	3.18402e-284	2.31959e-171	1
1.61	35	5.91608	1.10769e-053	1.10769e-053	1.67893e-283	7.33182e-171	1
1.63	37	6.08276	3.24022e-053	3.24022e-053	4.63888e-282	7.28888e-170	1
1.65	41	6.40312	9.43558e-053	9.43558e-053	1.27101e-280	7.19847e-169	1
1.66	46	6.78233	1.60742e-052	1.60742e-052	6.63205e-280	2.25659e-168	1
1.68	30	5.47723	4.64919e-052	4.64919e-052	1.79438e-278	2.20662e-167	1
1.69	32	5.65685	7.89341e-052	7.89341e-052	9.30422e-278	6.88315e-167	1
1.71	37	6.08276	2.2676e-051	2.2676e-051	2.48587e-276	6.66432e-166	1
1.73	37	6.08276	6.48492e-051	6.48492e-051	6.58614e-275	6.40994e-165	1
1.74	29	5.38516	1.09481e-050	1.09481e-050	3.3794e-274	1.98302e-164	1
1.76	42	6.48074	3.10978e-050	3.10978e-050	8.84147e-273	1.88851e-163	1
1.77	37	6.08276	5.23226e-050	5.23226e-050	4.50816e-272	5.81353e-163	1
1.79	48	6.9282	1.47617e-049	1.47617e-049	1.1647e-270	5.48186e-162	1
1.8	33	5.74456	2.47527e-049	2.47527e-049	5.90142e-270	1.67917e-161	1
1.82	43	6.55744	6.93622e-049	6.93622e-049	1.50558e-268	1.56775e-160	1
1.84	34	5.83095	1.9349e-048	1.9349e-048	3.80896e-267	1.45409e-159	1
1.85	24	4.89898	3.2262e-048	3.2262e-048	1.90981e-266	4.41743e-159	1
1.87	40	6.32456	8.93885e-048	8.93885e-048	4.77116e-265	4.05674e-158	1
1.88	28	5.2915	1.48539e-047	1.48539e-047	2.37725e-264	1.22632e-157	1
1.9	33	5.74456	4.08776e-047	4.08776e-047	5.86462e-263	1.11508e-156	1
1.92	39	6.245	1.11987e-046	1.11987e-046	1.4347e-261	1.00725e-155	1
1.93	25	5	1.85042e-046	1.85042e-046	7.0738e-261	3.01979e-155	1
1.95	29	5.38516	5.03506e-046	5.03506e-046	1.70885e-259	2.70086e-154	1
1.96	31	5.56776	8.29154e-046	8.29154e-046	8.37266e-259	8.0573e-154	1
1.98	30	5.47723	2.24091e-045	2.24091e-045	1.99732e-257	7.13527e-153	1
1.99	24	4.89898	3.67775e-045	3.67775e-045	9.7246e-257	2.11809e-152	1
2.01	25	5	9.87244e-045	9.87244e-045	2.2908e-255	1.85721e-151	1
2.03	26	5.09902	2.63818e-044	2.63818e-044	5.35127e-254	1.61773e-150	1
2.04	34	5.83095	4.30533e-044	4.30533e-044	2.57825e-253	4.76268e-150	1
2.06	24	4.89898	1.14272e-043	1.14272e-043	5.94739e-252	4.10764e-149	1
2.07	29	5.38516	1.85853e-043	1.85853e-043	2.84748e-251	1.20333e-148	1
2.09	28	5.2915	4.89956e-043	4.89956e-043	6.48624e-250	1.02759e-147	1
2.11	36	6	1.28582e-042	1.28582e-042	1.46515e-248	8.71736e-147	1
2.12	36	6	2.07948e-042	2.07948e-042	6.94157e-248	2.53274e-146	1
2.14	27	5.19615	5.42041e-042	5.42041e-042	1.54838e-246	2.12741e-145	1
2.15	34	5.83095	8.73643e-042	8.73643e-042	7.28987e-246	6.15041e-145	1
2.17	36	6	2.26186e-041	2.26186e-041	1.60572e-244	5.11515e-144	1
2.18	35	5.91608	3.63324e-041	3.63324e-041	7.51241e-244	1.47149e-143	1
2.2	29	5.38516	9.34286e-041	9.34286e-041	1.63404e-242	1.21173e-142	1
2.22	19	4.3589	2.39167e-040	2.39167e-040	3.52452e-241	9.91257e-142	1
2.23	31	5.56776	3.82011e-040	3.82011e-040	1.63174e-240	2.82813e-141	1
2.25	28	5.2915	9.71294e-040	9.71294e-040	3.47552e-239	2.29072e-140	1
2.26	40	6.32456	1.54615e-039	1.54615e-039	1.59896e-238	6.50329e-140	1
2.28	27	5.19615	3.90465e-039	3.90465e-039	3.36309e-237	5.21556e-139	1
2.3	32	5.65685	9.81629e-039	9.81629e-039	7.01445e-236	4.15527e-138	1
2.31	30	5.47723	1.55379e-038	1.55379e-038	3.19341e-235	1.16996e-137	1
2.33	34	5.83095	3.87983e-038	3.87983e-038	6.5772e-234	9.2292e-137	1
2.34	34	5.83095	6.12049e-038	6.12049e-038	2.97555e-233	2.58573e-136	1
2.36	26	5.09902	1.51796e-037	1.51796e-037	6.05183e-232	2.01963e-135	1
2.37	22	4.69042	2.38649e-037	2.38649e-037	2.72069e-231	5.63039e-135	1
2.39	26	5.09902	5.87879e-037	5.87879e-037	5.46423e-230	4.35432e-134	1
2.41	28	5.2915	1.44162e-036	1.44162e-036	1.08826e-228	3.34528e-133	1
2.42	28	5.2915	2.25371e-036	2.25371e-036	4.84138e-228	9.24937e-133	1
2.44	33	5.74456	5.48928e-036	5.48928e-036	9.52151e-227	7.03588e-132	1
2.45	18	4.24264	8.5524e-036	8.5524e-036	4.20927e-226	1.93573e-131	1
2.47	28	5.2915	2.069e-035	2.069e-035	8.17477e-225	1.45796e-130	1
2.48	26	5.09902	3.21262e-035	3.21262e-035	3.59123e-224	3.99136e-130	1
2.5	25	5	7.71943e-035	7.71943e-035	6.8872e-223	2.97658e-129	1
2.52	22	4.69042	1.84649e-034	1.84649e-034	1.30978e-221	2.20517e-128	1
2.53	24	4.89898	2.85097e-034	2.85097e-034	5.69387e-221	5.98728e-128	1
2.55	25	5	6.77342e-034	6.77342e-034	1.06929e-219	4.39187e-127	1
2.56	24	4.89898	1.04227e-033	1.04227e-033	4.61923e-219	1.18654e-126	1
2.58	26	5.09902	2.45952e-033	2.45952e-033	8.56619e-218	8.61785e-126	1
2.6	30	5.47723	5.77772e-033	5.77772e-033	1.57529e-216	6.2179e-125	1
2.61	33	5.74456	8.84042e-033	8.84042e-033	6.7341e-216	1.66606e-124	1
2.63	25	5	2.06269e-032	2.06269e-032	1.22288e-214	1.19023e-123	1
2.64	22	4.69042	3.14541e-032	3.14541e-032	5.1948e-214	3.17339e-123	1
2.66	20	4.47214	7.28939e-032	7.28939e-032	9.31546e-213	2.2447e-122	1
2.67	25	5	1.1078e-031	1.1078e-031	3.93238e-212	5.95523e-122	1
2.69	25	5	2.54994e-031	2.54994e-031	6.96343e-211	4.17088e-121	1
2.71	29	5.38516	5.84299e-031	5.84299e-031	1.22277e-209	2.90193e-120	1
2.72	21	4.58258	8.8298e-031	8.8298e-031	5.10786e-209	7.63554e-120	1
2.74	28	5.2915	2.0096e-030	2.0096e-030	8.85713e-208	5.2601e-119	1
2.75	22	4.69042	3.02658e-030	3.02658e-030	3.67665e-207	1.37719e-118	1
2.77	30	5.47723	6.84172e-030	6.84172e-030	6.29562e-206	9.39383e-118	1
2.79	38	6.16441	1.53962e-029	1.53962e-029	1.069e-204	6.36533e-117	1
2.8	32	5.65685	2.30569e-029	2.30569e-029	4.39118e-204	1.65285e-116	1
2.82	24	4.89898	5.15353e-029	5.15353e-029	7.36297e-203	1.10894e-115	1
2.83	21	4.58258	7.69165e-029	7.69165e-029	3.00554e-202	2.86528e-115	1
2.85	35	5.91608	1.70756e-028	1.70756e-028	4.97651e-201	1.90342e-114	1
2.86	34	5.83095	2.53991e-028	2.53991e-028	2.01864e-200	4.89375e-114	1
2.88	36	6	5.60053e-028	5.60053e-028	3.30062e-199	3.21887e-113	1
2.9	26	5.09902	1.22935e-027	1.22935e-027	5.35161e-198	2.10328e-112	1
2.91	27	5.19615	1.81829e-027	1.81829e-027	2.14814e-197	5.3631e-112	1
2.93	25	5	3.96428e-027	3.96428e-027	3.43941e-196	3.46979e-111	1
2.94	24	4.89898	5.84357e-027	5.84357e-027	1.37192e-195	8.8038e-111	1
2.96	36	6	1.26542e-026	1.26542e-026	2.16911e-194	5.63964e-110	1
2.98	20	4.47214	2.72788e-026	2.72788e-026	3.40086e-193	3.58891e-109	1
2.99	27	5.19615	3.99838e-026	3.99838e-026	1.34238e-192	9.03113e-109	1
3.01	29	5.38516	8.56109e-026	8.56109e-026	2.07833e-191	5.69047e-108	1
3.02	23	4.79583	1.25059e-025	1.25059e-025	8.15205e-191	1.42487e-107	1
3.04	30	5.47723	2.65959e-025	2.65959e-025	1.24634e-189	8.88947e-107	1
3.05	24	4.89898	3.87193e-025	3.87193e-025	4.85799e-189	2.21488e-106	1
3.07	25	5	8.17864e-025	8.17864e-025	7.33431e-188	1.36819e-105	1
3.09	32	5.65685	1.71977e-024	1.71977e-024	1.09804e-186	8.39597e-105	1
3.1	31	5.56776	2.4896e-024	2.4896e-024	4.23524e-186	2.07471e-104	1
3.12	32	5.65685	5.19963e-024	5.19963e-024	6.26133e-185	1.2606e-103	1
3.13	20	4.47214	7.50167e-024	7.50167e-024	2.39991e-184	3.09964e-103	1
3.15	21	4.58258	1.55616e-023	1.55616e-023	3.5036e-183	1.86477e-102	1
3.17	22	4.69042	3.21358e-023	3.21358e-023	5.07213e-182	1.11448e-101	1
3.18	27	5.19615	4.61019e-023	4.61019e-023	1.9238e-181	2.71779e-101	1
3.2	24	4.89898	9.45599e-023	9.45599e-023	2.75022e-180	1.60826e-100	1
3.21	32	5.65685	1.35196e-022	1.35196e-022	1.03658e-179	3.90256e-100	1
3.23	38	6.16441	2.75427e-022	2.75427e-022	1.46333e-178	2.28656e-099	1
3.24	28	5.2915	3.92456e-022	3.92456e-022	5.48081e-178	5.52108e-099	1
3.26	30	5.47723	7.9412e-022	7.9412e-022	7.64038e-177	3.20297e-098	1
3.28	23	4.79583	1.59963e-021	1.59963e-021	1.05618e-175	1.84591e-097	1
3.29	29	5.38516	2.26646e-021	2.26646e-021	3.91458e-175	4.42043e-097	1
3.31	31	5.56776	4.53455e-021	4.53455e-021	5.34369e-174	2.52242e-096	1
3.32	27	5.19615	6.4031e-021	6.4031e-021	1.96813e-173	6.0106e-096	1
3.34	48	6.9282	1.27242e-020	1.27242e-020	2.65302e-172	3.39598e-095	1
3.36	29	5.38516	2.51713e-020	2.51713e-020	3.54637e-171	1.90609e-094	1
3.37	31	5.56776	3.53434e-020	3.53434e-020	1.29252e-170	4.5046e-094	1
3.39	27	5.19615	6.94445e-020	6.94445e-020	1.70613e-169	2.50339e-093	1
3.4	34	5.83095	9.71777e-020	9.71777e-020	6.1792e-169	5.88692e-093	1
3.42	21	4.58258	1.89649e-019	1.89649e-019	8.0545e-168	3.23933e-092	1
3.43	32	5.65685	2.64488e-019	2.64488e-019	2.89884e-167	7.57989e-092	1
3.45	32	5.65685	5.12678e-019	5.12678e-019	3.73132e-166	4.12976e-091	1
3.47	39	6.245	9.8928e-019	9.8928e-019	4.76272e-165	2.2352e-090	1
3.48	24	4.89898	1.37189e-018	1.37189e-018	1.69623e-164	5.18724e-090	1
3.5	27	5.19615	2.62935e-018	2.62935e-018	2.138e-163	2.77986e-089	1
3.51	24	4.89898	3.63393e-018	3.63393e-018	7.56664e-163	6.41933e-089	1
3.53	34	5.83095	6.91765e-018	6.91765e-018	9.418e-162	3.4062e-088	1
3.54	31	5.56776	9.52826e-018	9.52826e-018	3.31222e-161	7.82681e-088	1
3.56	29	5.38516	1.80157e-017	1.80157e-017	4.07106e-160	4.11207e-087	1
3.58	19	4.3589	3.39096e-017	3.39096e-017	4.96191e-159	2.14618e-086	1
3.59	23	4.79583	4.64432e-017	4.64432e-017	1.72684e-158	4.89095e-086	1
3.61	33	5.74456	8.68259e-017	8.68259e-017	2.07839e-157	2.52751e-085	1
3.62	22	4.69042	1.18516e-016	1.18516e-016	7.18781e-157	5.73149e-085	1
3.64	30	5.47723	2.20068e-016	2.20068e-016	8.54284e-156	2.93267e-084	1
3.66	27	5.19615	4.06793e-016	4.06793e-016	1.00684e-154	1.49069e-083	1
3.67	33	5.74456	5.52135e-016	5.52135e-016	3.44568e-154	3.35254e-083	1
3.69	24	4.89898	1.01372e-015	1.01372e-015	4.0102e-153	1.6873e-082	1
3.7	19	4.3589	1.37125e-015	1.37125e-015	1.36378e-152	3.77595e-082	1
3.72	28	5.2915	2.50058e-015	2.50058e-015	1.56736e-151	1.88166e-081	1
3.73	20	4.47214	3.37106e-015	3.37106e-015	5.2968e-151	4.19008e-081	1
3.75	30	5.47723	6.10584e-015	6.10584e-015	6.0113e-150	2.06743e-080	1
3.77	23	4.79583	1.10093e-014	1.10093e-014	6.76516e-149	1.01337e-079	1
3.78	30	5.47723	1.47581e-014	1.47581e-014	2.26238e-148	2.23802e-079	1
3.8	24	4.89898	2.64302e-014	2.64302e-014	2.51424e-147	1.08617e-078	1
3.81	26	5.09902	3.53101e-014	3.53101e-014	8.35527e-147	2.38692e-078	1
3.83	22	4.69042	6.2809e-014	6.2809e-014	9.16924e-146	1.14701e-077	1
3.85	32	5.65685	1.1122e-013	1.1122e-013	9.9784e-145	5.4755e-077	1
3.86	30	5.47723	1.47749e-013	1.47749e-013	3.28139e-144	1.19337e-076	1
3.88	29	5.38516	2.59859e-013	2.59859e-013	3.52628e-143	5.64065e-076	1
3.89	28	5.2915	3.44039e-013	3.44039e-013	1.15234e-142	1.22329e-075	1
3.91	21	4.58258	6.01001e-013	6.01001e-013	1.22284e-141	5.72502e-075	1
3.92	40	6.32456	7.92999e-013	7.92999e-013	3.97099e-141	1.23545e-074	1
3.94	25	5	1.37592e-012	1.37592e-012	4.16123e-140	5.72488e-074	1
3.96	41	6.40312	2.37658e-012	2.37658e-012	4.32413e-139	2.63535e-073	1
3.97	26	5.09902	3.11813e-012	3.11813e-012	1.38954e-138	5.64025e-073	1
3.99	30	5.47723	5.3494e-012	5.3494e-012	1.42587e-137	2.57078e-072	1
4	27	5.19615	6.99479e-012	6.99479e-012	4.55319e-137	5.47485e-072	1
4.02	36	6	1.1919e-011	1.1919e-011	4.61378e-136	2.47078e-071	1
4.04	31	5.56776	2.02182e-011	2.02182e-011	4.63609e-135	1.10771e-070	1
4.05	26	5.09902	2.62879e-011	2.62879e-011	1.46498e-134	2.33962e-070	1
4.07	38	6.16441	4.42907e-011	4.42907e-011	1.45365e-133	1.03856e-069	1
4.08	34	5.83095	5.73923e-011	5.73923e-011	4.56463e-133	2.18272e-069	1
4.1	20	4.47214	9.60425e-011	9.60425e-011	4.47264e-132	9.59352e-069	1
4.11	20	4.47214	1.24032e-010	1.24032e-010	1.39565e-131	2.00628e-068	1
4.13	28	5.2915	2.06156e-010	2.06156e-010	1.35041e-130	8.73107e-068	1
4.15	37	6.08276	3.41111e-010	3.41111e-010	1.29572e-129	3.77462e-067	1
4.16	40	6.32456	4.38036e-010	4.38036e-010	4.00098e-129	7.82887e-067	1
4.18	32	5.65685	7.19886e-010	7.19886e-010	3.7909e-128	3.35119e-066	1
4.19	49	7	9.21306e-010	9.21306e-010	1.16322e-127	6.91629e-066	1
4.21	50	7.07107	1.50388e-009	1.50388e-009	1.08836e-126	2.93135e-065	1
4.23	37	6.08276	2.44375e-009	2.44375e-009	1.0098e-125	1.23422e-064	1
4.24	45	6.7082	3.10987e-009	3.10987e-009	3.06619e-125	2.52626e-064	1
4.26	39	6.245	5.01927e-009	5.01927e-009	2.80927e-124	1.05317e-063	1
4.27	37	6.08276	6.3658e-009	6.3658e-009	8.47662e-124	2.14502e-063	1
4.29	52	7.2111	1.02048e-008	1.02048e-008	7.66918e-123	8.8541e-063	1
4.3	47	6.85565	1.28987e-008	1.28987e-008	2.29956e-122	1.79442e-062	1
4.32	43	6.55744	2.05377e-008	2.05377e-008	2.05448e-121	7.33388e-062	1
4.34	30	5.47723	3.25532e-008	3.25532e-008	1.82018e-120	2.97764e-061	1
4.35	52	7.2111	4.09146e-008	4.09146e-008	5.40075e-120	5.98502e-061	1
4.37	35	5.91608	6.44132e-008	6.44132e-008	4.72496e-119	2.40602e-060	1
4.38	43	6.55744	8.06839e-008	8.06839e-008	1.39317e-118	4.81215e-060	1
4.4	44	6.63325	1.26165e-007	1.26165e-007	1.20359e-117	1.91543e-059	1
4.42	40	6.32456	1.96392e-007	1.96392e-007	1.03112e-116	7.57399e-059	1
4.43	48	6.9282	2.44614e-007	2.44614e-007	3.00855e-116	1.50237e-058	1
4.45	56	7.48331	3.782e-007	3.782e-007	2.54518e-115	5.88206e-058	1
4.46	41	6.40312	4.69467e-007	4.69467e-007	7.37959e-115	1.16099e-057	1
4.48	46	6.78233	7.20942e-007	7.20942e-007	6.1649e-114	4.50066e-057	1
4.49	32	5.65685	8.9189e-007	8.9189e-007	1.77626e-113	8.83942e-057	1
4.51	36	6	1.36038e-006	1.36038e-006	1.46532e-112	3.39286e-056	1
4.53	44	6.63325	2.06559e-006	2.06559e-006	1.1987e-111	1.29371e-055	1
4.54	39	6.245	2.54098e-006	2.54098e-006	3.4177e-111	2.51998e-055	1
4.56	41	6.40312	3.83213e-006	3.83213e-006	2.76087e-110	9.514e-055	1
4.57	42	6.48074	4.69811e-006	4.69811e-006	7.82229e-110	1.84404e-054	1
4.59	37	6.08276	7.03746e-006	7.03746e-006	6.2399e-109	6.89336e-054	1
4.6	36	6	8.59856e-006	8.59856e-006	1.75684e-108	1.32949e-053	1
4.62	39	6.245	1.2793e-005	1.2793e-005	1.38391e-107	4.92086e-053	1
4.64	42	6.48074	1.89477e-005	1.89477e-005	1.08103e-106	1.80937e-052	1
4.65	49	7	2.30203e-005	2.30203e-005	3.01185e-106	3.46093e-052	1
4.67	45	6.7082	3.38648e-005	3.38648e-005	2.32325e-105	1.26001e-051	1
4.68	47	6.85565	4.10044e-005	4.10044e-005	6.43219e-105	2.39821e-051	1
4.7	42	6.48074	5.99131e-005	5.99131e-005	4.8995e-104	8.64495e-051	1
4.72	32	5.65685	8.71464e-005	8.71464e-005	3.70083e-103	3.09576e-050	1
4.73	40	6.32456	0.000104924	0.000104924	1.01392e-102	5.84378e-050	1
4.75	42	6.48074	0.000151586	0.000151586	7.56283e-102	2.07202e-049	1
4.76	40	6.32456	0.000181891	0.000181891	2.059e-101	3.89194e-049	1
4.78	43	6.55744	0.000261004	0.000261004	1.51659e-100	1.36635e-048	1
4.79	43	6.55744	0.000312125	0.000312125	4.10304e-100	2.55377e-048	1
4.81	48	6.9282	0.000444855	0.000444855	2.98434e-099	8.87709e-048	1
4.83	46	6.78233	0.000631167	0.000631167	2.15251e-098	3.06542e-047	1
4.84	31	5.56776	0.000750534	0.000750534	5.76272e-098	5.68228e-047	1
4.86	34	5.83095	0.00105767	0.00105767	4.10446e-097	1.94284e-046	1
4.87	27	5.19615	0.00125344	0.00125344	1.09195e-096	3.58358e-046	1
4.89	28	5.2915	0.00175443	0.00175443	7.68004e-096	1.21318e-045	1
4.91	38	6.16441	0.0024446	0.0024446	5.35647e-095	4.08003e-045	1
4.92	27	5.19615	0.00288075	0.00288075	1.41016e-094	7.46373e-045	1
4.94	42	6.48074	0.00398684	0.00398684	9.71216e-094	2.48536e-044	1
4.95	35	5.91608	0.00468225	0.00468225	2.54081e-093	4.52406e-044	1
4.97	28	5.2915	0.00643625	0.00643625	1.72803e-092	1.49161e-043	1
4.98	43	6.55744	0.0075333	0.0075333	4.49234e-092	2.70174e-043	1
5	36	6	0.0102853	0.0102853	3.01705e-091	8.81994e-043	1
5.02	33	5.74456	0.0139793	0.0139793	2.00931e-090	2.86034e-042	1
5.03	28	5.2915	0.0162698	0.0162698	5.16907e-090	5.13828e-042	1
5.05	19	4.3589	0.0219637	0.0219637	3.39945e-089	1.64993e-041	1
5.06	37	6.08276	0.0254759	0.0254759	8.6904e-089	2.94925e-041	1
5.08	39	6.245	0.034159	0.034159	5.64375e-088	9.37676e-041	1
5.1	30	5.47723	0.0455951	0.0455951	3.63455e-087	2.96158e-040	1
5.11	35	5.91608	0.0525881	0.0525881	9.19442e-087	5.25029e-040	1
5.13	29	5.38516	0.0697195	0.0697195	5.84707e-086	1.64191e-039	1
5.14	23	4.79583	0.0801402	0.0801402	1.46987e-085	2.89638e-039	1
5.16	28	5.2915	0.105529	0.105529	9.23049e-085	8.96843e-039	1
5.17	32	5.65685	0.120891	0.120891	2.30585e-084	1.57424e-038	1
5.19	32	5.65685	0.158114	0.158114	1.42991e-083	4.82643e-038	1
5.21	31	5.56776	0.205864	0.205864	8.79306e-083	1.46998e-037	1
5.22	30	5.47723	0.234503	0.234503	2.17365e-082	2.55904e-037	1
5.24	41	6.40312	0.303259	0.303259	1.31994e-081	7.71716e-037	1
5.25	35	5.91608	0.344278	0.344278	3.24241e-081	1.33681e-036	1
5.27	28	5.2915	0.442209	0.442209	1.9443e-080	3.99159e-036	1
5.29	27	5.19615	0.565435	0.565435	1.15615e-079	1.184e-035	1
5.3	27	5.19615	0.638298	0.638298	2.81042e-079	2.03412e-035	1
5.32	33	5.74456	0.810647	0.810647	1.65026e-078	5.97414e-035	1
5.33	36	6	0.912011	0.912011	3.98637e-078	1.02129e-034	1
5.35	32	5.65685	1.15044	1.15044	2.31148e-077	2.9699e-034	1
5.36	28	5.2915	1.2899	1.2899	5.54856e-077	5.052e-034	1
5.38	26	5.09902	1.61612	1.61612	3.17706e-076	1.45463e-033	1
5.4	31	5.56776	2.01571	2.01571	1.80395e-075	4.16074e-033	1
5.41	26	5.09902	2.24733	2.24733	4.28507e-075	7.01945e-033	1
5.43	28	5.2915	2.78403	2.78403	2.40264e-074	1.988e-032	1
5.44	28	5.2915	3.09344	3.09344	5.67137e-074	3.33731e-032	1
5.46	26	5.09902	3.8063	3.8063	3.14016e-073	9.35846e-032	1
5.48	22	4.69042	4.6623	4.6623	1.72413e-072	2.60701e-031	1
5.49	23	4.79583	5.15124	5.15124	4.02727e-072	4.34045e-031	1
5.51	32	5.65685	6.26705	6.26705	2.18353e-071	1.1972e-030	1
5.52	34	5.83095	6.90085	6.90085	5.06836e-071	1.98338e-030	1
5.54	30	5.47723	8.33888	8.33888	2.71362e-070	5.41669e-030	1
5.55	20	4.47214	9.15111	9.15111	6.25925e-070	8.92937e-030	1
5.57	28	5.2915	10.9833	10.9833	3.30929e-069	2.41459e-029	1
5.59	39	6.245	13.1229	13.1229	1.73501e-068	6.48626e-029	1
5.6	39	6.245	14.3199	14.3199	3.96021e-068	1.06046e-028	1
5.62	24	4.89898	16.9938	16.9938	2.0503e-067	2.82059e-028	1
5.63	34	5.83095	18.4811	18.4811	4.6505e-067	4.58867e-028	1
5.65	31	5.56776	21.7837	21.7837	2.37756e-066	1.20845e-027	1
5.67	43	6.55744	25.5606	25.5606	1.20536e-065	3.16154e-027	1
5.68	36	6	27.641	27.641	2.70546e-065	5.10103e-027	1
5.7	39	6.245	32.2142	32.2142	1.35444e-064	1.32137e-026	1
5.71	41	6.40312	34.7183	34.7183	3.02099e-064	2.12144e-026	1
5.73	39	6.245	40.1889	40.1889	1.49348e-063	5.44115e-026	1
5.74	52	7.2111	43.1662	43.1662	3.31021e-063	8.69249e-026	1
5.76	54	7.34847	49.6301	49.6301	1.61598e-062	2.20749e-025	1
5.78	53	7.28011	56.8046	56.8046	7.82296e-062	5.56909e-025	1
5.79	47	6.85565	60.6688	60.6688	1.71582e-061	8.82369e-025	1
5.81	60	7.74597	68.9696	68.9696	8.20234e-061	2.20409e-024	1
5.82	48	6.9282	73.412	73.412	1.78774e-060	3.47491e-024	1
5.84	87	9.32738	82.8921	82.8921	8.43922e-060	8.59443e-024	1
5.85	61	7.81025	87.9326	87.9326	1.82782e-059	1.34827e-023	1
5.87	75	8.66025	98.6166	98.6166	8.52048e-059	3.30177e-023	1
5.89	84	9.16515	110.1	110.1	3.93866e-058	8.03241e-023	1
5.9	92	9.59166	116.136	116.136	8.44158e-058	1.24974e-022	1
5.92	110	10.4881	128.783	128.783	3.85336e-057	3.01032e-022	1
5.93	94	9.69536	135.384	135.384	8.20694e-057	4.6605e-022	1
5.95	147	12.1244	149.111	149.111	3.69938e-056	1.11153e-021	1
5.97	146	12.083	163.49	163.49	1.6536e-055	2.63353e-021	1
5.98	154	12.4097	170.901	170.901	3.4851e-055	4.04363e-021	1
6	159	12.6095	186.114	186.114	1.53833e-054	9.48603e-021	1
6.01	143	11.9583	193.892	193.892	3.22181e-054	1.44932e-020	1
6.03	196	14	209.724	209.724	1.40432e-053	3.36645e-020	1
6.04	206	14.3527	217.749	217.749	2.92268e-053	5.11799e-020	1
6.06	242	15.5563	233.937	233.937	1.25799e-052	1.17707e-019	1
6.08	230	15.1658	250.194	250.194	5.36946e-052	2.68926e-019	1
6.09	284	16.8523	258.303	258.303	1.10583e-051	4.05483e-019	1
6.11	251	15.843	274.387	274.387	4.66094e-051	9.17275e-019	1
6.12	285	16.8819	282.321	282.321	9.5389e-051	1.37622e-018	1
6.14	309	17.5784	297.872	297.872	3.97021e-050	3.08253e-018	1
6.16	321	17.9165	312.862	312.862	1.63864e-049	6.85897e-018	1
6.17	325	18.0278	320.094	320.094	3.31858e-049	1.02061e-017	1
6.19	277	16.6433	333.929	333.929	1.35255e-048	2.24856e-017	1
6.2	347	18.6279	340.491	340.491	2.72199e-048	3.32929e-017	1
6.22	386	19.6469	352.807	352.807	1.09552e-047	7.26259e-017	1
6.23	381	19.5192	358.522	358.522	2.19089e-047	1.07e-016	1
6.25	406	20.1494	368.978	368.978	8.70734e-047	2.31111e-016	1
6.27	419	20.4695	378.026	378.026	3.43166e-046	4.95891e-016	1
6.28	459	21.4243	381.985	381.985	6.79122e-046	7.2459e-016	1
6.3	409	20.2237	388.706	388.706	2.64301e-045	1.5394e-015	1
6.31	463	21.5174	391.446	391.446	5.19766e-045	2.23824e-015	1
6.33	444	21.0713	395.641	395.641	1.99752e-044	4.70826e-015	1
6.35	506	22.4944	398.077	398.077	7.61251e-044	9.83886e-015	1
6.36	415	20.3715	398.623	398.623	1.48143e-043	1.41877e-014	1
6.38	400	20	398.366	398.366	5.57505e-043	2.93555e-014	1
6.39	461	21.4709	397.562	397.562	1.07812e-042	4.21214e-014	1
6.41	429	20.7123	394.62	394.62	4.00652e-042	8.62933e-014	1
6.42	440	20.9762	392.49	392.49	7.69929e-042	1.23208e-013	1
6.44	421	20.5183	386.951	386.951	2.82542e-041	2.49923e-013	1
6.46	451	21.2368	379.769	379.769	1.02818e-040	5.03622e-013	1
6.47	455	21.3307	375.591	375.591	1.95523e-040	7.13144e-013	1
6.49	385	19.6214	366.128	366.128	7.02613e-040	1.42289e-012	1
6.5	404	20.0998	360.874	360.874	1.32773e-039	2.00489e-012	1
6.52	358	18.9209	349.403	349.403	4.7115e-039	3.96076e-012	1
6.54	388	19.6977	336.771	336.771	1.65792e-038	7.77313e-012	1
6.55	344	18.5472	330.067	330.067	3.10027e-038	1.08625e-011	1
6.57	317	17.8045	315.983	315.983	1.0773e-037	2.11077e-011	1
6.58	316	17.7764	308.644	308.644	2.00188e-037	2.93508e-011	1
6.6	327	18.0831	293.477	293.477	6.8692e-037	5.64713e-011	1
6.61	239	15.4596	285.69	285.69	1.26845e-036	7.81366e-011	1
6.63	276	16.6132	269.814	269.814	4.29807e-036	1.48853e-010	1
6.65	251	15.843	253.671	253.671	1.4442e-035	2.81701e-010	1
6.66	194	13.9284	245.549	245.549	2.639e-035	3.86569e-010	1
6.68	211	14.5258	229.297	229.297	8.75639e-035	7.24359e-010	1
6.69	192	13.8564	221.203	221.203	1.59002e-034	9.891e-010	1
6.71	203	14.2478	205.166	205.166	5.20978e-034	1.83511e-009	1
6.73	144	12	189.433	189.433	1.69275e-033	3.3823e-009	1
6.74	138	11.7473	181.716	181.716	3.04166e-033	4.58048e-009	1
6.76	131	11.4455	166.647	166.647	9.75923e-033	8.35905e-009	1
6.77	134	11.5758	159.318	159.318	1.74261e-032	1.12643e-008	1
6.79	125	11.1803	145.118	145.118	5.52124e-032	2.03537e-008	1
6.8	103	10.1489	138.266	138.266	9.79688e-032	2.72921e-008	1
6.82	71	8.42615	125.091	125.091	3.06518e-031	4.88284e-008	1
6.84	75	8.66025	112.662	112.662	9.50994e-031	8.67834e-008	1
6.85	91	9.53939	106.737	106.737	1.66983e-030	1.1541e-007	1
6.87	76	8.7178	95.4808	95.4808	5.11595e-030	2.03096e-007	1
6.88	76	8.7178	90.1531	90.1531	8.9266e-030	2.68754e-007	1
6.9	80	8.94427	80.1009	80.1009	2.70067e-029	4.68285e-007	1
6.91	58	7.61577	75.3753	75.3753	4.68271e-029	6.1661e-007	1
6.93	71	8.42615	66.5181	66.5181	1.39899e-028	1.0638e-006	1
6.95	46	6.78233	58.4368	58.4368	4.14464e-028	1.82322e-006	1
6.96	76	8.7178	54.6793	54.6793	7.11141e-028	2.38096e-006	1
6.98	49	7	47.7116	47.7116	2.08046e-027	4.0404e-006	1
6.99	51	7.14143	44.4926	44.4926	3.54727e-027	5.25031e-006	1
7.01	47	6.85565	38.5605	38.5605	1.02478e-026	8.82172e-006	1
7.03	61	7.81025	33.2685	33.2685	2.93575e-026	1.47249e-005	1
7.04	49	7	30.8491	30.8491	4.95333e-026	1.89768e-005	1
7.06	55	7.4162	26.4355	26.4355	1.40126e-025	3.13629e-005	1
7.07	48	6.9282	24.43	24.43	2.34943e-025	4.02195e-005	1
7.09	44	6.63325	20.7933	20.7933	6.5632e-025	6.58148e-005	1
7.1	46	6.78233	19.1508	19.1507	1.09352e-024	8.39829e-005	1
7.12	47	6.85565	16.1898	16.1897	3.01655e-024	0.000136073	1
7.14	48	6.9282	13.6249	13.6247	8.25182e-024	0.000219021	1
7.15	50	7.07107	12.478	12.4777	1.36051e-023	0.000277182	1
7.17	56	7.48331	10.4303	10.4299	3.67514e-023	0.000441745	1
7.18	37	6.08276	9.52006	9.5195	6.02133e-023	0.000556286	1
7.2	55	7.4162	7.90423	7.90335	1.60618e-022	0.000877808	1
7.22	41	6.40312	6.53335	6.53198	4.24867e-022	0.00137604	1
7.23	46	6.78233	5.92995	5.92823	6.88833e-022	0.00171858	1
7.25	50	7.07107	4.86912	4.86645	1.7993e-021	0.00266745	1
7.26	60	7.74597	4.40501	4.40169	2.89888e-021	0.00331499	1
7.28	47	6.85565	3.59399	3.5889	7.47742e-021	0.00509452	1
7.29	48	6.9282	3.24146	3.23516	1.19714e-020	0.00629995	1
7.31	63	7.93725	2.62952	2.61994	3.04928e-020	0.00958633	1
7.33	52	7.2111	2.12663	2.11214	7.70202e-020	0.014491	1
7.34	56	7.48331	1.911	1.89322	1.22023e-019	0.0177723	1
7.36	53	7.28011	1.54256	1.51596	3.04355e-019	0.0266001	1
7.37	41	6.40312	1.3867	1.35423	4.79162e-019	0.0324621	1
7.39	51	7.14143	1.12515	1.07704	1.18019e-018	0.0481073	1
7.41	50	7.07107	0.923549	0.852726	2.88255e-018	0.0708232	1
7.42	50	7.07107	0.843182	0.757462	4.49079e-018	0.0857199	1
7.44	54	7.34847	0.7206	0.595649	1.08313e-017	0.124951	1
7.45	55	7.4162	0.677799	0.527314	1.67684e-017	0.150485	1
7.47	58	7.61577	0.629057	0.411863	3.99374e-017	0.217194	1
7.48	52	7.2111	0.623662	0.363378	6.14407e-017	0.260284	1
7.5	54	7.34847	0.653861	0.281901	1.44503e-016	0.37196	1
7.52	54	7.34847	0.745756	0.217706	3.37017e-016	0.52805	1
7.53	66	8.12404	0.818601	0.190995	5.13064e-016	0.627607	1
7.55	54	7.34847	1.02869	0.146504	1.18162e-015	0.882187	1
7.56	40	6.32456	1.17142	0.128093	1.78757e-015	1.04333	1
7.58	58	7.61577	1.54966	0.0975908	4.06539e-015	1.45207	1
7.6	55	7.4162	2.08166	0.0740163	9.16842e-015	2.00764	1
7.61	54	7.34847	2.41917	0.0643502	1.37254e-014	2.35482	1
7.63	39	6.245	3.27215	0.0484755	3.05667e-014	3.22367	1
7.64	76	8.7178	3.80445	0.0420022	4.54719e-014	3.76245	1
7.66	50	7.07107	5.13128	0.0314267	9.99998e-014	5.09985	1
7.67	77	8.77496	5.9499	0.0271378	1.47829e-013	5.92277	1
7.69	64	8	7.96905	0.0201676	3.21031e-013	7.94889	1
7.71	58	7.61577	10.6128	0.0149201	6.91337e-013	10.5979	1
7.72	58	7.61577	12.2195	0.0128113	1.01133e-012	12.2067	1
7.74	72	8.48528	16.1234	0.00941378	2.15064e-012	16.114	1
7.75	69	8.30662	18.4765	0.00805588	3.12635e-012	18.4684	1
7.77	81	9	24.1455	0.00587946	6.56513e-012	24.1397	1
7.79	94	9.69536	31.3488	0.00427168	1.36711e-011	31.3445	1
7.8	93	9.64365	35.6324	0.0036349	1.9666e-011	35.6288	1
7.82	93	9.64365	45.809	0.00262305	4.04397e-011	45.8064	1
7.83	130	11.4018	51.8121	0.00222448	5.78079e-011	51.8099	1
7.85	115	10.7238	65.9543	0.0015944	1.17384e-010	65.9527	1
7.86	164	12.8062	74.2291	0.00134755	1.66746e-010	74.2278	1
7.88	147	12.1244	93.5591	0.000959329	3.34357e-010	93.5581	1
7.9	181	13.4536	117.146	0.000679871	6.64844e-010	117.146	1
7.91	171	13.0767	130.76	0.000571373	9.34561e-010	130.759	1
7.93	198	14.0712	162.111	0.000402191	1.83506e-009	162.111	1
7.94	228	15.0997	180.055	0.000336862	2.56332e-009	180.055	1
7.96	256	16	221.024	0.000235516	4.97023e-009	221.024	1
7.97	316	17.7764	244.276	0.000196592	6.89915e-009	244.275	1
7.99	317	17.8045	296.899	0.000136517	1.32099e-008	296.899	1
8.01	409	20.2237	358.482	9.43724e-005	2.50819e-008	358.482	1
8.02	467	21.6102	392.935	7.83316e-005	3.44526e-008	392.934	1
8.04	442	21.0238	469.757	5.37834e-005	6.45972e-008	469.757	1
8.05	557	23.6008	512.358	4.44905e-005	8.81743e-008	512.358	1
8.07	624	24.98	606.488	3.03412e-005	1.63254e-007	606.487	1
8.09	684	26.1534	713.181	2.05984e-005	2.99738e-007	713.181	1
8.1	780	27.9285	771.458	1.69433e-005	4.04868e-007	771.458	1
8.12	941	30.6757	898.225	1.14249e-005	7.34045e-007	898.224	1
8.13	854	29.2233	966.818	9.36581e-006	9.85281e-007	966.818	1
8.15	1009	31.7648	1114.58	6.27271e-006	1.76401e-006	1114.58	1
8.16	1288	35.8887	1193.77	5.12476e-006	2.3529e-006	1193.77	1
8.18	1364	36.9324	1362.64	3.40908e-006	4.15984e-006	1362.64	1
8.2	1415	37.6165	1545.16	2.25755e-006	7.29296e-006	1545.16	1
8.21	1565	39.5601	1641.32	1.834e-006	9.6261e-006	1641.32	1
8.23	1755	41.8927	1842.81	1.2063e-006	1.66651e-005	1842.81	1
8.24	1877	43.3244	1947.81	9.76661e-007	2.18585e-005	1947.81	1
8.26	1941	44.0568	2165.35	6.38046e-007	3.7369e-005	2165.35	1
8.28	2326	48.2286	2391.33	4.1495e-007	6.33514e-005	2391.33	1
8.29	2268	47.6235	2506.79	3.34065e-007	8.22265e-005	2506.79	1
8.31	2618	51.1664	2741.09	2.15789e-007	0.000137654	2741.09	1
8.32	2660	51.5752	2859.24	1.73138e-007	0.000177545	2859.24	1
8.34	3030	55.0454	3095.64	1.11082e-007	0.000293507	3095.64	1
8.35	3146	56.0892	3213.1	8.88246e-008	0.000376188	3213.1	1
8.37	3544	59.5315	3444.45	5.6603e-008	0.000614108	3444.45	1
8.39	3213	56.6833	3668.13	3.59072e-008	0.000994121	3668.13	1
8.4	3659	60.4897	3775.99	2.85506e-008	0.00126087	3775.99	1
8.42	3925	62.6498	3981.54	1.79892e-008	0.00201556	3981.54	1
8.43	3978	63.0714	4078.35	1.42552e-008	0.00254034	4078.35	1
8.45	4339	65.8711	4257.94	8.92121e-009	0.00401005	4257.93	1
8.47	4223	64.9846	4416.15	5.55789e-009	0.00627715	4416.14	1
8.48	4785	69.1737	4486.31	4.37942e-009	0.00782891	4486.31	1
8.5	4603	67.8454	4607.11	2.70993e-009	0.0121017	4607.1	1
8.51	4398	66.3174	4657.17	2.1281e-009	0.0149986	4657.16	1
8.53	5008	70.7672	4735.4	1.30793e-009	0.0228942	4735.38	1
8.54	4649	68.1836	4763.19	1.02364e-009	0.0281966	4763.16	1
8.56	4740	68.8477	4795.43	6.24877e-010	0.0425016	4795.39	1
8.58	5089	71.3372	4796.09	3.79734e-010	0.0635282	4796.03	1
8.59	4882	69.8713	4784.56	2.95519e-010	0.0774249	4784.48	1
8.61	4923	70.1641	4738.03	1.78371e-010	0.114281	4737.92	1
8.62	5408	73.5391	4703.28	1.38343e-010	0.138406	4703.14	1
8.64	4512	67.1714	4611.63	8.29372e-011	0.201734	4611.43	1
8.66	4718	68.6877	4492.01	4.94969e-011	0.291581	4491.72	1
8.67	4738	68.8331	4422.41	3.8173e-011	0.349448	4422.07	1
8.69	4451	66.7158	4265.29	2.26276e-011	0.498763	4264.79	1
8.7	4178	64.6375	4178.48	1.73918e-011	0.593996	4177.89	1
8.72	3937	62.7455	3990.39	1.02395e-011	0.837195	3989.55	1
8.73	4177	64.6297	3889.93	7.84355e-012	0.99079	3888.94	1
8.75	3888	62.3538	3678.37	4.58674e-012	1.37898	3676.99	1
8.77	3505	59.203	3455.6	2.67012e-012	1.90321	3453.7	1
8.78	3587	59.8916	3341.13	2.0338e-012	2.22887	3338.9	1
8.8	3196	56.5332	3108.24	1.17595e-012	3.0377	3105.2	1
8.81	3136	56	2990.68	8.92674e-013	3.53516	2987.15	1
8.83	2807	52.9811	2755.42	5.12659e-013	4.75775	2750.66	1
8.85	2613	51.1175	2522.57	2.93089e-013	6.34965	2516.22	1
8.86	2348	48.4562	2407.95	2.21232e-013	7.31234	2400.64	1
8.88	2575	50.7445	2184	1.25624e-013	9.63686	2174.36	1
8.89	1559	39.4842	2075.26	9.4504e-014	11.0283	2064.23	1
8.91	1834	42.8252	1865.57	5.33003e-014	14.3522	1851.22	1
8.92	1826	42.7317	1765.09	3.99607e-014	16.3214	1748.77	1
8.94	1540	39.2428	1573.82	2.23855e-014	20.9749	1552.84	1
8.96	1378	37.1214	1396.51	1.24835e-014	26.7299	1369.78	1
8.97	1172	34.2345	1313.41	9.30645e-015	30.0801	1283.33	1
8.99	1143	33.8083	1158.73	5.15475e-015	37.8537	1120.87	1
9	1032	32.1248	1087.27	3.82986e-015	42.3307	1044.94	1
9.02	811	28.4781	956.262	2.10698e-015	52.6036	903.659	1
9.03	851	29.1719	896.728	1.56014e-015	58.456	838.272	1
9.05	735	27.1109	789.518	8.525e-016	71.7334	717.784	1
9.07	678	26.0384	697.856	4.63727e-016	87.2907	610.566	1
9.08	567	23.8118	657.717	3.41436e-016	95.9897	561.727	1
9.1	526	22.9347	588.452	1.84472e-016	115.346	473.106	1
9.11	521	22.8254	559.156	1.35365e-016	126.045	433.111	1
9.13	575	23.9792	510.75	7.2641e-017	149.567	361.183	1
9.15	375	19.3649	475.211	3.88055e-017	175.995	299.216	1
9.16	453	21.2838	461.979	2.83148e-017	190.312	271.667	1
9.18	437	20.9045	443.976	1.50238e-017	221.137	222.838	1
9.19	446	21.1187	438.947	1.09251e-017	237.626	201.321	1
9.21	419	20.4695	436.167	5.75766e-018	272.66	163.507	1
9.22	400	20	438.14	4.17272e-018	291.151	146.989	1
9.24	488	22.0907	448.099	2.18421e-018	329.897	118.202	1
9.26	512	22.6274	465.102	1.13816e-018	370.675	94.4274	1
9.27	472	21.7256	475.871	8.20205e-019	391.681	84.1894	1
9.29	620	24.8998	501.182	4.24509e-019	434.589	66.5923	1
9.3	543	23.3024	515.415	3.04882e-019	456.336	59.0787	1
9.32	626	25.02	546.261	1.56729e-019	499.992	46.2692	1
9.34	567	23.8118	579.243	8.02057e-020	543.244	35.9984	1
9.35	627	25.04	596.148	5.7279e-020	564.474	31.674	1
9.37	648	25.4558	630.031	2.91142e-020	605.631	24.3999	1
9.38	698	26.4197	646.713	2.07215e-020	625.35	21.3626	1
9.4	633	25.1595	678.845	1.04613e-020	662.551	16.2943	1
9.41	759	27.55	694.025	7.42043e-021	679.829	14.1954	1
9.43	729	27	721.979	3.72088e-021	711.258	10.7207	1
9.45	728	26.9815	745.963	1.85737e-021	737.92	8.0432	1
9.46	768	27.7128	756.211	1.31005e-021	749.261	6.94952	1
9.48	725	26.9258	772.783	6.49524e-022	767.621	5.16244	1
9.49	802	28.3196	778.966	4.56575e-022	774.527	4.43842	1
9.51	753	27.4408	786.842	2.2484e-022	783.578	3.26454	1
9.53	699	26.4386	788.493	1.10222e-022	786.107	2.38532	1
9.54	852	29.189	786.935	7.70427e-023	784.901	2.03391	1
9.56	684	26.1534	779.054	3.75131e-023	777.582	1.47147	1
9.57	752	27.4226	772.765	2.61319e-023	771.516	1.24849	1
9.59	791	28.1247	755.654	1.26379e-023	754.759	0.894331	1
9.6	735	27.1109	744.927	8.7739e-024	744.171	0.755055	1
9.62	724	26.9072	719.435	4.21455e-024	718.899	0.535534	1
9.64	804	28.3549	689.058	2.01533e-024	688.68	0.377333	1
9.65	644	25.3772	672.248	1.39126e-024	671.932	0.31595	1
9.67	636	25.219	635.854	6.6078e-025	635.633	0.22042	1
9.68	549	23.4307	616.466	4.54616e-025	616.283	0.18365	1
9.7	602	24.5357	575.823	2.14461e-025	575.696	0.126858	1
9.72	542	23.2809	533.373	1.00714e-025	533.286	0.0870514	1
9.73	472	21.7256	511.727	6.89003e-026	511.655	0.071933	1
9.75	477	21.8403	468.082	3.21377e-026	468.033	0.0488743	1
9.76	488	22.0907	446.27	2.19116e-026	446.23	0.0401865	1
9.78	379	19.4679	403.106	1.01513e-026	403.079	0.027035	1
9.79	380	19.4936	381.912	6.89778e-027	381.89	0.0221194	1
9.81	313	17.6918	340.659	3.17403e-027	340.644	0.0147338	1
9.83	335	18.303	301.323	1.45395e-027	301.313	0.0097496	1
9.84	279	16.7033	282.502	9.82382e-028	282.494	0.00791127	1
9.86	268	16.3707	246.756	4.46964e-028	246.75	0.00518337	1
9.87	225	15	229.892	3.00976e-028	229.887	0.00418523	1
9.89	217	14.7309	198.29	1.36012e-028	198.288	0.00271506	1
9.91	156	12.49	169.604	6.1187e-029	169.602	0.00174973	1
9.92	153	12.3693	156.363	4.09698e-029	156.362	0.00140116	1
9.94	133	11.5326	132.069	1.83062e-029	132.068	0.000894076	1
9.95	117	10.8167	120.995	1.2216e-029	120.994	0.000712428	1
9.97	101	10.0499	100.917	5.42151e-030	100.917	0.000450112	1
9.98	98	9.89949	91.8748	3.60561e-030	91.8745	0.00035689	1
10	80	8.94427	75.6705	1.58936e-030	75.6702	0.000223259	1
10.02	62	7.87401	61.8032	6.97434e-031	61.803	0.000138744	1
10.03	52	7.2111	55.6783	4.61218e-031	55.6782	0.000109104	1
10.05	43	6.55744	44.9058	2.01021e-031	44.9057	6.71335e-005	1
10.06	38	6.16441	40.2016	1.32486e-031	40.2015	5.25306e-005	1
10.08	28	5.2915	32.0178	5.73534e-032	32.0177	3.20041e-005	1
10.1	35	5.91608	25.2868	2.47163e-032	25.2868	1.937e-005	1
10.11	14	3.74166	22.4015	1.61979e-032	22.4015	1.5032e-005	1
10.13	24	4.89898	17.4708	6.93326e-033	17.4708	9.00812e-006	1
10.14	24	4.89898	15.3802	4.52835e-033	15.3802	6.95612e-006	1
10.16	24	4.89898	11.8448	1.92519e-033	11.8448	4.12743e-006	1
10.17	16	4	10.362	1.25315e-033	10.362	3.17147e-006	1
10.19	8	2.82843	7.88028	5.29162e-034	7.88027	1.86324e-006	1
10.21	12	3.4641	5.94283	2.22439e-034	5.94283	1.08744e-006	1
10.22	3	1.73205	5.14461	1.43975e-034	5.14461	8.28703e-007	1
10.24	9	3	3.83122	6.01122e-035	3.83121	4.78885e-007	1
10.25	6	2.44949	3.2958	3.87761e-035	3.2958	3.63137e-007	1
10.27	7	2.64575	2.42369	1.60803e-035	2.42369	2.07777e-007	1
10.28	2	1.41421	2.0719	1.03377e-035	2.0719	1.56778e-007	1
10.3	4	2	1.50458	4.25803e-036	1.50458	8.88193e-008	1
10.32	0	1	1.08347	1.74594e-036	1.08347	4.99872e-008	1
10.33	7	2.64575	0.916539	1.1161e-036	0.916539	3.74075e-008	1
10.35	3	1.73205	0.651755	4.54546e-037	0.651755	2.08451e-008	1
10.36	2	1.41421	0.547878	2.89587e-037	0.547878	1.55221e-008	1
10.38	3	1.73205	0.384724	1.17141e-037	0.384724	8.56432e-009	1
10.4	3	1.73205	0.267898	4.71707e-038	0.267898	4.69422e-009	1
10.41	4	2	0.22285	2.98826e-038	0.22285	3.46675e-009	1
10.43	4	2	0.153237	1.19519e-038	0.153237	1.88143e-009	1
10.44	2	1.41421	0.12667	7.5459e-039	0.12667	1.3826e-009	1
10.46	3	1.73205	0.0860113	2.99767e-039	0.0860113	7.42943e-010	1
10.47	6	2.44949	0.0706529	1.88618e-039	0.0706529	5.43262e-010	1
10.49	3	1.73205	0.0473745	7.44237e-040	0.0473745	2.89044e-010	1
10.51	5	2.23607	0.0315003	2.92331e-040	0.0315003	1.52774e-010	1
10.52	1	1	0.0256054	1.82902e-040	0.0256054	1.10794e-010	1
10.54	0	1	0.0168125	7.1357e-041	0.0168125	5.79822e-011	1
10.55	6	2.44949	0.0135805	4.44948e-041	0.0135805	4.18416e-011	1
10.57	1	1	0.00880541	1.72417e-041	0.00880541	2.16812e-011	1
10.59	4	2	0.00566157	6.65101e-042	0.00566157	1.11606e-011	1
10.6	3	1.73205	0.00452547	4.12387e-042	0.00452547	7.98753e-012	1
10.62	2	1.41421	0.00287331	1.58003e-042	0.00287331	4.0711e-012	1
10.63	1	1	0.00228231	9.76361e-043	0.00228231	2.89924e-012	1
10.65	2	1.41421	0.00143095	3.71557e-043	0.00143095	1.46311e-012	1
10.66	3	1.73205	0.00112949	2.28822e-043	0.00112949	1.03681e-012	1
10.68	4	2	0.000699305	8.64902e-044	0.000699305	5.18068e-013	1
10.7	4	2	0.000429342	3.25441e-044	0.000429342	2.57161e-013	1
10.71	0	1	0.000335355	1.99292e-044	0.000335355	1.80733e-013	1
10.73	2	1.41421	0.000203317	7.44815e-045	0.000203317	8.88281e-014	1
10.74	3	1.73205	0.000157812	4.54561e-045	0.000157812	6.21199e-014	1
10.76	4	2	9.44803e-005	1.68735e-045	9.44803e-005	3.023e-014	1
10.78	2	1.41421	5.60914e-005	6.23528e-046	5.60914e-005	1.46142e-014	1
10.79	6	2.44949	4.30831e-005	3.78394e-046	4.30831e-005	1.0136e-014	1
10.81	2	1.41421	2.52577e-005	1.38883e-046	2.52577e-005	4.85176e-015	1
10.82	3	1.73205	1.92783e-005	8.39969e-047	1.92783e-005	3.34842e-015	1
10.84	2	1.41421	1.11606e-005	3.06211e-047	1.11606e-005	1.58696e-015	1
10.85	3	1.73205	8.46505e-006	1.84571e-047	8.46505e-006	1.08982e-015	1
10.87	2	1.41421	4.83927e-006	6.68307e-048	4.83927e-006	5.11416e-016	1
10.89	2	1.41421	2.74337e-006	2.40893e-048	2.74337e-006	2.38411e-016	1
10.9	4	2	2.05906e-006	1.44382e-048	2.05906e-006	1.62377e-016	1
10.92	0	1	1.15267e-006	5.16909e-049	1.15267e-006	7.49499e-017	1
10.93	1	1	8.5972e-007	3.08765e-049	8.5972e-007	5.07946e-017	1
10.95	4	2	4.75253e-007	1.09796e-049	4.75253e-007	2.32145e-017	1
10.97	2	1.41421	2.60524e-007	3.88666e-050	2.60524e-007	1.05397e-017	1
10.98	3	1.73205	1.92283e-007	2.30854e-050	1.92283e-007	7.08416e-018	1
11	3	1.73205	1.04087e-007	8.11677e-051	1.04087e-007	3.18459e-018	1
11.01	3	1.73205	7.63406e-008	4.80474e-051	7.63406e-008	2.1299e-018	1
11.03	2	1.41421	4.08076e-008	1.67792e-051	4.08076e-008	9.48024e-019	1
11.04	6	2.44949	2.97418e-008	9.89883e-052	2.97418e-008	6.30918e-019	1
11.06	5	2.23607	1.56995e-008	3.43351e-052	1.56995e-008	2.78053e-019	1
11.08	3	1.73205	8.21783e-009	1.18558e-052	8.21783e-009	1.21734e-019	1
11.09	5	2.23607	5.92688e-009	6.95485e-053	5.92688e-009	8.03486e-020	1
11.11	3	1.73205	3.06359e-009	2.38524e-053	3.06359e-009	3.48303e-020	1
11.12	2	1.41421	2.19566e-009	1.3945e-053	2.19566e-009	2.28755e-020	1
11.14	2	1.41421	1.12073e-009	4.75026e-054	1.12073e-009	9.81849e-021	1
11.16	7	2.64575	5.67271e-010	1.61084e-054	5.67271e-010	4.18647e-021	1
11.17	5	2.23607	4.02317e-010	9.36446e-055	4.02317e-010	2.72693e-021	1
11.19	1	1	2.0109e-010	3.15407e-055	2.0109e-010	1.15126e-021	1
11.2	3	1.73205	1.41721e-010	1.82738e-055	1.41721e-010	7.46183e-022	1
11.22	2	1.41421	6.99499e-011	6.11325e-056	6.99499e-011	3.11916e-022	1
11.23	3	1.73205	4.89888e-011	3.52986e-056	4.89888e-011	2.01168e-022	1
11.25	3	1.73205	2.38771e-011	1.17288e-056	2.38771e-011	8.32619e-023	1
11.27	2	1.41421	1.15404e-011	3.8796e-057	1.15404e-011	3.42345e-023	1
11.28	1	1	7.99787e-012	2.2275e-057	7.99787e-012	2.18976e-023	1
11.3	3	1.73205	3.81721e-012	7.3182e-058	3.81721e-012	8.91474e-024	1
11.31	6	2.44949	2.62884e-012	4.18756e-058	2.62884e-012	5.67399e-024	1
11.33	6	2.44949	1.23899e-012	1.36648e-058	1.23899e-012	2.28716e-024	1
11.34	3	1.73205	8.47915e-013	7.79268e-059	8.47915e-013	1.44852e-024	1
11.36	2	1.41421	3.94627e-013	2.5257e-059	3.94627e-013	5.78129e-025	1
11.38	2	1.41421	1.82128e-013	8.14917e-060	1.82128e-013	2.29222e-025	1
11.39	0	1	1.2334e-013	4.62107e-060	1.2334e-013	1.43978e-025	1
11.41	4	2	5.62115e-014	1.48091e-060	5.62115e-014	5.65226e-026	1
11.42	2	1.41421	3.78284e-014	8.3692e-061	3.78284e-014	3.53272e-026	1
11.44	4	2	1.70244e-014	2.66393e-061	1.70244e-014	1.37319e-026	1
11.46	4	2	7.59763e-015	8.4411e-062	7.59763e-015	5.3025e-027	1
11.47	2	1.41421	5.05958e-015	4.74351e-062	5.05958e-015	3.28685e-027	1
11.49	4	2	2.22974e-015	1.4929e-062	2.22974e-015	1.25668e-027	1
11.5	2	1.41421	1.47556e-015	8.36099e-063	1.47556e-015	7.75126e-028	1
11.52	4	2	6.42136e-016	2.61361e-063	6.42136e-016	2.93435e-028	1
11.53	5	2.23607	4.22275e-016	1.4588e-063	4.22275e-016	1.80097e-028	1
11.55	3	1.73205	1.81467e-016	4.52934e-064	1.81467e-016	6.75058e-029	1
11.57	3	1.73205	7.73311e-017	1.39994e-064	7.73311e-017	2.51366e-029	1
11.58	6	2.44949	5.03229e-017	7.76978e-065	5.03229e-017	1.53007e-029	1
11.6	3	1.73205	2.11765e-017	2.38526e-065	2.11765e-017	5.6412e-030	1
11.61	3	1.73205	1.3694e-017	1.31936e-065	1.3694e-017	3.41684e-030	1
11.63	3	1.73205	5.69052e-018	4.02296e-066	5.69052e-018	1.24732e-030	1
11.65	0	1	2.34491e-018	1.22114e-066	2.34491e-018	4.52338e-031	1
11.66	1	1	1.50054e-018	6.71639e-067	1.50054e-018	2.71725e-031	1
11.68	3	1.73205	6.10595e-019	2.02492e-067	6.10595e-019	9.75681e-032	1
11.69	5	2.23607	3.88275e-019	1.10996e-067	3.88275e-019	5.83205e-032	1
11.71	4	2	1.56019e-019	3.32379e-068	1.56019e-019	2.07345e-032	1
11.72	4	2	9.85893e-020	1.81577e-068	9.85893e-020	1.23326e-032	1
11.74	4	2	3.91201e-020	5.40058e-069	3.91201e-020	4.34133e-033	1
11.76	4	2	1.5393e-020	1.59903e-069	1.5393e-020	1.51817e-033	1
11.77	4	2	9.62541e-021	8.68617e-070	9.62541e-021	8.95558e-034	1
11.79	5	2.23607	3.74003e-021	2.55446e-070	3.74003e-021	3.10089e-034	1
11.8	0	1	2.324e-021	1.38292e-070	2.324e-021	1.82015e-034	1
11.82	7	2.64575	8.91712e-022	4.03944e-071	8.91712e-022	6.24014e-035	1
11.84	5	2.23607	3.39287e-022	1.17458e-071	3.39287e-022	2.12526e-035	1
11.85	7	2.64575	2.08627e-022	6.32304e-072	2.08627e-022	1.23721e-035	1
11.87	1	1	7.83872e-023	1.82617e-072	7.83872e-023	4.17211e-036	1
11.88	3	1.73205	4.78977e-023	9.7974e-073	4.78977e-023	2.41677e-036	1
11.9	3	1.73205	1.77714e-023	2.81047e-073	1.77714e-023	8.06941e-037	1
11.91	3	1.73205	1.07909e-023	1.50272e-073	1.07909e-023	4.65124e-037	1
11.93	3	1.73205	3.95361e-024	4.28154e-074	3.95361e-024	1.5377e-037	1
11.95	3	1.73205	1.43644e-024	1.21439e-074	1.43644e-024	5.05012e-038	1
11.96	5	2.23607	8.63108e-025	6.45656e-075	8.63108e-025	2.88696e-038	1
11.98	1	1	3.09663e-025	1.81892e-075	3.09663e-025	9.38786e-039	1
11.99	6	2.44949	1.84899e-025	9.63793e-076	1.84899e-025	5.34015e-039	1
12.01	1	1	6.55072e-026	2.69681e-076	6.55072e-026	1.71939e-039	1
12.03	6	2.44949	2.30144e-026	7.51196e-077	2.30144e-026	5.49951e-040	1
12.04	1	1	1.35984e-026	3.95793e-077	1.35984e-026	3.10258e-040	1
12.06	3	1.73205	4.71768e-027	1.09503e-077	4.71768e-027	9.82581e-041	1
12.07	3	1.73205	2.77002e-027	5.74999e-078	2.77002e-027	5.51588e-041	1
12.09	4	2	9.48977e-028	1.58008e-078	9.48977e-028	1.72964e-041	1
12.1	0	1	5.53701e-028	8.26889e-079	5.53701e-028	9.66158e-042	1
12.12	6	2.44949	1.87318e-028	2.2569e-079	1.87318e-028	2.99973e-042	1
12.14	1	1	6.28405e-029	6.13216e-080	6.28405e-029	9.25225e-043	1
12.15	2	1.41421	3.62829e-029	3.191e-080	3.62829e-029	5.1257e-043	1
12.17	3	1.73205	1.20197e-029	8.61157e-081	1.20197e-029	1.56535e-043	1
12.18	2	1.41421	6.8964e-030	4.46605e-081	6.8964e-030	8.6291e-044	1
12.2	7	2.64575	2.25603e-030	1.19711e-081	2.25603e-030	2.60927e-044	1
12.22	2	1.41421	7.31851e-031	3.19432e-082	7.31851e-031	7.83796e-045	1
12.23	6	2.44949	4.15522e-031	1.64727e-082	4.15522e-031	4.28517e-045	1
12.25	6	2.44949	1.33108e-031	4.3658e-083	1.33108e-031	1.27452e-045	1
12.26	6	2.44949	7.51002e-032	2.24376e-083	7.51002e-032	6.93361e-046	1
12.28	3	1.73205	2.37565e-032	5.9065e-084	2.37565e-032	2.04189e-046	1
12.29	2	1.41421	1.33194e-032	3.02531e-084	1.33194e-032	1.10533e-046	1
12.31	3	1.73205	4.16062e-033	7.91003e-085	4.16062e-033	3.223e-047	1
12.33	6	2.44949	1.2888e-033	2.05884e-085	1.2888e-033	9.33594e-048	1
12.34	3	1.73205	7.15042e-034	1.04859e-085	7.15042e-034	5.01223e-048	1
12.36	1	1	2.18721e-034	2.71084e-086	2.18721e-034	1.43755e-048	1
12.37	6	2.44949	1.20588e-034	1.376e-086	1.20588e-034	7.67968e-049	1
12.39	3	1.73205	3.64245e-035	3.5332e-087	3.64245e-035	2.18087e-049	1
12.4	6	2.44949	1.99559e-035	1.78734e-087	1.99559e-035	1.1593e-049	1
12.42	1	1	5.95242e-036	4.55841e-088	5.95242e-036	3.25971e-050	1
12.44	3	1.73205	1.76064e-036	1.15733e-088	1.76064e-036	9.10522e-051	1
12.45	0	1	9.54535e-037	5.82157e-089	9.54535e-037	4.80032e-051	1
12.47	3	1.73205	2.78805e-037	1.46803e-089	2.78805e-037	1.32763e-051	1
12.48	0	1	1.50206e-037	7.35948e-090	1.50206e-037	6.96471e-052	1
12.5	5	2.23607	4.33239e-038	1.84331e-090	4.33239e-038	1.90723e-052	1
12.52	1	1	1.23915e-038	4.59603e-091	1.23915e-038	5.18841e-053	1
12.53	2	1.41421	6.60622e-039	2.29108e-091	6.60622e-039	2.69944e-053	1
12.55	0	1	1.86586e-039	5.67388e-092	1.86586e-039	7.27109e-054	1
12.56	3	1.73205	9.88497e-040	2.81879e-092	9.88497e-040	3.76431e-054	1
12.58	5	2.23607	2.75698e-040	6.93358e-093	2.75698e-040	1.00394e-054	1
12.59	1	1	1.45143e-040	3.43296e-093	1.45143e-040	5.17178e-055	1
12.61	1	1	3.99747e-041	8.38719e-094	3.99747e-041	1.3657e-055	1
12.63	2	1.41421	1.09177e-041	2.03986e-094	1.09177e-041	3.58261e-056	1
12.64	3	1.73205	5.68767e-042	1.00428e-094	5.68767e-042	1.8304e-056	1
12.66	4	2	1.53395e-042	2.42602e-095	1.53395e-042	4.75428e-057	1
12.67	4	2	7.94112e-043	1.19036e-095	7.94112e-043	2.41701e-057	1
12.69	0	1	2.1149e-043	2.85608e-096	2.1149e-043	6.21602e-058	1
12.71	4	2	5.58537e-044	6.82179e-097	5.58537e-044	1.58809e-058	1
12.72	2	1.41421	2.86132e-044	3.32833e-097	2.86132e-044	8.00723e-059	1
12.74	3	1.73205	7.46208e-045	7.89603e-098	7.46208e-045	2.02554e-059	1
12.75	2	1.41421	3.79874e-045	3.8394e-098	3.79874e-045	1.01623e-059	1
12.77	2	1.41421	9.78285e-046	9.0469e-099	9.78285e-046	2.54535e-060	1
12.78	5	2.23607	4.94893e-046	4.38411e-099	4.94893e-046	1.27071e-060	1
12.8	4	2	1.25854e-046	1.02606e-099	1.25854e-046	3.15134e-061	1
12.82	6	2.44949	3.17381e-047	2.39056e-100	3.17381e-047	7.76379e-062	1
12.83	2	1.41421	1.5888e-047	1.15193e-100	1.5888e-047	3.84403e-062	1
12.85	3	1.73205	3.95651e-048	2.66567e-101	3.95651e-048	9.37689e-063	1
12.86	2	1.41421	1.96819e-048	1.28015e-101	1.96819e-048	4.61976e-063	1
12.88	2	1.41421	4.83997e-049	2.94236e-102	4.83997e-049	1.1158e-063	1
12.9	4	2	1.18025e-049	6.73235e-103	1.18025e-049	2.67722e-064	1
12.91	2	1.41421	5.80992e-050	3.21489e-103	5.80992e-050	1.30814e-064	1
12.93	5	2.23607	1.39905e-050	7.30618e-104	1.39905e-050	3.10776e-065	1
12.94	3	1.73205	6.84377e-051	3.47709e-104	6.84377e-051	1.51101e-065	1
12.96	1	1	1.62738e-051	7.84866e-105	1.62738e-051	3.5543e-066	1
12.97	4	2	7.91077e-052	3.72262e-105	7.91077e-052	1.71957e-066	1
12.99	3	1.73205	1.85756e-052	8.34606e-106	1.85756e-052	4.005e-067	1
13.01	1	1	4.32537e-053	1.86273e-106	4.32537e-053	9.26645e-068	1
13.02	2	1.41421	2.08063e-053	8.78515e-107	2.08063e-053	4.44624e-068	1
13.04	5	2.23607	4.78417e-054	1.94748e-107	4.78417e-054	1.01859e-068	1
13.05	4	2	2.28689e-054	9.15372e-108	2.28689e-054	4.86323e-069	1
13.07	8	2.82843	5.19264e-055	2.01546e-108	5.19264e-055	1.10313e-069	1
13.09	2	1.41421	1.16919e-055	4.41762e-109	1.16919e-055	2.48574e-070	1
13.1	5	2.23607	5.53053e-056	2.06471e-109	5.53053e-056	1.17705e-070	1
13.12	4	2	1.22969e-056	4.49496e-110	1.22969e-056	2.62615e-071	1
13.13	3	1.73205	5.78021e-057	2.09374e-110	5.78021e-057	1.23739e-071	1
13.15	3	1.73205	1.26913e-057	4.52735e-111	1.26913e-057	2.73354e-072	1
13.16	5	2.23607	5.92813e-058	2.10169e-111	5.92813e-058	1.28162e-072	1
13.18	5	2.23607	1.28532e-058	4.51382e-112	1.28532e-058	2.80333e-073	1
13.2	5	2.23607	2.76349e-059	9.65064e-113	2.76349e-059	6.09142e-074	1
13.21	4	2	1.27736e-059	4.45477e-113	1.27736e-059	2.83246e-074	1
13.23	4	2	2.71202e-060	9.46e-114	2.71202e-060	6.09401e-075	1
13.24	4	2	1.2457e-060	4.35199e-114	1.2457e-060	2.81966e-075	1
13.26	6	2.44949	2.61171e-061	9.17925e-115	2.61171e-061	6.00662e-076	1
13.28	3	1.73205	5.42988e-062	1.92736e-115	5.42988e-062	1.27114e-076	1
13.29	2	1.41421	2.46806e-062	8.81667e-116	2.46806e-062	5.8331e-077	1
13.31	4	2	5.06702e-063	1.83871e-116	5.06702e-063	1.22224e-077	1
13.32	4	2	2.28867e-063	8.38268e-117	2.28867e-063	5.58098e-078	1
13.34	1	1	4.63993e-064	1.73639e-117	4.63993e-064	1.15788e-078	1
13.35	3	1.73205	2.08262e-064	7.88937e-118	2.08262e-064	5.26094e-079	1
13.37	7	2.64575	4.16936e-065	1.62316e-118	4.16936e-065	1.08072e-079	1
13.39	8	2.82843	8.2772e-066	3.32441e-119	8.2772e-066	2.20541e-080	1
13.4	1	1	3.67641e-066	1.50195e-119	3.67641e-066	9.93805e-081	1
13.42	3	1.73205	7.20726e-067	3.05537e-120	7.20726e-067	2.00805e-081	1
13.43	3	1.73205	3.18109e-067	1.37572e-120	3.18109e-067	9.00396e-082	1
13.45	3	1.73205	6.15821e-068	2.77967e-121	6.15821e-068	1.80136e-082	1
13.46	3	1.73205	2.70101e-068	1.24735e-121	2.70101e-068	8.03725e-083	1
13.48	1	1	5.1634e-069	2.50325e-122	5.1634e-069	1.5921e-083	1
13.5	4	2	9.78814e-070	5.00099e-123	9.78814e-070	3.133e-084	1
13.51	2	1.41421	4.2483e-070	2.2315e-123	4.2483e-070	1.38637e-084	1
13.53	1	1	7.95264e-071	4.42795e-124	7.95264e-071	2.70126e-085	1
13.54	2	1.41421	3.42998e-071	1.96911e-124	3.42998e-071	1.18941e-085	1
13.56	7	2.64575	6.34044e-072	3.88087e-125	6.34044e-072	2.29464e-086	1
13.58	1	1	1.16226e-072	7.61423e-126	1.16226e-072	4.39769e-087	1
13.59	2	1.41421	4.9605e-073	3.36696e-126	4.9605e-073	1.92045e-087	1
13.61	2	1.41421	8.97924e-074	6.56128e-127	8.97924e-074	3.64426e-088	1
13.62	2	1.41421	3.80829e-074	2.89153e-127	3.80829e-074	1.58356e-088	1
13.64	3	1.73205	6.8073e-075	5.5967e-128	6.8073e-075	2.97533e-089	1
13.65	1	1	2.869e-075	2.45809e-128	2.869e-075	1.2865e-089	1
13.67	2	1.41421	5.06417e-076	4.7256e-129	5.06417e-076	2.39334e-090	1
13.69	5	2.23607	8.86421e-077	9.04381e-130	8.86421e-077	4.42312e-091	1
13.7	3	1.73205	3.69691e-077	3.94968e-130	3.69691e-077	1.89677e-091	1
13.72	3	1.73205	6.39002e-078	7.50778e-131	6.39002e-078	3.47084e-092	1
13.73	4	2	2.6483e-078	3.26775e-131	2.6483e-078	1.48104e-092	1
13.75	2	1.41421	4.52025e-079	6.16953e-132	4.52025e-079	2.68338e-093	1
13.77	4	2	7.65089e-080	1.15955e-132	7.65089e-080	4.82976e-094	1
13.78	4	2	3.13776e-080	5.0185e-133	3.13776e-080	2.04396e-094	1
13.8	5	2.23607	5.24446e-081	9.36844e-134	5.24446e-081	3.64259e-095	1
13.81	3	1.73205	2.13734e-081	4.04089e-134	2.13734e-081	1.53392e-095	1
13.83	3	1.73205	3.52767e-082	7.49246e-135	3.52767e-082	2.70668e-096	1
13.84	1	1	1.42865e-082	3.22078e-135	1.42865e-082	1.13417e-096	1
13.86	0	1	2.32848e-083	5.93148e-136	2.32848e-083	1.98155e-097	1
13.88	2	1.41421	3.76332e-084	1.08743e-136	3.76332e-084	3.43924e-098	1
13.89	1	1	1.50818e-084	4.64817e-137	1.50818e-084	1.42927e-098	1
13.91	2	1.41421	2.40705e-085	8.46396e-138	2.40705e-085	2.45622e-099	1
13.92	2	1.41421	9.58591e-086	3.60564e-138	9.58591e-086	1.01571e-099	1
13.94	4	2	1.51076e-086	6.52121e-139	1.51076e-086	1.72828e-100	1
13.96	0	1	2.3611e-087	1.17411e-139	2.3611e-087	2.92141e-101	1
13.97	4	2	9.30476e-088	4.97352e-140	9.30476e-088	1.19813e-101	1
13.99	4	2	1.436e-088	8.89404e-141	1.436e-088	2.00529e-102	1
14	3	1.73205	5.62356e-089	3.75475e-141	5.62356e-089	8.18344e-103	1
14.02	3	1.73205	8.57023e-090	6.66915e-142	8.57023e-090	1.35613e-103	1
14.03	3	1.73205	3.33515e-090	2.80594e-142	3.33515e-090	5.50693e-104	1
14.05	2	1.41421	5.01912e-091	4.95019e-143	5.01912e-091	9.03589e-105	1
14.07	0	1	7.49022e-092	8.69364e-144	7.49022e-092	1.47286e-105	1
14.08	3	1.73205	2.88444e-092	3.6371e-144	2.88444e-092	5.93172e-106	1
14.1	7	2.64575	4.25069e-093	6.34438e-145	4.25069e-093	9.57341e-107	1
14.11	1	1	1.62664e-093	2.64527e-145	1.62664e-093	3.83648e-107	1
14.13	8	2.82843	2.36713e-094	4.58308e-146	2.36713e-094	6.13075e-108	1
14.15	2	1.41421	3.41592e-095	7.90462e-147	3.41592e-095	9.73249e-109	1
14.16	2	1.41421	1.29355e-095	3.27723e-147	1.29355e-095	3.86815e-109	1
14.18	5	2.23607	1.84331e-096	5.61416e-148	1.84331e-096	6.08006e-110	1
14.19	2	1.41421	6.9365e-097	2.31973e-148	6.9365e-097	2.40455e-110	1
14.21	1	1	9.76087e-098	3.94702e-149	9.76087e-098	3.74226e-111	1
14.22	4	2	3.65002e-098	1.62536e-149	3.65002e-098	1.47268e-111	1
14.24	2	1.41421	5.07196e-099	2.74685e-150	5.07196e-099	2.26935e-112	1
14.26	1	1	6.98892e-100	4.62122e-151	6.98892e-100	3.47397e-113	1
14.27	3	1.73205	2.58619e-100	1.89226e-151	2.58619e-100	1.35585e-113	1
14.29	2	1.41421	3.51906e-101	3.16197e-152	3.51906e-101	2.05509e-114	1
14.3	4	2	1.29402e-101	1.29036e-152	1.29402e-101	7.98113e-115	1
14.32	3	1.73205	1.73876e-102	2.14161e-153	1.73876e-102	1.19778e-115	1
14.34	8	2.82843	2.31682e-103	3.53839e-154	2.31682e-103	1.78575e-116	1
14.35	4	2	8.43047e-104	1.43583e-154	8.43047e-104	6.87807e-117	1
14.37	1	1	1.10927e-104	2.35626e-155	1.10927e-104	1.01532e-117	1
14.38	2	1.41421	4.01108e-105	9.52899e-156	4.01108e-105	3.89133e-118	1
14.4	2	1.41421	5.21167e-106	1.55318e-156	5.21167e-106	5.68762e-119	1
14.41	2	1.41421	1.8727e-106	6.25997e-157	1.8727e-106	2.16906e-119	1
14.43	1	1	2.40279e-107	1.01345e-157	2.40279e-107	3.13905e-120	1
14.45	1	1	3.05715e-108	1.6333e-158	3.05715e-108	4.5129e-121	1
14.46	3	1.73205	1.08705e-108	6.54578e-159	1.08705e-108	1.7069e-121	1
14.48	3	1.73205	1.36579e-109	1.0478e-159	1.36579e-109	2.42974e-122	1
14.49	2	1.41421	4.82597e-110	4.18507e-160	4.82597e-110	9.14451e-123	1
14.51	2	1.41421	5.98756e-111	6.65389e-161	5.98756e-111	1.28886e-123	1
14.53	2	1.41421	7.36665e-112	1.05314e-161	7.36665e-112	1.80461e-124	1
14.54	1	1	2.57581e-112	4.18266e-162	2.57581e-112	6.7359e-125	1
14.56	3	1.73205	3.12943e-113	6.5753e-163	3.12943e-113	9.33829e-126	1
14.57	6	2.44949	1.08736e-113	2.60262e-163	1.08736e-113	3.46838e-126	1
14.59	4	2	1.30454e-114	4.06375e-164	1.30454e-114	4.76094e-127	1
14.6	2	1.41421	4.50434e-115	1.60306e-164	4.50434e-115	1.75954e-127	1
14.62	5	2.23607	5.33638e-116	2.48611e-165	5.33638e-116	2.39145e-128	1
14.64	1	1	6.26926e-117	3.8382e-166	6.26926e-117	3.22887e-129	1
14.65	2	1.41421	2.14207e-117	1.50555e-166	2.14207e-117	1.18351e-129	1
14.67	5	2.23607	2.48505e-118	2.30864e-167	2.48505e-118	1.58218e-130	1
14.68	2	1.41421	8.4376e-119	9.02505e-168	8.4376e-119	5.77061e-131	1
14.7	3	1.73205	9.66611e-120	1.37456e-168	9.66611e-120	7.63839e-132	1
14.71	6	2.44949	3.26138e-120	5.35533e-169	3.26138e-120	2.77214e-132	1
14.73	4	2	3.68949e-121	8.10131e-170	3.68949e-121	3.63321e-133	1
14.75	3	1.73205	4.1389e-122	1.22e-170	4.1389e-122	4.73037e-134	1
14.76	6	2.44949	1.3819e-122	4.72636e-171	1.3819e-122	1.70263e-134	1
14.78	0	1	1.53084e-123	7.06946e-172	1.53084e-123	2.19493e-135	1
14.79	0	1	5.0791e-124	2.72948e-172	5.0791e-124	7.86129e-136	1
14.81	1	1	5.5561e-125	4.05502e-173	5.5561e-125	1.00343e-136	1
14.83	2	1.41421	6.02708e-126	5.99712e-174	6.02708e-126	1.27236e-137	1
14.84	1	1	1.97883e-126	2.3024e-174	1.97883e-126	4.51957e-138	1
14.86	5	2.23607	2.11971e-127	3.38208e-175	2.11971e-127	5.67435e-139	1
14.87	1	1	6.91584e-128	1.29405e-175	6.91584e-128	2.00562e-139	1
14.89	2	1.41421	7.31552e-129	1.88802e-176	7.31552e-129	2.49323e-140	1
14.9	2	1.41421	2.3718e-129	7.19946e-177	2.3718e-129	8.76884e-141	1
14.92	5	2.23607	2.47748e-130	1.04331e-177	2.47748e-130	1.07932e-141	1
14.94	7	2.64575	2.56624e-131	1.50508e-178	2.56624e-131	1.31974e-142	1
14.95	3	1.73205	8.2333e-132	5.70685e-179	8.2333e-132	4.60342e-143	1
14.97	1	1	8.42156e-133	8.17709e-180	8.42156e-133	5.57331e-144	1
14.98	1	1	2.68494e-133	3.09003e-180	2.68494e-133	1.93443e-144	1
15	4	2	2.71197e-134	4.39763e-181	2.71197e-134	2.31889e-145	1
15.02	5	2.23607	2.71637e-135	6.23033e-182	2.71637e-135	2.76145e-146	1
15.03	1	1	8.56988e-136	2.3411e-182	8.56988e-136	9.50582e-147	1
15.05	3	1.73205	8.4764e-137	3.29433e-183	8.4764e-137	1.12083e-147	1
15.06	5	2.23607	2.65743e-137	1.23368e-183	2.65743e-137	3.8392e-148	1
15.08	3	1.73205	2.59556e-138	1.72426e-184	2.59556e-138	4.48216e-149	1
15.09	2	1.41421	8.08626e-139	6.43527e-185	8.08626e-139	1.52769e-149	1
15.11	2	1.41421	7.79915e-140	8.93349e-186	7.79915e-140	1.76594e-150	1
15.13	3	1.73205	7.45937e-141	1.23456e-186	7.45937e-141	2.0279e-151	1
15.14	3	1.73205	2.29965e-141	4.58163e-187	2.29965e-141	6.85497e-152	1
15.16	5	2.23607	2.17194e-142	6.28875e-188	2.17194e-142	7.7942e-153	1
15.17	2	1.41421	6.65387e-143	2.32595e-188	6.65387e-143	2.62167e-153	1
15.19	3	1.73205	6.20572e-144	3.17101e-189	6.20572e-144	2.95147e-154	1
15.21	0	1	5.73937e-145	4.30361e-190	5.73937e-145	3.30087e-155	1
15.22	1	1	1.73994e-145	1.58275e-190	1.73994e-145	1.10115e-155	1
15.24	4	2	1.58905e-146	2.13355e-191	1.58905e-146	1.21936e-156	1
15.25	1	1	4.7871e-147	7.82005e-192	4.7871e-147	4.04761e-157	1
15.27	1	1	4.31726e-148	1.04701e-192	4.31726e-148	4.43791e-158	1
15.28	1	1	1.29243e-148	3.82461e-193	1.29243e-148	1.46586e-158	1
15.3	4	2	1.151e-149	5.08609e-194	1.151e-149	1.59135e-159	1
15.32	6	2.44949	1.01648e-150	6.73312e-195	1.01648e-150	1.71621e-160	1
15.33	1	1	3.01122e-151	2.44566e-195	3.01122e-151	5.62207e-161	1
15.35	5	2.23607	2.626e-152	3.21576e-196	2.626e-152	6.00337e-162	1
15.36	2	1.41421	7.73046e-153	1.1641e-196	7.73046e-153	1.9569e-162	1
15.38	3	1.73205	6.65718e-154	1.52031e-197	6.65718e-154	2.06901e-163	1
15.4	2	1.41421	5.685e-155	1.97655e-198	5.685e-155	2.17313e-164	1
15.41	3	1.73205	1.65609e-155	7.11475e-199	1.65609e-155	7.02539e-165	1
15.43	4	2	1.39654e-156	9.18736e-200	1.39654e-156	7.30615e-166	1
15.44	6	2.44949	4.04272e-157	3.29587e-200	4.04272e-157	2.35029e-166	1
15.46	2	1.41421	3.36649e-158	4.22722e-201	3.36649e-158	2.42011e-167	1
15.47	3	1.73205	9.68415e-159	1.51134e-201	9.68415e-159	7.74666e-168	1
15.49	2	1.41421	7.96336e-160	1.92531e-202	7.96336e-160	7.89809e-169	1
15.51	2	1.41421	6.49361e-161	2.4416e-203	6.49361e-161	7.99944e-170	1
15.52	3	1.73205	1.84847e-161	8.68013e-204	1.84847e-161	2.53952e-170	1
15.54	0	1	1.48845e-162	1.09334e-204	1.48845e-162	2.54674e-171	1
15.55	1	1	4.21045e-163	3.87377e-205	4.21045e-163	8.04496e-172	1
15.57	2	1.41421	3.34797e-164	4.84637e-206	3.34797e-164	7.98823e-173	1
15.59	3	1.73205	2.63991e-165	6.03582e-207	2.63991e-165	7.87965e-174	1
15.6	1	1	7.38967e-166	2.12647e-207	7.38967e-166	2.46865e-174	1
15.62	4	2	5.75393e-167	2.63047e-208	5.75393e-167	2.41107e-175	1
15.63	2	1.41421	1.60054e-167	9.23598e-209	1.60054e-167	7.5164e-176	1
15.65	4	2	1.23066e-168	1.13478e-209	1.23066e-168	7.26869e-177	1
15.66	4	2	3.40178e-169	3.97089e-210	3.40178e-169	2.25477e-177	1
15.68	4	2	2.58291e-170	4.84584e-211	2.58291e-170	2.15895e-178	1
15.7	5	2.23607	1.94476e-171	5.8869e-212	1.94476e-171	2.05359e-179	1
15.71	3	1.73205	5.31958e-172	2.04837e-212	5.31958e-172	6.3179e-180	1
15.73	4	2	3.95518e-173	2.47162e-213	3.95518e-173	5.95029e-181	1
15.74	2	1.41421	1.07509e-173	8.57098e-214	1.07509e-173	1.82156e-181	1
15.76	3	1.73205	7.89339e-175	1.0272e-214	7.89339e-175	1.69865e-182	1
15.77	2	1.41421	2.1321e-175	3.55003e-215	2.1321e-175	5.17438e-183	1
15.79	3	1.73205	1.54582e-176	4.22583e-216	1.54582e-176	4.77763e-184	1
15.81	1	1	1.11139e-177	5.00758e-217	1.11139e-177	4.38225e-185	1
15.82	2	1.41421	2.97065e-178	1.72088e-217	2.97065e-178	1.32393e-185	1
15.84	0	1	2.10907e-179	2.02544e-218	2.10907e-179	1.20238e-186	1
15.85	0	1	5.60199e-180	6.93694e-219	5.60199e-180	3.61456e-187	1
15.87	3	1.73205	3.92747e-181	8.10946e-220	3.92747e-181	3.25035e-188	1
15.89	5	2.23607	2.73047e-182	9.4374e-221	2.73047e-182	2.90358e-189	1
15.9	3	1.73205	7.17683e-183	3.214e-221	7.17683e-183	8.65684e-190	1
15.92	2	1.41421	4.92707e-184	3.71501e-222	4.92707e-184	7.65699e-191	1
15.93	3	1.73205	1.28692e-184	1.2609e-222	1.28692e-184	2.27159e-191	1
15.95	2	1.41421	8.72445e-186	1.4476e-223	8.72445e-186	1.98941e-192	1
15.96	4	2	2.26446e-186	4.89662e-224	2.26446e-186	5.87279e-193	1
15.98	3	1.73205	1.51595e-187	5.58365e-225	1.51595e-187	5.09251e-194	1
16	4	2	1.00637e-188	6.33836e-226	1.00637e-188	4.38682e-195	1
16.01	6	2.44949	2.58481e-189	2.13191e-226	2.58481e-189	1.28435e-195	1
16.03	4	2	1.69448e-190	2.40371e-227	1.69447e-190	1.09546e-196	1
16.04	5	2.23607	4.32485e-191	8.05753e-228	4.32485e-191	3.19135e-197	1
16.06	4	2	2.79968e-192	9.02336e-229	2.79968e-192	2.69514e-198	1
16.08	7	2.64575	1.79722e-193	1.00594e-229	1.79722e-193	2.2611e-199	1
16.09	2	1.41421	4.53921e-194	3.35301e-230	4.5392e-194	6.53298e-200	1
16.11	2	1.41421	2.87743e-195	3.71272e-231	2.87742e-195	5.42679e-201	1
16.12	1	1	7.22187e-196	1.23334e-231	7.22185e-196	1.56021e-201	1
16.14	2	1.41421	4.5207e-197	1.35642e-232	4.52068e-197	1.28324e-202	1
16.15	3	1.73205	1.1275e-197	4.49069e-233	1.1275e-197	3.6711e-203	1
16.17	4	2	6.96954e-199	4.90544e-234	6.96951e-199	2.98963e-204	1
16.19	2	1.41421	4.27215e-200	5.33432e-235	4.27213e-200	2.41862e-205	1
16.2	3	1.73205	1.05439e-200	1.75607e-235	1.05438e-200	6.86225e-206	1
16.22	3	1.73205	6.38227e-202	1.8967e-236	6.38221e-202	5.49683e-207	1
16.23	3	1.73205	1.56529e-202	6.22284e-237	1.56528e-202	1.55188e-207	1
16.25	3	1.73205	9.35625e-204	6.67571e-238	9.35613e-204	1.23083e-208	1
16.27	1	1	5.54579e-205	7.12923e-239	5.5457e-205	9.69772e-210	1
16.28	0	1	1.34595e-205	2.32583e-239	1.34592e-205	2.71537e-210	1
16.3	1	1	7.87811e-207	2.46705e-240	7.8779e-207	2.11833e-211	1
16.31	5	2.23607	1.89999e-207	8.02122e-241	1.89994e-207	5.902e-212	1
16.33	0	1	1.0982e-208	8.45072e-242	1.09815e-208	4.55889e-213	1
16.34	5	2.23607	2.63195e-209	2.73832e-242	2.63182e-209	1.2639e-213	1
16.36	3	1.73205	1.50224e-210	2.86544e-243	1.50214e-210	9.66644e-215	1
16.38	1	1	8.50273e-212	2.98493e-244	8.502e-212	7.34431e-216	1
16.39	3	1.73205	2.01652e-212	9.61766e-245	2.01632e-212	2.01937e-216	1
16.41	1	1	1.12709e-213	9.951e-246	1.12694e-213	1.51913e-217	1
16.42	2	1.41421	2.65626e-214	3.19543e-246	2.65585e-214	4.15632e-218	1
16.44	4	2	1.46611e-215	3.28383e-247	1.4658e-215	3.09587e-219	1
16.46	1	1	8.02467e-217	3.35945e-248	8.02238e-217	2.29079e-220	1
16.47	3	1.73205	1.87152e-217	1.07269e-248	1.8709e-217	6.216e-221	1
16.49	2	1.41421	1.01159e-218	1.08997e-249	1.01113e-218	4.55417e-222	1
16.5	3	1.73205	2.34449e-219	3.46857e-250	2.34326e-219	1.22965e-222	1
16.52	2	1.41421	1.25147e-220	3.50063e-251	1.25058e-220	8.9202e-224	1
16.53	2	1.41421	2.88238e-221	1.11022e-251	2.87999e-221	2.39659e-224	1
16.55	0	1	1.51952e-222	1.1129e-252	1.51779e-222	1.7214e-225	1
16.57	6	2.44949	7.94441e-224	1.11056e-253	7.93213e-224	1.22829e-226	1
16.58	3	1.73205	1.81091e-224	3.50227e-254	1.80764e-224	3.27289e-227	1
16.6	6	2.44949	9.35179e-226	3.47128e-255	9.32867e-226	2.3123e-228	1
16.61	1	1	2.11868e-226	1.09099e-255	2.11255e-226	6.13089e-229	1
16.63	2	1.41421	1.08087e-227	1.07403e-256	1.07658e-227	4.28874e-230	1
16.65	0	1	5.47035e-229	1.05256e-257	5.44054e-229	2.98035e-231	1
16.66	2	1.41421	1.22703e-229	3.28946e-258	1.21919e-229	7.83716e-232	1
16.68	6	2.44949	6.13806e-231	3.20191e-259	6.08414e-231	5.3925e-233	1
16.69	1	1	1.36897e-231	9.97273e-260	1.35486e-231	1.41101e-233	1
16.71	2	1.41421	6.7727e-233	9.64167e-261	6.67657e-233	9.61292e-235	1
16.72	4	2	1.50249e-233	2.99285e-261	1.47746e-233	2.50289e-235	1
16.74	4	2	7.35845e-235	2.87393e-262	7.18962e-235	1.68835e-236	1
16.76	2	1.41421	3.58251e-236	2.74729e-263	3.46937e-236	1.13139e-237	1
16.77	2	1.41421	7.88939e-237	8.47974e-264	7.59723e-237	2.92154e-238	1
16.79	2	1.41421	3.81404e-238	8.05128e-265	3.62019e-238	1.93846e-239	1
16.8	2	1.41421	8.37584e-239	2.47668e-265	7.87776e-239	4.98085e-240	1
16.82	2	1.41421	4.03412e-240	2.33564e-266	3.7069e-240	3.27223e-241	1
16.83	5	2.23607	8.85245e-241	7.1604e-267	8.01581e-241	8.36637e-242	1
16.85	3	1.73205	4.26888e-242	6.70699e-268	3.72466e-242	5.44217e-243	1
16.87	2	1.41421	2.06792e-243	6.25395e-269	1.71625e-243	3.51671e-244	1
16.88	6	2.44949	4.56424e-244	1.90647e-269	3.6725e-244	8.91748e-245	1
16.9	6	2.44949	2.2416e-245	1.76568e-270	1.67104e-245	5.7056e-246	1
16.91	1	1	4.99295e-246	5.36432e-271	3.55331e-246	1.43964e-246	1
16.93	4	2	2.50861e-247	4.93457e-272	1.59658e-247	9.12029e-248	1
16.95	8	2.82843	1.28536e-248	4.51877e-273	7.11382e-249	5.73974e-249	1
16.96	2	1.41421	2.93324e-249	1.36511e-273	1.4969e-249	1.43634e-249	1
16.98	5	2.23607	1.55365e-250	1.24163e-274	6.58621e-251	8.95027e-251	1
16.99	5	2.23607	3.60587e-251	3.73826e-275	1.37718e-251	2.22869e-251	1
17.01	5	2.23607	1.97343e-252	3.37713e-276	5.98364e-253	1.37506e-252	1
17.02	2	1.41421	4.65041e-253	1.01333e-276	1.24333e-253	3.40708e-253	1
17.04	9	3	2.61483e-254	9.09251e-278	5.3345e-255	2.08138e-254	1
17.06	1	1	1.49009e-255	8.12181e-279	2.26963e-256	1.26313e-255	1
17.07	6	2.44949	3.57067e-256	2.42326e-279	4.6668e-257	3.10399e-256	1
17.09	5	2.23607	2.06122e-257	2.14993e-280	1.96071e-258	1.86515e-257	1
17.1	3	1.73205	4.96134e-258	6.39291e-281	4.00629e-259	4.56071e-258	1
17.12	2	1.41421	2.87965e-259	5.63347e-282	1.66214e-260	2.71344e-259	1
17.14	4	2	1.67213e-260	4.94184e-283	6.83828e-262	1.60375e-260	1
17.15	6	2.44949	4.02755e-261	1.4612e-283	1.38267e-262	3.88928e-261	1
17.17	4	2	2.33222e-262	1.27314e-284	5.61734e-264	2.27604e-262	1
17.18	5	2.23607	5.60524e-263	3.75166e-285	1.12868e-264	5.49237e-263	1
17.2	8	2.82843	3.22777e-264	3.24672e-286	4.52807e-266	3.18249e-264	1
17.21	4	2	7.73217e-265	9.53495e-287	9.04101e-267	7.64176e-265	1
17.23	4	2	4.42006e-266	8.19584e-288	3.58172e-268	4.38424e-266	1
17.25	3	1.73205	2.51284e-267	7.01302e-289	1.40709e-269	2.49876e-267	1
17.26	3	1.73205	5.97845e-268	2.04797e-289	2.78015e-270	5.95065e-268	1
17.28	4	2	3.36886e-269	1.74056e-290	1.07852e-271	3.35807e-269	1
17.29	3	1.73205	7.97867e-270	5.06566e-291	2.1176e-272	7.9575e-270	1
17.31	0	1	4.45439e-271	4.27617e-292	8.11215e-274	4.44628e-271	1
17.33	3	1.73205	2.47109e-272	3.59344e-293	3.08165e-275	2.46801e-272	1
17.34	2	1.41421	5.80622e-273	1.03993e-293	5.98742e-276	5.80023e-273	1
17.36	1	1	3.19004e-274	8.67984e-295	2.24605e-277	3.18779e-274	1
17.37	5	2.23607	7.45914e-275	2.5034e-295	4.33652e-278	7.45481e-275	1
17.39	2	1.41421	4.05834e-276	2.07536e-296	1.60639e-279	4.05673e-276	1
17.4	2	1.41421	9.44303e-277	5.96539e-297	3.08205e-280	9.43994e-277	1
17.42	1	1	5.08745e-278	4.91198e-298	1.12741e-281	5.08632e-278	1
17.44	1	1	2.72291e-279	4.02634e-299	4.08958e-283	2.7225e-279	1
17.45	2	1.41421	6.28387e-280	1.1508e-299	7.76444e-284	6.28309e-280	1
17.47	5	2.23607	3.33019e-281	9.36933e-301	2.78124e-285	3.32991e-281	1
17.48	3	1.73205	7.64742e-282	2.66886e-301	5.2473e-286	7.6469e-282	1
17.5	1	1	4.01291e-283	2.15818e-302	1.85608e-287	4.01272e-283	1
17.52	2	1.41421	2.09187e-284	1.73734e-303	6.51045e-289	2.09181e-284	1
17.53	2	1.41421	4.76429e-285	4.92095e-304	1.21549e-289	4.76417e-285	1
17.55	1	1	2.45908e-286	3.9346e-305	4.21015e-291	2.45904e-286	1
17.56	0	1	5.57294e-287	1.11068e-305	7.81095e-292	5.57286e-287	1
17.58	0	1	2.8481e-288	8.82056e-307	2.67167e-293	2.84807e-288	1
17.59	4	2	6.42265e-289	2.48149e-307	4.92554e-294	6.4226e-289	1
17.61	0	1	3.24998e-290	1.95737e-308	1.66366e-295	3.24996e-290	1
17.63	0	1	1.63372e-291	1.53698e-309	5.57222e-297	1.63371e-291	1
17.64	0	1	3.65384e-292	4.29963e-310	1.01658e-297	3.65383e-292	1
17.66	1	1	1.81861e-293	3.35337e-311	3.36233e-299	1.81861e-293	1
17.67	7	2.64575	4.04725e-294	9.3491e-312	6.09566e-300	4.04725e-294	1
17.69	0	1	1.99456e-295	7.24226e-313	1.9909e-301	1.99456e-295	1
17.71	2	1.41421	9.76479e-297	5.58489e-314	6.44809e-303	9.76479e-297	1
17.72	0	1	2.15524e-297	1.54828e-314	1.15679e-303	2.15524e-297	1
17.74	2	1.41421	1.04473e-298	1.18588e-315	3.69972e-305	1.04473e-298	1
17.75	1	1	2.29449e-299	3.27643e-316	6.59567e-306	2.29448e-299	1
17.77	2	1.41421	1.10126e-300	2.49248e-317	2.08307e-307	1.10126e-300	1
17.78	0	1	2.40668e-301	6.86161e-318	3.69029e-308	2.40668e-301	1
17.8	2	1.41421	1.14372e-302	5.18117e-319	1.1509e-309	1.14372e-302	1
17.82	2	1.41421	5.39944e-304	3.74304e-320	3.55934e-311	5.39944e-304	1
17.83	5	2.23607	1.17027e-304	9.85167e-321	6.23977e-312	1.17027e-304	1
17.85	2	1.41421	5.47032e-306	0	1.9056e-313	5.47032e-306	1
17.86	2	1.41421	1.17977e-306	0	3.31969e-314	1.17977e-306	1
17.88	1	1	5.46033e-308	0	1.00113e-315	5.46033e-308	1
17.89	2	1.41421	1.1718e-308	0	1.73309e-316	1.1718e-308	1
17.91	7	2.64575	5.36991e-310	0	5.15809e-318	5.36991e-310	1
17.93	0	1	2.44462e-311	0	1.51481e-319	2.44462e-311	1
17.94	3	1.73205	5.20304e-312	0	2.33051e-320	5.20304e-312	1
17.96	3	1.73205	2.34529e-313	0	0	2.34529e-313	1
17.97	3	1.73205	4.96695e-314	0	0	4.96695e-314	1
17.99	1	1	2.21677e-315	0	0	2.21677e-315	1
18.01	4	2	9.8269e-317	0	0	9.8269e-317	1
18.02	1	1	2.06308e-317	0	0	2.06308e-317	1
18.04	3	1.73205	9.01116e-319	0	0	9.01116e-319	1
18.05	4	2	1.65996e-319	0	0	1.65996e-319	1
18.07	1	1	0	0	0	0	1
18.08	2	1.41421	0	0	0	0	1
18.1	2	1.41421	0	0	0	0	1
18.12	1	1	0	0	0	0	1
18.13	1	1	0	0	0	0	1
18.15	1	1	0	0	0	0	1
18.16	1	1	0	0	0	0	1
18.18	1	1	0	0	0	0	1
18.2	1	1	0	0	0	0	1
18.21	2	1.41421	0	0	0	0	1
18.23	0	1	0	0	0	0	1
18.24	1	1	0	0	0	0	1
18.26	1	1	0	0	0	0	1
18.27	1	1	0	0	0	0	1
18.29	0	1	0	0	0	0	1
18.31	1	1	0	0	0	0	1
18.32	2	1.41421	0	0	0	0	1
18.34	2	1.41421	0	0	0	0	1
18.35	2	1.41421	0	0	0	0	1
18.37	4	2	0	0	0	0	1
18.39	2	1.41421	0	0	0	0	1
18.4	1	1	0	0	0	0	1
18.42	3	1.73205	0	0	0	0	1
18.43	0	1	0	0	0	0	1
18.45	1	1	0	0	0	0	1
18.46	2	1.41421	0	0	0	0	1
18.48	1	1	0	0	0	0	1
18.5	2	1.41421	0	0	0	0	1
18.51	4	2	0	0	0	0	1
18.53	1	1	0	0	0	0	1
18.54	1	1	0	0	0	0	1
18.56	1	1	0	0	0	0	1
18.58	2	1.41421	0	0	0	0	1
18.59	2	1.41421	0	0	0	0	1
18.61	4	2	0	0	0	0	1
18.62	3	1.73205	0	0	0	0	1
18.64	1	1	0	0	0	0	1
18.65	0	1	0	0	0	0	1
18.67	1	1	0	0	0	0	1
18.69	1	1	0	0	0	0	1
18.7	1	1	0	0	0	0	1
18.72	1	1	0	0	0	0	1
18.73	3	1.73205	0	0	0	0	1
18.75	2	1.41421	0	0	0	0	1
18.77	2	1.41421	0	0	0	0	1
18.78	2	1.41421	0	0	0	0	1
18.8	1	1	0	0	0	0	1
18.81	1	1	0	0	0	0	1
18.83	0	1	0	0	0	0	1
18.84	1	1	0	0	0	0	1
18.86	0	1	0	0	0	0	1
18.88	1	1	0	0	0	0	1
18.89	0	1	0	0	0	0	1
18.91	0	1	0	0	0	0	1
18.92	0	1	0	0	0	0	1
18.94	1	1	0	0	0	0	1
18.95	1	1	0	0	0	0	1
18.97	2	1.41421	0	0	0	0	1
18.99	4	2	0	0	0	0	1
19	1	1	0	0	0	0	1
19.02	1	1	0	0	0	0	1
19.03	1	1	0	0	0	0	1
19.05	1	1	0	0	0	0	1
19.07	3	1.73205	0	0	0	0	1
19.08	1	1	0	0	0	0	1
19.1	1	1	0	0	0	0	1
19.11	0	1	0	0	0	0	1
19.13	1	1	0	0	0	0	1
19.14	0	1	0	0	0	0	1
19.16	1	1	0	0	0	0	1
19.18	1	1	0	0	0	0	1
19.19	1	1	0	0	0	0	1
19.21	1	1	0	0	0	0	1
19.22	2	1.41421	0	0	0	0	1
19.24	0	1	0	0	0	0	1
19.26	1	1	0	0	0	0	1
19.27	2	1.41421	0	0	0	0	1
19.29	2	1.41421	0	0	0	0	1
19.3	1	1	0	0	0	0	1
19.32	0	1	0	0	0	0	1
19.33	1	1	0	0	0	0	1
19.35	1	1	0	0	0	0	1
19.37	1	1	0	0	0	0	1
19.38	1	1	0	0	0	0	1
19.4	1	1	0	0	0	0	1
19.41	1	1	0	0	0	0	1
19.43	0	1	0	0	0	0	1
19.45	0	1	0	0	0	0	1
19.46	1	1	0	0	0	0	1
19.48	1	1	0	0	0	0	1
19.49	1	1	0	0	0	0	1
19.51	0	1	0	0	0	0	1
19.52	3	1.73205	0	0	0	0	1
19.54	0	1	0	0	0	0	1
19.56	1	1	0	0	0	0	1
19.57	0	1	0	0	0	0	1
19.59	0	1	0	0	0	0	1
19.6	1	1	0	0	0	0	1
19.62	2	1.41421	0	0	0	0	1
19.64	2	1.41421	0	0	0	0	1
19.65	1	1	0	0	0	0	1
19.67	4	2	0	0	0	0	1
19.68	1	1	0	0	0	0	1
19.7	1	1	0	0	0	0	1
19.71	2	1.41421	0	0	0	0	1
19.73	3	1.73205	0	0	0	0	1
19.75	2	1.41421	0	0	0	0	1
19.76	0	1	0	0	0	0	1
19.78	1	1	0	0	0	0	1
19.79	0	1	0	0	0	0	1
19.81	0	1	0	0	0	0	1
19.83	1	1	0	0	0	0	1
19.84	0	1	0	0	0	0	1
19.86	0	1	0	0	0	0	1
19.87	2	1.41421	0	0	0	0	1
19.89	2	1.41421	0	0	0	0	1
19.9	1	1	0	0	0	0	1
19.92	1	1	0	0	0	0	1
19.94	1	1	0	0	0	0	1
19.95	2	1.41421	0	0	0	0	1
19.97	0	1	0	0	0	0	1
19.98	1	1	0	0	0	0	1
20	2	1.41421	0	0	0	0	1
20.02	2	1.41421	0	0	0	0	1
20.03	2	1.41421	0	0	0	0	1
20.05	1	1	0	0	0	0	1
20.06	4	2	0	0	0	0	1
20.08	2	1.41421	0	0	0	0	1
20.09	1	1	0	0	0	0	1
20.11	1	1	0	0	0	0	1
20.13	1	1	0	0	0	0	1
20.14	2	1.41421	0	0	0	0	1
20.16	0	1	0	0	0	0	1
20.17	0	1	0	0	0	0	1
20.19	2	1.41421	0	0	0	0	1
20.2	0	1	0	0	0	0	1
20.22	1	1	0	0	0	0	1
20.24	0	1	0	0	0	0	1
20.25	0	1	0	0	0	0	1
20.27	2	1.41421	0	0	0	0	1
20.28	0	1	0	0	0	0	1
20.3	1	1	0	0	0	0	1
20.32	1	1	0	0	0	0	1
20.33	1	1	0	0	0	0	1
20.35	1	1	0	0	0	0	1
20.36	2	1.41421	0	0	0	0	1
20.38	0	1	0	0	0	0	1
20.39	1	1	0	0	0	0	1
20.41	1	1	0	0	0	0	1
20.43	0	1	0	0	0	0	1
20.44	5	2.23607	0	0	0	0	1
20.46	1	1	0	0	0	0	1
20.47	3	1.73205	0	0	0	0	1
20.49	0	1	0	0	0	0	1
20.51	1	1	0	0	0	0	1
20.52	0	1	0	0	0	0	1
20.54	1	1	0	0	0	0	1
20.55	2	1.41421	0	0	0	0	1
20.57	2	1.41421	0	0	0	0	1
20.58	4	2	0	0	0	0	1
20.6	2	1.41421	0	0	0	0	1
20.62	1	1	0	0	0	0	1
20.63	2	1.41421	0	0	0	0	1
20.65	0	1	0	0	0	0	1
20.66	2	1.41421	0	0	0	0	1
20.68	2	1.41421	0	0	0	0	1
20.7	1	1	0	0	0	0	1
20.71	0	1	0	0	0	0	1
20.73	0	1	0	0	0	0	1
20.74	2	1.41421	0	0	0	0	1
20.76	2	1.41421	0	0	0	0	1
20.77	2	1.41421	0	0	0	0	1
20.79	1	1	0	0	0	0	1
20.81	2	1.41421	0	0	0	0	1
20.82	0	1	0	0	0	0	1
20.84	0	1	0	0	0	0	1
20.85	0	1	0	0	0	0	1
20.87	0	1	0	0	0	0	1
20.89	1	1	0	0	0	0	1
20.9	2	1.41421	0	0	0	0	1
20.92	2	1.41421	0	0	0	0	1
20.93	0	1	0	0	0	0	1
20.95	1	1	0	0	0	0	1
20.96	1	1	0	0	0	0	1
20.98	2	1.41421	0	0	0	0	1
21	0	1	0	0	0	0	1
21.01	3	1.73205	0	0	0	0	1
21.03	0	1	0	0	0	0	1
21.04	1	1	0	0	0	0	1
21.06	2	1.41421	0	0	0	0	1
21.08	1	1	0	0	0	0	1
21.09	0	1	0	0	0	0	1
21.11	1	1	0	0	0	0	1
21.12	1	1	0	0	0	0	1
21.14	2	1.41421	0	0	0	0	1
21.15	3	1.73205	0	0	0	0	1
21.17	0	1	0	0	0	0	1
21.19	3	1.73205	0	0	0	0	1
21.2	1	1	0	0	0	0	1
21.22	0	1	0	0	0	0	1
21.23	1	1	0	0	0	0	1
21.25	0	1	0	0	0	0	1
21.26	2	1.41421	0	0	0	0	1
21.28	0	1	0	0	0	0	1
21.3	2	1.41421	0	0	0	0	1
21.31	0	1	0	0	0	0	1
21.33	2	1.41421	0	0	0	0	1
21.34	1	1	0	0	0	0	1
21.36	1	1	0	0	0	0	1
21.38	3	1.73205	0	0	0	0	1
21.39	0	1	0	0	0	0	1
21.41	1	1	0	0	0	0	1
21.42	0	1	0	0	0	0	1
21.44	3	1.73205	0	0	0	0	1
21.45	2	1.41421	0	0	0	0	1
21.47	0	1	0	0	0	0	1
21.49	0	1	0	0	0	0	1
21.5	0	1	0	0	0	0	1
21.52	0	1	0	0	0	0	1
21.53	1	1	0	0	0	0	1
21.55	1	1	0	0	0	0	1
21.57	0	1	0	0	0	0	1
21.58	2	1.41421	0	0	0	0	1
21.6	1	1	0	0	0	0	1
21.61	1	1	0	0	0	0	1
21.63	0	1	0	0	0	0	1
21.64	0	1	0	0	0	0	1
21.66	1	1	0	0	0	0	1
21.68	2	1.41421	0	0	0	0	1
21.69	0	1	0	0	0	0	1
21.71	1	1	0	0	0	0	1
21.72	1	1	0	0	0	0	1
21.74	2	1.41421	0	0	0	0	1
21.76	0	1	0	0	0	0	1
21.77	0	1	0	0	0	0	1
21.79	0	1	0	0	0	0	1
21.8	0	1	0	0	0	0	1
21.82	0	1	0	0	0	0	1
21.83	2	1.41421	0	0	0	0	1
21.85	1	1	0	0	0	0	1
21.87	2	1.41421	0	0	0	0	1
21.88	2	1.41421	0	0	0	0	1
21.9	2	1.41421	0	0	0	0	1
21.91	0	1	0	0	0	0	1
21.93	2	1.41421	0	0	0	0	1
21.95	1	1	0	0	0	0	1
21.96	0	1	0	0	0	0	1
21.98	5	2.23607	0	0	0	0	1
21.99	0	1	0	0	0	0	1
22.01	0	1	0	0	0	0	1
22.02	1	1	0	0	0	0	1
22.04	0	1	0	0	0	0	1
22.06	3	1.73205	0	0	0	0	1
22.07	0	1	0	0	0	0	1
22.09	0	1	0	0	0	0	1
22.1	1	1	0	0	0	0	1
22.12	0	1	0	0	0	0	1
22.14	1	1	0	0	0	0	1
22.15	1	1	0	0	0	0	1
22.17	0	1	0	0	0	0	1
22.18	0	1	0	0	0	0	1
22.2	0	1	0	0	0	0	1
22.21	0	1	0	0	0	0	1
22.23	1	1	0	0	0	0	1
22.25	0	1	0	0	0	0	1
22.26	2	1.41421	0	0	0	0	1
22.28	0	1	0	0	0	0	1
22.29	0	1	0	0	0	0	1
22.31	2	1.41421	0	0	0	0	1
22.32	2	1.41421	0	0	0	0	1
22.34	1	1	0	0	0	0	1
22.36	0	1	0	0	0	0	1
22.37	0	1	0	0	0	0	1
22.39	0	1	0	0	0	0	1
22.4	1	1	0	0	0	0	1
22.42	0	1	0	0	0	0	1
22.44	0	1	0	0	0	0	1
22.45	0	1	0	0	0	0	1
22.47	0	1	0	0	0	0	1
22.48	1	1	0	0	0	0	1
22.5	3	1.73205	0	0	0	0	1
22.51	1	1	0	0	0	0	1
22.53	0	1	0	0	0	0	1
22.55	0	1	0	0	0	0	1
22.56	0	1	0	0	0	0	1
22.58	0	1	0	0	0	0	1
22.59	2	1.41421	0	0	0	0	1
22.61	0	1	0	0	0	0	1
22.63	1	1	0	0	0	0	1
22.64	1	1	0	0	0	0	1
22.66	2	1.41421	0	0	0	0	1
22.67	3	1.73205	0	0	0	0	1
22.69	0	1	0	0	0	0	1
22.7	0	1	0	0	0	0	1
22.72	2	1.41421	0	0	0	0	1
22.74	1	1	0	0	0	0	1
22.75	1	1	0	0	0	0	1
22.77	0	1	0	0	0	0	1
22.78	2	1.41421	0	0	0	0	1
22.8	0	1	0	0	0	0	1
22.82	0	1	0	0	0	0	1
22.83	3	1.73205	0	0	0	0	1
22.85	0	1	0	0	0	0	1
22.86	3	1.73205	0	0	0	0	1
22.88	2	1.41421	0	0	0	0	1
22.89	1	1	0	0	0	0	1
22.91	0	1	0	0	0	0	1
22.93	0	1	0	0	0	0	1
22.94	0	1	0	0	0	0	1
22.96	0	1	0	0	0	0	1
22.97	0	1	0	0	0	0	1
22.99	1	1	0	0	0	0	1
23.01	0	1	0	0	0	0	1
23.02	1	1	0	0	0	0	1
23.04	0	1	0	0	0	0	1
23.05	2	1.41421	0	0	0	0	1
23.07	0	1	0	0	0	0	1
23.08	1	1	0	0	0	0	1
23.1	1	1	0	0	0	0	1
23.12	1	1	0	0	0	0	1
23.13	1	1	0	0	0	0	1
23.15	0	1	0	0	0	0	1
23.16	1	1	0	0	0	0	1
23.18	0	1	0	0	0	0	1
23.2	1	1	0	0	0	0	1
23.21	0	1	0	0	0	0	1
23.23	3	1.73205	0	0	0	0	1
23.24	3	1.73205	0	0	0	0	1
23.26	0	1	0	0	0	0	1
23.27	2	1.41421	0	0	0	0	1
23.29	2	1.41421	0	0	0	0	1
23.31	0	1	0	0	0	0	1
23.32	1	1	0	0	0	0	1
23.34	0	1	0	0	0	0	1
23.35	0	1	0	0	0	0	1
23.37	0	1	0	0	0	0	1
23.38	0	1	0	0	0	0	1
23.4	1	1	0	0	0	0	1
23.42	2	1.41421	0	0	0	0	1
23.43	1	1	0	0	0	0	1
23.45	2	1.41421	0	0	0	0	1
23.46	1	1	0	0	0	0	1
23.48	0	1	0	0	0	0	1
23.5	2	1.41421	0	0	0	0	1
23.51	0	1	0	0	0	0	1
23.53	0	1	0	0	0	0	1
23.54	0	1	0	0	0	0	1
23.56	2	1.41421	0	0	0	0	1
23.57	1	1	0	0	0	0	1
23.59	0	1	0	0	0	0	1
23.61	0	1	0	0	0	0	1
23.62	0	1	0	0	0	0	1
23.64	3	1.73205	0	0	0	0	1
23.65	0	1	0	0	0	0	1
23.67	1	1	0	0	0	0	1
23.69	1	1	0	0	0	0	1
23.7	1	1	0	0	0	0	1
23.72	0	1	0	0	0	0	1
23.73	0	1	0	0	0	0	1
23.75	0	1	0	0	0	0	1
23.76	1	1	0	0	0	0	1
23.78	0	1	0	0	0	0	1
23.8	0	1	0	0	0	0	1
23.81	0	1	0	0	0	0	1
23.83	1	1	0	0	0	0	1
23.84	2	1.41421	0	0	0	0	1
23.86	0	1	0	0	0	0	1
23.88	1	1	0	0	0	0	1
23.89	0	1	0	0	0	0	1
23.91	1	1	0	0	0	0	1
23.92	2	1.41421	0	0	0	0	1
23.94	0	1	0	0	0	0	1
23.95	0	1	0	0	0	0	1
23.97	0	1	0	0	0	0	1
23.99	0	1	0	0	0	0	1
24	1	1	0	0	0	0	1
24.02	2	1.41421	0	0	0	0	1
24.03	3	1.73205	0	0	0	0	1
24.05	0	1	0	0	0	0	1
24.07	1	1	0	0	0	0	1
24.08	1	1	0	0	0	0	1
24.1	0	1	0	0	0	0	1
24.11	0	1	0	0	0	0	1
24.13	1	1	0	0	0	0	1
24.14	1	1	0	0	0	0	1
24.16	2	1.41421	0	0	0	0	1
24.18	0	1	0	0	0	0	1
24.19	0	1	0	0	0	0	1
24.21	1	1	0	0	0	0	1
24.22	0	1	0	0	0	0	1
24.24	1	1	0	0	0	0	1
24.26	0	1	0	0	0	0	1
24.27	1	1	0	0	0	0	1
24.29	0	1	0	0	0	0	1
24.3	0	1	0	0	0	0	1
24.32	1	1	0	0	0	0	1
24.33	3	1.73205	0	0	0	0	1
24.35	0	1	0	0	0	0	1
24.37	0	1	0	0	0	0	1
24.38	1	1	0	0	0	0	1
24.4	0	1	0	0	0	0	1
24.41	0	1	0	0	0	0	1
24.43	0	1	0	0	0	0	1
24.45	0	1	0	0	0	0	1
24.46	1	1	0	0	0	0	1
24.48	1	1	0	0	0	0	1
24.49	0	1	0	0	0	0	1
24.51	0	1	0	0	0	0	1
24.52	0	1	0	0	0	0	1
24.54	1	1	0	0	0	0	1
24.56	1	1	0	0	0	0	1
24.57	2	1.41421	0	0	0	0	1
24.59	1	1	0	0	0	0	1
24.6	0	1	0	0	0	0	1
24.62	0	1	0	0	0	0	1
24.63	0	1	0	0	0	0	1
24.65	1	1	0	0	0	0	1
24.67	0	1	0	0	0	0	1
24.68	0	1	0	0	0	0	1
24.7	3	1.73205	0	0	0	0	1
24.71	0	1	0	0	0	0	1
24.73	0	1	0	0	0	0	1
24.75	1	1	0	0	0	0	1
24.76	1	1	0	0	0	0	1
24.78	0	1	0	0	0	0	1
24.79	0	1	0	0	0	0	1
24.81	0	1	0	0	0	0	1
24.82	0	1	0	0	0	0	1
24.84	2	1.41421	0	0	0	0	1
24.86	0	1	0	0	0	0	1
24.87	1	1	0	0	0	0	1
24.89	0	1	0	0	0	0	1
24.9	0	1	0	0	0	0	1
24.92	1	1	0	0	0	0	1
24.94	1	1	0	0	0	0	1
24.95	0	1	0	0	0	0	1
24.97	0	1	0	0	0	0	1
24.98	1	1	0	0	0	0	1
25	0	1	0	0	0	0	1
25.01	0	1	0	0	0	0	1
25.03	1	1	0	0	0	0	1
25.05	2	1.41421	0	0	0	0	1
25.06	1	1	0	0	0	0	1
25.08	0	1	0	0	0	0	1
25.09	0	1	0	0	0	0	1
25.11	0	1	0	0	0	0	1
25.13	1	1	0	0	0	0	1
25.14	0	1	0	0	0	0	1
25.16	0	1	0	0	0	0	1
25.17	0	1	0	0	0	0	1
25.19	1	1	0	0	0	0	1
25.2	1	1	0	0	0	0	1
25.22	1	1	0	0	0	0	1
25.24	0	1	0	0	0	0	1
25.25	2	1.41421	0	0	0	0	1
25.27	2	1.41421	0	0	0	0	1
25.28	1	1	0	0	0	0	1
25.3	0	1	0	0	0	0	1
25.32	3	1.73205	0	0	0	0	1
25.33	0	1	0	0	0	0	1
25.35	1	1	0	0	0	0	1
25.36	1	1	0	0	0	0	1
25.38	0	1	0	0	0	0	1
25.39	0	1	0	0	0	0	1
25.41	0	1	0	0	0	0	1
25.43	0	1	0	0	0	0	1
25.44	0	1	0	0	0	0	1
25.46	0	1	0	0	0	0	1
25.47	0	1	0	0	0	0	1
25.49	0	1	0	0	0	0	1
25.51	0	1	0	0	0	0	1
25.52	1	1	0	0	0	0	1
25.54	1	1	0	0	0	0	1
25.55	0	1	0	0	0	0	1
25.57	1	1	0	0	0	0	1
25.58	1	1	0	0	0	0	1
25.6	0	1	0	0	0	0	1
25.62	1	1	0	0	0	0	1
25.63	1	1	0	0	0	0	1
25.65	1	1	0	0	0	0	1
25.66	1	1	0	0	0	0	1
25.68	0	1	0	0	0	0	1
25.69	1	1	0	0	0	0	1
25.71	0	1	0	0	0	0	1
25.73	2	1.41421	0	0	0	0	1
25.74	1	1	0	0	0	0	1
25.76	1	1	0	0	0	0	1
25.77	0	1	0	0	0	0	1
25.79	1	1	0	0	0	0	1
25.81	0	1	0	0	0	0	1
25.82	1	1	0	0	0	0	1
25.84	0	1	0	0	0	0	1
25.85	1	1	0	0	0	0	1
25.87	0	1	0	0	0	0	1
25.88	0	1	0	0	0	0	1
25.9	0	1	0	0	0	0	1
25.92	1	1	0	0	0	0	1
25.93	0	1	0	0	0	0	1
25.95	1	1	0	0	0	0	1
25.96	0	1	0	0	0	0	1
25.98	1	1	0	0	0	0	1
26	1	1	0	0	0	0	1
26.01	1	1	0	0	0	0	1
26.03	0	1	0	0	0	0	1
26.04	0	1	0	0	0	0	1
26.06	0	1	0	0	0	0	1
26.07	2	1.41421	0	0	0	0	1
26.09	1	1	0	0	0	0	1
26.11	0	1	0	0	0	0	1
26.12	0	1	0	0	0	0	1
26.14	0	1	0	0	0	0	1
26.15	0	1	0	0	0	0	1
26.17	0	1	0	0	0	0	1
26.19	0	1	0	0	0	0	1
26.2	0	1	0	0	0	0	1
26.22	1	1	0	0	0	0	1
26.23	0	1	0	0	0	0	1
26.25	0	1	0	0	0	0	1
26.26	0	1	0	0	0	0	1
26.28	0	1	0	0	0	0	1
26.3	0	1	0	0	0	0	1
26.31	1	1	0	0	0	0	1
26.33	1	1	0	0	0	0	1
26.34	1	1	0	0	0	0	1
26.36	1	1	0	0	0	0	1
26.38	0	1	0	0	0	0	1
26.39	1	1	0	0	0	0	1
26.41	0	1	0	0	0	0	1
26.42	1	1	0	0	0	0	1
26.44	0	1	0	0	0	0	1
26.45	1	1	0	0	0	0	1
26.47	0	1	0	0	0	0	1
26.49	0	1	0	0	0	0	1
26.5	1	1	0	0	0	0	1
26.52	0	1	0	0	0	0	1
26.53	0	1	0	0	0	0	1
26.55	0	1	0	0	0	0	1
26.57	0	1	0	0	0	0	1
26.58	0	1	0	0	0	0	1
26.6	0	1	0	0	0	0	1
26.61	0	1	0	0	0	0	1
26.63	0	1	0	0	0	0	1
26.64	0	1	0	0	0	0	1
26.66	1	1	0	0	0	0	1
26.68	0	1	0	0	0	0	1
26.69	0	1	0	0	0	0	1
26.71	0	1	0	0	0	0	1
26.72	0	1	0	0	0	0	1
26.74	0	1	0	0	0	0	1
26.75	1	1	0	0	0	0	1
26.77	1	1	0	0	0	0	1
26.79	0	1	0	0	0	0	1
26.8	1	1	0	0	0	0	1
26.82	1	1	0	0	0	0	1
26.83	0	1	0	0	0	0	1
26.85	0	1	0	0	0	0	1
26.87	0	1	0	0	0	0	1
26.88	1	1	0	0	0	0	1
26.9	0	1	0	0	0	0	1
26.91	1	1	0	0	0	0	1
26.93	0	1	0	0	0	0	1
26.94	0	1	0	0	0	0	1
26.96	0	1	0	0	0	0	1
26.98	0	1	0	0	0	0	1
26.99	1	1	0	0	0	0	1
27.01	0	1	0	0	0	0	1
27.02	0	1	0	0	0	0	1
27.04	2	1.41421	0	0	0	0	1
27.06	0	1	0	0	0	0	1
27.07	1	1	0	0	0	0	1
27.09	0	1	0	0	0	0	1
27.1	0	1	0	0	0	0	1
27.12	1	1	0	0	0	0	1
27.13	1	1	0	0	0	0	1
27.15	0	1	0	0	0	0	1
27.17	0	1	0	0	0	0	1
27.18	0	1	0	0	0	0	1
27.2	0	1	0	0	0	0	1
27.21	1	1	0	0	0	0	1
27.23	0	1	0	0	0	0	1
27.25	1	1	0	0	0	0	1
27.26	1	1	0	0	0	0	1
27.28	0	1	0	0	0	0	1
27.29	0	1	0	0	0	0	1
27.31	0	1	0	0	0	0	1
27.32	2	1.41421	0	0	0	0	1
27.34	1	1	0	0	0	0	1
27.36	0	1	0	0	0	0	1
27.37	1	1	0	0	0	0	1
27.39	0	1	0	0	0	0	1
27.4	0	1	0	0	0	0	1
27.42	0	1	0	0	0	0	1
27.44	0	1	0	0	0	0	1
27.45	0	1	0	0	0	0	1
27.47	0	1	0	0	0	0	1
27.48	0	1	0	0	0	0	1
27.5	1	1	0	0	0	0	1
27.51	0	1	0	0	0	0	1
27.53	0	1	0	0	0	0	1
27.55	0	1	0	0	0	0	1
27.56	1	1	0	0	0	0	1
27.58	0	1	0	0	0	0	1
27.59	0	1	0	0	0	0	1
27.61	0	1	0	0	0	0	1
27.63	0	1	0	0	0	0	1
27.64	0	1	0	0	0	0	1
27.66	2	1.41421	0	0	0	0	1
27.67	0	1	0	0	0	0	1
27.69	0	1	0	0	0	0	1
27.7	0	1	0	0	0	0	1
27.72	1	1	0	0	0	0	1
27.74	0	1	0	0	0	0	1
27.75	0	1	0	0	0	0	1
27.77	0	1	0	0	0	0	1
27.78	1	1	0	0	0	0	1
27.8	0	1	0	0	0	0	1
27.81	1	1	0	0	0	0	1
27.83	0	1	0	0	0	0	1
27.85	1	1	0	0	0	0	1
27.86	0	1	0	0	0	0	1
27.88	0	1	0	0	0	0	1
27.89	0	1	0	0	0	0	1
27.91	1	1	0	0	0	0	1
27.93	1	1	0	0	0	0	1
27.94	2	1.41421	0	0	0	0	1
27.96	0	1	0	0	0	0	1
27.97	0	1	0	0	0	0	1
27.99	0	1	0	0	0	0	1
28	0	1	0	0	0	0	1
28.02	1	1	0	0	0	0	1
28.04	0	1	0	0	0	0	1
28.05	0	1	0	0	0	0	1
28.07	0	1	0	0	0	0	1
28.08	0	1	0	0	0	0	1
28.1	1	1	0	0	0	0	1
28.12	0	1	0	0	0	0	1
28.13	0	1	0	0	0	0	1
28.15	1	1	0	0	0	0	1
28.16	1	1	0	0	0	0	1
28.18	0	1	0	0	0	0	1
28.19	0	1	0	0	0	0	1
28.21	0	1	0	0	0	0	1
28.23	0	1	0	0	0	0	1
28.24	1	1	0	0	0	0	1
28.26	0	1	0	0	0	0	1
28.27	0	1	0	0	0	0	1
28.29	0	1	0	0	0	0	1
28.31	2	1.41421	0	0	0	0	1
28.32	0	1	0	0	0	0	1
28.34	0	1	0	0	0	0	1
28.35	0	1	0	0	0	0	1
28.37	1	1	0	0	0	0	1
28.38	0	1	0	0	0	0	1
28.4	0	1	0	0	0	0	1
28.42	0	1	0	0	0	0	1
28.43	0	1	0	0	0	0	1
28.45	0	1	0	0	0	0	1
28.46	0	1	0	0	0	0	1
28.48	0	1	0	0	0	0	1
28.5	0	1	0	0	0	0	1
28.51	0	1	0	0	0	0	1
28.53	0	1	0	0	0	0	1
28.54	0	1	0	0	0	0	1
28.56	0	1	0	0	0	0	1
28.57	0	1	0	0	0	0	1
28.59	0	1	0	0	0	0	1
28.61	0	1	0	0	0	0	1
28.62	0	1	0	0	0	0	1
28.64	0	1	0	0	0	0	1
28.65	1	1	0	0	0	0	1
28.67	0	1	0	0	0	0	1
28.69	0	1	0	0	0	0	1
28.7	1	1	0	0	0	0	1
28.72	0	1	0	0	0	0	1
28.73	1	1	0	0	0	0	1
28.75	0	1	0	0	0	0	1
28.76	0	1	0	0	0	0	1
28.78	0	1	0	0	0	0	1
28.8	0	1	0	0	0	0	1
28.81	1	1	0	0	0	0	1
28.83	1	1	0	0	0	0	1
28.84	0	1	0	0	0	0	1
28.86	0	1	0	0	0	0	1
28.88	0	1	0	0	0	0	1
28.89	0	1	0	0	0	0	1
28.91	0	1	0	0	0	0	1
28.92	0	1	0	0	0	0	1
28.94	0	1	0	0	0	0	1
28.95	0	1	0	0	0	0	1
28.97	0	1	0	0	0	0	1
28.99	0	1	0	0	0	0	1
29	0	1	0	0	0	0	1
29.02	0	1	0	0	0	0	1
29.03	0	1	0	0	0	0	1
29.05	0	1	0	0	0	0	1
29.06	0	1	0	0	0	0	1
29.08	0	1	0	0	0	0	1
29.1	0	1	0	0	0	0	1
29.11	0	1	0	0	0	0	1
29.13	0	1	0	0	0	0	1
29.14	0	1	0	0	0	0	1
29.16	0	1	0	0	0	0	1
29.18	1	1	0	0	0	0	1
29.19	0	1	0	0	0	0	1
29.21	0	1	0	0	0	0	1
29.22	0	1	0	0	0	0	1
29.24	0	1	0	0	0	0	1
29.25	0	1	0	0	0	0	1
29.27	0	1	0	0	0	0	1
29.29	0	1	0	0	0	0	1
29.3	0	1	0	0	0	0	1
29.32	0	1	0	0	0	0	1
29.33	1	1	0	0	0	0	1
29.35	0	1	0	0	0	0	1
29.37	0	1	0	0	0	0	1
29.38	1	1	0	0	0	0	1
29.4	0	1	0	0	0	0	1
29.41	0	1	0	0	0	0	1
29.43	1	1	0	0	0	0	1
29.44	1	1	0	0	0	0	1
29.46	0	1	0	0	0	0	1
29.48	0	1	0	0	0	0	1
29.49	0	1	0	0	0	0	1
29.51	1	1	0	0	0	0	1
29.52	1	1	0	0	0	0	1
29.54	0	1	0	0	0	0	1
29.56	0	1	0	0	0	0	1
29.57	0	1	0	0	0	0	1
29.59	0	1	0	0	0	0	1
29.6	0	1	0	0	0	0	1
29.62	0	1	0	0	0	0	1
29.63	0	1	0	0	0	0	1
29.65	0	1	0	0	0	0	1
29.67	0	1	0	0	0	0	1
29.68	1	1	0	0	0	0	1
29.7	0	1	0	0	0	0	1
29.71	0	1	0	0	0	0	1
29.73	0	1	0	0	0	0	1
29.75	0	1	0	0	0	0	1
29.76	0	1	0	0	0	0	1
29.78	0	1	0	0	0	0	1
29.79	0	1	0	0	0	0	1
29.81	1	1	0	0	0	0	1
29.82	0	1	0	0	0	0	1
29.84	0	1	0	0	0	0	1
29.86	0	1	0	0	0	0	1
29.87	1	1	0	0	0	0	1
29.89	0	1	0	0	0	0	1
29.9	0	1	0	0	0	0	1
29.92	0	1	0	0	0	0	1
29.94	1	1	0	0	0	0	1
29.95	0	1	0	0	0	0	1
29.97	0	1	0	0	0	0	1
29.98	0	1	0	0	0	0	1
30	0	1	0	0	0	0	1
30.01	0	1	0	0	0	0	1
30.03	0	1	0	0	0	0	1
30.05	0	1	0	0	0	0	1
30.06	0	1	0	0	0	0	1
30.08	0	1	0	0	0	0	1
30.09	0	1	0	0	0	0	1
30.11	0	1	0	0	0	0	1
30.12	0	1	0	0	0	0	1
30.14	0	1	0	0	0	0	1
30.16	0	1	0	0	0	0	1
30.17	0	1	0	0	0	0	1
30.19	1	1	0	0	0	0	1
30.2	0	1	0	0	0	0	1
30.22	0	1	0	0	0	0	1
30.24	0	1	0	0	0	0	1
30.25	0	1	0	0	0	0	1
30.27	0	1	0	0	0	0	1
30.28	0	1	0	0	0	0	1
30.3	0	1	0	0	0	0	1
30.31	0	1	0	0	0	0	1
30.33	0	1	0	0	0	0	1
30.35	0	1	0	0	0	0	1
30.36	0	1	0	0	0	0	1
30.38	0	1	0	0	0	0	1
30.39	0	1	0	0	0	0	1
30.41	0	1	0	0	0	0	1
30.43	0	1	0	0	0	0	1
30.44	0	1	0	0	0	0	1
30.46	0	1	0	0	0	0	1
30.47	0	1	0	0	0	0	1
30.49	0	1	0	0	0	0	1
30.5	0	1	0	0	0	0	1
30.52	0	1	0	0	0	0	1
30.54	0	1	0	0	0	0	1
30.55	0	1	0	0	0	0	1
30.57	0	1	0	0	0	0	1
30.58	0	1	0	0	0	0	1
30.6	0	1	0	0	0	0	1
30.62	1	1	0	0	0	0	1
30.63	0	1	0	0	0	0	1
30.65	0	1	0	0	0	0	1
30.66	0	1	0	0	0	0	1
30.68	0	1	0	0	0	0	1
30.69	0	1	0	0	0	0	1
30.71	0	1	0	0	0	0	1
30.73	0	1	0	0	0	0	1
30.74	0	1	0	0	0	0	1
30.76	0	1	0	0	0	0	1
30.77	0	1	0	0	0	0	1
30.79	0	1	0	0	0	0	1
30.81	0	1	0	0	0	0	1
30.82	0	1	0	0	0	0	1
30.84	0	1	0	0	0	0	1
30.85	0	1	0	0	0	0	1
30.87	0	1	0	0	0	0	1
30.88	0	1	0	0	0	0	1
30.9	0	1	0	0	0	0	1
30.92	0	1	0	0	0	0	1
30.93	0	1	0	0	0	0	1
30.95	0	1	0	0	0	0	1
30.96	0	1	0	0	0	0	1
30.98	0	1	0	0	0	0	1
31	0	1	0	0	0	0	1
31.01	0	1	0	0	0	0	1
31.03	0	1	0	0	0	0	1
31.04	0	1	0	0	0	0	1
31.06	0	1	0	0	0	0	1
31.07	0	1	0	0	0	0	1
31.09	0	1	0	0	0	0	1
31.11	0	1	0	0	0	0	1
31.12	0	1	0	0	0	0	1
31.14	0	1	0	0	0	0	1
31.15	0	1	0	0	0	0	1
31.17	0	1	0	0	0	0	1
31.18	0	1	0	0	0	0	1
31.2	0	1	0	0	0	0	1
31.22	0	1	0	0	0	0	1
31.23	0	1	0	0	0	0	1
31.25	0	1	0	0	0	0	1
31.26	0	1	0	0	0	0	1
31.28	0	1	0	0	0	0	1
31.3	0	1	0	0	0	0	1
31.31	0	1	0	0	0	0	1
31.33	0	1	0	0	0	0	1
31.34	0	1	0	0	0	0	1
31.36	0	1	0	0	0	0	1
31.37	0	1	0	0	0	0	1
31.39	0	1	0	0	0	0	1
31.41	0	1	0	0	0	0	1
31.42	0	1	0	0	0	0	1
31.44	0	1	0	0	0	0	1
31.45	0	1	0	0	0	0	1
31.47	0	1	0	0	0	0	1
31.49	0	1	0	0	0	0	1
31.5	0	1	0	0	0	0	1
31.52	0	1	0	0	0	0	1
31.53	0	1	0	0	0	0	1
31.55	0	1	0	0	0	0	1
31.56	0	1	0	0	0	0	1
31.58	0	1	0	0	0	0	1
31.6	0	1	0	0	0	0	1
31.61	1	1	0	0	0	0	1
31.63	0	1	0	0	0	0	1
31.64	0	1	0	0	0	0	1
31.66	0	1	0	0	0	0	1
31.68	0	1	0	0	0	0	1
31.69	0	1	0	0	0	0	1
31.71	0	1	0	0	0	0	1
31.72	0	1	0	0	0	0	1
31.74	0	1	0	0	0	0	1
31.75	0	1	0	0	0	0	1
31.77	0	1	0	0	0	0	1
31.79	0	1	0	0	0	0	1
31.8	0	1	0	0	0	0	1
31.82	0	1	0	0	0	0	1
31.83	0	1	0	0	0	0	1
31.85	0	1	0	0	0	0	1
31.87	0	1	0	0	0	0	1
31.88	0	1	0	0	0	0	1
31.9	0	1	0	0	0	0	1
31.91	0	1	0	0	0	0	1
31.93	0	1	0	0	0	0	1
31.94	0	1	0	0	0	0	1
31.96	0	1	0	0	0	0	1
31.98	0	1	0	0	0	0	1
31.99	0	1	0	0	0	0	1
32.01	0	1	0	0	0	0	1
32.02	0	1	0	0	0	0	1
32.04	0	1	0	0	0	0	1
32.06	0	1	0	0	0	0	1
32.07	0	1	0	0	0	0	1
32.09	0	1	0	0	0	0	1
32.1	0	1	0	0	0	0	1
32.12	0	1	0	0	0	0	1
32.13	0	1	0	0	0	0	1
32.15	0	1	0	0	0	0	1
32.17	0	1	0	0	0	0	1
32.18	0	1	0	0	0	0	1
32.2	0	1	0	0	0	0	1
32.21	0	1	0	0	0	0	1
32.23	0	1	0	0	0	0	1
32.24	0	1	0	0	0	0	1
32.26	0	1	0	0	0	0	1
32.28	0	1	0	0	0	0	1
32.29	0	1	0	0	0	0	1
32.31	0	1	0	0	0	0	1
32.32	0	1	0	0	0	0	1
32.34	0	1	0	0	0	0	1
32.36	0	1	0	0	0	0	1
32.37	0	1	0	0	0	0	1
32.39	0	1	0	0	0	0	1
32.4	0	1	0	0	0	0	1
32.42	0	1	0	0	0	0	1
32.43	-1	1	0	0	0	0	1
