Energy	Impulses
E/keV	Impulses/#

0.79	0
0.81	0
0.82	0
0.84	0
0.86	0
0.87	0
0.89	0
0.90	0
0.92	0
0.93	0
0.95	0
0.97	0
0.98	0
1.00	0
1.01	0
1.03	0
1.05	0
1.06	0
1.08	0
1.09	0
1.11	0
1.12	0
1.14	2
1.16	0
1.17	1
1.19	2
1.20	3
1.22	5
1.24	11
1.25	24
1.27	25
1.28	31
1.30	15
1.31	22
1.33	20
1.35	32
1.36	25
1.38	24
1.39	17
1.41	19
1.42	19
1.44	28
1.46	25
1.47	24
1.49	18
1.50	18
1.52	23
1.54	18
1.55	29
1.57	17
1.58	31
1.60	14
1.61	28
1.63	17
1.65	26
1.66	30
1.68	24
1.69	24
1.71	29
1.73	25
1.74	20
1.76	25
1.77	20
1.79	24
1.80	9
1.82	14
1.84	22
1.85	23
1.87	27
1.88	25
1.90	15
1.92	16
1.93	15
1.95	21
1.96	17
1.98	23
1.99	15
2.01	18
2.03	15
2.04	27
2.06	16
2.07	14
2.09	19
2.11	21
2.12	15
2.14	14
2.15	26
2.17	13
2.18	16
2.20	17
2.22	18
2.23	19
2.25	18
2.26	15
2.28	19
2.30	25
2.31	14
2.33	17
2.34	27
2.36	25
2.37	20
2.39	14
2.41	15
2.42	14
2.44	13
2.45	23
2.47	21
2.48	7
2.50	19
2.52	26
2.53	16
2.55	22
2.56	15
2.58	12
2.60	16
2.61	24
2.63	15
2.64	17
2.66	21
2.67	17
2.69	13
2.71	21
2.72	17
2.74	16
2.75	27
2.77	25
2.79	14
2.80	29
2.82	13
2.83	19
2.85	27
2.86	19
2.88	32
2.90	12
2.91	16
2.93	20
2.94	14
2.96	24
2.98	14
2.99	28
3.01	16
3.02	10
3.04	18
3.05	26
3.07	10
3.09	14
3.10	21
3.12	32
3.13	13
3.15	22
3.17	21
3.18	13
3.20	15
3.21	23
3.23	13
3.24	21
3.26	12
3.28	13
3.29	17
3.31	20
3.32	15
3.34	18
3.36	27
3.37	16
3.39	22
3.40	27
3.42	30
3.43	18
3.45	13
3.47	27
3.48	20
3.50	21
3.51	26
3.53	23
3.54	27
3.56	30
3.58	17
3.59	25
3.61	35
3.62	31
3.64	30
3.66	30
3.67	30
3.69	36
3.70	44
3.72	46
3.73	40
3.75	36
3.77	31
3.78	35
3.80	42
3.81	46
3.83	28
3.85	45
3.86	36
3.88	35
3.89	33
3.91	43
3.92	54
3.94	30
3.96	31
3.97	41
3.99	27
4.00	35
4.02	30
4.04	34
4.05	31
4.07	42
4.08	29
4.10	40
4.11	34
4.13	37
4.15	39
4.16	20
4.18	31
4.19	24
4.21	30
4.23	22
4.24	33
4.26	29
4.27	24
4.29	25
4.30	29
4.32	31
4.34	25
4.35	28
4.37	32
4.38	24
4.40	26
4.42	24
4.43	28
4.45	24
4.46	30
4.48	29
4.49	22
4.51	24
4.53	25
4.54	21
4.56	26
4.57	32
4.59	20
4.60	23
4.62	24
4.64	22
4.65	26
4.67	17
4.68	22
4.70	24
4.72	19
4.73	22
4.75	27
4.76	24
4.78	21
4.79	23
4.81	18
4.83	26
4.84	15
4.86	26
4.87	19
4.89	26
4.91	21
4.92	22
4.94	31
4.95	20
4.97	23
4.98	31
5.00	18
5.02	20
5.03	20
5.05	35
5.06	21
5.08	18
5.10	21
5.11	20
5.13	16
5.14	22
5.16	18
5.17	26
5.19	21
5.21	24
5.22	18
5.24	31
5.25	23
5.27	28
5.29	21
5.30	29
5.32	24
5.33	36
5.35	28
5.36	29
5.38	31
5.40	24
5.41	32
5.43	47
5.44	30
5.46	38
5.48	32
5.49	29
5.51	32
5.52	32
5.54	37
5.55	39
5.57	40
5.59	42
5.60	30
5.62	39
5.63	32
5.65	48
5.67	29
5.68	43
5.70	44
5.71	48
5.73	42
5.74	50
5.76	48
5.78	48
5.79	33
5.81	36
5.82	34
5.84	49
5.85	30
5.87	52
5.89	45
5.90	51
5.92	40
5.93	40
5.95	42
5.97	45
5.98	50
6.00	52
6.01	33
6.03	36
6.04	29
6.06	41
6.08	33
6.09	48
6.11	50
6.12	43
6.14	41
6.16	46
6.17	42
6.19	39
6.20	36
6.22	47
6.23	37
6.25	46
6.27	39
6.28	47
6.30	37
6.31	37
6.33	48
6.35	34
6.36	32
6.38	43
6.39	42
6.41	44
6.42	49
6.44	45
6.46	53
6.47	45
6.49	42
6.50	50
6.52	41
6.54	54
6.55	42
6.57	50
6.58	57
6.60	56
6.61	55
6.63	48
6.65	67
6.66	83
6.68	70
6.69	91
6.71	96
6.73	92
6.74	98
6.76	103
6.77	129
6.79	168
6.80	171
6.82	158
6.84	227
6.85	297
6.87	240
6.88	316
6.90	363
6.91	452
6.93	450
6.95	516
6.96	621
6.98	689
6.99	701
7.01	877
7.03	890
7.04	1017
7.06	1165
7.07	1339
7.09	1451
7.10	1787
7.12	1663
7.14	1746
7.15	1934
7.17	2173
7.18	2251
7.20	2386
7.22	2702
7.23	2691
7.25	2785
7.26	3155
7.28	3039
7.29	3488
7.31	3262
7.33	3601
7.34	3601
7.36	3992
7.37	3385
7.39	3800
7.41	3808
7.42	3854
7.44	4034
7.45	3751
7.47	3959
7.48	4046
7.50	3525
7.52	3761
7.53	3475
7.55	3449
7.56	3407
7.58	3249
7.60	3136
7.61	3081
7.63	2604
7.64	2557
7.66	2437
7.67	2375
7.69	2190
7.71	1856
7.72	1887
7.74	1701
7.75	1459
7.77	1469
7.79	1217
7.80	1244
7.82	1074
7.83	960
7.85	874
7.86	983
7.88	661
7.90	710
7.91	682
7.93	665
7.94	625
7.96	557
7.97	628
7.99	581
8.01	551
8.02	591
8.04	542
8.05	625
8.07	660
8.09	574
8.10	606
8.12	707
8.13	568
8.15	655
8.16	637
8.18	663
8.20	676
8.21	606
8.23	646
8.24	627
8.26	622
8.28	614
8.29	591
8.31	631
8.32	563
8.34	516
8.35	536
8.37	522
8.39	434
8.40	470
8.42	479
8.43	364
8.45	392
8.47	333
8.48	357
8.50	295
8.51	245
8.53	249
8.54	231
8.56	191
8.58	178
8.59	135
8.61	153
8.62	155
8.64	105
8.66	87
8.67	68
8.69	65
8.70	56
8.72	55
8.73	39
8.75	36
8.77	27
8.78	27
8.80	17
8.81	25
8.83	14
8.85	16
8.86	11
8.88	8
8.89	5
8.91	6
8.92	9
8.94	6
8.96	2
8.97	3
8.99	2
9.00	1
9.02	1
9.03	1
9.05	2
9.07	1
9.08	1
9.10	0
9.11	2
9.13	2
9.15	0
9.16	2
9.18	0
9.19	2
9.21	1
9.22	0
9.24	0
9.26	1
9.27	1
9.29	1
9.30	1
9.32	2
9.34	0
9.35	1
9.37	2
9.38	2
9.40	1
9.41	3
9.43	2
9.45	0
9.46	1
9.48	3
9.49	4
9.51	4
9.53	1
9.54	1
9.56	0
9.57	0
9.59	0
9.60	2
9.62	1
9.64	2
9.65	3
9.67	2
9.68	1
9.70	0
9.72	1
9.73	2
9.75	3
9.76	3
9.78	1
9.79	1
9.81	0
9.83	3
9.84	0
9.86	3
9.87	1
9.89	4
9.91	1
9.92	0
9.94	1
9.95	3
9.97	3
9.98	1
10.00	2
10.02	1
10.03	2
10.05	1
10.06	3
10.08	2
10.10	5
10.11	3
10.13	2
10.14	2
10.16	0
10.17	2
10.19	3
10.21	2
10.22	1
10.24	1
10.25	3
10.27	4
10.28	4
10.30	6
10.32	3
10.33	3
10.35	3
10.36	2
10.38	5
10.40	7
10.41	4
10.43	2
10.44	4
10.46	5
10.47	6
10.49	5
10.51	6
10.52	4
10.54	2
10.55	8
10.57	4
10.59	6
10.60	2
10.62	5
10.63	7
10.65	12
10.66	4
10.68	3
10.70	7
10.71	3
10.73	5
10.74	5
10.76	10
10.78	12
10.79	3
10.81	7
10.82	6
10.84	4
10.85	7
10.87	5
10.89	1
10.90	7
10.92	5
10.93	5
10.95	6
10.97	3
10.98	4
11.00	5
11.01	8
11.03	3
11.04	4
11.06	2
11.08	3
11.09	2
11.11	2
11.12	3
11.14	4
11.16	2
11.17	4
11.19	3
11.20	0
11.22	1
11.23	4
11.25	1
11.27	1
11.28	6
11.30	1
11.31	0
11.33	2
11.34	2
11.36	3
11.38	1
11.39	1
11.41	2
11.42	0
11.44	2
11.46	1
11.47	2
11.49	3
11.50	2
11.52	5
11.53	1
11.55	3
11.57	2
11.58	2
11.60	3
11.61	1
11.63	2
11.65	6
11.66	4
11.68	5
11.69	4
11.71	4
11.72	2
11.74	2
11.76	4
11.77	2
11.79	10
11.80	4
11.82	3
11.84	2
11.85	5
11.87	4
11.88	3
11.90	7
11.91	4
11.93	3
11.95	2
11.96	5
11.98	4
11.99	7
12.01	2
12.03	8
12.04	1
12.06	4
12.07	6
12.09	2
12.10	5
12.12	5
12.14	3
12.15	0
12.17	3
12.18	4
12.20	5
12.22	2
12.23	1
12.25	3
12.26	1
12.28	5
12.29	0
12.31	3
12.33	8
12.34	3
12.36	6
12.37	3
12.39	0
12.40	3
12.42	4
12.44	3
12.45	5
12.47	2
12.48	3
12.50	7
12.52	2
12.53	3
12.55	5
12.56	1
12.58	3
12.59	2
12.61	4
12.63	4
12.64	2
12.66	1
12.67	5
12.69	0
12.71	4
12.72	2
12.74	0
12.75	8
12.77	1
12.78	4
12.80	2
12.82	2
12.83	3
12.85	2
12.86	0
12.88	1
12.90	5
12.91	1
12.93	3
12.94	3
12.96	0
12.97	4
12.99	8
13.01	4
13.02	3
13.04	7
13.05	1
13.07	3
13.09	0
13.10	1
13.12	3
13.13	6
13.15	3
13.16	3
13.18	1
13.20	5
13.21	3
13.23	0
13.24	1
13.26	2
13.28	1
13.29	2
13.31	3
13.32	2
13.34	4
13.35	3
13.37	0
13.39	2
13.40	0
13.42	1
13.43	2
13.45	0
13.46	4
13.48	1
13.50	2
13.51	4
13.53	6
13.54	0
13.56	0
13.58	1
13.59	2
13.61	2
13.62	0
13.64	4
13.65	2
13.67	3
13.69	3
13.70	2
13.72	1
13.73	2
13.75	2
13.77	0
13.78	3
13.80	1
13.81	2
13.83	1
13.84	7
13.86	5
13.88	2
13.89	8
13.91	3
13.92	3
13.94	3
13.96	2
13.97	3
13.99	5
14.00	3
14.02	4
14.03	3
14.05	2
14.07	2
14.08	4
14.10	0
14.11	4
14.13	3
14.15	5
14.16	2
14.18	2
14.19	7
14.21	6
14.22	5
14.24	6
14.26	7
14.27	5
14.29	4
14.30	3
14.32	2
14.34	7
14.35	5
14.37	9
14.38	3
14.40	14
14.41	7
14.43	4
14.45	2
14.46	5
14.48	8
14.49	2
14.51	1
14.53	1
14.54	0
14.56	4
14.57	5
14.59	5
14.60	6
14.62	5
14.64	4
14.65	4
14.67	7
14.68	9
14.70	5
14.71	2
14.73	6
14.75	4
14.76	8
14.78	2
14.79	5
14.81	3
14.83	3
14.84	3
14.86	2
14.87	1
14.89	1
14.90	3
14.92	6
14.94	2
14.95	7
14.97	1
14.98	0
15.00	3
15.02	2
15.03	4
15.05	1
15.06	1
15.08	5
15.09	0
15.11	2
15.13	1
15.14	5
15.16	1
15.17	1
15.19	0
15.21	2
15.22	4
15.24	2
15.25	4
15.27	2
15.28	0
15.30	0
15.32	5
15.33	1
15.35	2
15.36	5
15.38	0
15.40	2
15.41	0
15.43	1
15.44	4
15.46	3
15.47	0
15.49	2
15.51	3
15.52	0
15.54	3
15.55	2
15.57	2
15.59	1
15.60	3
15.62	1
15.63	2
15.65	0
15.66	2
15.68	0
15.70	3
15.71	1
15.73	2
15.74	1
15.76	6
15.77	3
15.79	3
15.81	0
15.82	1
15.84	3
15.85	3
15.87	1
15.89	2
15.90	2
15.92	4
15.93	1
15.95	3
15.96	3
15.98	4
16.00	2
16.01	6
16.03	7
16.04	6
16.06	2
16.08	2
16.09	1
16.11	0
16.12	1
16.14	2
16.15	4
16.17	4
16.19	3
16.20	0
16.22	1
16.23	2
16.25	4
16.27	0
16.28	1
16.30	1
16.31	4
16.33	5
16.34	2
16.36	0
16.38	0
16.39	0
16.41	3
16.42	2
16.44	1
16.46	2
16.47	2
16.49	2
16.50	3
16.52	1
16.53	1
16.55	2
16.57	1
16.58	1
16.60	1
16.61	3
16.63	3
16.65	2
16.66	2
16.68	1
16.69	0
16.71	1
16.72	1
16.74	1
16.76	3
16.77	1
16.79	0
16.80	1
16.82	2
16.83	1
16.85	1
16.87	0
16.88	2
16.90	3
16.91	1
16.93	3
16.95	2
16.96	0
16.98	0
16.99	1
17.01	1
17.02	1
17.04	1
17.06	1
17.07	6
17.09	1
17.10	0
17.12	1
17.14	1
17.15	3
17.17	0
17.18	2
17.20	0
17.21	3
17.23	5
17.25	1
17.26	3
17.28	0
17.29	3
17.31	4
17.33	4
17.34	4
17.36	0
17.37	3
17.39	2
17.40	1
17.42	3
17.44	0
17.45	0
17.47	2
17.48	0
17.50	2
17.52	0
17.53	3
17.55	2
17.56	0
17.58	2
17.59	1
17.61	2
17.63	2
17.64	1
17.66	1
17.67	2
17.69	4
17.71	0
17.72	1
17.74	0
17.75	2
17.77	3
17.78	1
17.80	2
17.82	3
17.83	0
17.85	2
17.86	1
17.88	2
17.89	3
17.91	1
17.93	0
17.94	3
17.96	1
17.97	2
17.99	2
18.01	3
18.02	0
18.04	4
18.05	3
18.07	0
18.08	4
18.10	1
18.12	1
18.13	3
18.15	0
18.16	1
18.18	1
18.20	2
18.21	3
18.23	1
18.24	4
18.26	1
18.27	1
18.29	0
18.31	0
18.32	2
18.34	2
18.35	5
18.37	3
18.39	1
18.40	3
18.42	3
18.43	0
18.45	5
18.46	1
18.48	1
18.50	2
18.51	2
18.53	2
18.54	4
18.56	2
18.58	1
18.59	2
18.61	2
18.62	4
18.64	1
18.65	1
18.67	0
18.69	2
18.70	2
18.72	3
18.73	2
18.75	2
18.77	3
18.78	2
18.80	0
18.81	2
18.83	1
18.84	4
18.86	1
18.88	1
18.89	0
18.91	0
18.92	1
18.94	1
18.95	1
18.97	1
18.99	2
19.00	1
19.02	0
19.03	3
19.05	0
19.07	1
19.08	0
19.10	3
19.11	2
19.13	2
19.14	1
19.16	1
19.18	2
19.19	1
19.21	0
19.22	2
19.24	0
19.26	2
19.27	2
19.29	2
19.30	0
19.32	1
19.33	1
19.35	1
19.37	0
19.38	1
19.40	0
19.41	1
19.43	2
19.45	1
19.46	2
19.48	1
19.49	2
19.51	3
19.52	1
19.54	2
19.56	2
19.57	0
19.59	1
19.60	1
19.62	2
19.64	0
19.65	3
19.67	0
19.68	1
19.70	1
19.71	0
19.73	1
19.75	0
19.76	2
19.78	0
19.79	0
19.81	0
19.83	0
19.84	0
19.86	2
19.87	2
19.89	2
19.90	0
19.92	1
19.94	0
19.95	1
19.97	3
19.98	1
20.00	0
20.02	1
20.03	0
20.05	3
20.06	1
20.08	0
20.09	0
20.11	1
20.13	5
20.14	2
20.16	0
20.17	1
20.19	1
20.20	0
20.22	1
20.24	1
20.25	1
20.27	1
20.28	0
20.30	1
20.32	2
20.33	1
20.35	0
20.36	2
20.38	1
20.39	0
20.41	1
20.43	2
20.44	0
20.46	1
20.47	2
20.49	0
20.51	2
20.52	0
20.54	1
20.55	1
20.57	1
20.58	0
20.60	3
20.62	2
20.63	0
20.65	1
20.66	1
20.68	1
20.70	2
20.71	0
20.73	1
20.74	0
20.76	0
20.77	1
20.79	0
20.81	1
20.82	4
20.84	1
20.85	0
20.87	4
20.89	2
20.90	1
20.92	1
20.93	0
20.95	4
20.96	1
20.98	3
21.00	1
21.01	1
21.03	1
21.04	2
21.06	1
21.08	1
21.09	2
21.11	2
21.12	0
21.14	1
21.15	0
21.17	0
21.19	0
21.20	2
21.22	2
21.23	0
21.25	0
21.26	2
21.28	2
21.30	1
21.31	1
21.33	1
21.34	0
21.36	0
21.38	3
21.39	1
21.41	1
21.42	1
21.44	3
21.45	2
21.47	0
21.49	1
21.50	1
21.52	0
21.53	0
21.55	0
21.57	1
21.58	1
21.60	2
21.61	0
21.63	2
21.64	1
21.66	0
21.68	2
21.69	1
21.71	2
21.72	0
21.74	1
21.76	0
21.77	2
21.79	0
21.80	1
21.82	0
21.83	2
21.85	0
21.87	2
21.88	2
21.90	0
21.91	0
21.93	3
21.95	0
21.96	2
21.98	2
21.99	1
22.01	1
22.02	0
22.04	1
22.06	1
22.07	1
22.09	1
22.10	2
22.12	5
22.14	0
22.15	1
22.17	1
22.18	1
22.20	1
22.21	1
22.23	0
22.25	1
22.26	0
22.28	0
22.29	4
22.31	0
22.32	2
22.34	0
22.36	2
22.37	2
22.39	0
22.40	0
22.42	1
22.44	3
22.45	1
22.47	0
22.48	1
22.50	0
22.51	1
22.53	0
22.55	0
22.56	1
22.58	1
22.59	0
22.61	0
22.63	0
22.64	1
22.66	0
22.67	1
22.69	0
22.70	0
22.72	0
22.74	2
22.75	0
22.77	0
22.78	0
22.80	0
22.82	0
22.83	0
22.85	0
22.86	0
22.88	1
22.89	0
22.91	0
22.93	1
22.94	4
22.96	3
22.97	0
22.99	1
23.01	0
23.02	3
23.04	1
23.05	0
23.07	0
23.08	3
23.10	1
23.12	1
23.13	0
23.15	1
23.16	2
23.18	0
23.20	2
23.21	1
23.23	1
23.24	0
23.26	0
23.27	0
23.29	0
23.31	0
23.32	2
23.34	2
23.35	1
23.37	0
23.38	1
23.40	0
23.42	1
23.43	2
23.45	2
23.46	0
23.48	0
23.50	1
23.51	4
23.53	0
23.54	0
23.56	0
23.57	1
23.59	0
23.61	0
23.62	1
23.64	1
23.65	1
23.67	0
23.69	0
23.70	1
23.72	1
23.73	0
23.75	0
23.76	0
23.78	1
23.80	0
23.81	0
23.83	1
23.84	0
23.86	1
23.88	1
23.89	0
23.91	1
23.92	1
23.94	1
23.95	0
23.97	1
23.99	2
24.00	0
24.02	0
24.03	2
24.05	1
24.07	1
24.08	0
24.10	0
24.11	1
24.13	2
24.14	0
24.16	1
24.18	1
24.19	2
24.21	0
24.22	1
24.24	0
24.26	2
24.27	1
24.29	1
24.30	1
24.32	0
24.33	0
24.35	2
24.37	1
24.38	0
24.40	0
24.41	0
24.43	0
24.45	1
24.46	1
24.48	0
24.49	0
24.51	2
24.52	2
24.54	0
24.56	1
24.57	0
24.59	0
24.60	2
24.62	0
24.63	3
24.65	0
24.67	0
24.68	0
24.70	0
24.71	3
24.73	0
24.75	0
24.76	0
24.78	1
24.79	0
24.81	1
24.82	0
24.84	0
24.86	0
24.87	0
24.89	0
24.90	1
24.92	0
24.94	1
24.95	0
24.97	1
24.98	0
25.00	0
25.01	1
25.03	0
25.05	1
25.06	0
25.08	1
25.09	1
25.11	0
25.13	2
25.14	1
25.16	2
25.17	1
25.19	0
25.20	0
25.22	0
25.24	0
25.25	0
25.27	0
25.28	1
25.30	0
25.32	1
25.33	1
25.35	0
25.36	0
25.38	0
25.39	0
25.41	0
25.43	1
25.44	0
25.46	0
25.47	0
25.49	1
25.51	0
25.52	1
25.54	1
25.55	1
25.57	1
25.58	0
25.60	0
25.62	0
25.63	1
25.65	1
25.66	0
25.68	1
25.69	0
25.71	0
25.73	0
25.74	1
25.76	0
25.77	0
25.79	0
25.81	4
25.82	0
25.84	0
25.85	1
25.87	1
25.88	0
25.90	0
25.92	1
25.93	0
25.95	1
25.96	0
25.98	0
26.00	0
26.01	0
26.03	2
26.04	1
26.06	1
26.07	1
26.09	0
26.11	1
26.12	1
26.14	1
26.15	0
26.17	0
26.19	1
26.20	0
26.22	0
26.23	2
26.25	0
26.26	0
26.28	1
26.30	0
26.31	0
26.33	0
26.34	0
26.36	1
26.38	2
26.39	0
26.41	1
26.42	2
26.44	0
26.45	1
26.47	0
26.49	0
26.50	0
26.52	0
26.53	1
26.55	0
26.57	1
26.58	4
26.60	0
26.61	1
26.63	0
26.64	0
26.66	0
26.68	1
26.69	1
26.71	0
26.72	0
26.74	0
26.75	0
26.77	0
26.79	0
26.80	0
26.82	1
26.83	0
26.85	0
26.87	0
26.88	0
26.90	1
26.91	0
26.93	2
26.94	1
26.96	0
26.98	0
26.99	1
27.01	0
27.02	1
27.04	0
27.06	1
27.07	0
27.09	0
27.10	1
27.12	1
27.13	0
27.15	1
27.17	0
27.18	0
27.20	0
27.21	0
27.23	0
27.25	0
27.26	0
27.28	0
27.29	1
27.31	0
27.32	0
27.34	0
27.36	0
27.37	0
27.39	0
27.40	1
27.42	0
27.44	0
27.45	0
27.47	1
27.48	0
27.50	0
27.51	0
27.53	0
27.55	0
27.56	0
27.58	0
27.59	1
27.61	1
27.63	0
27.64	1
27.66	0
27.67	1
27.69	0
27.70	0
27.72	0
27.74	0
27.75	0
27.77	0
27.78	0
27.80	0
27.81	0
27.83	0
27.85	0
27.86	0
27.88	0
27.89	1
27.91	0
27.93	0
27.94	0
27.96	0
27.97	0
27.99	0
28.00	1
28.02	0
28.04	1
28.05	0
28.07	0
28.08	0
28.10	0
28.12	0
28.13	0
28.15	0
28.16	1
28.18	0
28.19	1
28.21	0
28.23	0
28.24	0
28.26	0
28.27	1
28.29	0
28.31	0
28.32	0
28.34	0
28.35	0
28.37	0
28.38	0
28.40	0
28.42	0
28.43	2
28.45	0
28.46	0
28.48	0
28.50	0
28.51	0
28.53	0
28.54	0
28.56	0
28.57	0
28.59	0
28.61	0
28.62	0
28.64	1
28.65	0
28.67	0
28.69	0
28.70	0
28.72	2
28.73	0
28.75	0
28.76	1
28.78	0
28.80	0
28.81	0
28.83	0
28.84	0
28.86	0
28.88	1
28.89	0
28.91	1
28.92	0
28.94	0
28.95	0
28.97	0
28.99	0
29.00	0
29.02	0
29.03	0
29.05	0
29.06	0
29.08	0
29.10	0
29.11	0
29.13	0
29.14	1
29.16	0
29.18	0
29.19	0
29.21	1
29.22	0
29.24	0
29.25	1
29.27	0
29.29	0
29.30	0
29.32	1
29.33	2
29.35	0
29.37	0
29.38	0
29.40	0
29.41	0
29.43	0
29.44	0
29.46	0
29.48	0
29.49	0
29.51	0
29.52	0
29.54	0
29.56	0
29.57	0
29.59	1
29.60	0
29.62	0
29.63	0
29.65	0
29.67	1
29.68	0
29.70	0
29.71	0
29.73	0
29.75	0
29.76	1
29.78	0
29.79	0
29.81	0
29.82	0
29.84	0
29.86	0
29.87	1
29.89	0
29.90	0
29.92	0
29.94	0
29.95	0
29.97	0
29.98	0
30.00	0
30.01	0
30.03	0
30.05	0
30.06	0
30.08	0
30.09	0
30.11	0
30.12	0
30.14	0
30.16	0
30.17	0
30.19	0
30.20	0
30.22	0
30.24	0
30.25	0
30.27	1
30.28	0
30.30	0
30.31	0
30.33	0
30.35	0
30.36	0
30.38	0
30.39	0
30.41	0
30.43	0
30.44	0
30.46	0
30.47	0
30.49	0
30.50	0
30.52	0
30.54	0
30.55	0
30.57	0
30.58	0
30.60	0
30.62	0
30.63	0
30.65	0
30.66	0
30.68	0
30.69	0
30.71	0
30.73	0
30.74	0
30.76	0
30.77	0
30.79	0
30.81	1
30.82	0
30.84	0
30.85	1
30.87	0
30.88	1
30.90	0
30.92	0
30.93	0
30.95	0
30.96	0
30.98	0
31.00	0
31.01	0
31.03	0
31.04	0
31.06	0
31.07	0
31.09	0
31.11	0
31.12	0
31.14	0
31.15	0
31.17	0
31.18	0
31.20	0
31.22	0
31.23	1
31.25	0
31.26	0
31.28	0
31.30	0
31.31	0
31.33	0
31.34	0
31.36	0
31.37	0
31.39	0
31.41	0
31.42	0
31.44	0
31.45	0
31.47	0
31.49	0
31.50	0
31.52	0
31.53	0
31.55	0
31.56	0
31.58	0
31.60	0
31.61	0
31.63	0
31.64	0
31.66	0
31.68	0
31.69	0
31.71	0
31.72	0
31.74	0
31.75	0
31.77	0
31.79	0
31.80	0
31.82	0
31.83	0
31.85	0
31.87	0
31.88	0
31.90	0
31.91	0
31.93	0
31.94	0
31.96	1
31.98	0
31.99	0
32.01	0
32.02	0
32.04	0
32.06	0
32.07	0
32.09	0
32.10	0
32.12	0
32.13	0
32.15	0
32.17	0
32.18	0
32.20	0
32.21	0
32.23	0
32.24	0
32.26	0
32.28	0
32.29	0
32.31	0
32.32	0
32.34	0
32.36	0
32.37	0
32.39	0
32.40	0
32.42	0
32.43	-1
