Energy	Impulses
E/keV	Impulses/#

0.79	0
0.81	0
0.82	0
0.84	0
0.86	0
0.87	0
0.89	0
0.90	0
0.92	0
0.93	0
0.95	0
0.97	0
0.98	0
1.00	0
1.01	0
1.03	0
1.05	0
1.06	0
1.08	0
1.09	0
1.11	0
1.12	0
1.14	1
1.16	1
1.17	1
1.19	2
1.20	4
1.22	4
1.24	11
1.25	30
1.27	28
1.28	36
1.30	21
1.31	29
1.33	18
1.35	24
1.36	26
1.38	40
1.39	29
1.41	26
1.42	26
1.44	20
1.46	35
1.47	37
1.49	27
1.50	23
1.52	21
1.54	40
1.55	19
1.57	14
1.58	30
1.60	29
1.61	25
1.63	31
1.65	23
1.66	30
1.68	30
1.69	26
1.71	33
1.73	24
1.74	25
1.76	30
1.77	32
1.79	27
1.80	19
1.82	28
1.84	17
1.85	20
1.87	30
1.88	27
1.90	27
1.92	19
1.93	13
1.95	22
1.96	20
1.98	23
1.99	16
2.01	23
2.03	22
2.04	29
2.06	24
2.07	23
2.09	19
2.11	10
2.12	17
2.14	14
2.15	23
2.17	17
2.18	24
2.20	27
2.22	18
2.23	21
2.25	12
2.26	22
2.28	23
2.30	23
2.31	14
2.33	25
2.34	16
2.36	20
2.37	20
2.39	22
2.41	23
2.42	21
2.44	28
2.45	23
2.47	16
2.48	22
2.50	14
2.52	16
2.53	26
2.55	25
2.56	16
2.58	20
2.60	33
2.61	27
2.63	23
2.64	15
2.66	15
2.67	19
2.69	16
2.71	23
2.72	30
2.74	23
2.75	18
2.77	19
2.79	16
2.80	23
2.82	13
2.83	16
2.85	14
2.86	17
2.88	22
2.90	18
2.91	15
2.93	18
2.94	13
2.96	18
2.98	22
2.99	25
3.01	15
3.02	26
3.04	19
3.05	21
3.07	14
3.09	13
3.10	19
3.12	24
3.13	27
3.15	16
3.17	17
3.18	27
3.20	20
3.21	19
3.23	14
3.24	13
3.26	19
3.28	15
3.29	21
3.31	19
3.32	19
3.34	13
3.36	17
3.37	21
3.39	16
3.40	26
3.42	22
3.43	20
3.45	14
3.47	21
3.48	25
3.50	27
3.51	14
3.53	20
3.54	31
3.56	25
3.58	21
3.59	24
3.61	18
3.62	29
3.64	28
3.66	16
3.67	15
3.69	21
3.70	24
3.72	19
3.73	22
3.75	31
3.77	27
3.78	35
3.80	30
3.81	33
3.83	25
3.85	35
3.86	31
3.88	20
3.89	26
3.91	28
3.92	33
3.94	27
3.96	23
3.97	29
3.99	26
4.00	34
4.02	31
4.04	20
4.05	28
4.07	34
4.08	25
4.10	36
4.11	35
4.13	27
4.15	35
4.16	31
4.18	26
4.19	25
4.21	30
4.23	26
4.24	30
4.26	27
4.27	29
4.29	26
4.30	21
4.32	30
4.34	35
4.35	22
4.37	35
4.38	27
4.40	32
4.42	27
4.43	33
4.45	27
4.46	18
4.48	24
4.49	20
4.51	32
4.53	24
4.54	26
4.56	28
4.57	23
4.59	27
4.60	25
4.62	28
4.64	24
4.65	20
4.67	12
4.68	21
4.70	21
4.72	19
4.73	23
4.75	22
4.76	17
4.78	22
4.79	28
4.81	25
4.83	23
4.84	25
4.86	31
4.87	17
4.89	19
4.91	17
4.92	20
4.94	25
4.95	16
4.97	21
4.98	17
5.00	21
5.02	26
5.03	15
5.05	23
5.06	28
5.08	30
5.10	21
5.11	25
5.13	33
5.14	27
5.16	24
5.17	27
5.19	29
5.21	28
5.22	22
5.24	27
5.25	22
5.27	24
5.29	30
5.30	22
5.32	21
5.33	40
5.35	27
5.36	21
5.38	27
5.40	41
5.41	25
5.43	29
5.44	40
5.46	38
5.48	31
5.49	46
5.51	50
5.52	39
5.54	38
5.55	51
5.57	37
5.59	39
5.60	50
5.62	54
5.63	46
5.65	64
5.67	53
5.68	45
5.70	52
5.71	73
5.73	67
5.74	77
5.76	73
5.78	48
5.79	73
5.81	58
5.82	81
5.84	85
5.85	61
5.87	84
5.89	71
5.90	75
5.92	82
5.93	60
5.95	77
5.97	86
5.98	75
6.00	69
6.01	63
6.03	91
6.04	82
6.06	54
6.08	68
6.09	95
6.11	53
6.12	56
6.14	52
6.16	66
6.17	71
6.19	62
6.20	97
6.22	58
6.23	68
6.25	69
6.27	72
6.28	75
6.30	70
6.31	62
6.33	59
6.35	67
6.36	79
6.38	65
6.39	87
6.41	54
6.42	59
6.44	62
6.46	73
6.47	74
6.49	66
6.50	65
6.52	60
6.54	67
6.55	60
6.57	70
6.58	66
6.60	68
6.61	58
6.63	60
6.65	62
6.66	61
6.68	71
6.69	63
6.71	77
6.73	86
6.74	91
6.76	83
6.77	93
6.79	109
6.80	118
6.82	137
6.84	109
6.85	167
6.87	140
6.88	182
6.90	196
6.91	204
6.93	217
6.95	261
6.96	317
6.98	382
6.99	365
7.01	416
7.03	475
7.04	531
7.06	564
7.07	590
7.09	612
7.10	851
7.12	715
7.14	809
7.15	920
7.17	1037
7.18	991
7.20	1110
7.22	1254
7.23	1255
7.25	1273
7.26	1486
7.28	1456
7.29	1645
7.31	1586
7.33	1676
7.34	1761
7.36	1939
7.37	1640
7.39	1907
7.41	1902
7.42	1907
7.44	2019
7.45	1973
7.47	2194
7.48	1998
7.50	1939
7.52	2166
7.53	2012
7.55	2060
7.56	2080
7.58	2082
7.60	2096
7.61	2308
7.63	1996
7.64	2124
7.66	2094
7.67	2216
7.69	2122
7.71	2004
7.72	2290
7.74	2234
7.75	2074
7.77	2331
7.79	2151
7.80	2398
7.82	2328
7.83	2382
7.85	2482
7.86	2854
7.88	2298
7.90	2597
7.91	2666
7.93	2727
7.94	2743
7.96	2684
7.97	2869
7.99	2723
8.01	2676
8.02	2963
8.04	2606
8.05	2777
8.07	2833
8.09	2662
8.10	2679
8.12	2877
8.13	2421
8.15	2383
8.16	2265
8.18	2360
8.20	2195
8.21	2016
8.23	2080
8.24	1808
8.26	1731
8.28	1613
8.29	1524
8.31	1480
8.32	1224
8.34	1176
8.35	1076
8.37	1076
8.39	779
8.40	824
8.42	755
8.43	699
8.45	680
8.47	504
8.48	535
8.50	451
8.51	401
8.53	364
8.54	348
8.56	328
8.58	312
8.59	291
8.61	271
8.62	295
8.64	216
8.66	214
8.67	212
8.69	228
8.70	236
8.72	203
8.73	231
8.75	226
8.77	250
8.78	200
8.80	212
8.81	232
8.83	221
8.85	199
8.86	204
8.88	252
8.89	170
8.91	204
8.92	202
8.94	221
8.96	195
8.97	178
8.99	158
9.00	160
9.02	139
9.03	180
9.05	146
9.07	153
9.08	128
9.10	124
9.11	147
9.13	125
9.15	82
9.16	93
9.18	93
9.19	90
9.21	65
9.22	60
9.24	35
9.26	55
9.27	44
9.29	37
9.30	39
9.32	25
9.34	25
9.35	18
9.37	24
9.38	22
9.40	8
9.41	15
9.43	8
9.45	6
9.46	9
9.48	3
9.49	7
9.51	2
9.53	1
9.54	2
9.56	3
9.57	4
9.59	1
9.60	4
9.62	2
9.64	2
9.65	1
9.67	1
9.68	1
9.70	1
9.72	1
9.73	3
9.75	3
9.76	1
9.78	1
9.79	1
9.81	2
9.83	1
9.84	0
9.86	2
9.87	2
9.89	3
9.91	2
9.92	0
9.94	3
9.95	7
9.97	1
9.98	1
10.00	1
10.02	3
10.03	1
10.05	4
10.06	0
10.08	4
10.10	1
10.11	1
10.13	1
10.14	4
10.16	1
10.17	0
10.19	3
10.21	2
10.22	0
10.24	5
10.25	1
10.27	3
10.28	2
10.30	3
10.32	1
10.33	5
10.35	4
10.36	1
10.38	4
10.40	3
10.41	5
10.43	6
10.44	3
10.46	6
10.47	4
10.49	1
10.51	6
10.52	3
10.54	2
10.55	1
10.57	3
10.59	2
10.60	6
10.62	2
10.63	5
10.65	2
10.66	5
10.68	5
10.70	0
10.71	3
10.73	2
10.74	4
10.76	7
10.78	2
10.79	3
10.81	7
10.82	1
10.84	4
10.85	3
10.87	1
10.89	3
10.90	2
10.92	1
10.93	2
10.95	2
10.97	3
10.98	5
11.00	5
11.01	3
11.03	2
11.04	2
11.06	0
11.08	3
11.09	1
11.11	3
11.12	1
11.14	2
11.16	6
11.17	1
11.19	2
11.20	1
11.22	0
11.23	1
11.25	4
11.27	2
11.28	0
11.30	2
11.31	2
11.33	0
11.34	4
11.36	1
11.38	3
11.39	2
11.41	5
11.42	6
11.44	6
11.46	1
11.47	2
11.49	5
11.50	1
11.52	2
11.53	3
11.55	1
11.57	0
11.58	2
11.60	3
11.61	2
11.63	3
11.65	1
11.66	5
11.68	5
11.69	3
11.71	7
11.72	3
11.74	2
11.76	4
11.77	3
11.79	3
11.80	6
11.82	4
11.84	5
11.85	4
11.87	6
11.88	5
11.90	5
11.91	3
11.93	1
11.95	2
11.96	3
11.98	2
11.99	2
12.01	3
12.03	1
12.04	6
12.06	2
12.07	2
12.09	1
12.10	2
12.12	5
12.14	3
12.15	3
12.17	1
12.18	0
12.20	3
12.22	1
12.23	2
12.25	2
12.26	3
12.28	5
12.29	2
12.31	2
12.33	1
12.34	2
12.36	1
12.37	3
12.39	0
12.40	5
12.42	0
12.44	2
12.45	0
12.47	1
12.48	3
12.50	4
12.52	1
12.53	2
12.55	2
12.56	2
12.58	2
12.59	1
12.61	2
12.63	2
12.64	4
12.66	1
12.67	2
12.69	0
12.71	4
12.72	2
12.74	1
12.75	2
12.77	3
12.78	1
12.80	0
12.82	2
12.83	2
12.85	1
12.86	0
12.88	0
12.90	2
12.91	1
12.93	7
12.94	0
12.96	3
12.97	0
12.99	2
13.01	2
13.02	3
13.04	0
13.05	2
13.07	4
13.09	3
13.10	1
13.12	2
13.13	2
13.15	5
13.16	5
13.18	0
13.20	3
13.21	2
13.23	1
13.24	3
13.26	2
13.28	1
13.29	0
13.31	2
13.32	3
13.34	4
13.35	2
13.37	1
13.39	1
13.40	1
13.42	1
13.43	4
13.45	2
13.46	4
13.48	6
13.50	2
13.51	7
13.53	6
13.54	3
13.56	8
13.58	4
13.59	6
13.61	5
13.62	8
13.64	3
13.65	8
13.67	4
13.69	4
13.70	4
13.72	5
13.73	3
13.75	6
13.77	3
13.78	3
13.80	5
13.81	5
13.83	1
13.84	6
13.86	5
13.88	6
13.89	3
13.91	0
13.92	5
13.94	4
13.96	5
13.97	5
13.99	3
14.00	5
14.02	1
14.03	3
14.05	6
14.07	4
14.08	7
14.10	3
14.11	4
14.13	4
14.15	5
14.16	6
14.18	7
14.19	7
14.21	5
14.22	2
14.24	3
14.26	3
14.27	7
14.29	2
14.30	5
14.32	2
14.34	2
14.35	4
14.37	3
14.38	4
14.40	3
14.41	0
14.43	4
14.45	6
14.46	3
14.48	1
14.49	0
14.51	5
14.53	3
14.54	4
14.56	6
14.57	1
14.59	1
14.60	3
14.62	2
14.64	1
14.65	5
14.67	1
14.68	2
14.70	4
14.71	1
14.73	4
14.75	4
14.76	1
14.78	3
14.79	1
14.81	2
14.83	1
14.84	2
14.86	0
14.87	6
14.89	2
14.90	0
14.92	1
14.94	2
14.95	6
14.97	2
14.98	2
15.00	2
15.02	5
15.03	4
15.05	3
15.06	1
15.08	0
15.09	1
15.11	1
15.13	7
15.14	6
15.16	5
15.17	2
15.19	5
15.21	2
15.22	1
15.24	3
15.25	2
15.27	1
15.28	2
15.30	0
15.32	1
15.33	3
15.35	5
15.36	3
15.38	4
15.40	5
15.41	4
15.43	3
15.44	1
15.46	0
15.47	3
15.49	4
15.51	2
15.52	2
15.54	2
15.55	1
15.57	2
15.59	4
15.60	3
15.62	1
15.63	2
15.65	1
15.66	3
15.68	4
15.70	1
15.71	1
15.73	10
15.74	2
15.76	3
15.77	3
15.79	0
15.81	3
15.82	2
15.84	2
15.85	1
15.87	3
15.89	2
15.90	5
15.92	1
15.93	1
15.95	5
15.96	1
15.98	2
16.00	3
16.01	3
16.03	8
16.04	3
16.06	2
16.08	1
16.09	2
16.11	2
16.12	1
16.14	2
16.15	3
16.17	1
16.19	1
16.20	1
16.22	2
16.23	2
16.25	0
16.27	2
16.28	3
16.30	1
16.31	2
16.33	4
16.34	1
16.36	3
16.38	1
16.39	1
16.41	1
16.42	5
16.44	0
16.46	0
16.47	2
16.49	1
16.50	0
16.52	2
16.53	3
16.55	0
16.57	1
16.58	0
16.60	1
16.61	1
16.63	1
16.65	3
16.66	1
16.68	3
16.69	3
16.71	0
16.72	1
16.74	1
16.76	3
16.77	2
16.79	2
16.80	3
16.82	2
16.83	4
16.85	3
16.87	3
16.88	5
16.90	3
16.91	5
16.93	3
16.95	3
16.96	3
16.98	1
16.99	0
17.01	1
17.02	5
17.04	2
17.06	1
17.07	4
17.09	3
17.10	4
17.12	2
17.14	5
17.15	2
17.17	1
17.18	5
17.20	2
17.21	1
17.23	2
17.25	7
17.26	3
17.28	2
17.29	4
17.31	2
17.33	2
17.34	0
17.36	2
17.37	4
17.39	5
17.40	3
17.42	1
17.44	4
17.45	5
17.47	0
17.48	2
17.50	1
17.52	0
17.53	3
17.55	3
17.56	1
17.58	1
17.59	0
17.61	1
17.63	2
17.64	1
17.66	4
17.67	2
17.69	1
17.71	3
17.72	1
17.74	3
17.75	4
17.77	3
17.78	0
17.80	3
17.82	1
17.83	1
17.85	2
17.86	4
17.88	1
17.89	4
17.91	3
17.93	1
17.94	1
17.96	0
17.97	3
17.99	2
18.01	1
18.02	1
18.04	2
18.05	2
18.07	4
18.08	0
18.10	2
18.12	3
18.13	1
18.15	2
18.16	5
18.18	4
18.20	2
18.21	2
18.23	1
18.24	2
18.26	2
18.27	1
18.29	1
18.31	1
18.32	0
18.34	2
18.35	0
18.37	1
18.39	0
18.40	1
18.42	2
18.43	1
18.45	0
18.46	0
18.48	3
18.50	0
18.51	2
18.53	0
18.54	0
18.56	1
18.58	1
18.59	1
18.61	1
18.62	1
18.64	0
18.65	1
18.67	0
18.69	1
18.70	0
18.72	2
18.73	1
18.75	4
18.77	1
18.78	3
18.80	0
18.81	1
18.83	2
18.84	0
18.86	0
18.88	2
18.89	3
18.91	0
18.92	1
18.94	0
18.95	2
18.97	2
18.99	1
19.00	2
19.02	2
19.03	1
19.05	0
19.07	0
19.08	1
19.10	2
19.11	0
19.13	2
19.14	1
19.16	1
19.18	3
19.19	2
19.21	0
19.22	4
19.24	1
19.26	1
19.27	1
19.29	2
19.30	0
19.32	3
19.33	0
19.35	1
19.37	0
19.38	2
19.40	1
19.41	1
19.43	1
19.45	0
19.46	2
19.48	1
19.49	1
19.51	2
19.52	0
19.54	1
19.56	3
19.57	0
19.59	0
19.60	0
19.62	1
19.64	1
19.65	0
19.67	0
19.68	1
19.70	1
19.71	3
19.73	0
19.75	0
19.76	2
19.78	0
19.79	1
19.81	1
19.83	1
19.84	1
19.86	0
19.87	0
19.89	3
19.90	1
19.92	2
19.94	2
19.95	0
19.97	0
19.98	1
20.00	2
20.02	1
20.03	0
20.05	1
20.06	1
20.08	3
20.09	2
20.11	3
20.13	1
20.14	0
20.16	2
20.17	3
20.19	2
20.20	1
20.22	3
20.24	0
20.25	1
20.27	3
20.28	2
20.30	0
20.32	3
20.33	2
20.35	1
20.36	0
20.38	1
20.39	1
20.41	2
20.43	1
20.44	1
20.46	2
20.47	4
20.49	0
20.51	1
20.52	1
20.54	1
20.55	2
20.57	1
20.58	2
20.60	0
20.62	2
20.63	2
20.65	2
20.66	1
20.68	4
20.70	1
20.71	2
20.73	0
20.74	2
20.76	2
20.77	2
20.79	2
20.81	2
20.82	1
20.84	1
20.85	0
20.87	1
20.89	3
20.90	1
20.92	1
20.93	2
20.95	1
20.96	3
20.98	0
21.00	1
21.01	1
21.03	1
21.04	2
21.06	1
21.08	0
21.09	2
21.11	1
21.12	1
21.14	1
21.15	2
21.17	0
21.19	2
21.20	1
21.22	1
21.23	0
21.25	2
21.26	2
21.28	2
21.30	0
21.31	3
21.33	1
21.34	0
21.36	0
21.38	1
21.39	2
21.41	0
21.42	0
21.44	1
21.45	0
21.47	2
21.49	0
21.50	1
21.52	0
21.53	1
21.55	1
21.57	0
21.58	0
21.60	1
21.61	0
21.63	3
21.64	2
21.66	1
21.68	1
21.69	0
21.71	0
21.72	0
21.74	2
21.76	1
21.77	1
21.79	2
21.80	2
21.82	0
21.83	0
21.85	1
21.87	0
21.88	0
21.90	2
21.91	1
21.93	0
21.95	1
21.96	1
21.98	2
21.99	1
22.01	0
22.02	0
22.04	0
22.06	0
22.07	0
22.09	0
22.10	1
22.12	3
22.14	1
22.15	0
22.17	0
22.18	0
22.20	3
22.21	0
22.23	2
22.25	0
22.26	2
22.28	1
22.29	2
22.31	1
22.32	2
22.34	0
22.36	2
22.37	0
22.39	1
22.40	0
22.42	0
22.44	0
22.45	0
22.47	2
22.48	3
22.50	1
22.51	0
22.53	0
22.55	0
22.56	2
22.58	1
22.59	1
22.61	0
22.63	0
22.64	2
22.66	1
22.67	0
22.69	1
22.70	0
22.72	0
22.74	2
22.75	0
22.77	2
22.78	2
22.80	0
22.82	0
22.83	0
22.85	0
22.86	0
22.88	0
22.89	1
22.91	3
22.93	2
22.94	0
22.96	2
22.97	1
22.99	2
23.01	0
23.02	0
23.04	1
23.05	0
23.07	4
23.08	1
23.10	0
23.12	0
23.13	1
23.15	0
23.16	0
23.18	0
23.20	2
23.21	0
23.23	1
23.24	1
23.26	1
23.27	0
23.29	0
23.31	0
23.32	1
23.34	0
23.35	0
23.37	1
23.38	0
23.40	0
23.42	1
23.43	0
23.45	1
23.46	0
23.48	0
23.50	1
23.51	1
23.53	0
23.54	0
23.56	1
23.57	0
23.59	1
23.61	1
23.62	2
23.64	1
23.65	0
23.67	2
23.69	2
23.70	0
23.72	1
23.73	2
23.75	2
23.76	2
23.78	0
23.80	0
23.81	1
23.83	1
23.84	0
23.86	4
23.88	0
23.89	0
23.91	3
23.92	3
23.94	1
23.95	1
23.97	0
23.99	1
24.00	1
24.02	1
24.03	0
24.05	2
24.07	1
24.08	1
24.10	1
24.11	1
24.13	0
24.14	1
24.16	0
24.18	2
24.19	0
24.21	1
24.22	0
24.24	0
24.26	0
24.27	1
24.29	1
24.30	0
24.32	0
24.33	2
24.35	1
24.37	0
24.38	0
24.40	1
24.41	0
24.43	2
24.45	0
24.46	0
24.48	2
24.49	1
24.51	1
24.52	0
24.54	0
24.56	0
24.57	2
24.59	1
24.60	1
24.62	2
24.63	0
24.65	1
24.67	0
24.68	3
24.70	0
24.71	1
24.73	1
24.75	2
24.76	0
24.78	0
24.79	1
24.81	0
24.82	0
24.84	0
24.86	0
24.87	0
24.89	0
24.90	0
24.92	0
24.94	1
24.95	1
24.97	0
24.98	1
25.00	0
25.01	1
25.03	1
25.05	0
25.06	0
25.08	0
25.09	1
25.11	0
25.13	0
25.14	0
25.16	0
25.17	0
25.19	0
25.20	1
25.22	0
25.24	3
25.25	0
25.27	3
25.28	0
25.30	1
25.32	3
25.33	0
25.35	2
25.36	0
25.38	2
25.39	0
25.41	0
25.43	1
25.44	0
25.46	0
25.47	0
25.49	0
25.51	2
25.52	0
25.54	0
25.55	0
25.57	0
25.58	1
25.60	2
25.62	0
25.63	0
25.65	2
25.66	0
25.68	0
25.69	0
25.71	0
25.73	2
25.74	1
25.76	1
25.77	1
25.79	1
25.81	0
25.82	1
25.84	0
25.85	3
25.87	2
25.88	0
25.90	0
25.92	1
25.93	1
25.95	0
25.96	3
25.98	0
26.00	1
26.01	0
26.03	0
26.04	0
26.06	1
26.07	1
26.09	0
26.11	0
26.12	0
26.14	1
26.15	1
26.17	1
26.19	0
26.20	0
26.22	0
26.23	0
26.25	1
26.26	1
26.28	0
26.30	0
26.31	2
26.33	0
26.34	1
26.36	0
26.38	0
26.39	1
26.41	0
26.42	0
26.44	0
26.45	0
26.47	1
26.49	1
26.50	0
26.52	1
26.53	1
26.55	0
26.57	0
26.58	2
26.60	0
26.61	1
26.63	0
26.64	0
26.66	2
26.68	1
26.69	0
26.71	0
26.72	0
26.74	0
26.75	0
26.77	0
26.79	0
26.80	1
26.82	1
26.83	0
26.85	0
26.87	1
26.88	0
26.90	0
26.91	0
26.93	0
26.94	2
26.96	0
26.98	0
26.99	0
27.01	0
27.02	0
27.04	1
27.06	0
27.07	0
27.09	0
27.10	1
27.12	0
27.13	0
27.15	0
27.17	0
27.18	0
27.20	0
27.21	1
27.23	0
27.25	1
27.26	0
27.28	0
27.29	0
27.31	0
27.32	0
27.34	0
27.36	0
27.37	2
27.39	0
27.40	2
27.42	0
27.44	0
27.45	1
27.47	0
27.48	1
27.50	0
27.51	0
27.53	0
27.55	0
27.56	0
27.58	1
27.59	0
27.61	1
27.63	0
27.64	0
27.66	0
27.67	1
27.69	0
27.70	0
27.72	0
27.74	0
27.75	0
27.77	0
27.78	0
27.80	0
27.81	0
27.83	0
27.85	1
27.86	0
27.88	1
27.89	0
27.91	2
27.93	0
27.94	1
27.96	0
27.97	0
27.99	1
28.00	0
28.02	0
28.04	1
28.05	0
28.07	0
28.08	0
28.10	0
28.12	1
28.13	0
28.15	0
28.16	0
28.18	0
28.19	0
28.21	0
28.23	1
28.24	1
28.26	1
28.27	0
28.29	0
28.31	0
28.32	0
28.34	0
28.35	0
28.37	0
28.38	2
28.40	0
28.42	0
28.43	1
28.45	0
28.46	0
28.48	0
28.50	0
28.51	0
28.53	0
28.54	1
28.56	0
28.57	0
28.59	0
28.61	1
28.62	0
28.64	0
28.65	0
28.67	0
28.69	0
28.70	0
28.72	0
28.73	0
28.75	1
28.76	0
28.78	0
28.80	0
28.81	0
28.83	1
28.84	0
28.86	0
28.88	0
28.89	1
28.91	0
28.92	0
28.94	0
28.95	0
28.97	0
28.99	0
29.00	0
29.02	1
29.03	0
29.05	0
29.06	0
29.08	1
29.10	0
29.11	0
29.13	0
29.14	0
29.16	0
29.18	0
29.19	0
29.21	0
29.22	0
29.24	0
29.25	0
29.27	0
29.29	0
29.30	0
29.32	0
29.33	1
29.35	0
29.37	0
29.38	0
29.40	1
29.41	0
29.43	0
29.44	0
29.46	0
29.48	0
29.49	0
29.51	0
29.52	0
29.54	0
29.56	0
29.57	0
29.59	0
29.60	0
29.62	0
29.63	0
29.65	0
29.67	0
29.68	0
29.70	0
29.71	0
29.73	0
29.75	0
29.76	1
29.78	0
29.79	0
29.81	0
29.82	0
29.84	0
29.86	0
29.87	0
29.89	0
29.90	0
29.92	0
29.94	0
29.95	0
29.97	0
29.98	0
30.00	0
30.01	0
30.03	0
30.05	0
30.06	0
30.08	0
30.09	0
30.11	0
30.12	0
30.14	0
30.16	1
30.17	0
30.19	0
30.20	0
30.22	1
30.24	2
30.25	0
30.27	0
30.28	0
30.30	0
30.31	0
30.33	0
30.35	0
30.36	0
30.38	0
30.39	0
30.41	0
30.43	0
30.44	0
30.46	0
30.47	0
30.49	0
30.50	0
30.52	0
30.54	0
30.55	0
30.57	0
30.58	0
30.60	1
30.62	0
30.63	0
30.65	0
30.66	0
30.68	0
30.69	0
30.71	0
30.73	0
30.74	0
30.76	0
30.77	0
30.79	0
30.81	0
30.82	0
30.84	0
30.85	0
30.87	0
30.88	0
30.90	0
30.92	0
30.93	0
30.95	0
30.96	0
30.98	0
31.00	0
31.01	0
31.03	1
31.04	0
31.06	0
31.07	0
31.09	0
31.11	0
31.12	0
31.14	0
31.15	0
31.17	0
31.18	0
31.20	0
31.22	0
31.23	0
31.25	0
31.26	0
31.28	0
31.30	1
31.31	0
31.33	0
31.34	0
31.36	0
31.37	0
31.39	0
31.41	0
31.42	0
31.44	0
31.45	0
31.47	0
31.49	0
31.50	0
31.52	1
31.53	0
31.55	0
31.56	0
31.58	0
31.60	0
31.61	0
31.63	0
31.64	0
31.66	0
31.68	0
31.69	0
31.71	0
31.72	0
31.74	0
31.75	0
31.77	0
31.79	0
31.80	0
31.82	0
31.83	0
31.85	0
31.87	0
31.88	0
31.90	0
31.91	0
31.93	0
31.94	0
31.96	0
31.98	0
31.99	0
32.01	0
32.02	0
32.04	0
32.06	0
32.07	0
32.09	0
32.10	0
32.12	0
32.13	0
32.15	0
32.17	0
32.18	0
32.20	0
32.21	0
32.23	0
32.24	0
32.26	0
32.28	0
32.29	0
32.31	0
32.32	0
32.34	0
32.36	0
32.37	0
32.39	0
32.40	0
32.42	0
32.43	-1
