Energy	Impulses
E/keV	Impulses/#

0.79	0
0.81	0
0.82	0
0.84	0
0.86	0
0.87	0
0.89	0
0.90	0
0.92	0
0.93	0
0.95	0
0.97	0
0.98	0
1.00	0
1.01	0
1.03	0
1.05	0
1.06	0
1.08	0
1.09	0
1.11	0
1.12	0
1.14	0
1.16	1
1.17	1
1.19	6
1.20	12
1.22	25
1.24	20
1.25	18
1.27	35
1.28	38
1.30	28
1.31	29
1.33	36
1.35	28
1.36	32
1.38	23
1.39	31
1.41	27
1.42	24
1.44	19
1.46	21
1.47	21
1.49	29
1.50	16
1.52	25
1.54	23
1.55	17
1.57	17
1.58	17
1.60	26
1.61	14
1.63	20
1.65	14
1.66	18
1.68	14
1.69	23
1.71	18
1.73	11
1.74	12
1.76	24
1.77	14
1.79	13
1.80	10
1.82	17
1.84	11
1.85	16
1.87	17
1.88	16
1.90	14
1.92	15
1.93	18
1.95	13
1.96	12
1.98	10
1.99	10
2.01	11
2.03	15
2.04	9
2.06	12
2.07	9
2.09	7
2.11	15
2.12	8
2.14	16
2.15	11
2.17	9
2.18	8
2.20	3
2.22	14
2.23	10
2.25	13
2.26	11
2.28	8
2.30	8
2.31	8
2.33	9
2.34	5
2.36	8
2.37	8
2.39	12
2.41	14
2.42	13
2.44	14
2.45	8
2.47	9
2.48	17
2.50	11
2.52	14
2.53	8
2.55	14
2.56	13
2.58	8
2.60	13
2.61	14
2.63	8
2.64	16
2.66	13
2.67	18
2.69	18
2.71	15
2.72	16
2.74	18
2.75	20
2.77	17
2.79	19
2.80	23
2.82	14
2.83	29
2.85	25
2.86	23
2.88	25
2.90	25
2.91	32
2.93	39
2.94	30
2.96	36
2.98	27
2.99	40
3.01	31
3.02	40
3.04	28
3.05	44
3.07	34
3.09	30
3.10	42
3.12	39
3.13	30
3.15	34
3.17	29
3.18	39
3.20	26
3.21	31
3.23	35
3.24	32
3.26	33
3.28	44
3.29	26
3.31	37
3.32	33
3.34	23
3.36	28
3.37	25
3.39	15
3.40	30
3.42	21
3.43	20
3.45	12
3.47	23
3.48	14
3.50	11
3.51	9
3.53	15
3.54	13
3.56	11
3.58	8
3.59	12
3.61	11
3.62	9
3.64	8
3.66	6
3.67	11
3.69	9
3.70	5
3.72	10
3.73	11
3.75	7
3.77	5
3.78	10
3.80	7
3.81	6
3.83	1
3.85	6
3.86	6
3.88	9
3.89	10
3.91	6
3.92	3
3.94	3
3.96	4
3.97	4
3.99	7
4.00	5
4.02	1
4.04	6
4.05	5
4.07	6
4.08	4
4.10	6
4.11	6
4.13	7
4.15	4
4.16	4
4.18	1
4.19	5
4.21	5
4.23	4
4.24	6
4.26	8
4.27	6
4.29	0
4.30	3
4.32	6
4.34	4
4.35	6
4.37	3
4.38	4
4.40	6
4.42	5
4.43	8
4.45	2
4.46	2
4.48	3
4.49	4
4.51	6
4.53	4
4.54	3
4.56	5
4.57	2
4.59	4
4.60	3
4.62	5
4.64	7
4.65	3
4.67	5
4.68	4
4.70	6
4.72	7
4.73	5
4.75	7
4.76	4
4.78	4
4.79	5
4.81	4
4.83	3
4.84	1
4.86	3
4.87	0
4.89	5
4.91	8
4.92	5
4.94	3
4.95	5
4.97	2
4.98	7
5.00	6
5.02	2
5.03	6
5.05	3
5.06	4
5.08	4
5.10	5
5.11	5
5.13	7
5.14	6
5.16	1
5.17	5
5.19	3
5.21	4
5.22	3
5.24	5
5.25	2
5.27	3
5.29	5
5.30	5
5.32	5
5.33	6
5.35	0
5.36	4
5.38	1
5.40	2
5.41	4
5.43	3
5.44	7
5.46	4
5.48	4
5.49	4
5.51	7
5.52	3
5.54	2
5.55	2
5.57	3
5.59	7
5.60	2
5.62	2
5.63	5
5.65	7
5.67	5
5.68	3
5.70	6
5.71	9
5.73	7
5.74	4
5.76	8
5.78	4
5.79	2
5.81	3
5.82	5
5.84	9
5.85	10
5.87	6
5.89	15
5.90	6
5.92	5
5.93	6
5.95	11
5.97	12
5.98	8
6.00	5
6.01	5
6.03	8
6.04	9
6.06	7
6.08	6
6.09	12
6.11	11
6.12	13
6.14	13
6.16	10
6.17	8
6.19	9
6.20	4
6.22	10
6.23	7
6.25	6
6.27	13
6.28	3
6.30	11
6.31	8
6.33	11
6.35	12
6.36	11
6.38	11
6.39	6
6.41	13
6.42	17
6.44	3
6.46	12
6.47	12
6.49	10
6.50	7
6.52	14
6.54	9
6.55	5
6.57	8
6.58	12
6.60	12
6.61	5
6.63	13
6.65	7
6.66	9
6.68	7
6.69	7
6.71	7
6.73	7
6.74	10
6.76	8
6.77	11
6.79	12
6.80	10
6.82	10
6.84	15
6.85	12
6.87	5
6.88	5
6.90	12
6.91	8
6.93	11
6.95	7
6.96	7
6.98	12
6.99	8
7.01	6
7.03	14
7.04	13
7.06	9
7.07	12
7.09	17
7.10	11
7.12	15
7.14	5
7.15	15
7.17	9
7.18	13
7.20	14
7.22	13
7.23	14
7.25	9
7.26	16
7.28	10
7.29	12
7.31	12
7.33	10
7.34	15
7.36	10
7.37	13
7.39	12
7.41	12
7.42	17
7.44	17
7.45	19
7.47	10
7.48	16
7.50	13
7.52	13
7.53	12
7.55	18
7.56	7
7.58	19
7.60	13
7.61	15
7.63	13
7.64	14
7.66	15
7.67	23
7.69	17
7.71	17
7.72	24
7.74	18
7.75	8
7.77	12
7.79	11
7.80	19
7.82	11
7.83	20
7.85	22
7.86	23
7.88	20
7.90	22
7.91	19
7.93	17
7.94	14
7.96	17
7.97	26
7.99	18
8.01	17
8.02	28
8.04	19
8.05	21
8.07	6
8.09	15
8.10	19
8.12	26
8.13	16
8.15	20
8.16	19
8.18	27
8.20	15
8.21	16
8.23	12
8.24	14
8.26	7
8.28	10
8.29	12
8.31	13
8.32	6
8.34	8
8.35	10
8.37	6
8.39	9
8.40	7
8.42	10
8.43	10
8.45	8
8.47	8
8.48	5
8.50	9
8.51	10
8.53	6
8.54	5
8.56	8
8.58	10
8.59	9
8.61	3
8.62	3
8.64	3
8.66	9
8.67	9
8.69	4
8.70	8
8.72	5
8.73	6
8.75	3
8.77	6
8.78	7
8.80	8
8.81	4
8.83	7
8.85	6
8.86	5
8.88	13
8.89	7
8.91	9
8.92	12
8.94	11
8.96	12
8.97	9
8.99	10
9.00	14
9.02	9
9.03	12
9.05	8
9.07	7
9.08	15
9.10	14
9.11	12
9.13	14
9.15	8
9.16	13
9.18	12
9.19	8
9.21	4
9.22	5
9.24	9
9.26	10
9.27	6
9.29	16
9.30	13
9.32	11
9.34	15
9.35	6
9.37	8
9.38	7
9.40	4
9.41	4
9.43	14
9.45	12
9.46	12
9.48	10
9.49	11
9.51	15
9.53	6
9.54	11
9.56	14
9.57	8
9.59	6
9.60	10
9.62	6
9.64	8
9.65	5
9.67	6
9.68	3
9.70	8
9.72	6
9.73	3
9.75	5
9.76	10
9.78	6
9.79	12
9.81	6
9.83	11
9.84	6
9.86	6
9.87	4
9.89	9
9.91	3
9.92	9
9.94	7
9.95	8
9.97	5
9.98	7
10.00	5
10.02	10
10.03	6
10.05	4
10.06	7
10.08	4
10.10	10
10.11	5
10.13	4
10.14	5
10.16	3
10.17	9
10.19	6
10.21	7
10.22	7
10.24	13
10.25	6
10.27	4
10.28	4
10.30	8
10.32	5
10.33	4
10.35	7
10.36	6
10.38	5
10.40	5
10.41	7
10.43	5
10.44	8
10.46	2
10.47	5
10.49	10
10.51	5
10.52	8
10.54	5
10.55	4
10.57	9
10.59	1
10.60	5
10.62	4
10.63	11
10.65	8
10.66	2
10.68	5
10.70	7
10.71	5
10.73	6
10.74	4
10.76	7
10.78	5
10.79	5
10.81	8
10.82	6
10.84	14
10.85	6
10.87	7
10.89	4
10.90	8
10.92	6
10.93	10
10.95	10
10.97	8
10.98	3
11.00	9
11.01	2
11.03	11
11.04	4
11.06	6
11.08	6
11.09	14
11.11	11
11.12	15
11.14	12
11.16	6
11.17	3
11.19	6
11.20	11
11.22	16
11.23	7
11.25	11
11.27	12
11.28	9
11.30	9
11.31	16
11.33	10
11.34	14
11.36	10
11.38	13
11.39	11
11.41	15
11.42	14
11.44	19
11.46	21
11.47	22
11.49	19
11.50	13
11.52	24
11.53	20
11.55	16
11.57	30
11.58	17
11.60	22
11.61	30
11.63	31
11.65	29
11.66	39
11.68	32
11.69	20
11.71	23
11.72	35
11.74	38
11.76	24
11.77	38
11.79	36
11.80	25
11.82	36
11.84	25
11.85	34
11.87	38
11.88	48
11.90	28
11.91	30
11.93	30
11.95	31
11.96	32
11.98	27
11.99	29
12.01	23
12.03	29
12.04	30
12.06	25
12.07	37
12.09	24
12.10	29
12.12	30
12.14	17
12.15	29
12.17	18
12.18	15
12.20	20
12.22	21
12.23	20
12.25	16
12.26	20
12.28	14
12.29	18
12.31	13
12.33	5
12.34	13
12.36	19
12.37	18
12.39	19
12.40	15
12.42	23
12.44	6
12.45	8
12.47	14
12.48	13
12.50	12
12.52	12
12.53	12
12.55	14
12.56	13
12.58	9
12.59	10
12.61	13
12.63	12
12.64	11
12.66	11
12.67	12
12.69	6
12.71	14
12.72	4
12.74	13
12.75	14
12.77	9
12.78	9
12.80	6
12.82	8
12.83	6
12.85	6
12.86	10
12.88	12
12.90	9
12.91	9
12.93	11
12.94	8
12.96	10
12.97	4
12.99	8
13.01	7
13.02	9
13.04	3
13.05	8
13.07	6
13.09	7
13.10	7
13.12	5
13.13	7
13.15	6
13.16	11
13.18	6
13.20	5
13.21	11
13.23	3
13.24	7
13.26	3
13.28	4
13.29	5
13.31	7
13.32	12
13.34	3
13.35	8
13.37	5
13.39	5
13.40	6
13.42	5
13.43	7
13.45	5
13.46	7
13.48	7
13.50	3
13.51	7
13.53	8
13.54	11
13.56	8
13.58	7
13.59	6
13.61	8
13.62	3
13.64	9
13.65	6
13.67	3
13.69	2
13.70	10
13.72	5
13.73	11
13.75	7
13.77	4
13.78	1
13.80	12
13.81	7
13.83	5
13.84	5
13.86	3
13.88	6
13.89	4
13.91	10
13.92	10
13.94	5
13.96	12
13.97	5
13.99	13
14.00	7
14.02	8
14.03	5
14.05	9
14.07	8
14.08	7
14.10	7
14.11	4
14.13	6
14.15	2
14.16	6
14.18	4
14.19	5
14.21	7
14.22	4
14.24	4
14.26	9
14.27	9
14.29	10
14.30	2
14.32	6
14.34	7
14.35	7
14.37	8
14.38	6
14.40	7
14.41	6
14.43	6
14.45	8
14.46	7
14.48	5
14.49	3
14.51	8
14.53	5
14.54	10
14.56	9
14.57	9
14.59	10
14.60	9
14.62	10
14.64	9
14.65	18
14.67	12
14.68	16
14.70	11
14.71	17
14.73	16
14.75	6
14.76	9
14.78	18
14.79	10
14.81	12
14.83	13
14.84	15
14.86	21
14.87	14
14.89	20
14.90	15
14.92	24
14.94	18
14.95	9
14.97	10
14.98	8
15.00	16
15.02	16
15.03	18
15.05	12
15.06	19
15.08	17
15.09	23
15.11	10
15.13	9
15.14	19
15.16	12
15.17	13
15.19	20
15.21	23
15.22	9
15.24	13
15.25	13
15.27	12
15.28	12
15.30	9
15.32	11
15.33	11
15.35	14
15.36	18
15.38	10
15.40	14
15.41	13
15.43	13
15.44	13
15.46	10
15.47	12
15.49	18
15.51	14
15.52	7
15.54	12
15.55	15
15.57	10
15.59	13
15.60	11
15.62	11
15.63	10
15.65	8
15.66	4
15.68	12
15.70	11
15.71	5
15.73	8
15.74	4
15.76	5
15.77	7
15.79	14
15.81	9
15.82	8
15.84	8
15.85	7
15.87	7
15.89	8
15.90	6
15.92	9
15.93	5
15.95	8
15.96	11
15.98	11
16.00	5
16.01	11
16.03	5
16.04	9
16.06	4
16.08	5
16.09	11
16.11	6
16.12	9
16.14	6
16.15	9
16.17	5
16.19	9
16.20	9
16.22	2
16.23	6
16.25	5
16.27	7
16.28	5
16.30	7
16.31	7
16.33	5
16.34	7
16.36	9
16.38	4
16.39	2
16.41	6
16.42	5
16.44	4
16.46	6
16.47	13
16.49	4
16.50	6
16.52	9
16.53	4
16.55	2
16.57	5
16.58	7
16.60	8
16.61	8
16.63	7
16.65	3
16.66	8
16.68	8
16.69	5
16.71	3
16.72	7
16.74	10
16.76	6
16.77	6
16.79	3
16.80	9
16.82	2
16.83	6
16.85	11
16.87	2
16.88	5
16.90	3
16.91	3
16.93	7
16.95	6
16.96	6
16.98	2
16.99	4
17.01	3
17.02	7
17.04	7
17.06	5
17.07	2
17.09	3
17.10	3
17.12	9
17.14	6
17.15	5
17.17	4
17.18	9
17.20	5
17.21	7
17.23	7
17.25	10
17.26	8
17.28	8
17.29	6
17.31	3
17.33	6
17.34	10
17.36	8
17.37	5
17.39	8
17.40	8
17.42	5
17.44	5
17.45	8
17.47	10
17.48	4
17.50	10
17.52	8
17.53	6
17.55	7
17.56	10
17.58	9
17.59	9
17.61	14
17.63	7
17.64	9
17.66	8
17.67	12
17.69	9
17.71	14
17.72	7
17.74	10
17.75	9
17.77	16
17.78	7
17.80	12
17.82	12
17.83	10
17.85	8
17.86	10
17.88	12
17.89	9
17.91	11
17.93	10
17.94	11
17.96	14
17.97	15
17.99	10
18.01	7
18.02	8
18.04	10
18.05	7
18.07	10
18.08	6
18.10	12
18.12	15
18.13	15
18.15	8
18.16	12
18.18	9
18.20	15
18.21	8
18.23	6
18.24	6
18.26	15
18.27	11
18.29	9
18.31	12
18.32	8
18.34	5
18.35	8
18.37	6
18.39	9
18.40	5
18.42	11
18.43	8
18.45	9
18.46	10
18.48	7
18.50	4
18.51	7
18.53	2
18.54	8
18.56	11
18.58	11
18.59	4
18.61	11
18.62	9
18.64	8
18.65	8
18.67	8
18.69	5
18.70	12
18.72	9
18.73	10
18.75	4
18.77	8
18.78	9
18.80	12
18.81	5
18.83	5
18.84	2
18.86	3
18.88	5
18.89	4
18.91	5
18.92	5
18.94	6
18.95	4
18.97	8
18.99	9
19.00	5
19.02	7
19.03	8
19.05	9
19.07	4
19.08	7
19.10	2
19.11	5
19.13	4
19.14	7
19.16	7
19.18	6
19.19	2
19.21	9
19.22	4
19.24	4
19.26	4
19.27	2
19.29	6
19.30	4
19.32	8
19.33	10
19.35	7
19.37	4
19.38	2
19.40	10
19.41	5
19.43	8
19.45	5
19.46	6
19.48	8
19.49	5
19.51	8
19.52	8
19.54	4
19.56	5
19.57	1
19.59	7
19.60	6
19.62	5
19.64	5
19.65	6
19.67	5
19.68	3
19.70	4
19.71	5
19.73	10
19.75	8
19.76	4
19.78	3
19.79	2
19.81	12
19.83	11
19.84	5
19.86	7
19.87	7
19.89	10
19.90	2
19.92	9
19.94	3
19.95	7
19.97	6
19.98	4
20.00	4
20.02	4
20.03	8
20.05	4
20.06	12
20.08	5
20.09	12
20.11	9
20.13	3
20.14	9
20.16	8
20.17	9
20.19	7
20.20	5
20.22	4
20.24	4
20.25	6
20.27	6
20.28	3
20.30	9
20.32	4
20.33	9
20.35	12
20.36	9
20.38	5
20.39	7
20.41	9
20.43	7
20.44	7
20.46	11
20.47	9
20.49	10
20.51	4
20.52	10
20.54	10
20.55	8
20.57	6
20.58	3
20.60	6
20.62	8
20.63	13
20.65	8
20.66	8
20.68	4
20.70	14
20.71	8
20.73	10
20.74	6
20.76	9
20.77	8
20.79	5
20.81	5
20.82	8
20.84	11
20.85	13
20.87	3
20.89	8
20.90	11
20.92	11
20.93	12
20.95	13
20.96	21
20.98	8
21.00	12
21.01	9
21.03	8
21.04	10
21.06	13
21.08	14
21.09	15
21.11	11
21.12	12
21.14	10
21.15	8
21.17	7
21.19	16
21.20	14
21.22	9
21.23	13
21.25	17
21.26	12
21.28	19
21.30	14
21.31	21
21.33	15
21.34	15
21.36	22
21.38	12
21.39	14
21.41	25
21.42	24
21.44	29
21.45	27
21.47	24
21.49	42
21.50	39
21.52	31
21.53	52
21.55	40
21.57	72
21.58	55
21.60	49
21.61	64
21.63	59
21.64	81
21.66	79
21.68	86
21.69	116
21.71	97
21.72	123
21.74	125
21.76	147
21.77	127
21.79	143
21.80	179
21.82	161
21.83	180
21.85	194
21.87	192
21.88	197
21.90	237
21.91	230
21.93	209
21.95	236
21.96	208
21.98	246
21.99	269
22.01	259
22.02	272
22.04	265
22.06	258
22.07	266
22.09	256
22.10	236
22.12	286
22.14	232
22.15	306
22.17	239
22.18	269
22.20	237
22.21	220
22.23	237
22.25	265
22.26	232
22.28	219
22.29	216
22.31	171
22.32	176
22.34	187
22.36	162
22.37	151
22.39	144
22.40	163
22.42	107
22.44	138
22.45	112
22.47	74
22.48	107
22.50	79
22.51	61
22.53	56
22.55	57
22.56	61
22.58	60
22.59	43
22.61	39
22.63	41
22.64	34
22.66	35
22.67	22
22.69	20
22.70	22
22.72	12
22.74	21
22.75	12
22.77	16
22.78	13
22.80	4
22.82	4
22.83	6
22.85	5
22.86	4
22.88	10
22.89	3
22.91	5
22.93	1
22.94	3
22.96	2
22.97	5
22.99	2
23.01	3
23.02	0
23.04	2
23.05	4
23.07	4
23.08	2
23.10	4
23.12	2
23.13	1
23.15	3
23.16	2
23.18	3
23.20	1
23.21	1
23.23	3
23.24	0
23.26	2
23.27	1
23.29	7
23.31	3
23.32	4
23.34	2
23.35	5
23.37	4
23.38	4
23.40	3
23.42	4
23.43	3
23.45	4
23.46	3
23.48	5
23.50	2
23.51	2
23.53	5
23.54	2
23.56	4
23.57	3
23.59	3
23.61	2
23.62	4
23.64	1
23.65	3
23.67	4
23.69	2
23.70	3
23.72	4
23.73	3
23.75	4
23.76	2
23.78	3
23.80	2
23.81	5
23.83	2
23.84	3
23.86	2
23.88	3
23.89	1
23.91	3
23.92	1
23.94	2
23.95	3
23.97	3
23.99	3
24.00	2
24.02	2
24.03	4
24.05	5
24.07	3
24.08	4
24.10	6
24.11	2
24.13	6
24.14	5
24.16	3
24.18	1
24.19	8
24.21	5
24.22	5
24.24	3
24.26	4
24.27	6
24.29	5
24.30	4
24.32	7
24.33	5
24.35	3
24.37	11
24.38	6
24.40	9
24.41	4
24.43	9
24.45	9
24.46	9
24.48	16
24.49	15
24.51	15
24.52	18
24.54	17
24.56	14
24.57	17
24.59	21
24.60	25
24.62	30
24.63	28
24.65	31
24.67	22
24.68	28
24.70	32
24.71	31
24.73	40
24.75	23
24.76	47
24.78	41
24.79	33
24.81	40
24.82	43
24.84	39
24.86	38
24.87	34
24.89	35
24.90	49
24.92	49
24.94	38
24.95	46
24.97	38
24.98	42
25.00	42
25.01	48
25.03	43
25.05	41
25.06	48
25.08	25
25.09	58
25.11	40
25.13	38
25.14	42
25.16	31
25.17	26
25.19	41
25.20	36
25.22	22
25.24	22
25.25	22
25.27	31
25.28	21
25.30	20
25.32	16
25.33	20
25.35	11
25.36	12
25.38	18
25.39	23
25.41	14
25.43	12
25.44	15
25.46	13
25.47	12
25.49	20
25.51	11
25.52	18
25.54	14
25.55	8
25.57	10
25.58	10
25.60	4
25.62	4
25.63	7
25.65	5
25.66	7
25.68	4
25.69	7
25.71	6
25.73	6
25.74	5
25.76	2
25.77	1
25.79	4
25.81	6
25.82	2
25.84	2
25.85	2
25.87	1
25.88	1
25.90	2
25.92	0
25.93	1
25.95	4
25.96	0
25.98	1
26.00	1
26.01	0
26.03	1
26.04	1
26.06	1
26.07	1
26.09	0
26.11	0
26.12	1
26.14	0
26.15	0
26.17	1
26.19	0
26.20	0
26.22	0
26.23	0
26.25	0
26.26	0
26.28	0
26.30	0
26.31	0
26.33	0
26.34	0
26.36	0
26.38	0
26.39	0
26.41	0
26.42	0
26.44	0
26.45	0
26.47	0
26.49	0
26.50	0
26.52	0
26.53	0
26.55	0
26.57	0
26.58	0
26.60	1
26.61	0
26.63	1
26.64	0
26.66	0
26.68	0
26.69	0
26.71	0
26.72	0
26.74	0
26.75	1
26.77	0
26.79	0
26.80	0
26.82	0
26.83	1
26.85	0
26.87	0
26.88	0
26.90	0
26.91	0
26.93	0
26.94	0
26.96	0
26.98	0
26.99	0
27.01	0
27.02	0
27.04	0
27.06	1
27.07	0
27.09	0
27.10	0
27.12	0
27.13	0
27.15	0
27.17	0
27.18	0
27.20	0
27.21	0
27.23	0
27.25	0
27.26	0
27.28	0
27.29	0
27.31	0
27.32	0
27.34	0
27.36	0
27.37	0
27.39	0
27.40	1
27.42	0
27.44	0
27.45	1
27.47	0
27.48	1
27.50	0
27.51	0
27.53	0
27.55	0
27.56	0
27.58	0
27.59	0
27.61	0
27.63	0
27.64	0
27.66	0
27.67	0
27.69	0
27.70	0
27.72	0
27.74	0
27.75	2
27.77	0
27.78	0
27.80	0
27.81	0
27.83	0
27.85	0
27.86	1
27.88	0
27.89	0
27.91	0
27.93	0
27.94	0
27.96	0
27.97	0
27.99	1
28.00	0
28.02	0
28.04	0
28.05	0
28.07	0
28.08	0
28.10	0
28.12	0
28.13	0
28.15	0
28.16	0
28.18	0
28.19	0
28.21	0
28.23	1
28.24	0
28.26	1
28.27	0
28.29	0
28.31	0
28.32	0
28.34	0
28.35	0
28.37	0
28.38	0
28.40	0
28.42	0
28.43	0
28.45	0
28.46	0
28.48	0
28.50	0
28.51	0
28.53	1
28.54	0
28.56	0
28.57	0
28.59	0
28.61	0
28.62	0
28.64	0
28.65	1
28.67	0
28.69	0
28.70	0
28.72	0
28.73	0
28.75	0
28.76	0
28.78	0
28.80	0
28.81	0
28.83	0
28.84	0
28.86	0
28.88	0
28.89	0
28.91	0
28.92	0
28.94	0
28.95	0
28.97	0
28.99	0
29.00	0
29.02	1
29.03	0
29.05	0
29.06	0
29.08	0
29.10	0
29.11	0
29.13	0
29.14	0
29.16	0
29.18	0
29.19	0
29.21	0
29.22	0
29.24	0
29.25	1
29.27	0
29.29	0
29.30	0
29.32	1
29.33	0
29.35	0
29.37	0
29.38	0
29.40	0
29.41	2
29.43	0
29.44	0
29.46	0
29.48	0
29.49	0
29.51	0
29.52	0
29.54	0
29.56	0
29.57	0
29.59	0
29.60	0
29.62	0
29.63	0
29.65	0
29.67	0
29.68	1
29.70	0
29.71	0
29.73	0
29.75	0
29.76	0
29.78	0
29.79	0
29.81	0
29.82	0
29.84	0
29.86	0
29.87	0
29.89	0
29.90	0
29.92	0
29.94	0
29.95	0
29.97	0
29.98	0
30.00	0
30.01	0
30.03	0
30.05	0
30.06	0
30.08	0
30.09	0
30.11	0
30.12	0
30.14	0
30.16	0
30.17	0
30.19	0
30.20	0
30.22	0
30.24	0
30.25	0
30.27	0
30.28	0
30.30	0
30.31	0
30.33	0
30.35	0
30.36	0
30.38	0
30.39	0
30.41	0
30.43	0
30.44	0
30.46	0
30.47	0
30.49	0
30.50	0
30.52	0
30.54	0
30.55	0
30.57	0
30.58	0
30.60	0
30.62	0
30.63	0
30.65	0
30.66	0
30.68	0
30.69	0
30.71	0
30.73	0
30.74	0
30.76	0
30.77	0
30.79	0
30.81	0
30.82	0
30.84	0
30.85	0
30.87	0
30.88	0
30.90	0
30.92	0
30.93	0
30.95	0
30.96	0
30.98	0
31.00	0
31.01	0
31.03	0
31.04	0
31.06	0
31.07	0
31.09	0
31.11	0
31.12	0
31.14	0
31.15	0
31.17	0
31.18	0
31.20	0
31.22	0
31.23	0
31.25	0
31.26	0
31.28	0
31.30	0
31.31	1
31.33	0
31.34	0
31.36	0
31.37	0
31.39	0
31.41	0
31.42	0
31.44	0
31.45	0
31.47	0
31.49	0
31.50	0
31.52	0
31.53	0
31.55	1
31.56	0
31.58	0
31.60	0
31.61	0
31.63	1
31.64	0
31.66	0
31.68	0
31.69	0
31.71	0
31.72	0
31.74	0
31.75	0
31.77	0
31.79	0
31.80	0
31.82	0
31.83	0
31.85	0
31.87	0
31.88	0
31.90	0
31.91	0
31.93	0
31.94	0
31.96	0
31.98	0
31.99	0
32.01	0
32.02	0
32.04	0
32.06	0
32.07	0
32.09	0
32.10	0
32.12	0
32.13	0
32.15	0
32.17	0
32.18	0
32.20	0
32.21	0
32.23	0
32.24	0
32.26	0
32.28	0
32.29	0
32.31	0
32.32	0
32.34	0
32.36	0
32.37	0
32.39	0
32.40	0
32.42	0
32.43	-1
