# exported by fityk 0.8.7
#16-1-Cent:x	16-1-Cent:y	16-1-Cent:s	16-1-Cent:F(x)	16-1-Cent:%_1(x)	16-1-Cent:%_2(x)	16-1-Cent:a
0.79	0	1	8.14194e-201	8.14194e-201	3.44808e-305	1
0.81	0	1	1.09989e-199	1.09989e-199	1.14351e-303	1
0.82	0	1	4.03162e-199	4.03162e-199	6.56384e-303	1
0.84	0	1	5.38743e-198	5.38743e-198	2.14864e-301	1
0.86	0	1	7.14723e-197	7.14723e-197	6.97264e-300	1
0.87	0	1	2.59619e-196	2.59619e-196	3.95913e-299	1
0.89	0	1	3.40701e-195	3.40701e-195	1.26817e-297	1
0.9	0	1	1.23087e-194	1.23087e-194	7.15403e-297	1
0.92	0	1	1.59784e-193	1.59784e-193	2.26188e-295	1
0.93	0	1	5.74132e-193	5.74132e-193	1.2677e-294	1
0.95	0	1	7.37246e-192	7.37246e-192	3.95619e-293	1
0.97	0	1	9.39868e-191	9.39868e-191	1.22396e-291	1
0.98	0	1	3.34668e-190	3.34668e-190	6.78574e-291	1
1	0	1	4.22037e-189	4.22037e-189	2.07219e-289	1
1.01	0	1	1.49465e-188	1.49465e-188	1.14138e-288	1
1.03	0	1	1.86447e-187	1.86447e-187	3.44039e-287	1
1.05	0	1	2.30902e-186	2.30902e-186	1.02804e-285	1
1.06	0	1	8.1037e-186	8.1037e-186	5.60142e-285	1
1.08	0	1	9.92742e-185	9.92742e-185	1.65213e-283	1
1.09	0	1	3.46524e-184	3.46524e-184	8.94341e-283	1
1.11	1	1	4.19921e-183	4.19921e-183	2.60371e-281	1
1.12	0	1	1.45782e-182	1.45782e-182	1.4003e-280	1
1.14	0	1	1.74751e-181	1.74751e-181	4.02395e-279	1
1.16	0	1	2.07965e-180	2.07965e-180	1.14634e-277	1
1.17	1	1	7.15476e-180	7.15476e-180	6.09857e-277	1
1.19	0	1	8.4226e-179	8.4226e-179	1.71487e-275	1
1.2	1	1	2.88199e-178	2.88199e-178	9.06394e-275	1
1.22	7	2.64575	3.35602e-177	3.35602e-177	2.51572e-273	1
1.24	10	3.16228	3.87981e-176	3.87981e-176	6.92205e-272	1
1.25	29	5.38516	1.3156e-175	1.3156e-175	3.61916e-271	1
1.27	35	5.91608	1.5045e-174	1.5045e-174	9.82931e-270	1
1.28	37	6.08276	5.07396e-174	5.07396e-174	5.10583e-269	1
1.3	26	5.09902	5.73979e-173	5.73979e-173	1.36875e-267	1
1.31	29	5.38516	1.92527e-172	1.92527e-172	7.06382e-267	1
1.33	36	6	2.15438e-171	2.15438e-171	1.86913e-265	1
1.35	43	6.55744	2.39335e-170	2.39335e-170	4.90308e-264	1
1.36	31	5.56776	7.95553e-170	7.95553e-170	2.50305e-263	1
1.38	29	5.38516	8.74249e-169	8.74249e-169	6.48099e-262	1
1.39	26	5.09902	2.89027e-168	2.89027e-168	3.2871e-261	1
1.41	26	5.09902	3.14185e-167	3.14185e-167	8.40093e-260	1
1.42	33	5.74456	1.03307e-166	1.03307e-166	4.23321e-259	1
1.44	33	5.74456	1.11086e-165	1.11086e-165	1.06789e-257	1
1.46	38	6.16441	1.18588e-164	1.18588e-164	2.67062e-256	1
1.47	27	5.19615	3.86415e-164	3.86415e-164	1.33119e-255	1
1.49	26	5.09902	4.08055e-163	4.08055e-163	3.286e-254	1
1.5	22	4.69042	1.32242e-162	1.32242e-162	1.6273e-253	1
1.52	22	4.69042	1.38139e-161	1.38139e-161	3.96495e-252	1
1.54	31	5.56776	1.43257e-160	1.43257e-160	9.57716e-251	1
1.55	27	5.19615	4.60083e-160	4.60083e-160	4.69161e-250	1
1.57	28	5.2915	4.71974e-159	4.71974e-159	1.11857e-248	1
1.58	20	4.47214	1.50757e-158	1.50757e-158	5.44401e-248	1
1.6	33	5.74456	1.52982e-157	1.52982e-157	1.28116e-246	1
1.61	23	4.79583	4.86008e-157	4.86008e-157	6.19485e-246	1
1.63	27	5.19615	4.87851e-156	4.87851e-156	1.43899e-244	1
1.65	23	4.79583	4.86167e-155	4.86167e-155	3.31369e-243	1
1.66	34	5.83095	1.53057e-154	1.53057e-154	1.58498e-242	1
1.68	28	5.2915	1.50881e-153	1.50881e-153	3.60265e-241	1
1.69	30	5.47723	4.72437e-153	4.72437e-153	1.71201e-240	1
1.71	17	4.12311	4.60686e-152	4.60686e-152	3.84102e-239	1
1.73	32	5.65685	4.45985e-151	4.45985e-151	8.54308e-238	1
1.74	27	5.19615	1.38388e-150	1.38388e-150	4.01591e-237	1
1.76	26	5.09902	1.32524e-149	1.32524e-149	8.81648e-236	1
1.77	22	4.69042	4.0899e-149	4.0899e-149	4.11753e-235	1
1.79	37	6.08276	3.87427e-148	3.87427e-148	8.92256e-234	1
1.8	28	5.2915	1.18919e-147	1.18919e-147	4.14002e-233	1
1.82	31	5.56776	1.11432e-146	1.11432e-146	8.85519e-232	1
1.84	25	5	1.03663e-145	1.03663e-145	1.87768e-230	1
1.85	27	5.19615	3.15318e-145	3.15318e-145	8.61827e-230	1
1.87	26	5.09902	2.90164e-144	2.90164e-144	1.80379e-228	1
1.88	33	5.74456	8.77831e-144	8.77831e-144	8.22538e-228	1
1.9	28	5.2915	7.99074e-143	7.99074e-143	1.69928e-226	1
1.92	36	6	7.22133e-142	7.22133e-142	3.48019e-225	1
1.93	25	5	2.16497e-141	2.16497e-141	1.56985e-224	1
1.95	34	5.83095	1.93537e-140	1.93537e-140	3.1735e-223	1
1.96	33	5.74456	5.77085e-140	5.77085e-140	1.42221e-222	1
1.98	31	5.56776	5.10308e-139	5.10308e-139	2.83783e-221	1
1.99	29	5.38516	1.51339e-138	1.51339e-138	1.26353e-220	1
2.01	27	5.19615	1.3238e-137	1.3238e-137	2.48857e-219	1
2.03	25	5	1.14961e-136	1.14961e-136	4.85896e-218	1
2.04	32	5.65685	3.3786e-136	3.3786e-136	2.14006e-217	1
2.06	27	5.19615	2.90233e-135	2.90233e-135	4.12441e-216	1
2.07	28	5.2915	8.48343e-135	8.48343e-135	1.80475e-215	1
2.09	22	4.69042	7.20879e-134	7.20879e-134	3.43317e-214	1
2.11	20	4.47214	6.08146e-133	6.08146e-133	6.47444e-213	1
2.12	29	5.38516	1.76157e-132	1.76157e-132	2.80248e-212	1
2.14	17	4.12311	1.47003e-131	1.47003e-131	5.21665e-211	1
2.15	28	5.2915	4.23507e-131	4.23507e-131	2.24338e-210	1
2.17	23	4.79583	3.49598e-130	3.49598e-130	4.12187e-209	1
2.18	16	4	1.00171e-129	1.00171e-129	1.76107e-208	1
2.2	25	5	8.1796e-129	8.1796e-129	3.19383e-207	1
2.22	20	4.47214	6.63095e-128	6.63095e-128	5.74216e-206	1
2.23	25	5	1.88286e-127	1.88286e-127	2.42685e-205	1
2.25	16	4	1.50988e-126	1.50988e-126	4.30674e-204	1
2.26	27	5.19615	4.26408e-126	4.26408e-126	1.80837e-203	1
2.28	25	5	3.38245e-125	3.38245e-125	3.16764e-202	1
2.3	31	5.56776	2.66374e-124	2.66374e-124	5.50063e-201	1
2.31	22	4.69042	7.45491e-124	7.45491e-124	2.28474e-200	1
2.33	28	5.2915	5.80743e-123	5.80743e-123	3.91612e-199	1
2.34	18	4.24264	1.6165e-122	1.6165e-122	1.61604e-198	1
2.36	21	4.58258	1.24566e-121	1.24566e-121	2.73409e-197	1
2.37	12	3.4641	3.4485e-121	3.4485e-121	1.12093e-196	1
2.39	17	4.12311	2.62866e-120	2.62866e-120	1.87191e-195	1
2.41	22	4.69042	1.98927e-119	1.98927e-119	3.09897e-194	1
2.42	25	5	5.45749e-119	5.45749e-119	1.25681e-193	1
2.44	24	4.89898	4.08538e-118	4.08538e-118	2.05374e-192	1
2.45	19	4.3589	1.11474e-117	1.11474e-117	8.27501e-192	1
2.47	15	3.87298	8.25456e-117	8.25456e-117	1.33471e-190	1
2.48	22	4.69042	2.24014e-116	2.24014e-116	5.34295e-190	1
2.5	23	4.79583	1.64088e-115	1.64088e-115	8.50632e-189	1
2.52	26	5.09902	1.19326e-114	1.19326e-114	1.34255e-187	1
2.53	24	4.89898	3.2091e-114	3.2091e-114	5.31632e-187	1
2.55	23	4.79583	2.30845e-113	2.30845e-113	8.28214e-186	1
2.56	25	5	6.17463e-113	6.17463e-113	3.25832e-185	1
2.58	24	4.89898	4.3937e-112	4.3937e-112	5.01035e-184	1
2.6	17	4.12311	3.10387e-111	3.10387e-111	7.63784e-183	1
2.61	26	5.09902	8.22737e-111	8.22737e-111	2.9724e-182	1
2.63	15	3.87298	5.74931e-110	5.74931e-110	4.47252e-181	1
2.64	26	5.09902	1.5157e-109	1.5157e-109	1.72926e-180	1
2.66	24	4.89898	1.04773e-108	1.04773e-108	2.56832e-179	1
2.67	32	5.65685	2.74719e-108	2.74719e-108	9.8657e-179	1
2.69	29	5.38516	1.87848e-107	1.87848e-107	1.4463e-177	1
2.71	17	4.12311	1.2752e-106	1.2752e-106	2.10192e-176	1
2.72	15	3.87298	3.31348e-106	3.31348e-106	7.98696e-176	1
2.74	23	4.79583	2.22504e-105	2.22504e-105	1.14573e-174	1
2.75	14	3.74166	5.75023e-105	5.75023e-105	4.32532e-174	1
2.77	16	4	3.81961e-104	3.81961e-104	6.12438e-173	1
2.79	18	4.24264	2.51888e-103	2.51888e-103	8.59675e-172	1
2.8	24	4.89898	6.45094e-103	6.45094e-103	3.21038e-171	1
2.82	22	4.69042	4.20817e-102	4.20817e-102	4.44806e-170	1
2.83	21	4.58258	1.07189e-101	1.07189e-101	1.6503e-169	1
2.85	14	3.74166	6.91672e-101	6.91672e-101	2.25694e-168	1
2.86	17	4.12311	1.75225e-100	1.75225e-100	8.31926e-168	1
2.88	22	4.69042	1.11848e-099	1.11848e-099	1.12301e-166	1
2.9	15	3.87298	7.08787e-099	7.08787e-099	1.50284e-165	1
2.91	29	5.38516	1.77943e-098	1.77943e-098	5.47977e-165	1
2.93	17	4.12311	1.11544e-097	1.11544e-097	7.23824e-164	1
2.94	18	4.24264	2.78518e-097	2.78518e-097	2.62213e-163	1
2.96	20	4.47214	1.72704e-096	1.72704e-096	3.41875e-162	1
2.98	16	4	1.06318e-095	1.06318e-095	4.41885e-161	1
2.99	21	4.58258	2.63074e-095	2.63074e-095	1.58349e-160	1
3.01	22	4.69042	1.602e-094	1.602e-094	2.02022e-159	1
3.02	28	5.2915	3.94255e-094	3.94255e-094	7.19245e-159	1
3.04	24	4.89898	2.37489e-093	2.37489e-093	9.0574e-158	1
3.05	26	5.09902	5.81295e-093	5.81295e-093	3.20371e-157	1
3.07	13	3.60555	3.46374e-092	3.46374e-092	3.98219e-156	1
3.09	19	4.3589	2.04902e-091	2.04902e-091	4.90704e-155	1
3.1	26	5.09902	4.97014e-091	4.97014e-091	1.71694e-154	1
3.12	24	4.89898	2.90838e-090	2.90838e-090	2.08831e-153	1
3.13	19	4.3589	7.01639e-090	7.01639e-090	7.25939e-153	1
3.15	26	5.09902	4.06143e-089	4.06143e-089	8.71531e-152	1
3.17	21	4.58258	2.33398e-088	2.33398e-088	1.03727e-150	1
3.18	20	4.47214	5.57991e-088	5.57991e-088	3.56685e-150	1
3.2	20	4.47214	3.17196e-087	3.17196e-087	4.19024e-149	1
3.21	17	4.12311	7.54221e-087	7.54221e-087	1.43153e-148	1
3.23	27	5.19615	4.24112e-086	4.24112e-086	1.65996e-147	1
3.24	26	5.09902	1.00298e-085	1.00298e-085	5.63419e-147	1
3.26	9	3	5.57897e-085	5.57897e-085	6.44867e-146	1
3.28	21	4.58258	3.08086e-084	3.08086e-084	7.31707e-145	1
3.29	21	4.58258	7.22022e-084	7.22022e-084	2.45672e-144	1
3.31	22	4.69042	3.94411e-083	3.94411e-083	2.75148e-143	1
3.32	15	3.87298	9.19324e-083	9.19324e-083	9.17818e-143	1
3.34	17	4.12311	4.96762e-082	4.96762e-082	1.01463e-141	1
3.36	17	4.12311	2.66491e-081	2.66491e-081	1.11196e-140	1
3.37	20	4.47214	6.1556e-081	6.1556e-081	3.66915e-140	1
3.39	14	3.74166	3.26652e-080	3.26652e-080	3.96907e-139	1
3.4	12	3.4641	7.50436e-080	7.50436e-080	1.30118e-138	1
3.42	23	4.79583	3.93922e-079	3.93922e-079	1.38932e-137	1
3.43	25	5	9.00076e-079	9.00076e-079	4.52502e-137	1
3.45	27	5.19615	4.67366e-078	4.67366e-078	4.76902e-136	1
3.47	24	4.89898	2.40929e-077	2.40929e-077	4.98271e-135	1
3.48	19	4.3589	5.45539e-077	5.45539e-077	1.60535e-134	1
3.5	24	4.89898	2.78189e-076	2.78189e-076	1.65557e-133	1
3.51	21	4.58258	6.26494e-076	6.26494e-076	5.29937e-133	1
3.53	18	4.24264	3.16018e-075	3.16018e-075	5.39443e-132	1
3.54	24	4.89898	7.07832e-075	7.07832e-075	1.71551e-131	1
3.56	22	4.69042	3.53188e-074	3.53188e-074	1.72368e-130	1
3.58	20	4.47214	1.74959e-073	1.74959e-073	1.71692e-129	1
3.59	22	4.69042	3.88349e-073	3.88349e-073	5.40109e-129	1
3.61	23	4.79583	1.90298e-072	1.90298e-072	5.31027e-128	1
3.62	24	4.89898	4.20108e-072	4.20108e-072	1.65966e-127	1
3.64	25	5	2.03636e-071	2.03636e-071	1.61064e-126	1
3.66	25	5	9.79944e-071	9.79944e-071	1.54955e-125	1
3.67	23	4.79583	2.14385e-070	2.14385e-070	4.79064e-125	1
3.69	21	4.58258	1.02053e-069	1.02053e-069	4.54927e-124	1
3.7	19	4.3589	2.22054e-069	2.22054e-069	1.39734e-123	1
3.72	18	4.24264	1.04561e-068	1.04561e-068	1.30976e-122	1
3.73	22	4.69042	2.26279e-068	2.26279e-068	3.99691e-122	1
3.75	22	4.69042	1.05399e-067	1.05399e-067	3.69793e-121	1
3.77	13	3.60555	4.87396e-067	4.87396e-067	3.39173e-120	1
3.78	22	4.69042	1.04526e-066	1.04526e-066	1.02385e-119	1
3.8	19	4.3589	4.78136e-066	4.78136e-066	9.26921e-119	1
3.81	22	4.69042	1.01985e-065	1.01985e-065	2.77991e-118	1
3.83	17	4.12311	4.61471e-065	4.61471e-065	2.48415e-117	1
3.85	24	4.89898	2.07303e-064	2.07303e-064	2.20066e-116	1
3.86	28	5.2915	4.38186e-064	4.38186e-064	6.52871e-116	1
3.88	28	5.2915	1.94716e-063	1.94716e-063	5.70881e-115	1
3.89	21	4.58258	4.0935e-063	4.0935e-063	1.68264e-114	1
3.91	19	4.3589	1.79937e-062	1.79937e-062	1.45228e-113	1
3.92	23	4.79583	3.76229e-062	3.76229e-062	4.25273e-113	1
3.94	25	5	1.63591e-061	1.63591e-061	3.62302e-112	1
3.96	23	4.79583	7.06187e-061	7.06187e-061	3.05987e-111	1
3.97	19	4.3589	1.46326e-060	1.46326e-060	8.86349e-111	1
3.99	21	4.58258	6.24831e-060	6.24831e-060	7.38889e-110	1
4	24	4.89898	1.28767e-059	1.28767e-059	2.12643e-109	1
4.02	24	4.89898	5.43911e-059	5.43911e-059	1.74972e-108	1
4.04	13	3.60555	2.2809e-058	2.2809e-058	1.4273e-107	1
4.05	23	4.79583	4.65816e-058	4.65816e-058	4.06324e-107	1
4.07	20	4.47214	1.9323e-057	1.9323e-057	3.2716e-106	1
4.08	25	5	3.92485e-057	3.92485e-057	9.25316e-106	1
4.1	17	4.12311	1.61051e-056	1.61051e-056	7.35395e-105	1
4.11	16	4	3.25353e-056	3.25353e-056	2.06643e-104	1
4.13	32	5.65685	1.32061e-055	1.32061e-055	1.62104e-103	1
4.15	29	5.38516	5.32172e-055	5.32172e-055	1.26065e-102	1
4.16	19	4.3589	1.06539e-054	1.06539e-054	3.50414e-102	1
4.18	27	5.19615	4.24685e-054	4.24685e-054	2.68984e-101	1
4.19	19	4.3589	8.45603e-054	8.45603e-054	7.4282e-101	1
4.21	22	4.69042	3.3343e-053	3.3343e-053	5.62821e-100	1
4.23	21	4.58258	1.30526e-052	1.30526e-052	4.22751e-099	1
4.24	19	4.3589	2.57552e-052	2.57552e-052	1.15486e-098	1
4.26	33	5.74456	9.97329e-052	9.97329e-052	8.5622e-098	1
4.27	20	4.47214	1.95725e-051	1.95725e-051	2.32381e-097	1
4.29	21	4.58258	7.49724e-051	7.49724e-051	1.70059e-096	1
4.3	23	4.79583	1.46335e-050	1.46335e-050	4.58549e-096	1
4.32	33	5.74456	5.5448e-050	5.5448e-050	3.31229e-095	1
4.34	10	3.16228	2.08582e-049	2.08582e-049	2.37191e-094	1
4.35	21	4.58258	4.03453e-049	4.03453e-049	6.3266e-094	1
4.37	13	3.60555	1.50129e-048	1.50129e-048	4.47181e-093	1
4.38	21	4.58258	2.88816e-048	2.88816e-048	1.18502e-092	1
4.4	18	4.24264	1.0631e-047	1.0631e-047	8.26765e-092	1
4.42	28	5.2915	3.88493e-047	3.88493e-047	5.7183e-091	1
4.43	22	4.69042	7.40641e-047	7.40641e-047	1.49898e-090	1
4.45	20	4.47214	2.6773e-046	2.6773e-046	1.02334e-089	1
4.46	22	4.69042	5.07647e-046	5.07647e-046	2.66514e-089	1
4.48	22	4.69042	1.81523e-045	1.81523e-045	1.79593e-088	1
4.49	24	4.89898	3.42325e-045	3.42325e-045	4.64687e-088	1
4.51	24	4.89898	1.21085e-044	1.21085e-044	3.09081e-087	1
4.53	19	4.3589	4.25203e-044	4.25203e-044	2.03804e-086	1
4.54	16	4	7.94638e-044	7.94638e-044	5.21638e-086	1
4.56	19	4.3589	2.7603e-043	2.7603e-043	3.3951e-085	1
4.57	26	5.09902	5.13063e-043	5.13063e-043	8.63335e-085	1
4.59	17	4.12311	1.76295e-042	1.76295e-042	5.54632e-084	1
4.6	24	4.89898	3.25908e-042	3.25908e-042	1.40121e-083	1
4.62	24	4.89898	1.10776e-041	1.10776e-041	8.88529e-083	1
4.64	24	4.89898	3.73808e-041	3.73808e-041	5.58558e-082	1
4.65	23	4.79583	6.84812e-041	6.84812e-041	1.39589e-081	1
4.67	21	4.58258	2.2859e-040	2.2859e-040	8.66146e-081	1
4.68	16	4	4.16505e-040	4.16505e-040	2.15053e-080	1
4.7	28	5.2915	1.37527e-039	1.37527e-039	1.31713e-079	1
4.72	21	4.58258	4.50826e-039	4.50826e-039	7.9972e-079	1
4.73	22	4.69042	8.14029e-039	8.14029e-039	1.96417e-078	1
4.75	24	4.89898	2.63962e-038	2.63962e-038	1.17715e-077	1
4.76	27	5.19615	4.74039e-038	4.74039e-038	2.87239e-077	1
4.78	12	3.4641	1.52054e-037	1.52054e-037	1.69918e-076	1
4.79	12	3.4641	2.71588e-037	2.71588e-037	4.11928e-076	1
4.81	19	4.3589	8.61738e-037	8.61738e-037	2.40524e-075	1
4.83	24	4.89898	2.71453e-036	2.71453e-036	1.39228e-074	1
4.84	13	3.60555	4.80479e-036	4.80479e-036	3.33883e-074	1
4.86	23	4.79583	1.49719e-035	1.49719e-035	1.90767e-073	1
4.87	15	3.87298	2.6357e-035	2.6357e-035	4.54509e-073	1
4.89	25	5	8.12416e-035	8.12416e-035	2.56327e-072	1
4.91	22	4.69042	2.48608e-034	2.48608e-034	1.43309e-071	1
4.92	15	3.87298	4.33714e-034	4.33714e-034	3.37753e-071	1
4.94	25	5	1.31287e-033	1.31287e-033	1.86389e-070	1
4.95	27	5.19615	2.27798e-033	2.27798e-033	4.36433e-070	1
4.97	22	4.69042	6.82102e-033	6.82102e-033	2.37729e-069	1
4.98	19	4.3589	1.17712e-032	1.17712e-032	5.53032e-069	1
5	18	4.24264	3.48658e-032	3.48658e-032	2.97343e-068	1
5.02	27	5.19615	1.02526e-031	1.02526e-031	1.58487e-067	1
5.03	17	4.12311	1.75336e-031	1.75336e-031	3.64709e-067	1
5.05	23	4.79583	5.1002e-031	5.1002e-031	1.91878e-066	1
5.06	16	4	8.67492e-031	8.67492e-031	4.38682e-066	1
5.08	22	4.69042	2.49611e-030	2.49611e-030	2.27809e-065	1
5.1	22	4.69042	7.13041e-030	7.13041e-030	1.17279e-064	1
5.11	24	4.89898	1.20188e-029	1.20188e-029	2.65234e-064	1
5.13	17	4.12311	3.3962e-029	3.3962e-029	1.34779e-063	1
5.14	18	4.24264	5.69351e-029	5.69351e-029	3.02833e-063	1
5.16	23	4.79583	1.59145e-028	1.59145e-028	1.51893e-062	1
5.17	13	3.60555	2.65351e-028	2.65351e-028	3.3907e-062	1
5.19	26	5.09902	7.33697e-028	7.33697e-028	1.67867e-061	1
5.21	21	4.58258	2.01403e-027	2.01403e-027	8.23894e-061	1
5.22	14	3.74166	3.32783e-027	3.32783e-027	1.81932e-060	1
5.24	13	3.60555	9.03634e-027	9.03634e-027	8.81369e-060	1
5.25	26	5.09902	1.48501e-026	1.48501e-026	1.9336e-059	1
5.27	17	4.12311	3.98879e-026	3.98879e-026	9.24607e-059	1
5.29	17	4.12311	1.06367e-025	1.06367e-025	4.38305e-058	1
5.3	25	5	1.73225e-025	1.73225e-025	9.51198e-058	1
5.32	23	4.79583	4.5694e-025	4.5694e-025	4.45074e-057	1
5.33	28	5.2915	7.40122e-025	7.40122e-025	9.59618e-057	1
5.35	21	4.58258	1.93122e-024	1.93122e-024	4.43202e-056	1
5.36	22	4.69042	3.11113e-024	3.11113e-024	9.49379e-056	1
5.38	21	4.58258	8.03023e-024	8.03023e-024	4.32799e-055	1
5.4	23	4.79583	2.05775e-023	2.05775e-023	1.95596e-054	1
5.41	33	5.74456	3.28508e-023	3.28508e-023	4.14461e-054	1
5.43	16	4	8.32706e-023	8.32706e-023	1.84885e-053	1
5.44	28	5.2915	1.32216e-022	1.32216e-022	3.8922e-053	1
5.46	25	5	3.31522e-022	3.31522e-022	1.71378e-052	1
5.48	20	4.47214	8.25266e-022	8.25266e-022	7.48072e-052	1
5.49	24	4.89898	1.29854e-021	1.29854e-021	1.55784e-051	1
5.51	26	5.09902	3.19756e-021	3.19756e-021	6.71203e-051	1
5.52	27	5.19615	5.00403e-021	5.00403e-021	1.38869e-050	1
5.54	30	5.47723	1.21889e-020	1.21889e-020	5.90579e-050	1
5.55	27	5.19615	1.89717e-020	1.89717e-020	1.21395e-049	1
5.57	24	4.89898	4.57123e-020	4.57123e-020	5.09585e-049	1
5.59	40	6.32456	1.09348e-019	1.09348e-019	2.12061e-048	1
5.6	18	4.24264	1.68664e-019	1.68664e-019	4.3119e-048	1
5.62	22	4.69042	3.99102e-019	3.99102e-019	1.77115e-047	1
5.63	25	5	6.12259e-019	6.12259e-019	3.57795e-047	1
5.65	19	4.3589	1.4331e-018	1.4331e-018	1.45065e-046	1
5.67	21	4.58258	3.33023e-018	3.33023e-018	5.83071e-046	1
5.68	24	4.89898	5.06283e-018	5.06283e-018	1.16516e-045	1
5.7	24	4.89898	1.16378e-017	1.16378e-017	4.6226e-045	1
5.71	32	5.65685	1.75967e-017	1.75967e-017	9.17745e-045	1
5.73	22	4.69042	4.0012e-017	4.0012e-017	3.59389e-044	1
5.74	23	4.79583	6.01714e-017	6.01714e-017	7.08879e-044	1
5.76	19	4.3589	1.35341e-016	1.35341e-016	2.74004e-043	1
5.78	29	5.38516	3.02222e-016	3.02222e-016	1.04996e-042	1
5.79	28	5.2915	4.50395e-016	4.50395e-016	2.04863e-042	1
5.81	29	5.38516	9.94879e-016	9.94879e-016	7.74854e-042	1
5.82	26	5.09902	1.47462e-015	1.47462e-015	1.50205e-041	1
5.84	30	5.47723	3.22208e-015	3.22208e-015	5.60767e-041	1
5.85	33	5.74456	4.74991e-015	4.74991e-015	1.07999e-040	1
5.87	24	4.89898	1.02665e-014	1.02665e-014	3.97978e-040	1
5.89	40	6.32456	2.20302e-014	2.20302e-014	1.45388e-039	1
5.9	47	6.85565	3.21836e-014	3.21836e-014	2.76981e-039	1
5.92	26	5.09902	6.83139e-014	6.83139e-014	9.98762e-039	1
5.93	29	5.38516	9.92583e-014	9.92583e-014	1.8904e-038	1
5.95	33	5.74456	2.08412e-013	2.08412e-013	6.72836e-038	1
5.97	38	6.16441	4.34443e-013	4.34443e-013	2.37406e-037	1
5.98	29	5.38516	6.25545e-013	6.25545e-013	4.44498e-037	1
6	40	6.32456	1.28988e-012	1.28988e-012	1.54809e-036	1
6.01	24	4.89898	1.84721e-012	1.84721e-012	2.87968e-036	1
6.03	30	5.47723	3.76781e-012	3.76781e-012	9.89948e-036	1
6.04	38	6.16441	5.36655e-012	5.36655e-012	1.8295e-035	1
6.06	44	6.63325	1.0828e-011	1.0828e-011	6.20788e-035	1
6.08	40	6.32456	2.16899e-011	2.16899e-011	2.08825e-034	1
6.09	37	6.08276	3.06149e-011	3.06149e-011	3.81758e-034	1
6.11	43	6.55744	6.06627e-011	6.06627e-011	1.26756e-033	1
6.12	48	6.9282	8.51603e-011	8.51603e-011	2.30222e-033	1
6.14	58	7.61577	1.6692e-010	1.6692e-010	7.54521e-033	1
6.16	47	6.85565	3.24813e-010	3.24813e-010	2.45146e-032	1
6.17	67	8.18535	4.51873e-010	4.51873e-010	4.40439e-032	1
6.19	45	6.7082	8.69807e-010	8.69807e-010	1.41248e-031	1
6.2	80	8.94427	1.2035e-009	1.2035e-009	2.52125e-031	1
6.22	58	7.61577	2.29158e-009	2.29158e-009	7.98092e-031	1
6.23	48	6.9282	3.15354e-009	3.15354e-009	1.41533e-030	1
6.25	49	7	5.93975e-009	5.93975e-009	4.4222e-030	1
6.27	64	8	1.11069e-008	1.11069e-008	1.36977e-029	1
6.28	68	8.24621	1.51469e-008	1.51469e-008	2.40291e-029	1
6.3	69	8.30662	2.80174e-008	2.80174e-008	7.34664e-029	1
6.31	46	6.78233	3.80015e-008	3.80015e-008	1.28041e-028	1
6.33	50	7.07107	6.95324e-008	6.95324e-008	3.86406e-028	1
6.35	52	7.2111	1.26307e-007	1.26307e-007	1.15602e-027	1
6.36	47	6.85565	1.69773e-007	1.69773e-007	1.99303e-027	1
6.38	60	7.74597	3.05063e-007	3.05063e-007	5.88543e-027	1
6.39	54	7.34847	4.07822e-007	4.07822e-007	1.00808e-026	1
6.41	52	7.2111	7.24893e-007	7.24893e-007	2.93835e-026	1
6.42	59	7.68115	9.63819e-007	9.63819e-007	5.00027e-026	1
6.44	62	7.87401	1.69465e-006	1.69465e-006	1.43861e-025	1
6.46	54	7.34847	2.95814e-006	2.95814e-006	4.1032e-025	1
6.47	57	7.54983	3.8977e-006	3.8977e-006	6.90712e-025	1
6.49	50	7.07107	6.7302e-006	6.7302e-006	1.94455e-024	1
6.5	43	6.55744	8.81979e-006	8.81979e-006	3.2521e-024	1
6.52	44	6.63325	1.50647e-005	1.50647e-005	9.03707e-024	1
6.54	53	7.28011	2.55455e-005	2.55455e-005	2.48954e-023	1
6.55	59	7.68115	3.31751e-005	3.31751e-005	4.11862e-023	1
6.57	55	7.4162	5.5648e-005	5.5648e-005	1.11992e-022	1
6.58	50	7.07107	7.18767e-005	7.18767e-005	1.84073e-022	1
6.6	65	8.06226	0.000119263	0.000119263	4.94044e-022	1
6.61	44	6.63325	0.00015321	0.00015321	8.06752e-022	1
6.63	56	7.48331	0.00025147	0.00025147	2.13727e-021	1
6.65	48	6.9282	0.000409769	0.000409769	5.61317e-021	1
6.66	47	6.85565	0.000521658	0.000521658	9.06708e-021	1
6.68	50	7.07107	0.000840855	0.000840855	2.35049e-020	1
6.69	45	6.7082	0.00106466	0.00106466	3.77215e-020	1
6.71	46	6.78233	0.00169756	0.00169756	9.65211e-020	1
6.73	56	7.48331	0.00268717	0.00268717	2.44841e-019	1
6.74	41	6.40312	0.00337172	0.00337172	3.88687e-019	1
6.76	41	6.40312	0.00527963	0.00527963	9.73205e-019	1
6.77	39	6.245	0.0065887	0.0065887	1.53494e-018	1
6.79	45	6.7082	0.0102055	0.0102055	3.79349e-018	1
6.8	38	6.16441	0.0126669	0.0126669	5.94426e-018	1
6.82	58	7.61577	0.0194082	0.0194082	1.45006e-017	1
6.84	39	6.245	0.0295225	0.0295225	3.50675e-017	1
6.85	36	6	0.0363126	0.0363126	5.43561e-017	1
6.87	36	6	0.0546397	0.0546397	1.2975e-016	1
6.88	44	6.63325	0.0668426	0.0668426	1.99813e-016	1
6.9	44	6.63325	0.0994912	0.0994912	4.7079e-016	1
6.91	38	6.16441	0.121052	0.121052	7.20301e-016	1
6.93	53	7.28011	0.178231	0.178231	1.67517e-015	1
6.95	59	7.68115	0.260526	0.260526	3.86218e-015	1
6.96	51	7.14143	0.314126	0.314126	5.84528e-015	1
6.98	57	7.54983	0.454206	0.454206	1.33021e-014	1
6.99	45	6.7082	0.544687	0.544687	2.00016e-014	1
7.01	37	6.08276	0.779071	0.779071	4.49287e-014	1
7.03	58	7.61577	1.10627	1.10627	1.00049e-013	1
7.04	54	7.34847	1.31469	1.31469	1.48813e-013	1
7.06	60	7.74597	1.84667	1.84667	3.27092e-013	1
7.07	44	6.63325	2.18269	2.18269	4.8336e-013	1
7.09	41	6.40312	3.03276	3.03276	1.04868e-012	1
7.1	68	8.24621	3.56518	3.56518	1.53962e-012	1
7.12	49	7	4.90015	4.90015	3.29708e-012	1
7.14	56	7.48331	6.68639	6.68639	6.99959e-012	1
7.15	68	8.24621	7.78938	7.78938	1.01655e-011	1
7.17	66	8.12404	10.514	10.514	2.13018e-011	1
7.18	57	7.54983	12.182	12.182	3.07358e-011	1
7.2	56	7.48331	16.2653	16.2653	6.35729e-011	1
7.22	59	7.68115	21.5607	21.5607	1.30355e-010	1
7.23	74	8.60233	24.7561	24.7561	1.86056e-010	1
7.25	75	8.66025	32.461	32.461	3.76567e-010	1
7.26	94	9.69536	37.07	37.07	5.33983e-010	1
7.28	87	9.32738	48.0822	48.0822	1.06677e-009	1
7.29	109	10.4403	54.6117	54.6117	1.50288e-009	1
7.31	115	10.7238	70.0694	70.0694	2.96353e-009	1
7.33	143	11.9583	89.2536	89.2536	5.79325e-009	1
7.34	138	11.7473	100.46	100.46	8.07355e-009	1
7.36	209	14.4568	126.582	126.582	1.55783e-008	1
7.37	139	11.7898	141.704	141.704	2.15692e-008	1
7.39	207	14.3875	176.621	176.621	4.108e-008	1
7.41	232	15.2315	218.553	218.553	7.75635e-008	1
7.42	266	16.3095	242.457	242.457	1.06232e-007	1
7.44	346	18.6011	296.777	296.777	1.97982e-007	1
7.45	340	18.4391	327.452	327.452	2.69398e-007	1
7.47	402	20.0499	396.483	396.483	4.95571e-007	1
7.48	527	22.9565	435.094	435.094	6.69958e-007	1
7.5	467	21.6102	521.125	521.125	1.21647e-006	1
7.52	585	24.1868	619.661	619.661	2.18969e-006	1
7.53	667	25.8263	673.877	673.877	2.92826e-006	1
7.55	732	27.0555	792.636	792.636	5.20277e-006	1
7.56	894	29.8998	857.316	857.316	6.91247e-006	1
7.58	963	31.0322	997.507	997.507	1.21227e-005	1
7.6	1027	32.0468	1152.25	1152.25	2.10764e-005	1
7.61	1291	35.9305	1235.04	1235.04	2.77e-005	1
7.63	1259	35.4824	1411.21	1411.21	4.75355e-005	1
7.64	1516	38.9358	1504.41	1504.41	6.20687e-005	1
7.66	1553	39.4081	1700.43	1700.43	0.000105137	1
7.67	1780	42.19	1802.91	1802.91	0.000136389	1
7.69	1941	44.0568	2015.8	2015.8	0.000228036	1
7.71	2055	45.3321	2237.56	2237.56	0.000377968	1
7.72	2455	49.548	2351.04	2351.04	0.000485028	1
7.74	2528	50.2792	2581.48	2581.48	0.000793525	1
7.75	2465	49.6488	2697.7	2697.7	0.00101168	1
7.77	3032	55.0636	2930.11	2930.1	0.00163373	1
7.79	2828	53.1789	3159.57	3159.56	0.00261545	1
7.8	3302	57.463	3272.05	3272.05	0.00329848	1
7.82	3379	58.1292	3490.17	3490.16	0.00521221	1
7.83	3559	59.6574	3594.84	3594.83	0.00653073	1
7.85	3567	59.7244	3793.03	3793.02	0.0101862	1
7.86	4333	65.8255	3885.62	3885.61	0.0126801	1
7.88	3632	60.2661	4055.55	4055.53	0.0195216	1
7.9	4238	65.0999	4202.36	4202.33	0.0297946	1
7.91	4265	65.307	4266.15	4266.11	0.0366888	1
7.93	4443	66.6558	4372.82	4372.76	0.055271	1
7.94	4549	67.4463	4415.14	4415.08	0.0676184	1
7.96	4309	65.643	4476.65	4476.55	0.100547	1
7.97	4821	69.4334	4495.5	4495.38	0.122211	1
7.99	4633	68.0661	4508.89	4508.72	0.179374	1
8.01	4495	67.0448	4489.72	4489.45	0.260998	1
8.02	4836	69.5414	4468.02	4467.7	0.313806	1
8.04	4428	66.5432	4401	4400.54	0.450693	1
8.05	4464	66.8132	4356.04	4355.5	0.538365	1
8.07	4398	66.3174	4244.43	4243.67	0.763201	1
8.09	4191	64.7379	4105.94	4104.87	1.07258	1
8.1	4146	64.3894	4027.49	4026.23	1.26739	1
8.12	4446	66.6783	3854.21	3852.45	1.7581	1
8.13	3554	59.6154	3760.24	3758.17	2.06394	1
8.15	3722	61.0082	3559.94	3557.11	2.826	1
8.16	3500	59.1608	3454.56	3451.26	3.29607	1
8.18	3411	58.4038	3235.77	3231.32	4.45466	1
8.2	3057	55.2901	3009.52	3003.55	5.96845	1
8.21	2697	51.9326	2894.8	2887.91	6.88606	1
8.23	2828	53.1789	2664.45	2655.34	9.10669	1
8.24	2431	49.3052	2549.71	2539.27	10.4386	1
8.26	2309	48.0521	2323.18	2309.55	13.6261	1
8.28	2246	47.392	2103.09	2085.46	17.6333	1
8.29	1929	43.9204	1996.32	1976.32	19.994	1
8.31	1866	43.1972	1790.81	1765.27	25.5389	1
8.32	1662	40.7676	1692.6	1663.83	28.77	1
8.34	1450	38.0789	1506.37	1470.09	36.2731	1
8.35	1307	36.1525	1418.7	1378.11	40.5969	1
8.37	1244	35.2704	1255	1204.48	50.5221	1
8.39	961	31	1107.46	1045.13	62.3301	1
8.4	962	31.0161	1039.91	970.904	69.0068	1
8.42	953	30.8707	917.385	833.352	84.0332	1
8.43	778	27.8927	862.403	769.972	92.4306	1
8.45	730	27.0185	764.846	653.746	111.101	1
8.47	580	24.0832	683.445	551.057	132.388	1
8.48	605	24.5967	648.603	504.558	144.045	1
8.5	576	24	590.13	420.707	169.422	1
8.51	495	22.2486	566.264	383.12	183.144	1
8.53	573	23.9374	528.621	315.999	212.622	1
8.54	505	22.4722	514.557	286.208	228.35	1
8.56	482	21.9545	495.187	233.514	261.673	1
8.58	534	23.1084	486.412	189.147	297.265	1
8.59	493	22.2036	485.579	169.771	315.808	1
8.61	521	22.8254	490.149	136.029	354.121	1
8.62	591	24.3105	495.2	121.432	373.767	1
8.64	476	21.8174	509.934	96.246	413.688	1
8.66	536	23.1517	529.646	75.7331	453.913	1
8.67	602	24.5357	540.92	66.9974	473.923	1
8.69	649	25.4755	565.423	52.1485	513.274	1
8.7	541	23.2594	578.306	45.8833	532.422	1
8.72	588	24.2487	604.497	35.3281	569.169	1
8.73	648	25.4558	617.484	30.9153	586.569	1
8.75	651	25.5147	642.483	23.5462	618.936	1
8.77	635	25.1992	665.247	17.8042	647.443	1
8.78	750	27.3861	675.472	15.4398	660.032	1
8.8	647	25.4362	693.044	11.5485	681.496	1
8.81	696	26.3818	700.197	9.96063	690.236	1
8.83	678	26.0384	710.828	7.36971	703.459	1
8.85	723	26.8887	716.148	5.41338	710.735	1
8.86	698	26.4197	716.705	4.62698	712.078	1
8.88	865	29.4109	713.495	3.362	710.133	1
8.89	552	23.4947	709.714	2.85803	706.856	1
8.91	754	27.4591	697.855	2.05423	695.801	1
8.92	660	25.6905	689.831	1.73684	688.094	1
8.94	741	27.2213	669.801	1.23487	668.566	1
8.96	632	25.1396	644.848	0.87164	643.976	1
8.97	599	24.4745	630.697	0.730324	629.967	1
8.99	633	25.1595	599.453	0.509933	598.943	1
9	614	24.779	582.535	0.424945	582.11	1
9.02	497	22.2935	546.573	0.293502	546.28	1
9.03	525	22.9129	527.723	0.24326	527.48	1
9.05	484	22	488.772	0.1662	488.606	1
9.07	422	20.5426	448.796	0.112732	448.683	1
9.08	435	20.8567	428.657	0.0925921	428.564	1
9.1	399	19.975	388.516	0.0621255	388.454	1
9.11	390	19.7484	368.678	0.0507502	368.627	1
9.13	389	19.7231	329.836	0.0336834	329.802	1
9.15	280	16.7332	292.537	0.0221946	292.515	1
9.16	277	16.6433	274.606	0.0179673	274.588	1
9.18	264	16.2481	240.403	0.011711	240.391	1
9.19	208	14.4222	224.203	0.00942914	224.193	1
9.21	160	12.6491	193.739	0.00607948	193.732	1
9.22	167	12.9228	179.51	0.00486837	179.506	1
9.24	152	12.3288	153.112	0.00310498	153.109	1
9.26	128	11.3137	129.467	0.00196602	129.465	1
9.27	108	10.3923	118.664	0.00156018	118.662	1
9.29	128	11.3137	99.0397	0.000977204	99.0388	1
9.3	68	8.24621	90.1864	0.000771278	90.1857	1
9.32	83	9.11043	74.2978	0.000477863	74.2973	1
9.34	60	7.74597	60.6792	0.000293934	60.6789	1
9.35	57	7.54983	54.6584	0.000229902	54.6582	1
9.37	47	6.85565	44.0619	0.000139885	44.0618	1
9.38	44	6.63325	39.4323	0.000108819	39.4322	1
9.4	27	5.19615	31.3763	6.5496e-005	31.3762	1
9.41	25	5	27.8972	5.06745e-005	27.8972	1
9.43	23	4.79583	21.9105	3.01703e-005	21.9105	1
9.45	17	4.12311	17.0598	1.7833e-005	17.0598	1
9.46	17	4.12311	15.0044	1.36731e-005	15.0044	1
9.48	18	4.24264	11.5314	7.99454e-006	11.5314	1
9.49	15	3.87298	10.0762	6.09645e-006	10.0762	1
9.51	12	3.4641	7.6437	3.52602e-006	7.6437	1
9.53	9	3	5.74828	2.02463e-006	5.74827	1
9.54	8	2.82843	4.96867	1.53002e-006	4.96867	1
9.56	5	2.23607	3.68822	8.69041e-007	3.68821	1
9.57	8	2.82843	3.16731	6.53179e-007	3.16731	1
9.59	4	2	2.32065	3.66992e-007	2.32065	1
9.6	3	1.73205	1.97995	2.7434e-007	1.97995	1
9.62	4	2	1.43191	1.52474e-007	1.43191	1
9.64	1	1	1.02661	8.41307e-008	1.02661	1
9.65	6	2.44949	0.866434	6.23239e-008	0.866434	1
9.67	2	1.41421	0.613152	3.4017e-008	0.613152	1
9.68	3	1.73205	0.514126	2.50632e-008	0.514126	1
9.7	2	1.41421	0.359124	1.35319e-008	0.359124	1
9.72	4	2	0.248684	7.25331e-009	0.248684	1
9.73	1	1	0.20627	5.29596e-009	0.20627	1
9.75	5	2.23607	0.140988	2.80804e-009	0.140988	1
9.76	4	2	0.116182	2.03917e-009	0.116182	1
9.78	3	1.73205	0.0783841	1.06953e-009	0.0783841	1
9.79	1	1	0.0641738	7.72471e-010	0.0641738	1
9.81	2	1.41421	0.0427355	4.00777e-010	0.0427355	1
9.83	3	1.73205	0.0282129	2.06432e-010	0.0282129	1
9.84	2	1.41421	0.0228488	1.47753e-010	0.0228488	1
9.86	1	1	0.014889	7.52821e-011	0.014889	1
9.87	3	1.73205	0.0119799	5.35908e-011	0.0119799	1
9.89	3	1.73205	0.00770542	2.70102e-011	0.00770542	1
9.91	2	1.41421	0.00491325	1.35151e-011	0.00491325	1
9.92	3	1.73205	0.00391058	9.53424e-012	0.00391058	1
9.94	2	1.41421	0.00246126	4.7191e-012	0.00246126	1
9.95	1	1	0.00194626	3.31105e-012	0.00194626	1
9.97	3	1.73205	0.00120909	1.62114e-012	0.00120909	1
9.98	1	1	0.000949888	1.13128e-012	0.000949888	1
10	3	1.73205	0.000582469	5.47904e-013	0.000582469	1
10.02	4	2	0.00035408	2.63448e-013	0.00035408	1
10.03	3	1.73205	0.000275171	1.82184e-013	0.000275171	1
10.05	3	1.73205	0.00016511	8.66525e-014	0.00016511	1
10.06	2	1.41421	0.000127481	5.95988e-014	0.000127481	1
10.08	2	1.41421	7.55021e-005	2.80408e-014	7.55021e-005	1
10.1	5	2.23607	4.43304e-005	1.30978e-014	4.43304e-005	1
10.11	1	1	3.38577e-005	8.92731e-015	3.38577e-005	1
10.13	0	1	1.9622e-005	4.12486e-015	1.9622e-005	1
10.14	2	1.41421	1.48892e-005	2.79623e-015	1.48892e-005	1
10.16	0	1	8.51723e-006	1.27804e-015	8.51723e-006	1
10.17	0	1	6.42093e-006	8.61685e-016	6.42093e-006	1
10.19	3	1.73205	3.6255e-006	3.89582e-016	3.6255e-006	1
10.21	5	2.23607	2.02939e-006	1.74866e-016	2.02939e-006	1
10.22	7	2.64575	1.51339e-006	1.16836e-016	1.51339e-006	1
10.24	8	2.82843	8.36165e-007	5.18757e-017	8.36165e-007	1
10.25	3	1.73205	6.1951e-007	3.44729e-017	6.1951e-007	1
10.27	5	2.23607	3.37856e-007	1.51407e-017	3.37856e-007	1
10.28	1	1	2.48691e-007	1.00069e-017	2.48691e-007	1
10.3	5	2.23607	1.33871e-007	4.34759e-018	1.33871e-007	1
10.32	8	2.82843	7.14397e-008	1.87522e-018	7.14397e-008	1
10.33	7	2.64575	5.20179e-008	1.22822e-018	5.20179e-008	1
10.35	4	2	2.73999e-008	5.24034e-019	2.73999e-008	1
10.36	2	1.41421	1.98214e-008	3.41367e-019	1.98214e-008	1
10.38	3	1.73205	1.03056e-008	1.44075e-019	1.03056e-008	1
10.4	2	1.41421	5.3118e-009	6.03682e-020	5.3118e-009	1
10.41	5	2.23607	3.80112e-009	3.89708e-020	3.80112e-009	1
10.43	5	2.23607	1.93384e-009	1.61525e-020	1.93384e-009	1
10.44	4	2	1.37487e-009	1.03708e-020	1.37487e-009	1
10.46	5	2.23607	6.90423e-010	4.25201e-021	6.90423e-010	1
10.47	2	1.41421	4.87672e-010	2.71523e-021	4.87672e-010	1
10.49	3	1.73205	2.41726e-010	1.10121e-021	2.41726e-010	1
10.51	1	1	1.18781e-010	4.43393e-022	1.18781e-010	1
10.52	5	2.23607	8.29937e-011	2.80588e-022	8.29937e-011	1
10.54	2	1.41421	4.02542e-011	1.11755e-022	4.02542e-011	1
10.55	2	1.41421	2.79435e-011	7.03378e-023	2.79435e-011	1
10.57	2	1.41421	1.3378e-011	2.77122e-023	1.3378e-011	1
10.59	5	2.23607	6.34932e-012	1.08394e-023	6.34932e-012	1
10.6	4	2	4.35995e-012	6.76073e-024	4.35995e-012	1
10.62	3	1.73205	2.0425e-012	2.61584e-024	2.0425e-012	1
10.63	3	1.73205	1.39344e-012	1.6227e-024	1.39344e-012	1
10.65	5	2.23607	6.44332e-013	6.21065e-025	6.44332e-013	1
10.66	3	1.73205	4.36724e-013	3.83183e-025	4.36724e-013	1
10.68	4	2	1.9933e-013	1.45073e-025	1.9933e-013	1
10.7	1	1	9.01915e-014	5.4528e-026	9.01915e-014	1
10.71	2	1.41421	6.04711e-014	3.33393e-026	6.04711e-014	1
10.73	1	1	2.70075e-014	1.23957e-026	2.70075e-014	1
10.74	3	1.73205	1.79903e-014	7.53789e-027	1.79903e-014	1
10.76	2	1.41421	7.93079e-015	2.77234e-027	7.93079e-015	1
10.78	3	1.73205	3.46596e-015	1.01227e-027	3.46596e-015	1
10.79	2	1.41421	2.28382e-015	6.10017e-028	2.28382e-015	1
10.81	3	1.73205	9.85173e-016	2.2033e-028	9.85173e-016	1
10.82	0	1	6.44945e-016	1.32057e-028	6.44945e-016	1
10.84	2	1.41421	2.74609e-016	4.71817e-029	2.74609e-016	1
10.85	4	2	1.78606e-016	2.81255e-029	1.78606e-016	1
10.87	2	1.41421	7.50639e-017	9.9402e-030	7.50639e-017	1
10.89	2	1.41421	3.12748e-017	3.48774e-030	3.12748e-017	1
10.9	5	2.23607	2.01216e-017	2.06034e-030	2.01216e-017	1
10.92	2	1.41421	8.27499e-018	7.15103e-031	8.27499e-018	1
10.93	3	1.73205	5.28939e-018	4.2015e-031	5.28939e-018	1
10.95	3	1.73205	2.14711e-018	1.4425e-031	2.14711e-018	1
10.97	3	1.73205	8.64034e-019	4.91678e-032	8.64034e-019	1
10.98	1	1	5.46329e-019	2.86275e-032	5.46329e-019	1
11	3	1.73205	2.17007e-019	9.65231e-033	2.17007e-019	1
11.01	2	1.41421	1.36323e-019	5.58953e-033	1.36323e-019	1
11.03	3	1.73205	5.34479e-020	1.86425e-033	5.34479e-020	1
11.04	1	1	3.33578e-020	1.07371e-033	3.33578e-020	1
11.06	0	1	1.29093e-020	3.5424e-034	1.29093e-020	1
11.08	0	1	4.95261e-021	1.16028e-034	4.95261e-021	1
11.09	5	2.23607	3.05764e-021	6.62237e-035	3.05764e-021	1
11.11	2	1.41421	1.15787e-021	2.14565e-035	1.15787e-021	1
11.12	1	1	7.10206e-022	1.21801e-035	7.10206e-022	1
11.14	4	2	2.65462e-022	3.90372e-036	2.65462e-022	1
11.16	4	2	9.83668e-023	1.24211e-036	9.83668e-023	1
11.17	1	1	5.96839e-023	6.98746e-037	5.96839e-023	1
11.19	1	1	2.18296e-023	2.19929e-037	2.18296e-023	1
11.2	1	1	1.31591e-023	1.2305e-037	1.31591e-023	1
11.22	0	1	4.75069e-024	3.83113e-038	4.75069e-024	1
11.23	5	2.23607	2.84517e-024	2.13191e-038	2.84517e-024	1
11.25	0	1	1.01387e-024	6.56589e-039	1.01387e-024	1
11.27	6	2.44949	3.58166e-025	2.00758e-039	3.58166e-025	1
11.28	1	1	2.12188e-025	1.10709e-039	2.12188e-025	1
11.3	1	1	7.39888e-026	3.34844e-040	7.39888e-026	1
11.31	5	2.23607	4.35486e-026	1.83651e-040	4.35486e-026	1
11.33	1	1	1.49886e-026	5.49458e-041	1.49886e-026	1
11.34	3	1.73205	8.76477e-027	2.99727e-041	8.76477e-027	1
11.36	2	1.41421	2.97763e-027	8.87051e-042	2.97763e-027	1
11.38	4	2	1.00283e-027	2.60631e-042	1.00283e-027	1
11.39	2	1.41421	5.80087e-028	1.40892e-042	5.80087e-028	1
11.41	0	1	1.92839e-028	4.0949e-043	1.92839e-028	1
11.42	4	2	1.10823e-028	2.20162e-043	1.10823e-028	1
11.44	1	1	3.63642e-029	6.3297e-044	3.63642e-029	1
11.46	3	1.73205	1.18289e-029	1.80666e-044	1.18289e-029	1
11.47	6	2.44949	6.7246e-030	9.62597e-045	6.7246e-030	1
11.49	3	1.73205	2.15914e-030	2.71781e-045	2.15914e-030	1
11.5	2	1.41421	1.21948e-030	1.44022e-045	1.21948e-030	1
11.52	4	2	3.86483e-031	4.02239e-046	3.86483e-031	1
11.53	3	1.73205	2.16868e-031	2.11999e-046	2.16868e-031	1
11.55	2	1.41421	6.78413e-032	5.85695e-047	6.78413e-032	1
11.57	5	2.23607	2.10388e-032	1.60644e-047	2.10388e-032	1
11.58	4	2	1.16781e-032	8.39035e-048	1.16781e-032	1
11.6	2	1.41421	3.57472e-033	2.27643e-048	3.57472e-033	1
11.61	4	2	1.97134e-033	1.18253e-048	1.97134e-033	1
11.63	7	2.64575	5.95628e-034	3.1737e-049	5.95628e-034	1
11.65	4	2	1.78409e-034	8.4562e-050	1.78409e-034	1
11.66	3	1.73205	9.73247e-035	4.35311e-050	9.73247e-035	1
11.68	2	1.41421	2.87744e-035	1.14734e-050	2.87744e-035	1
11.69	4	2	1.5595e-035	5.8743e-051	1.5595e-035	1
11.71	5	2.23607	4.55104e-036	1.53154e-051	4.55104e-036	1
11.72	0	1	2.45053e-036	7.79892e-052	2.45053e-036	1
11.74	2	1.41421	7.05876e-037	2.01135e-052	7.05876e-037	1
11.76	1	1	2.0157e-037	5.14985e-053	2.0157e-037	1
11.77	2	1.41421	1.07364e-037	2.59878e-053	1.07364e-037	1
11.79	2	1.41421	3.02622e-038	6.582e-054	3.02622e-038	1
11.8	1	1	1.60142e-038	3.30349e-054	1.60142e-038	1
11.82	4	2	4.45541e-039	8.27642e-055	4.45541e-039	1
11.84	1	1	1.22885e-039	2.05858e-055	1.22885e-039	1
11.85	0	1	6.43265e-040	1.02388e-055	6.43265e-040	1
11.87	2	1.41421	1.75123e-040	2.51916e-056	1.75123e-040	1
11.88	3	1.73205	9.10764e-041	1.24617e-056	9.10764e-041	1
11.9	1	1	2.44738e-041	3.03295e-057	2.44738e-041	1
11.91	3	1.73205	1.26455e-041	1.49221e-057	1.26455e-041	1
11.93	1	1	3.35408e-042	3.5925e-058	3.35408e-042	1
11.95	3	1.73205	8.81943e-043	8.58657e-059	8.81943e-043	1
11.96	5	2.23607	4.50775e-043	4.1865e-059	4.50775e-043	1
11.98	4	2	1.16995e-043	9.89818e-060	1.16995e-043	1
11.99	3	1.73205	5.941e-044	4.79985e-060	5.941e-044	1
12.01	3	1.73205	1.52199e-044	1.12257e-060	1.52199e-044	1
12.03	1	1	3.86538e-045	2.60647e-061	3.86538e-045	1
12.04	1	1	1.94164e-045	1.25254e-061	1.94164e-045	1
12.06	2	1.41421	4.86733e-046	2.87682e-062	4.86733e-046	1
12.07	2	1.41421	2.42906e-046	1.37497e-062	2.42906e-046	1
12.09	3	1.73205	6.0104e-047	3.12389e-063	6.0104e-047	1
12.1	4	2	2.98004e-047	1.48497e-063	2.98004e-047	1
12.12	1	1	7.27829e-048	3.33734e-064	7.27829e-048	1
12.14	5	2.23607	1.76224e-048	7.44626e-065	1.76224e-048	1
12.15	3	1.73205	8.64311e-049	3.50774e-065	8.64311e-049	1
12.17	5	2.23607	2.06561e-049	7.74188e-066	2.06561e-049	1
12.18	6	2.44949	1.00652e-049	3.62724e-066	1.00652e-049	1
12.2	3	1.73205	2.37435e-050	7.91911e-067	2.37435e-050	1
12.22	3	1.73205	5.55259e-051	1.71645e-067	5.55259e-051	1
12.23	4	2	2.67643e-051	7.96945e-068	2.67643e-051	1
12.25	3	1.73205	6.17801e-052	1.70869e-068	6.17801e-052	1
12.26	1	1	2.95856e-052	7.89046e-069	2.95856e-052	1
12.28	5	2.23607	6.74086e-053	1.67348e-069	6.74086e-053	1
12.29	4	2	3.20714e-053	7.68597e-070	3.20714e-053	1
12.31	2	1.41421	7.21267e-054	1.61249e-070	7.21267e-054	1
12.33	5	2.23607	1.60806e-054	3.35854e-071	1.60806e-054	1
12.34	5	2.23607	7.56817e-055	1.52861e-071	7.56817e-055	1
12.36	5	2.23607	1.66548e-055	3.14942e-072	1.66548e-055	1
12.37	3	1.73205	7.78752e-056	1.42567e-072	7.78752e-056	1
12.39	2	1.41421	1.69157e-056	2.90558e-073	1.69157e-056	1
12.4	2	1.41421	7.85817e-057	1.30816e-073	7.85817e-057	1
12.42	3	1.73205	1.68483e-057	2.63729e-074	1.68483e-057	1
12.44	1	1	3.5811e-058	5.27848e-075	3.5811e-058	1
12.45	2	1.41421	1.64564e-058	2.35508e-075	1.64564e-058	1
12.47	2	1.41421	3.45254e-059	4.6627e-076	3.45254e-059	1
12.48	2	1.41421	1.57625e-059	2.06906e-076	1.57625e-059	1
12.5	4	2	3.26417e-060	4.05217e-077	3.26417e-060	1
12.52	0	1	6.70114e-061	7.87872e-078	6.70114e-061	1
12.53	2	1.41421	3.02637e-061	3.46465e-078	3.02637e-061	1
12.55	2	1.41421	6.13254e-062	6.6636e-079	6.13254e-062	1
12.56	6	2.44949	2.7516e-062	2.91443e-079	2.7516e-062	1
12.58	1	1	5.50358e-063	5.54478e-080	5.50358e-063	1
12.59	4	2	2.45336e-063	2.41196e-080	2.45336e-063	1
12.61	3	1.73205	4.84356e-064	4.53923e-081	4.84356e-064	1
12.63	2	1.41421	9.47973e-065	8.48102e-082	9.47973e-065	1
12.64	2	1.41421	4.1802e-065	3.65596e-082	4.1802e-065	1
12.66	4	2	8.07554e-066	6.75692e-083	8.07554e-066	1
12.67	0	1	3.53789e-066	2.89696e-083	3.53789e-066	1
12.69	4	2	6.74623e-067	5.29629e-084	6.74623e-067	1
12.71	4	2	1.27528e-067	9.6129e-085	1.27528e-067	1
12.72	4	2	5.52668e-068	4.08429e-085	5.52668e-068	1
12.74	1	1	1.03122e-068	7.33298e-086	1.03122e-068	1
12.75	1	1	4.43998e-069	3.09872e-086	4.43998e-069	1
12.77	3	1.73205	8.17733e-070	5.50337e-087	8.17733e-070	1
12.78	3	1.73205	3.49794e-070	2.31298e-087	3.49794e-070	1
12.8	3	1.73205	6.35894e-071	4.06349e-088	6.35894e-071	1
12.82	0	1	1.146e-071	7.08729e-089	1.146e-071	1
12.83	0	1	4.84922e-072	2.95183e-089	4.84922e-072	1
12.85	1	1	8.62613e-073	5.09276e-090	8.62613e-073	1
12.86	2	1.41421	3.62638e-073	2.10962e-090	3.62638e-073	1
12.88	2	1.41421	6.36736e-074	3.60038e-091	6.36736e-074	1
12.9	3	1.73205	1.10834e-074	6.10024e-092	1.10834e-074	1
12.91	3	1.73205	4.60911e-075	2.50418e-092	4.60911e-075	1
12.93	2	1.41421	7.91907e-076	4.19707e-093	7.91907e-076	1
12.94	0	1	3.27181e-076	1.71359e-093	3.27181e-076	1
12.96	1	1	5.54866e-077	2.84097e-094	5.54866e-077	1
12.97	2	1.41421	2.27758e-077	1.15363e-094	2.27758e-077	1
12.99	1	1	3.81255e-078	1.89195e-095	3.81255e-078	1
13.01	2	1.41421	6.32683e-079	3.08039e-096	6.32683e-079	1
13.02	1	1	2.56896e-079	1.23958e-096	2.56896e-079	1
13.04	4	2	4.20795e-080	1.99642e-097	4.20795e-080	1
13.05	2	1.41421	1.69751e-080	7.99026e-098	1.69751e-080	1
13.07	1	1	2.74453e-081	1.27297e-098	2.74453e-081	1
13.09	1	1	4.39899e-082	2.01341e-099	4.39899e-082	1
13.1	5	2.23607	1.75542e-082	7.98564e-100	1.75542e-082	1
13.12	1	1	2.7772e-083	1.24941e-100	2.7772e-083	1
13.13	2	1.41421	1.10105e-083	4.92858e-101	1.10105e-083	1
13.15	4	2	1.71939e-084	7.62778e-102	1.71939e-084	1
13.16	7	2.64575	6.77245e-085	2.99265e-102	6.77245e-085	1
13.18	1	1	1.0439e-085	4.58156e-103	1.0439e-085	1
13.2	2	1.41421	1.59514e-086	6.96346e-104	1.59514e-086	1
13.21	4	2	6.21517e-087	2.70739e-104	6.21517e-087	1
13.23	1	1	9.37424e-088	4.07046e-105	9.37424e-088	1
13.24	5	2.23607	3.6288e-088	1.57402e-105	3.6288e-088	1
13.26	2	1.41421	5.40242e-089	2.34091e-106	5.40242e-089	1
13.28	3	1.73205	7.97337e-090	3.45631e-107	7.97337e-090	1
13.29	2	1.41421	3.0532e-090	1.32449e-107	3.0532e-090	1
13.31	2	1.41421	4.44786e-091	1.93445e-108	4.44786e-091	1
13.32	5	2.23607	1.69213e-091	7.37279e-109	1.69213e-091	1
13.34	1	1	2.43317e-092	1.06518e-109	2.43317e-092	1
13.35	1	1	9.19662e-093	4.03774e-110	9.19662e-093	1
13.37	1	1	1.3053e-093	5.77047e-111	1.3053e-093	1
13.39	2	1.41421	1.83662e-094	8.18724e-112	1.83662e-094	1
13.4	1	1	6.86689e-095	3.07554e-112	6.86689e-095	1
13.42	0	1	9.53701e-096	4.31647e-113	9.53701e-096	1
13.43	3	1.73205	3.54262e-096	1.6127e-113	3.54262e-096	1
13.45	1	1	4.85645e-097	2.23894e-114	4.85645e-097	1
13.46	2	1.41421	1.79226e-097	8.31969e-115	1.79226e-097	1
13.48	1	1	2.42515e-098	1.14256e-115	2.42515e-098	1
13.5	2	1.41421	3.25316e-099	1.55777e-116	3.25316e-099	1
13.51	1	1	1.18761e-099	5.73635e-117	1.18761e-099	1
13.53	3	1.73205	1.57247e-100	7.73644e-118	1.57247e-100	1
13.54	1	1	5.70324e-101	2.83344e-118	5.70324e-101	1
13.56	5	2.23607	7.45371e-102	3.78009e-119	7.45371e-102	1
13.58	1	1	9.65722e-103	5.00661e-120	9.65722e-103	1
13.59	2	1.41421	3.46479e-103	1.81713e-120	3.46479e-103	1
13.61	4	2	4.43097e-104	2.38072e-121	4.43097e-104	1
13.62	4	2	1.57941e-104	8.59389e-122	1.57941e-104	1
13.64	2	1.41421	1.9937e-105	1.11377e-122	1.9937e-105	1
13.65	0	1	7.06038e-106	3.99868e-123	7.06038e-106	1
13.67	0	1	8.797e-107	5.12628e-124	8.797e-107	1
13.69	0	1	1.0866e-107	6.52442e-125	1.0866e-107	1
13.7	4	2	3.80648e-108	2.32131e-125	3.80648e-108	1
13.72	3	1.73205	4.64089e-109	2.92249e-126	4.64089e-109	1
13.73	2	1.41421	1.6152e-109	1.03415e-126	1.6152e-109	1
13.75	4	2	1.94378e-110	1.28791e-127	1.94378e-110	1
13.77	4	2	2.31897e-111	1.59237e-128	2.31897e-111	1
13.78	4	2	7.98372e-112	5.58396e-129	7.98372e-112	1
13.8	2	1.41421	9.40149e-113	6.82937e-130	9.40149e-113	1
13.81	4	2	3.21572e-113	2.38188e-130	3.21572e-113	1
13.83	4	2	3.73776e-114	2.88164e-131	3.73776e-114	1
13.84	2	1.41421	1.27018e-114	9.99584e-132	1.27018e-114	1
13.86	3	1.73205	1.45727e-115	1.19624e-132	1.45727e-115	1
13.88	4	2	1.65747e-116	1.42126e-133	1.65747e-116	1
13.89	4	2	5.57165e-117	4.88565e-134	5.57165e-117	1
13.91	3	1.73205	6.25506e-118	5.74195e-135	6.25506e-118	1
13.92	5	2.23607	2.08901e-118	1.96312e-135	2.08901e-118	1
13.94	5	2.23607	2.31489e-119	2.28226e-136	2.31489e-119	1
13.96	6	2.44949	2.54302e-120	2.63413e-137	2.54302e-120	1
13.97	6	2.44949	8.40125e-121	8.92469e-138	8.40125e-121	1
13.99	9	3	9.10971e-122	1.01893e-138	9.10971e-122	1
14	3	1.73205	2.99e-122	3.43355e-139	2.99e-122	1
14.02	3	1.73205	3.20018e-123	3.87773e-140	3.20018e-123	1
14.03	4	2	1.04355e-123	1.29962e-140	1.04355e-123	1
14.05	4	2	1.10245e-124	1.45188e-141	1.10245e-124	1
14.07	6	2.44949	1.1546e-125	1.61028e-142	1.1546e-125	1
14.08	5	2.23607	3.72439e-126	5.34819e-143	3.72439e-126	1
14.1	3	1.73205	3.8501e-127	5.86757e-144	3.8501e-127	1
14.11	2	1.41421	1.23386e-127	1.93823e-144	1.23386e-127	1
14.13	11	3.31662	1.259e-128	2.10347e-145	1.259e-128	1
14.15	6	2.44949	1.27354e-129	2.26633e-146	1.27354e-129	1
14.16	1	1	4.03732e-130	7.41887e-147	4.03732e-130	1
14.18	3	1.73205	4.0311e-131	7.9069e-148	4.0311e-131	1
14.19	1	1	1.26962e-131	2.57431e-148	1.26962e-131	1
14.21	6	2.44949	1.25126e-132	2.714e-149	1.25126e-132	1
14.22	4	2	3.91534e-133	8.78831e-150	3.91534e-133	1
14.24	2	1.41421	3.80877e-134	9.16508e-151	3.80877e-134	1
14.26	3	1.73205	3.67307e-135	9.48902e-152	3.67307e-135	1
14.27	6	2.44949	1.13694e-135	3.04498e-152	1.13694e-135	1
14.29	6	2.44949	1.08224e-136	3.11854e-153	1.08224e-136	1
14.3	5	2.23607	3.32814e-137	9.95301e-154	3.32814e-137	1
14.32	5	2.23607	3.12702e-138	1.00833e-154	3.12702e-138	1
14.34	6	2.44949	2.91265e-139	1.01416e-155	2.91265e-139	1
14.35	6	2.44949	8.86039e-140	3.20757e-156	8.86039e-140	1
14.37	3	1.73205	8.14616e-141	3.19124e-157	8.14616e-141	1
14.38	6	2.44949	2.462e-141	1.00386e-157	2.462e-141	1
14.4	3	1.73205	2.23425e-142	9.87952e-159	2.23425e-142	1
14.41	8	2.82843	6.7087e-143	3.09093e-159	6.7087e-143	1
14.43	5	2.23607	6.00929e-144	3.00909e-160	6.00929e-144	1
14.45	7	2.64575	5.33626e-145	2.90827e-161	5.33626e-145	1
14.46	0	1	1.585e-145	9.01686e-162	1.585e-145	1
14.48	5	2.23607	1.38927e-146	8.62059e-163	1.38927e-146	1
14.49	6	2.44949	4.09967e-147	2.65826e-163	4.09967e-147	1
14.51	4	2	3.54689e-148	2.51398e-164	3.54689e-148	1
14.53	1	1	3.04211e-149	2.36036e-165	3.04211e-149	1
14.54	3	1.73205	8.88022e-150	7.21286e-166	8.88022e-150	1
14.56	0	1	7.51784e-151	6.69894e-167	7.51784e-151	1
14.57	3	1.73205	2.18029e-151	2.03599e-167	2.18029e-151	1
14.59	1	1	1.8219e-152	1.87049e-168	1.8219e-152	1
14.6	4	2	5.24949e-153	5.65413e-169	5.24949e-153	1
14.62	2	1.41421	4.32984e-154	5.13839e-170	4.32984e-154	1
14.64	2	1.41421	3.54042e-155	4.63599e-171	3.54042e-155	1
14.65	6	2.44949	1.0091e-155	1.38874e-171	1.0091e-155	1
14.67	3	1.73205	8.14437e-157	1.23942e-172	8.14437e-157	1
14.68	2	1.41421	2.30625e-157	3.69263e-173	2.30625e-157	1
14.7	4	2	1.83728e-158	3.25997e-174	1.83728e-158	1
14.71	4	2	5.16885e-159	9.65991e-175	5.16885e-159	1
14.73	0	1	4.06448e-160	8.43592e-176	4.06448e-160	1
14.75	3	1.73205	3.16843e-161	7.31385e-177	3.16843e-161	1
14.76	3	1.73205	8.81757e-162	2.1477e-177	8.81757e-162	1
14.78	4	2	6.7847e-163	1.84191e-178	6.7847e-163	1
14.79	2	1.41421	1.87589e-163	5.37943e-179	1.87589e-163	1
14.81	4	2	1.42473e-164	4.56365e-180	1.42473e-164	1
14.83	1	1	1.07271e-165	3.84364e-181	1.07271e-165	1
14.84	4	2	2.9339e-166	1.11244e-181	2.9339e-166	1
14.86	5	2.23607	2.18042e-167	9.26809e-183	2.18042e-167	1
14.87	5	2.23607	5.92481e-168	2.66788e-183	5.92481e-168	1
14.89	2	1.41421	4.34622e-169	2.19867e-184	4.34622e-169	1
14.9	7	2.64575	1.17332e-169	6.29472e-185	1.17332e-169	1
14.92	2	1.41421	8.49565e-171	5.13158e-186	8.49565e-171	1
14.94	3	1.73205	6.09825e-172	4.15317e-187	6.09825e-172	1
14.95	6	2.44949	1.62853e-172	1.17832e-187	1.62853e-172	1
14.97	3	1.73205	1.15384e-173	9.43354e-189	1.15384e-173	1
14.98	2	1.41421	3.06131e-174	2.66195e-189	3.06131e-174	1
15	3	1.73205	2.14093e-175	2.1081e-190	2.14093e-175	1
15.02	3	1.73205	1.48431e-176	1.65744e-191	1.48431e-176	1
15.03	8	2.82843	3.89556e-177	4.63479e-192	3.89556e-177	1
15.05	3	1.73205	2.66585e-178	3.6046e-193	2.66585e-178	1
15.06	0	1	6.95109e-179	1.00252e-193	6.95109e-179	1
15.08	2	1.41421	4.69527e-180	7.71257e-195	4.69527e-180	1
15.09	2	1.41421	1.21632e-180	2.13341e-195	1.21632e-180	1
15.11	4	2	8.1096e-182	1.62354e-196	8.1096e-182	1
15.13	4	2	5.36016e-183	1.22661e-197	5.36016e-183	1
15.14	2	1.41421	1.37357e-183	3.3624e-198	1.37357e-183	1
15.16	4	2	8.96134e-185	2.5129e-199	8.96134e-185	1
15.17	1	1	2.28149e-185	6.85106e-200	2.28149e-185	1
15.19	5	2.23607	1.4692e-186	5.06482e-201	1.4692e-186	1
15.21	3	1.73205	9.37937e-188	3.71728e-202	9.37937e-188	1
15.22	3	1.73205	2.36214e-188	1.00433e-202	2.36214e-188	1
15.24	2	1.41421	1.48847e-189	7.29151e-204	1.48847e-189	1
15.25	2	1.41421	3.72428e-190	1.95934e-204	3.72428e-190	1
15.27	1	1	2.31643e-191	1.40712e-205	2.31643e-191	1
15.28	2	1.41421	5.75829e-192	3.76066e-206	5.75829e-192	1
15.3	0	1	3.53519e-193	2.67159e-207	3.53519e-193	1
15.32	3	1.73205	2.15159e-194	1.8842e-208	2.15159e-194	1
15.33	3	1.73205	5.29078e-195	4.99031e-209	5.29078e-195	1
15.35	3	1.73205	3.17841e-196	3.48151e-210	3.17841e-196	1
15.36	0	1	7.76499e-197	9.17083e-211	7.76499e-197	1
15.38	1	1	4.60441e-198	6.32893e-212	4.60441e-198	1
15.4	4	2	2.70667e-199	4.33617e-213	2.70667e-199	1
15.41	2	1.41421	6.5411e-200	1.13192e-213	6.5411e-200	1
15.43	2	1.41421	3.79538e-201	7.67134e-215	3.79538e-201	1
15.44	3	1.73205	9.1126e-202	1.99168e-215	9.1126e-202	1
15.46	4	2	5.21902e-203	1.33524e-216	5.21902e-203	1
15.47	2	1.41421	1.24494e-203	3.44785e-217	1.24494e-203	1
15.49	4	2	7.03779e-205	2.28648e-218	7.03779e-205	1
15.51	1	1	3.94415e-206	1.50537e-219	3.94415e-206	1
15.52	6	2.44949	9.30675e-207	3.85212e-220	9.30675e-207	1
15.54	4	2	5.14823e-208	2.50874e-221	5.14823e-208	1
15.55	0	1	1.20691e-208	6.38489e-222	1.20691e-208	1
15.57	4	2	6.58985e-210	4.1133e-223	6.58985e-210	1
15.59	3	1.73205	3.56703e-211	2.63076e-224	3.56703e-211	1
15.6	4	2	8.27194e-212	6.63509e-225	8.27194e-212	1
15.62	8	2.82843	4.41958e-213	4.19777e-226	4.41958e-213	1
15.63	1	1	1.01825e-213	1.05299e-226	1.01825e-213	1
15.65	1	1	5.36993e-215	6.5899e-228	5.36993e-215	1
15.66	3	1.73205	1.22917e-215	1.64409e-228	1.22917e-215	1
15.68	1	1	6.39839e-217	1.0178e-229	6.39839e-217	1
15.7	2	1.41421	3.30185e-218	6.25533e-231	3.30185e-218	1
15.71	1	1	7.4763e-219	1.54655e-231	7.4763e-219	1
15.73	3	1.73205	3.80817e-220	9.40234e-233	3.80817e-220	1
15.74	1	1	8.56676e-221	2.31202e-233	8.56676e-221	1
15.76	5	2.23607	4.30713e-222	1.39041e-234	4.30713e-222	1
15.77	4	2	9.62632e-223	3.40047e-235	9.62632e-223	1
15.79	2	1.41421	4.77721e-224	2.02289e-236	4.77721e-224	1
15.81	2	1.41421	2.35027e-225	1.1947e-237	2.35027e-225	1
15.82	2	1.41421	5.19606e-226	2.8955e-238	5.19606e-226	1
15.84	2	1.41421	2.52325e-227	1.69158e-239	2.52325e-227	1
15.85	3	1.73205	5.54228e-228	4.07753e-240	5.54228e-228	1
15.87	0	1	2.65654e-229	2.35639e-241	2.65654e-229	1
15.89	1	1	1.26233e-230	1.35192e-242	1.26233e-230	1
15.9	2	1.41421	2.74275e-231	3.22942e-243	2.74275e-231	1
15.92	3	1.73205	1.28643e-232	1.83278e-244	1.28643e-232	1
15.93	4	2	2.77697e-233	4.35435e-245	2.77697e-233	1
15.95	4	2	1.28562e-234	2.4445e-246	1.28562e-234	1
15.96	3	1.73205	2.7572e-235	5.77622e-247	2.7572e-235	1
15.98	4	2	1.25995e-236	3.20769e-248	1.25995e-236	1
16	1	1	5.70775e-238	1.76846e-249	5.70775e-238	1
16.01	3	1.73205	1.2109e-238	4.1411e-250	1.2109e-238	1
16.03	1	1	5.41454e-240	2.2584e-251	5.41454e-240	1
16.04	7	2.64575	1.14123e-240	5.25972e-252	1.14123e-240	1
16.06	3	1.73205	5.037e-242	2.83745e-253	5.037e-242	1
16.08	7	2.64575	2.20393e-243	1.51966e-254	2.20393e-243	1
16.09	2	1.41421	4.59512e-244	3.50733e-255	4.59512e-244	1
16.11	2	1.41421	1.98456e-245	1.85814e-256	1.98456e-245	1
16.12	3	1.73205	4.11088e-246	4.26529e-257	4.11088e-246	1
16.14	4	2	1.75245e-247	2.23527e-258	1.75245e-247	1
16.15	4	2	3.60651e-248	5.10319e-259	3.60651e-248	1
16.17	3	1.73205	1.51754e-249	2.64548e-260	1.51754e-249	1
16.19	4	2	6.33028e-251	1.36152e-261	6.33028e-251	1
16.2	1	1	1.28869e-251	3.08036e-262	1.28869e-251	1
16.22	2	1.41421	5.30608e-253	1.5682e-263	5.30608e-253	1
16.23	1	1	1.07318e-253	3.52875e-264	1.07318e-253	1
16.25	2	1.41421	4.36153e-255	1.77706e-265	4.36153e-255	1
16.27	3	1.73205	1.75725e-256	8.88455e-267	1.75725e-256	1
16.28	2	1.41421	3.51575e-257	1.98118e-267	3.51575e-257	1
16.3	3	1.73205	1.39816e-258	9.79803e-269	1.39816e-258	1
16.31	2	1.41421	2.77914e-259	2.17304e-269	2.77914e-259	1
16.33	1	1	1.09091e-260	1.06308e-270	1.09091e-260	1
16.34	4	2	2.15435e-261	2.34495e-271	2.15435e-261	1
16.36	2	1.41421	8.34718e-263	1.13478e-272	8.34718e-263	1
16.38	2	1.41421	3.2062e-264	5.45186e-274	3.2062e-264	1
16.39	0	1	6.26329e-265	1.19174e-274	6.26329e-265	1
16.41	1	1	2.37463e-266	5.66363e-276	2.37463e-266	1
16.42	1	1	4.60871e-267	1.23132e-276	4.60871e-267	1
16.44	1	1	1.72471e-268	5.78853e-278	1.72471e-268	1
16.46	2	1.41421	6.39854e-270	2.70158e-279	6.39854e-270	1
16.47	4	2	1.22843e-270	5.82053e-280	1.22843e-270	1
16.49	1	1	4.49838e-272	2.68716e-281	4.49838e-272	1
16.5	2	1.41421	8.58017e-273	5.7581e-282	8.58017e-273	1
16.52	1	1	3.10132e-274	2.62961e-283	3.10132e-274	1
16.53	1	1	5.87701e-275	5.60426e-284	5.87701e-275	1
16.55	2	1.41421	2.09676e-276	2.5317e-285	2.09676e-276	1
16.57	2	1.41421	7.41601e-278	1.13543e-286	7.41601e-278	1
16.58	2	1.41421	1.39017e-278	2.39803e-287	1.39017e-278	1
16.6	3	1.73205	4.85322e-280	1.06386e-288	4.85322e-280	1
16.61	1	1	9.03853e-281	2.23469e-289	9.03853e-281	1
16.63	1	1	3.11461e-282	9.80683e-291	3.11461e-282	1
16.65	4	2	1.06399e-283	4.27261e-292	1.06399e-283	1
16.66	1	1	1.96016e-284	8.89398e-293	1.96016e-284	1
16.68	0	1	6.6095e-286	3.83303e-294	6.6095e-286	1
16.69	4	2	1.20974e-286	7.9357e-295	1.20974e-286	1
16.71	4	2	4.02636e-288	3.38308e-296	4.02636e-288	1
16.72	3	1.73205	7.32163e-289	6.96621e-297	7.32163e-289	1
16.74	3	1.73205	2.4053e-290	2.93769e-298	2.4053e-290	1
16.76	2	1.41421	7.83358e-292	1.2299e-299	7.83358e-292	1
16.77	2	1.41421	1.4091e-292	2.50969e-300	1.4091e-292	1
16.79	1	1	4.52975e-294	1.03936e-301	4.52975e-294	1
16.8	4	2	8.09518e-295	2.10939e-302	8.09518e-295	1
16.82	2	1.41421	2.56863e-296	8.64137e-304	2.56863e-296	1
16.83	2	1.41421	4.56064e-297	1.74428e-304	4.56064e-297	1
16.85	2	1.41421	1.42838e-298	7.06843e-306	1.42838e-298	1
16.87	1	1	4.43497e-300	2.8437e-307	4.43497e-300	1
16.88	1	1	7.78932e-301	5.68833e-308	7.78932e-301	1
16.9	2	1.41421	2.3872e-302	2.26374e-309	2.3872e-302	1
16.91	3	1.73205	4.16552e-303	4.50369e-310	4.16552e-303	1
16.93	2	1.41421	1.26009e-304	1.77293e-311	1.26009e-304	1
16.95	0	1	3.77886e-306	6.929e-313	3.77886e-306	1
16.96	4	2	6.52269e-307	1.36609e-313	6.52269e-307	1
16.98	2	1.41421	1.93077e-308	5.28127e-315	1.93076e-308	1
16.99	3	1.73205	3.31106e-309	1.03558e-315	3.31105e-309	1
17.01	1	1	9.67413e-311	3.95857e-317	9.67412e-311	1
17.02	4	2	1.64824e-311	7.70773e-318	1.64824e-311	1
17.04	1	1	4.75344e-313	2.89597e-319	4.75344e-313	1
17.06	2	1.41421	1.35901e-314	0	1.35901e-314	1
17.07	0	1	2.29043e-315	0	2.29043e-315	1
17.09	5	2.23607	6.46342e-317	0	6.46342e-317	1
17.1	1	1	1.08199e-317	0	1.08199e-317	1
17.12	2	1.41421	2.99088e-319	0	2.99088e-319	1
17.14	4	2	7.03549e-321	0	7.03549e-321	1
17.15	4	2	0	0	0	1
17.17	2	1.41421	0	0	0	1
17.18	3	1.73205	0	0	0	1
17.2	3	1.73205	0	0	0	1
17.21	3	1.73205	0	0	0	1
17.23	2	1.41421	0	0	0	1
17.25	1	1	0	0	0	1
17.26	4	2	0	0	0	1
17.28	0	1	0	0	0	1
17.29	2	1.41421	0	0	0	1
17.31	2	1.41421	0	0	0	1
17.33	4	2	0	0	0	1
17.34	1	1	0	0	0	1
17.36	2	1.41421	0	0	0	1
17.37	1	1	0	0	0	1
17.39	6	2.44949	0	0	0	1
17.4	4	2	0	0	0	1
17.42	1	1	0	0	0	1
17.44	1	1	0	0	0	1
17.45	0	1	0	0	0	1
17.47	0	1	0	0	0	1
17.48	2	1.41421	0	0	0	1
17.5	1	1	0	0	0	1
17.52	0	1	0	0	0	1
17.53	0	1	0	0	0	1
17.55	2	1.41421	0	0	0	1
17.56	1	1	0	0	0	1
17.58	0	1	0	0	0	1
17.59	2	1.41421	0	0	0	1
17.61	2	1.41421	0	0	0	1
17.63	4	2	0	0	0	1
17.64	4	2	0	0	0	1
17.66	2	1.41421	0	0	0	1
17.67	2	1.41421	0	0	0	1
17.69	2	1.41421	0	0	0	1
17.71	1	1	0	0	0	1
17.72	2	1.41421	0	0	0	1
17.74	2	1.41421	0	0	0	1
17.75	2	1.41421	0	0	0	1
17.77	0	1	0	0	0	1
17.78	1	1	0	0	0	1
17.8	2	1.41421	0	0	0	1
17.82	3	1.73205	0	0	0	1
17.83	3	1.73205	0	0	0	1
17.85	3	1.73205	0	0	0	1
17.86	2	1.41421	0	0	0	1
17.88	2	1.41421	0	0	0	1
17.89	0	1	0	0	0	1
17.91	0	1	0	0	0	1
17.93	3	1.73205	0	0	0	1
17.94	1	1	0	0	0	1
17.96	0	1	0	0	0	1
17.97	0	1	0	0	0	1
17.99	4	2	0	0	0	1
18.01	1	1	0	0	0	1
18.02	3	1.73205	0	0	0	1
18.04	3	1.73205	0	0	0	1
18.05	4	2	0	0	0	1
18.07	2	1.41421	0	0	0	1
18.08	0	1	0	0	0	1
18.1	2	1.41421	0	0	0	1
18.12	3	1.73205	0	0	0	1
18.13	4	2	0	0	0	1
18.15	4	2	0	0	0	1
18.16	0	1	0	0	0	1
18.18	1	1	0	0	0	1
18.2	1	1	0	0	0	1
18.21	1	1	0	0	0	1
18.23	3	1.73205	0	0	0	1
18.24	4	2	0	0	0	1
18.26	0	1	0	0	0	1
18.27	2	1.41421	0	0	0	1
18.29	1	1	0	0	0	1
18.31	0	1	0	0	0	1
18.32	4	2	0	0	0	1
18.34	1	1	0	0	0	1
18.35	1	1	0	0	0	1
18.37	1	1	0	0	0	1
18.39	3	1.73205	0	0	0	1
18.4	2	1.41421	0	0	0	1
18.42	1	1	0	0	0	1
18.43	2	1.41421	0	0	0	1
18.45	2	1.41421	0	0	0	1
18.46	2	1.41421	0	0	0	1
18.48	1	1	0	0	0	1
18.5	2	1.41421	0	0	0	1
18.51	1	1	0	0	0	1
18.53	1	1	0	0	0	1
18.54	3	1.73205	0	0	0	1
18.56	1	1	0	0	0	1
18.58	0	1	0	0	0	1
18.59	6	2.44949	0	0	0	1
18.61	1	1	0	0	0	1
18.62	3	1.73205	0	0	0	1
18.64	2	1.41421	0	0	0	1
18.65	1	1	0	0	0	1
18.67	1	1	0	0	0	1
18.69	2	1.41421	0	0	0	1
18.7	1	1	0	0	0	1
18.72	0	1	0	0	0	1
18.73	1	1	0	0	0	1
18.75	2	1.41421	0	0	0	1
18.77	1	1	0	0	0	1
18.78	4	2	0	0	0	1
18.8	0	1	0	0	0	1
18.81	3	1.73205	0	0	0	1
18.83	3	1.73205	0	0	0	1
18.84	3	1.73205	0	0	0	1
18.86	1	1	0	0	0	1
18.88	2	1.41421	0	0	0	1
18.89	1	1	0	0	0	1
18.91	1	1	0	0	0	1
18.92	2	1.41421	0	0	0	1
18.94	0	1	0	0	0	1
18.95	0	1	0	0	0	1
18.97	0	1	0	0	0	1
18.99	2	1.41421	0	0	0	1
19	1	1	0	0	0	1
19.02	1	1	0	0	0	1
19.03	1	1	0	0	0	1
19.05	0	1	0	0	0	1
19.07	0	1	0	0	0	1
19.08	2	1.41421	0	0	0	1
19.1	2	1.41421	0	0	0	1
19.11	0	1	0	0	0	1
19.13	3	1.73205	0	0	0	1
19.14	1	1	0	0	0	1
19.16	1	1	0	0	0	1
19.18	0	1	0	0	0	1
19.19	1	1	0	0	0	1
19.21	0	1	0	0	0	1
19.22	2	1.41421	0	0	0	1
19.24	1	1	0	0	0	1
19.26	2	1.41421	0	0	0	1
19.27	2	1.41421	0	0	0	1
19.29	2	1.41421	0	0	0	1
19.3	2	1.41421	0	0	0	1
19.32	2	1.41421	0	0	0	1
19.33	3	1.73205	0	0	0	1
19.35	0	1	0	0	0	1
19.37	1	1	0	0	0	1
19.38	1	1	0	0	0	1
19.4	1	1	0	0	0	1
19.41	1	1	0	0	0	1
19.43	1	1	0	0	0	1
19.45	2	1.41421	0	0	0	1
19.46	0	1	0	0	0	1
19.48	3	1.73205	0	0	0	1
19.49	1	1	0	0	0	1
19.51	0	1	0	0	0	1
19.52	1	1	0	0	0	1
19.54	2	1.41421	0	0	0	1
19.56	1	1	0	0	0	1
19.57	1	1	0	0	0	1
19.59	0	1	0	0	0	1
19.6	0	1	0	0	0	1
19.62	0	1	0	0	0	1
19.64	1	1	0	0	0	1
19.65	0	1	0	0	0	1
19.67	0	1	0	0	0	1
19.68	1	1	0	0	0	1
19.7	1	1	0	0	0	1
19.71	3	1.73205	0	0	0	1
19.73	0	1	0	0	0	1
19.75	0	1	0	0	0	1
19.76	1	1	0	0	0	1
19.78	3	1.73205	0	0	0	1
19.79	0	1	0	0	0	1
19.81	1	1	0	0	0	1
19.83	0	1	0	0	0	1
19.84	3	1.73205	0	0	0	1
19.86	1	1	0	0	0	1
19.87	1	1	0	0	0	1
19.89	1	1	0	0	0	1
19.9	0	1	0	0	0	1
19.92	1	1	0	0	0	1
19.94	0	1	0	0	0	1
19.95	2	1.41421	0	0	0	1
19.97	0	1	0	0	0	1
19.98	2	1.41421	0	0	0	1
20	1	1	0	0	0	1
20.02	2	1.41421	0	0	0	1
20.03	0	1	0	0	0	1
20.05	2	1.41421	0	0	0	1
20.06	2	1.41421	0	0	0	1
20.08	0	1	0	0	0	1
20.09	0	1	0	0	0	1
20.11	0	1	0	0	0	1
20.13	1	1	0	0	0	1
20.14	0	1	0	0	0	1
20.16	0	1	0	0	0	1
20.17	2	1.41421	0	0	0	1
20.19	2	1.41421	0	0	0	1
20.2	2	1.41421	0	0	0	1
20.22	2	1.41421	0	0	0	1
20.24	1	1	0	0	0	1
20.25	2	1.41421	0	0	0	1
20.27	1	1	0	0	0	1
20.28	2	1.41421	0	0	0	1
20.3	0	1	0	0	0	1
20.32	2	1.41421	0	0	0	1
20.33	2	1.41421	0	0	0	1
20.35	0	1	0	0	0	1
20.36	1	1	0	0	0	1
20.38	2	1.41421	0	0	0	1
20.39	1	1	0	0	0	1
20.41	0	1	0	0	0	1
20.43	1	1	0	0	0	1
20.44	0	1	0	0	0	1
20.46	2	1.41421	0	0	0	1
20.47	1	1	0	0	0	1
20.49	1	1	0	0	0	1
20.51	1	1	0	0	0	1
20.52	2	1.41421	0	0	0	1
20.54	0	1	0	0	0	1
20.55	1	1	0	0	0	1
20.57	2	1.41421	0	0	0	1
20.58	1	1	0	0	0	1
20.6	1	1	0	0	0	1
20.62	0	1	0	0	0	1
20.63	0	1	0	0	0	1
20.65	2	1.41421	0	0	0	1
20.66	0	1	0	0	0	1
20.68	0	1	0	0	0	1
20.7	0	1	0	0	0	1
20.71	0	1	0	0	0	1
20.73	1	1	0	0	0	1
20.74	1	1	0	0	0	1
20.76	4	2	0	0	0	1
20.77	0	1	0	0	0	1
20.79	2	1.41421	0	0	0	1
20.81	3	1.73205	0	0	0	1
20.82	1	1	0	0	0	1
20.84	1	1	0	0	0	1
20.85	0	1	0	0	0	1
20.87	1	1	0	0	0	1
20.89	1	1	0	0	0	1
20.9	0	1	0	0	0	1
20.92	0	1	0	0	0	1
20.93	1	1	0	0	0	1
20.95	1	1	0	0	0	1
20.96	1	1	0	0	0	1
20.98	3	1.73205	0	0	0	1
21	0	1	0	0	0	1
21.01	3	1.73205	0	0	0	1
21.03	2	1.41421	0	0	0	1
21.04	1	1	0	0	0	1
21.06	1	1	0	0	0	1
21.08	0	1	0	0	0	1
21.09	0	1	0	0	0	1
21.11	2	1.41421	0	0	0	1
21.12	1	1	0	0	0	1
21.14	1	1	0	0	0	1
21.15	0	1	0	0	0	1
21.17	1	1	0	0	0	1
21.19	1	1	0	0	0	1
21.2	0	1	0	0	0	1
21.22	1	1	0	0	0	1
21.23	0	1	0	0	0	1
21.25	0	1	0	0	0	1
21.26	1	1	0	0	0	1
21.28	0	1	0	0	0	1
21.3	2	1.41421	0	0	0	1
21.31	0	1	0	0	0	1
21.33	0	1	0	0	0	1
21.34	3	1.73205	0	0	0	1
21.36	1	1	0	0	0	1
21.38	1	1	0	0	0	1
21.39	1	1	0	0	0	1
21.41	2	1.41421	0	0	0	1
21.42	0	1	0	0	0	1
21.44	3	1.73205	0	0	0	1
21.45	0	1	0	0	0	1
21.47	0	1	0	0	0	1
21.49	0	1	0	0	0	1
21.5	0	1	0	0	0	1
21.52	2	1.41421	0	0	0	1
21.53	1	1	0	0	0	1
21.55	1	1	0	0	0	1
21.57	1	1	0	0	0	1
21.58	1	1	0	0	0	1
21.6	0	1	0	0	0	1
21.61	0	1	0	0	0	1
21.63	0	1	0	0	0	1
21.64	1	1	0	0	0	1
21.66	0	1	0	0	0	1
21.68	0	1	0	0	0	1
21.69	0	1	0	0	0	1
21.71	0	1	0	0	0	1
21.72	0	1	0	0	0	1
21.74	0	1	0	0	0	1
21.76	1	1	0	0	0	1
21.77	0	1	0	0	0	1
21.79	0	1	0	0	0	1
21.8	0	1	0	0	0	1
21.82	0	1	0	0	0	1
21.83	0	1	0	0	0	1
21.85	1	1	0	0	0	1
21.87	0	1	0	0	0	1
21.88	0	1	0	0	0	1
21.9	1	1	0	0	0	1
21.91	1	1	0	0	0	1
21.93	0	1	0	0	0	1
21.95	3	1.73205	0	0	0	1
21.96	1	1	0	0	0	1
21.98	3	1.73205	0	0	0	1
21.99	0	1	0	0	0	1
22.01	0	1	0	0	0	1
22.02	0	1	0	0	0	1
22.04	2	1.41421	0	0	0	1
22.06	2	1.41421	0	0	0	1
22.07	1	1	0	0	0	1
22.09	0	1	0	0	0	1
22.1	1	1	0	0	0	1
22.12	1	1	0	0	0	1
22.14	2	1.41421	0	0	0	1
22.15	1	1	0	0	0	1
22.17	0	1	0	0	0	1
22.18	1	1	0	0	0	1
22.2	0	1	0	0	0	1
22.21	2	1.41421	0	0	0	1
22.23	1	1	0	0	0	1
22.25	1	1	0	0	0	1
22.26	2	1.41421	0	0	0	1
22.28	0	1	0	0	0	1
22.29	0	1	0	0	0	1
22.31	1	1	0	0	0	1
22.32	1	1	0	0	0	1
22.34	1	1	0	0	0	1
22.36	0	1	0	0	0	1
22.37	1	1	0	0	0	1
22.39	2	1.41421	0	0	0	1
22.4	0	1	0	0	0	1
22.42	0	1	0	0	0	1
22.44	2	1.41421	0	0	0	1
22.45	2	1.41421	0	0	0	1
22.47	1	1	0	0	0	1
22.48	1	1	0	0	0	1
22.5	0	1	0	0	0	1
22.51	1	1	0	0	0	1
22.53	2	1.41421	0	0	0	1
22.55	0	1	0	0	0	1
22.56	1	1	0	0	0	1
22.58	0	1	0	0	0	1
22.59	3	1.73205	0	0	0	1
22.61	0	1	0	0	0	1
22.63	0	1	0	0	0	1
22.64	2	1.41421	0	0	0	1
22.66	0	1	0	0	0	1
22.67	0	1	0	0	0	1
22.69	1	1	0	0	0	1
22.7	1	1	0	0	0	1
22.72	1	1	0	0	0	1
22.74	1	1	0	0	0	1
22.75	0	1	0	0	0	1
22.77	0	1	0	0	0	1
22.78	0	1	0	0	0	1
22.8	1	1	0	0	0	1
22.82	0	1	0	0	0	1
22.83	0	1	0	0	0	1
22.85	2	1.41421	0	0	0	1
22.86	0	1	0	0	0	1
22.88	1	1	0	0	0	1
22.89	1	1	0	0	0	1
22.91	0	1	0	0	0	1
22.93	1	1	0	0	0	1
22.94	0	1	0	0	0	1
22.96	0	1	0	0	0	1
22.97	0	1	0	0	0	1
22.99	0	1	0	0	0	1
23.01	0	1	0	0	0	1
23.02	0	1	0	0	0	1
23.04	0	1	0	0	0	1
23.05	2	1.41421	0	0	0	1
23.07	1	1	0	0	0	1
23.08	0	1	0	0	0	1
23.1	0	1	0	0	0	1
23.12	2	1.41421	0	0	0	1
23.13	2	1.41421	0	0	0	1
23.15	2	1.41421	0	0	0	1
23.16	0	1	0	0	0	1
23.18	4	2	0	0	0	1
23.2	0	1	0	0	0	1
23.21	1	1	0	0	0	1
23.23	1	1	0	0	0	1
23.24	1	1	0	0	0	1
23.26	1	1	0	0	0	1
23.27	2	1.41421	0	0	0	1
23.29	2	1.41421	0	0	0	1
23.31	0	1	0	0	0	1
23.32	0	1	0	0	0	1
23.34	1	1	0	0	0	1
23.35	1	1	0	0	0	1
23.37	0	1	0	0	0	1
23.38	1	1	0	0	0	1
23.4	0	1	0	0	0	1
23.42	0	1	0	0	0	1
23.43	0	1	0	0	0	1
23.45	1	1	0	0	0	1
23.46	0	1	0	0	0	1
23.48	1	1	0	0	0	1
23.5	2	1.41421	0	0	0	1
23.51	1	1	0	0	0	1
23.53	3	1.73205	0	0	0	1
23.54	3	1.73205	0	0	0	1
23.56	0	1	0	0	0	1
23.57	2	1.41421	0	0	0	1
23.59	0	1	0	0	0	1
23.61	2	1.41421	0	0	0	1
23.62	1	1	0	0	0	1
23.64	1	1	0	0	0	1
23.65	0	1	0	0	0	1
23.67	1	1	0	0	0	1
23.69	1	1	0	0	0	1
23.7	2	1.41421	0	0	0	1
23.72	2	1.41421	0	0	0	1
23.73	0	1	0	0	0	1
23.75	0	1	0	0	0	1
23.76	1	1	0	0	0	1
23.78	1	1	0	0	0	1
23.8	1	1	0	0	0	1
23.81	1	1	0	0	0	1
23.83	2	1.41421	0	0	0	1
23.84	0	1	0	0	0	1
23.86	0	1	0	0	0	1
23.88	0	1	0	0	0	1
23.89	0	1	0	0	0	1
23.91	0	1	0	0	0	1
23.92	1	1	0	0	0	1
23.94	0	1	0	0	0	1
23.95	0	1	0	0	0	1
23.97	0	1	0	0	0	1
23.99	0	1	0	0	0	1
24	1	1	0	0	0	1
24.02	1	1	0	0	0	1
24.03	3	1.73205	0	0	0	1
24.05	0	1	0	0	0	1
24.07	0	1	0	0	0	1
24.08	1	1	0	0	0	1
24.1	1	1	0	0	0	1
24.11	1	1	0	0	0	1
24.13	0	1	0	0	0	1
24.14	2	1.41421	0	0	0	1
24.16	0	1	0	0	0	1
24.18	1	1	0	0	0	1
24.19	0	1	0	0	0	1
24.21	1	1	0	0	0	1
24.22	1	1	0	0	0	1
24.24	0	1	0	0	0	1
24.26	1	1	0	0	0	1
24.27	2	1.41421	0	0	0	1
24.29	0	1	0	0	0	1
24.3	0	1	0	0	0	1
24.32	4	2	0	0	0	1
24.33	0	1	0	0	0	1
24.35	1	1	0	0	0	1
24.37	0	1	0	0	0	1
24.38	0	1	0	0	0	1
24.4	0	1	0	0	0	1
24.41	0	1	0	0	0	1
24.43	1	1	0	0	0	1
24.45	0	1	0	0	0	1
24.46	1	1	0	0	0	1
24.48	1	1	0	0	0	1
24.49	2	1.41421	0	0	0	1
24.51	1	1	0	0	0	1
24.52	1	1	0	0	0	1
24.54	0	1	0	0	0	1
24.56	0	1	0	0	0	1
24.57	0	1	0	0	0	1
24.59	0	1	0	0	0	1
24.6	0	1	0	0	0	1
24.62	0	1	0	0	0	1
24.63	0	1	0	0	0	1
24.65	1	1	0	0	0	1
24.67	1	1	0	0	0	1
24.68	0	1	0	0	0	1
24.7	2	1.41421	0	0	0	1
24.71	0	1	0	0	0	1
24.73	0	1	0	0	0	1
24.75	1	1	0	0	0	1
24.76	1	1	0	0	0	1
24.78	0	1	0	0	0	1
24.79	1	1	0	0	0	1
24.81	3	1.73205	0	0	0	1
24.82	0	1	0	0	0	1
24.84	1	1	0	0	0	1
24.86	0	1	0	0	0	1
24.87	0	1	0	0	0	1
24.89	0	1	0	0	0	1
24.9	1	1	0	0	0	1
24.92	0	1	0	0	0	1
24.94	1	1	0	0	0	1
24.95	0	1	0	0	0	1
24.97	2	1.41421	0	0	0	1
24.98	0	1	0	0	0	1
25	1	1	0	0	0	1
25.01	1	1	0	0	0	1
25.03	0	1	0	0	0	1
25.05	0	1	0	0	0	1
25.06	0	1	0	0	0	1
25.08	0	1	0	0	0	1
25.09	1	1	0	0	0	1
25.11	0	1	0	0	0	1
25.13	1	1	0	0	0	1
25.14	0	1	0	0	0	1
25.16	0	1	0	0	0	1
25.17	0	1	0	0	0	1
25.19	1	1	0	0	0	1
25.2	0	1	0	0	0	1
25.22	0	1	0	0	0	1
25.24	0	1	0	0	0	1
25.25	0	1	0	0	0	1
25.27	2	1.41421	0	0	0	1
25.28	2	1.41421	0	0	0	1
25.3	0	1	0	0	0	1
25.32	0	1	0	0	0	1
25.33	1	1	0	0	0	1
25.35	0	1	0	0	0	1
25.36	0	1	0	0	0	1
25.38	1	1	0	0	0	1
25.39	0	1	0	0	0	1
25.41	0	1	0	0	0	1
25.43	0	1	0	0	0	1
25.44	0	1	0	0	0	1
25.46	2	1.41421	0	0	0	1
25.47	1	1	0	0	0	1
25.49	1	1	0	0	0	1
25.51	1	1	0	0	0	1
25.52	0	1	0	0	0	1
25.54	2	1.41421	0	0	0	1
25.55	1	1	0	0	0	1
25.57	0	1	0	0	0	1
25.58	0	1	0	0	0	1
25.6	0	1	0	0	0	1
25.62	0	1	0	0	0	1
25.63	0	1	0	0	0	1
25.65	3	1.73205	0	0	0	1
25.66	0	1	0	0	0	1
25.68	2	1.41421	0	0	0	1
25.69	0	1	0	0	0	1
25.71	0	1	0	0	0	1
25.73	0	1	0	0	0	1
25.74	1	1	0	0	0	1
25.76	1	1	0	0	0	1
25.77	2	1.41421	0	0	0	1
25.79	0	1	0	0	0	1
25.81	0	1	0	0	0	1
25.82	0	1	0	0	0	1
25.84	0	1	0	0	0	1
25.85	0	1	0	0	0	1
25.87	0	1	0	0	0	1
25.88	1	1	0	0	0	1
25.9	2	1.41421	0	0	0	1
25.92	1	1	0	0	0	1
25.93	0	1	0	0	0	1
25.95	0	1	0	0	0	1
25.96	0	1	0	0	0	1
25.98	3	1.73205	0	0	0	1
26	0	1	0	0	0	1
26.01	1	1	0	0	0	1
26.03	0	1	0	0	0	1
26.04	0	1	0	0	0	1
26.06	0	1	0	0	0	1
26.07	0	1	0	0	0	1
26.09	2	1.41421	0	0	0	1
26.11	0	1	0	0	0	1
26.12	0	1	0	0	0	1
26.14	1	1	0	0	0	1
26.15	0	1	0	0	0	1
26.17	0	1	0	0	0	1
26.19	0	1	0	0	0	1
26.2	1	1	0	0	0	1
26.22	1	1	0	0	0	1
26.23	1	1	0	0	0	1
26.25	2	1.41421	0	0	0	1
26.26	0	1	0	0	0	1
26.28	3	1.73205	0	0	0	1
26.3	0	1	0	0	0	1
26.31	0	1	0	0	0	1
26.33	0	1	0	0	0	1
26.34	0	1	0	0	0	1
26.36	0	1	0	0	0	1
26.38	1	1	0	0	0	1
26.39	0	1	0	0	0	1
26.41	0	1	0	0	0	1
26.42	1	1	0	0	0	1
26.44	2	1.41421	0	0	0	1
26.45	0	1	0	0	0	1
26.47	0	1	0	0	0	1
26.49	0	1	0	0	0	1
26.5	0	1	0	0	0	1
26.52	1	1	0	0	0	1
26.53	1	1	0	0	0	1
26.55	0	1	0	0	0	1
26.57	0	1	0	0	0	1
26.58	0	1	0	0	0	1
26.6	0	1	0	0	0	1
26.61	0	1	0	0	0	1
26.63	0	1	0	0	0	1
26.64	0	1	0	0	0	1
26.66	0	1	0	0	0	1
26.68	0	1	0	0	0	1
26.69	0	1	0	0	0	1
26.71	1	1	0	0	0	1
26.72	0	1	0	0	0	1
26.74	2	1.41421	0	0	0	1
26.75	0	1	0	0	0	1
26.77	0	1	0	0	0	1
26.79	0	1	0	0	0	1
26.8	0	1	0	0	0	1
26.82	0	1	0	0	0	1
26.83	0	1	0	0	0	1
26.85	1	1	0	0	0	1
26.87	0	1	0	0	0	1
26.88	1	1	0	0	0	1
26.9	1	1	0	0	0	1
26.91	0	1	0	0	0	1
26.93	1	1	0	0	0	1
26.94	1	1	0	0	0	1
26.96	0	1	0	0	0	1
26.98	0	1	0	0	0	1
26.99	0	1	0	0	0	1
27.01	0	1	0	0	0	1
27.02	1	1	0	0	0	1
27.04	1	1	0	0	0	1
27.06	0	1	0	0	0	1
27.07	0	1	0	0	0	1
27.09	0	1	0	0	0	1
27.1	0	1	0	0	0	1
27.12	1	1	0	0	0	1
27.13	0	1	0	0	0	1
27.15	0	1	0	0	0	1
27.17	1	1	0	0	0	1
27.18	0	1	0	0	0	1
27.2	0	1	0	0	0	1
27.21	1	1	0	0	0	1
27.23	0	1	0	0	0	1
27.25	0	1	0	0	0	1
27.26	0	1	0	0	0	1
27.28	0	1	0	0	0	1
27.29	1	1	0	0	0	1
27.31	0	1	0	0	0	1
27.32	1	1	0	0	0	1
27.34	1	1	0	0	0	1
27.36	1	1	0	0	0	1
27.37	1	1	0	0	0	1
27.39	0	1	0	0	0	1
27.4	1	1	0	0	0	1
27.42	1	1	0	0	0	1
27.44	0	1	0	0	0	1
27.45	0	1	0	0	0	1
27.47	0	1	0	0	0	1
27.48	1	1	0	0	0	1
27.5	0	1	0	0	0	1
27.51	0	1	0	0	0	1
27.53	0	1	0	0	0	1
27.55	1	1	0	0	0	1
27.56	0	1	0	0	0	1
27.58	1	1	0	0	0	1
27.59	0	1	0	0	0	1
27.61	0	1	0	0	0	1
27.63	1	1	0	0	0	1
27.64	1	1	0	0	0	1
27.66	1	1	0	0	0	1
27.67	0	1	0	0	0	1
27.69	1	1	0	0	0	1
27.7	1	1	0	0	0	1
27.72	1	1	0	0	0	1
27.74	0	1	0	0	0	1
27.75	0	1	0	0	0	1
27.77	0	1	0	0	0	1
27.78	0	1	0	0	0	1
27.8	0	1	0	0	0	1
27.81	1	1	0	0	0	1
27.83	0	1	0	0	0	1
27.85	0	1	0	0	0	1
27.86	0	1	0	0	0	1
27.88	0	1	0	0	0	1
27.89	0	1	0	0	0	1
27.91	0	1	0	0	0	1
27.93	1	1	0	0	0	1
27.94	0	1	0	0	0	1
27.96	0	1	0	0	0	1
27.97	0	1	0	0	0	1
27.99	0	1	0	0	0	1
28	1	1	0	0	0	1
28.02	0	1	0	0	0	1
28.04	0	1	0	0	0	1
28.05	0	1	0	0	0	1
28.07	1	1	0	0	0	1
28.08	0	1	0	0	0	1
28.1	0	1	0	0	0	1
28.12	0	1	0	0	0	1
28.13	0	1	0	0	0	1
28.15	0	1	0	0	0	1
28.16	1	1	0	0	0	1
28.18	0	1	0	0	0	1
28.19	1	1	0	0	0	1
28.21	1	1	0	0	0	1
28.23	0	1	0	0	0	1
28.24	0	1	0	0	0	1
28.26	0	1	0	0	0	1
28.27	0	1	0	0	0	1
28.29	1	1	0	0	0	1
28.31	1	1	0	0	0	1
28.32	0	1	0	0	0	1
28.34	1	1	0	0	0	1
28.35	0	1	0	0	0	1
28.37	0	1	0	0	0	1
28.38	0	1	0	0	0	1
28.4	0	1	0	0	0	1
28.42	0	1	0	0	0	1
28.43	0	1	0	0	0	1
28.45	0	1	0	0	0	1
28.46	0	1	0	0	0	1
28.48	0	1	0	0	0	1
28.5	0	1	0	0	0	1
28.51	0	1	0	0	0	1
28.53	0	1	0	0	0	1
28.54	0	1	0	0	0	1
28.56	0	1	0	0	0	1
28.57	0	1	0	0	0	1
28.59	0	1	0	0	0	1
28.61	0	1	0	0	0	1
28.62	0	1	0	0	0	1
28.64	0	1	0	0	0	1
28.65	0	1	0	0	0	1
28.67	0	1	0	0	0	1
28.69	0	1	0	0	0	1
28.7	0	1	0	0	0	1
28.72	0	1	0	0	0	1
28.73	0	1	0	0	0	1
28.75	0	1	0	0	0	1
28.76	2	1.41421	0	0	0	1
28.78	0	1	0	0	0	1
28.8	0	1	0	0	0	1
28.81	0	1	0	0	0	1
28.83	0	1	0	0	0	1
28.84	0	1	0	0	0	1
28.86	0	1	0	0	0	1
28.88	0	1	0	0	0	1
28.89	0	1	0	0	0	1
28.91	1	1	0	0	0	1
28.92	0	1	0	0	0	1
28.94	0	1	0	0	0	1
28.95	0	1	0	0	0	1
28.97	0	1	0	0	0	1
28.99	0	1	0	0	0	1
29	0	1	0	0	0	1
29.02	0	1	0	0	0	1
29.03	1	1	0	0	0	1
29.05	0	1	0	0	0	1
29.06	0	1	0	0	0	1
29.08	0	1	0	0	0	1
29.1	1	1	0	0	0	1
29.11	0	1	0	0	0	1
29.13	0	1	0	0	0	1
29.14	0	1	0	0	0	1
29.16	0	1	0	0	0	1
29.18	1	1	0	0	0	1
29.19	0	1	0	0	0	1
29.21	0	1	0	0	0	1
29.22	0	1	0	0	0	1
29.24	0	1	0	0	0	1
29.25	0	1	0	0	0	1
29.27	0	1	0	0	0	1
29.29	0	1	0	0	0	1
29.3	0	1	0	0	0	1
29.32	0	1	0	0	0	1
29.33	1	1	0	0	0	1
29.35	0	1	0	0	0	1
29.37	0	1	0	0	0	1
29.38	0	1	0	0	0	1
29.4	0	1	0	0	0	1
29.41	0	1	0	0	0	1
29.43	0	1	0	0	0	1
29.44	0	1	0	0	0	1
29.46	0	1	0	0	0	1
29.48	0	1	0	0	0	1
29.49	0	1	0	0	0	1
29.51	1	1	0	0	0	1
29.52	0	1	0	0	0	1
29.54	0	1	0	0	0	1
29.56	0	1	0	0	0	1
29.57	0	1	0	0	0	1
29.59	0	1	0	0	0	1
29.6	0	1	0	0	0	1
29.62	0	1	0	0	0	1
29.63	1	1	0	0	0	1
29.65	0	1	0	0	0	1
29.67	1	1	0	0	0	1
29.68	2	1.41421	0	0	0	1
29.7	0	1	0	0	0	1
29.71	0	1	0	0	0	1
29.73	0	1	0	0	0	1
29.75	0	1	0	0	0	1
29.76	0	1	0	0	0	1
29.78	0	1	0	0	0	1
29.79	0	1	0	0	0	1
29.81	0	1	0	0	0	1
29.82	0	1	0	0	0	1
29.84	0	1	0	0	0	1
29.86	0	1	0	0	0	1
29.87	0	1	0	0	0	1
29.89	0	1	0	0	0	1
29.9	0	1	0	0	0	1
29.92	0	1	0	0	0	1
29.94	0	1	0	0	0	1
29.95	0	1	0	0	0	1
29.97	0	1	0	0	0	1
29.98	0	1	0	0	0	1
30	0	1	0	0	0	1
30.01	1	1	0	0	0	1
30.03	0	1	0	0	0	1
30.05	0	1	0	0	0	1
30.06	0	1	0	0	0	1
30.08	0	1	0	0	0	1
30.09	1	1	0	0	0	1
30.11	0	1	0	0	0	1
30.12	0	1	0	0	0	1
30.14	0	1	0	0	0	1
30.16	0	1	0	0	0	1
30.17	0	1	0	0	0	1
30.19	0	1	0	0	0	1
30.2	0	1	0	0	0	1
30.22	0	1	0	0	0	1
30.24	0	1	0	0	0	1
30.25	0	1	0	0	0	1
30.27	0	1	0	0	0	1
30.28	0	1	0	0	0	1
30.3	0	1	0	0	0	1
30.31	0	1	0	0	0	1
30.33	0	1	0	0	0	1
30.35	0	1	0	0	0	1
30.36	0	1	0	0	0	1
30.38	0	1	0	0	0	1
30.39	0	1	0	0	0	1
30.41	0	1	0	0	0	1
30.43	0	1	0	0	0	1
30.44	0	1	0	0	0	1
30.46	0	1	0	0	0	1
30.47	0	1	0	0	0	1
30.49	0	1	0	0	0	1
30.5	0	1	0	0	0	1
30.52	0	1	0	0	0	1
30.54	0	1	0	0	0	1
30.55	0	1	0	0	0	1
30.57	0	1	0	0	0	1
30.58	0	1	0	0	0	1
30.6	0	1	0	0	0	1
30.62	0	1	0	0	0	1
30.63	0	1	0	0	0	1
30.65	0	1	0	0	0	1
30.66	0	1	0	0	0	1
30.68	0	1	0	0	0	1
30.69	0	1	0	0	0	1
30.71	0	1	0	0	0	1
30.73	0	1	0	0	0	1
30.74	0	1	0	0	0	1
30.76	0	1	0	0	0	1
30.77	0	1	0	0	0	1
30.79	0	1	0	0	0	1
30.81	0	1	0	0	0	1
30.82	0	1	0	0	0	1
30.84	0	1	0	0	0	1
30.85	0	1	0	0	0	1
30.87	0	1	0	0	0	1
30.88	0	1	0	0	0	1
30.9	0	1	0	0	0	1
30.92	0	1	0	0	0	1
30.93	0	1	0	0	0	1
30.95	0	1	0	0	0	1
30.96	0	1	0	0	0	1
30.98	0	1	0	0	0	1
31	0	1	0	0	0	1
31.01	0	1	0	0	0	1
31.03	0	1	0	0	0	1
31.04	0	1	0	0	0	1
31.06	0	1	0	0	0	1
31.07	0	1	0	0	0	1
31.09	0	1	0	0	0	1
31.11	0	1	0	0	0	1
31.12	0	1	0	0	0	1
31.14	0	1	0	0	0	1
31.15	0	1	0	0	0	1
31.17	0	1	0	0	0	1
31.18	0	1	0	0	0	1
31.2	0	1	0	0	0	1
31.22	0	1	0	0	0	1
31.23	0	1	0	0	0	1
31.25	0	1	0	0	0	1
31.26	0	1	0	0	0	1
31.28	0	1	0	0	0	1
31.3	0	1	0	0	0	1
31.31	0	1	0	0	0	1
31.33	0	1	0	0	0	1
31.34	0	1	0	0	0	1
31.36	0	1	0	0	0	1
31.37	0	1	0	0	0	1
31.39	0	1	0	0	0	1
31.41	0	1	0	0	0	1
31.42	0	1	0	0	0	1
31.44	0	1	0	0	0	1
31.45	0	1	0	0	0	1
31.47	0	1	0	0	0	1
31.49	0	1	0	0	0	1
31.5	0	1	0	0	0	1
31.52	0	1	0	0	0	1
31.53	0	1	0	0	0	1
31.55	0	1	0	0	0	1
31.56	0	1	0	0	0	1
31.58	0	1	0	0	0	1
31.6	0	1	0	0	0	1
31.61	0	1	0	0	0	1
31.63	0	1	0	0	0	1
31.64	0	1	0	0	0	1
31.66	0	1	0	0	0	1
31.68	0	1	0	0	0	1
31.69	0	1	0	0	0	1
31.71	0	1	0	0	0	1
31.72	0	1	0	0	0	1
31.74	0	1	0	0	0	1
31.75	0	1	0	0	0	1
31.77	0	1	0	0	0	1
31.79	0	1	0	0	0	1
31.8	0	1	0	0	0	1
31.82	0	1	0	0	0	1
31.83	0	1	0	0	0	1
31.85	0	1	0	0	0	1
31.87	0	1	0	0	0	1
31.88	0	1	0	0	0	1
31.9	0	1	0	0	0	1
31.91	0	1	0	0	0	1
31.93	0	1	0	0	0	1
31.94	0	1	0	0	0	1
31.96	0	1	0	0	0	1
31.98	0	1	0	0	0	1
31.99	0	1	0	0	0	1
32.01	0	1	0	0	0	1
32.02	0	1	0	0	0	1
32.04	0	1	0	0	0	1
32.06	0	1	0	0	0	1
32.07	0	1	0	0	0	1
32.09	0	1	0	0	0	1
32.1	0	1	0	0	0	1
32.12	0	1	0	0	0	1
32.13	0	1	0	0	0	1
32.15	0	1	0	0	0	1
32.17	0	1	0	0	0	1
32.18	0	1	0	0	0	1
32.2	0	1	0	0	0	1
32.21	0	1	0	0	0	1
32.23	0	1	0	0	0	1
32.24	0	1	0	0	0	1
32.26	0	1	0	0	0	1
32.28	0	1	0	0	0	1
32.29	0	1	0	0	0	1
32.31	0	1	0	0	0	1
32.32	0	1	0	0	0	1
32.34	0	1	0	0	0	1
32.36	0	1	0	0	0	1
32.37	0	1	0	0	0	1
32.39	0	1	0	0	0	1
32.4	0	1	0	0	0	1
32.42	0	1	0	0	0	1
32.43	-1	1	0	0	0	1
