Energy	Impulses
E/keV	Impulses/#

0.79	0
0.81	0
0.82	0
0.84	0
0.86	0
0.87	0
0.89	0
0.90	0
0.92	0
0.93	0
0.95	0
0.97	0
0.98	0
1.00	0
1.01	0
1.03	0
1.05	0
1.06	0
1.08	0
1.09	0
1.11	0
1.12	2
1.14	0
1.16	0
1.17	0
1.19	0
1.20	0
1.22	8
1.24	13
1.25	19
1.27	30
1.28	31
1.30	26
1.31	31
1.33	28
1.35	26
1.36	29
1.38	34
1.39	22
1.41	29
1.42	32
1.44	22
1.46	23
1.47	29
1.49	26
1.50	30
1.52	28
1.54	23
1.55	23
1.57	41
1.58	25
1.60	27
1.61	29
1.63	32
1.65	18
1.66	23
1.68	16
1.69	30
1.71	26
1.73	26
1.74	14
1.76	25
1.77	32
1.79	32
1.80	28
1.82	25
1.84	32
1.85	28
1.87	19
1.88	29
1.90	18
1.92	20
1.93	17
1.95	20
1.96	26
1.98	27
1.99	22
2.01	24
2.03	18
2.04	31
2.06	24
2.07	22
2.09	22
2.11	20
2.12	26
2.14	18
2.15	21
2.17	22
2.18	18
2.20	21
2.22	23
2.23	21
2.25	21
2.26	30
2.28	21
2.30	19
2.31	12
2.33	22
2.34	28
2.36	16
2.37	21
2.39	23
2.41	20
2.42	24
2.44	25
2.45	15
2.47	17
2.48	24
2.50	19
2.52	24
2.53	15
2.55	29
2.56	21
2.58	17
2.60	15
2.61	16
2.63	17
2.64	16
2.66	23
2.67	19
2.69	14
2.71	17
2.72	17
2.74	22
2.75	23
2.77	23
2.79	19
2.80	19
2.82	16
2.83	23
2.85	26
2.86	31
2.88	22
2.90	20
2.91	18
2.93	22
2.94	17
2.96	17
2.98	25
2.99	27
3.01	16
3.02	24
3.04	27
3.05	20
3.07	22
3.09	20
3.10	16
3.12	20
3.13	22
3.15	18
3.17	24
3.18	17
3.20	23
3.21	15
3.23	31
3.24	19
3.26	17
3.28	16
3.29	33
3.31	30
3.32	18
3.34	20
3.36	29
3.37	30
3.39	24
3.40	24
3.42	23
3.43	25
3.45	21
3.47	24
3.48	23
3.50	18
3.51	22
3.53	26
3.54	25
3.56	28
3.58	24
3.59	28
3.61	32
3.62	32
3.64	23
3.66	34
3.67	30
3.69	21
3.70	17
3.72	31
3.73	32
3.75	33
3.77	19
3.78	26
3.80	18
3.81	25
3.83	19
3.85	29
3.86	24
3.88	25
3.89	23
3.91	30
3.92	15
3.94	28
3.96	16
3.97	24
3.99	22
4.00	26
4.02	18
4.04	20
4.05	20
4.07	29
4.08	22
4.10	23
4.11	18
4.13	21
4.15	21
4.16	18
4.18	25
4.19	31
4.21	14
4.23	17
4.24	28
4.26	22
4.27	21
4.29	19
4.30	25
4.32	22
4.34	19
4.35	14
4.37	17
4.38	25
4.40	31
4.42	22
4.43	18
4.45	21
4.46	19
4.48	27
4.49	15
4.51	19
4.53	13
4.54	16
4.56	24
4.57	26
4.59	16
4.60	17
4.62	15
4.64	17
4.65	14
4.67	23
4.68	16
4.70	28
4.72	17
4.73	19
4.75	13
4.76	23
4.78	25
4.79	19
4.81	13
4.83	24
4.84	17
4.86	20
4.87	19
4.89	17
4.91	22
4.92	13
4.94	20
4.95	18
4.97	21
4.98	16
5.00	19
5.02	22
5.03	11
5.05	11
5.06	20
5.08	30
5.10	27
5.11	23
5.13	26
5.14	22
5.16	19
5.17	15
5.19	21
5.21	14
5.22	23
5.24	25
5.25	19
5.27	21
5.29	19
5.30	15
5.32	13
5.33	20
5.35	19
5.36	21
5.38	16
5.40	21
5.41	18
5.43	16
5.44	21
5.46	19
5.48	20
5.49	29
5.51	26
5.52	20
5.54	21
5.55	12
5.57	22
5.59	17
5.60	17
5.62	27
5.63	22
5.65	22
5.67	23
5.68	26
5.70	29
5.71	24
5.73	26
5.74	31
5.76	22
5.78	18
5.79	23
5.81	25
5.82	27
5.84	33
5.85	22
5.87	22
5.89	33
5.90	24
5.92	34
5.93	30
5.95	24
5.97	30
5.98	28
6.00	33
6.01	32
6.03	52
6.04	33
6.06	25
6.08	37
6.09	40
6.11	33
6.12	48
6.14	47
6.16	33
6.17	45
6.19	33
6.20	43
6.22	39
6.23	38
6.25	32
6.27	39
6.28	51
6.30	51
6.31	43
6.33	51
6.35	54
6.36	45
6.38	45
6.39	44
6.41	43
6.42	59
6.44	42
6.46	44
6.47	52
6.49	48
6.50	52
6.52	47
6.54	49
6.55	42
6.57	47
6.58	47
6.60	55
6.61	47
6.63	48
6.65	38
6.66	46
6.68	46
6.69	37
6.71	39
6.73	49
6.74	43
6.76	38
6.77	43
6.79	54
6.80	47
6.82	42
6.84	36
6.85	60
6.87	31
6.88	43
6.90	51
6.91	44
6.93	44
6.95	49
6.96	47
6.98	51
6.99	40
7.01	52
7.03	57
7.04	44
7.06	45
7.07	53
7.09	44
7.10	54
7.12	38
7.14	41
7.15	55
7.17	62
7.18	44
7.20	49
7.22	67
7.23	68
7.25	52
7.26	91
7.28	61
7.29	85
7.31	99
7.33	89
7.34	97
7.36	146
7.37	128
7.39	164
7.41	174
7.42	212
7.44	239
7.45	250
7.47	339
7.48	366
7.50	404
7.52	532
7.53	537
7.55	616
7.56	772
7.58	826
7.60	915
7.61	1111
7.63	1080
7.64	1237
7.66	1401
7.67	1687
7.69	1724
7.71	1766
7.72	2158
7.74	2209
7.75	2198
7.77	2658
7.79	2749
7.80	3076
7.82	3142
7.83	3303
7.85	3500
7.86	4186
7.88	3254
7.90	3952
7.91	4120
7.93	4039
7.94	4229
7.96	4000
7.97	4425
7.99	4301
8.01	4056
8.02	4410
8.04	3944
8.05	4072
8.07	4091
8.09	3926
8.10	3725
8.12	4058
8.13	3141
8.15	3228
8.16	3062
8.18	3004
8.20	2713
8.21	2421
8.23	2467
8.24	2129
8.26	1927
8.28	1858
8.29	1625
8.31	1538
8.32	1393
8.34	1203
8.35	1077
8.37	976
8.39	799
8.40	761
8.42	740
8.43	590
8.45	635
8.47	518
8.48	549
8.50	488
8.51	400
8.53	468
8.54	410
8.56	437
8.58	430
8.59	442
8.61	471
8.62	523
8.64	441
8.66	508
8.67	505
8.69	568
8.70	577
8.72	574
8.73	584
8.75	672
8.77	607
8.78	667
8.80	645
8.81	650
8.83	710
8.85	630
8.86	644
8.88	789
8.89	489
8.91	595
8.92	633
8.94	622
8.96	594
8.97	580
8.99	582
9.00	527
9.02	485
9.03	502
9.05	394
9.07	421
9.08	366
9.10	349
9.11	300
9.13	298
9.15	246
9.16	238
9.18	212
9.19	206
9.21	164
9.22	123
9.24	134
9.26	127
9.27	93
9.29	91
9.30	59
9.32	73
9.34	42
9.35	40
9.37	38
9.38	26
9.40	27
9.41	15
9.43	18
9.45	14
9.46	11
9.48	9
9.49	10
9.51	5
9.53	4
9.54	9
9.56	2
9.57	2
9.59	3
9.60	4
9.62	5
9.64	0
9.65	0
9.67	3
9.68	0
9.70	1
9.72	2
9.73	3
9.75	2
9.76	2
9.78	3
9.79	3
9.81	2
9.83	3
9.84	2
9.86	3
9.87	0
9.89	1
9.91	1
9.92	5
9.94	1
9.95	3
9.97	3
9.98	6
10.00	5
10.02	2
10.03	2
10.05	3
10.06	5
10.08	5
10.10	6
10.11	3
10.13	4
10.14	6
10.16	6
10.17	6
10.19	3
10.21	1
10.22	2
10.24	3
10.25	8
10.27	2
10.28	6
10.30	6
10.32	3
10.33	3
10.35	4
10.36	11
10.38	3
10.40	3
10.41	7
10.43	2
10.44	5
10.46	4
10.47	2
10.49	6
10.51	4
10.52	4
10.54	5
10.55	3
10.57	4
10.59	2
10.60	3
10.62	6
10.63	3
10.65	2
10.66	2
10.68	9
10.70	7
10.71	2
10.73	4
10.74	3
10.76	2
10.78	2
10.79	3
10.81	5
10.82	3
10.84	6
10.85	2
10.87	6
10.89	4
10.90	3
10.92	4
10.93	3
10.95	1
10.97	2
10.98	1
11.00	0
11.01	2
11.03	2
11.04	3
11.06	1
11.08	2
11.09	1
11.11	1
11.12	3
11.14	4
11.16	2
11.17	2
11.19	2
11.20	2
11.22	3
11.23	4
11.25	2
11.27	2
11.28	2
11.30	0
11.31	1
11.33	3
11.34	2
11.36	1
11.38	4
11.39	1
11.41	4
11.42	3
11.44	1
11.46	3
11.47	4
11.49	3
11.50	0
11.52	1
11.53	2
11.55	0
11.57	6
11.58	4
11.60	3
11.61	4
11.63	2
11.65	1
11.66	1
11.68	2
11.69	1
11.71	2
11.72	3
11.74	1
11.76	3
11.77	2
11.79	5
11.80	3
11.82	3
11.84	2
11.85	0
11.87	3
11.88	2
11.90	2
11.91	4
11.93	3
11.95	0
11.96	6
11.98	4
11.99	2
12.01	4
12.03	3
12.04	1
12.06	1
12.07	2
12.09	1
12.10	1
12.12	6
12.14	2
12.15	2
12.17	2
12.18	1
12.20	4
12.22	0
12.23	0
12.25	2
12.26	5
12.28	2
12.29	6
12.31	4
12.33	3
12.34	2
12.36	1
12.37	2
12.39	3
12.40	6
12.42	2
12.44	2
12.45	1
12.47	2
12.48	1
12.50	1
12.52	4
12.53	0
12.55	3
12.56	0
12.58	4
12.59	3
12.61	5
12.63	3
12.64	1
12.66	3
12.67	0
12.69	5
12.71	3
12.72	4
12.74	1
12.75	3
12.77	3
12.78	3
12.80	2
12.82	3
12.83	0
12.85	4
12.86	6
12.88	0
12.90	1
12.91	2
12.93	2
12.94	0
12.96	2
12.97	6
12.99	5
13.01	3
13.02	3
13.04	3
13.05	4
13.07	3
13.09	5
13.10	4
13.12	6
13.13	5
13.15	4
13.16	3
13.18	1
13.20	6
13.21	3
13.23	5
13.24	3
13.26	5
13.28	1
13.29	3
13.31	6
13.32	3
13.34	2
13.35	0
13.37	6
13.39	4
13.40	4
13.42	4
13.43	2
13.45	3
13.46	6
13.48	7
13.50	1
13.51	4
13.53	8
13.54	5
13.56	5
13.58	1
13.59	2
13.61	5
13.62	4
13.64	3
13.65	4
13.67	2
13.69	7
13.70	4
13.72	2
13.73	5
13.75	5
13.77	5
13.78	3
13.80	4
13.81	5
13.83	4
13.84	10
13.86	1
13.88	6
13.89	6
13.91	4
13.92	7
13.94	1
13.96	4
13.97	8
13.99	3
14.00	2
14.02	3
14.03	5
14.05	3
14.07	3
14.08	4
14.10	4
14.11	1
14.13	4
14.15	4
14.16	2
14.18	2
14.19	5
14.21	5
14.22	2
14.24	4
14.26	4
14.27	7
14.29	3
14.30	1
14.32	2
14.34	1
14.35	3
14.37	4
14.38	3
14.40	1
14.41	4
14.43	0
14.45	1
14.46	3
14.48	2
14.49	1
14.51	2
14.53	6
14.54	4
14.56	2
14.57	6
14.59	4
14.60	5
14.62	3
14.64	1
14.65	1
14.67	2
14.68	2
14.70	5
14.71	5
14.73	1
14.75	1
14.76	2
14.78	5
14.79	0
14.81	2
14.83	5
14.84	4
14.86	0
14.87	4
14.89	1
14.90	4
14.92	0
14.94	5
14.95	5
14.97	5
14.98	4
15.00	2
15.02	2
15.03	3
15.05	4
15.06	4
15.08	3
15.09	4
15.11	3
15.13	4
15.14	2
15.16	2
15.17	3
15.19	3
15.21	0
15.22	1
15.24	5
15.25	6
15.27	3
15.28	0
15.30	2
15.32	3
15.33	3
15.35	3
15.36	0
15.38	2
15.40	5
15.41	3
15.43	5
15.44	3
15.46	2
15.47	1
15.49	1
15.51	4
15.52	3
15.54	2
15.55	3
15.57	4
15.59	5
15.60	3
15.62	4
15.63	4
15.65	3
15.66	2
15.68	3
15.70	3
15.71	5
15.73	1
15.74	6
15.76	2
15.77	5
15.79	1
15.81	0
15.82	2
15.84	3
15.85	2
15.87	5
15.89	2
15.90	2
15.92	3
15.93	2
15.95	1
15.96	0
15.98	2
16.00	2
16.01	2
16.03	4
16.04	2
16.06	5
16.08	1
16.09	3
16.11	3
16.12	2
16.14	3
16.15	1
16.17	2
16.19	2
16.20	0
16.22	3
16.23	0
16.25	2
16.27	2
16.28	2
16.30	4
16.31	1
16.33	3
16.34	3
16.36	0
16.38	1
16.39	3
16.41	4
16.42	3
16.44	3
16.46	2
16.47	3
16.49	3
16.50	2
16.52	2
16.53	2
16.55	3
16.57	0
16.58	1
16.60	3
16.61	2
16.63	1
16.65	0
16.66	3
16.68	5
16.69	1
16.71	4
16.72	1
16.74	2
16.76	2
16.77	3
16.79	1
16.80	3
16.82	1
16.83	5
16.85	5
16.87	3
16.88	4
16.90	2
16.91	5
16.93	2
16.95	1
16.96	2
16.98	2
16.99	1
17.01	1
17.02	4
17.04	3
17.06	0
17.07	0
17.09	1
17.10	7
17.12	2
17.14	3
17.15	2
17.17	3
17.18	3
17.20	1
17.21	3
17.23	2
17.25	1
17.26	3
17.28	0
17.29	3
17.31	2
17.33	2
17.34	1
17.36	3
17.37	0
17.39	5
17.40	0
17.42	2
17.44	3
17.45	2
17.47	4
17.48	1
17.50	1
17.52	2
17.53	2
17.55	3
17.56	5
17.58	2
17.59	2
17.61	2
17.63	1
17.64	2
17.66	1
17.67	1
17.69	1
17.71	1
17.72	2
17.74	7
17.75	3
17.77	2
17.78	1
17.80	2
17.82	1
17.83	3
17.85	0
17.86	1
17.88	3
17.89	3
17.91	3
17.93	3
17.94	1
17.96	1
17.97	0
17.99	0
18.01	0
18.02	0
18.04	4
18.05	0
18.07	1
18.08	0
18.10	4
18.12	2
18.13	2
18.15	2
18.16	4
18.18	1
18.20	2
18.21	1
18.23	0
18.24	1
18.26	0
18.27	2
18.29	3
18.31	3
18.32	4
18.34	1
18.35	0
18.37	0
18.39	0
18.40	3
18.42	1
18.43	2
18.45	1
18.46	0
18.48	0
18.50	1
18.51	0
18.53	2
18.54	1
18.56	1
18.58	2
18.59	0
18.61	2
18.62	1
18.64	2
18.65	1
18.67	2
18.69	0
18.70	2
18.72	3
18.73	2
18.75	3
18.77	1
18.78	1
18.80	4
18.81	0
18.83	2
18.84	1
18.86	3
18.88	5
18.89	1
18.91	0
18.92	1
18.94	2
18.95	0
18.97	0
18.99	1
19.00	0
19.02	2
19.03	2
19.05	2
19.07	1
19.08	0
19.10	4
19.11	4
19.13	0
19.14	1
19.16	1
19.18	1
19.19	0
19.21	0
19.22	2
19.24	1
19.26	1
19.27	0
19.29	0
19.30	1
19.32	2
19.33	2
19.35	0
19.37	2
19.38	1
19.40	0
19.41	1
19.43	0
19.45	0
19.46	2
19.48	0
19.49	2
19.51	3
19.52	0
19.54	0
19.56	1
19.57	1
19.59	1
19.60	1
19.62	2
19.64	3
19.65	4
19.67	1
19.68	1
19.70	0
19.71	3
19.73	0
19.75	3
19.76	0
19.78	1
19.79	1
19.81	1
19.83	3
19.84	1
19.86	3
19.87	1
19.89	5
19.90	3
19.92	1
19.94	0
19.95	0
19.97	2
19.98	1
20.00	0
20.02	1
20.03	2
20.05	4
20.06	1
20.08	0
20.09	2
20.11	0
20.13	0
20.14	3
20.16	2
20.17	0
20.19	0
20.20	1
20.22	1
20.24	3
20.25	0
20.27	3
20.28	1
20.30	2
20.32	2
20.33	0
20.35	2
20.36	3
20.38	1
20.39	2
20.41	0
20.43	1
20.44	1
20.46	1
20.47	1
20.49	0
20.51	4
20.52	3
20.54	1
20.55	1
20.57	5
20.58	0
20.60	0
20.62	0
20.63	1
20.65	0
20.66	0
20.68	0
20.70	1
20.71	0
20.73	2
20.74	3
20.76	1
20.77	1
20.79	1
20.81	0
20.82	3
20.84	2
20.85	2
20.87	3
20.89	0
20.90	0
20.92	1
20.93	2
20.95	0
20.96	1
20.98	3
21.00	1
21.01	0
21.03	4
21.04	0
21.06	0
21.08	0
21.09	1
21.11	1
21.12	1
21.14	0
21.15	2
21.17	3
21.19	0
21.20	0
21.22	0
21.23	4
21.25	0
21.26	2
21.28	2
21.30	1
21.31	2
21.33	1
21.34	1
21.36	1
21.38	1
21.39	1
21.41	2
21.42	1
21.44	2
21.45	0
21.47	0
21.49	4
21.50	1
21.52	1
21.53	3
21.55	1
21.57	1
21.58	1
21.60	1
21.61	0
21.63	1
21.64	0
21.66	1
21.68	3
21.69	1
21.71	1
21.72	3
21.74	2
21.76	1
21.77	0
21.79	1
21.80	3
21.82	0
21.83	0
21.85	0
21.87	1
21.88	2
21.90	0
21.91	2
21.93	1
21.95	2
21.96	0
21.98	1
21.99	0
22.01	1
22.02	0
22.04	3
22.06	2
22.07	1
22.09	0
22.10	3
22.12	0
22.14	2
22.15	0
22.17	1
22.18	1
22.20	1
22.21	2
22.23	2
22.25	0
22.26	3
22.28	0
22.29	2
22.31	0
22.32	1
22.34	0
22.36	2
22.37	1
22.39	0
22.40	1
22.42	0
22.44	1
22.45	1
22.47	2
22.48	1
22.50	1
22.51	1
22.53	0
22.55	0
22.56	1
22.58	2
22.59	3
22.61	0
22.63	1
22.64	0
22.66	1
22.67	1
22.69	1
22.70	0
22.72	0
22.74	1
22.75	2
22.77	1
22.78	0
22.80	1
22.82	1
22.83	0
22.85	2
22.86	3
22.88	0
22.89	2
22.91	1
22.93	1
22.94	1
22.96	0
22.97	0
22.99	0
23.01	1
23.02	1
23.04	1
23.05	1
23.07	0
23.08	1
23.10	1
23.12	1
23.13	1
23.15	2
23.16	0
23.18	0
23.20	2
23.21	1
23.23	1
23.24	0
23.26	0
23.27	0
23.29	2
23.31	1
23.32	1
23.34	0
23.35	0
23.37	3
23.38	0
23.40	0
23.42	1
23.43	0
23.45	3
23.46	2
23.48	2
23.50	1
23.51	1
23.53	2
23.54	0
23.56	3
23.57	1
23.59	2
23.61	0
23.62	0
23.64	2
23.65	2
23.67	0
23.69	0
23.70	1
23.72	0
23.73	1
23.75	1
23.76	0
23.78	0
23.80	2
23.81	1
23.83	0
23.84	1
23.86	0
23.88	0
23.89	0
23.91	1
23.92	0
23.94	1
23.95	1
23.97	0
23.99	0
24.00	1
24.02	1
24.03	0
24.05	0
24.07	1
24.08	1
24.10	0
24.11	2
24.13	1
24.14	0
24.16	0
24.18	0
24.19	0
24.21	0
24.22	1
24.24	3
24.26	1
24.27	1
24.29	0
24.30	1
24.32	0
24.33	1
24.35	0
24.37	2
24.38	1
24.40	3
24.41	2
24.43	1
24.45	1
24.46	4
24.48	1
24.49	0
24.51	0
24.52	0
24.54	5
24.56	0
24.57	0
24.59	1
24.60	3
24.62	3
24.63	3
24.65	2
24.67	3
24.68	6
24.70	6
24.71	3
24.73	0
24.75	5
24.76	1
24.78	2
24.79	1
24.81	2
24.82	0
24.84	1
24.86	2
24.87	7
24.89	3
24.90	9
24.92	5
24.94	7
24.95	6
24.97	2
24.98	4
25.00	1
25.01	7
25.03	5
25.05	5
25.06	4
25.08	3
25.09	8
25.11	5
25.13	2
25.14	6
25.16	4
25.17	6
25.19	5
25.20	4
25.22	6
25.24	6
25.25	6
25.27	4
25.28	5
25.30	9
25.32	4
25.33	5
25.35	2
25.36	5
25.38	10
25.39	3
25.41	3
25.43	5
25.44	2
25.46	7
25.47	4
25.49	2
25.51	1
25.52	0
25.54	4
25.55	5
25.57	0
25.58	2
25.60	1
25.62	2
25.63	0
25.65	2
25.66	3
25.68	1
25.69	2
25.71	0
25.73	1
25.74	0
25.76	1
25.77	1
25.79	1
25.81	0
25.82	0
25.84	0
25.85	1
25.87	0
25.88	0
25.90	0
25.92	0
25.93	2
25.95	1
25.96	0
25.98	0
26.00	2
26.01	0
26.03	0
26.04	0
26.06	0
26.07	0
26.09	0
26.11	2
26.12	1
26.14	1
26.15	0
26.17	0
26.19	0
26.20	0
26.22	0
26.23	0
26.25	1
26.26	0
26.28	2
26.30	0
26.31	0
26.33	0
26.34	0
26.36	1
26.38	0
26.39	0
26.41	0
26.42	0
26.44	0
26.45	0
26.47	0
26.49	2
26.50	1
26.52	0
26.53	0
26.55	1
26.57	0
26.58	1
26.60	0
26.61	0
26.63	0
26.64	0
26.66	0
26.68	1
26.69	2
26.71	1
26.72	0
26.74	1
26.75	1
26.77	0
26.79	0
26.80	0
26.82	1
26.83	0
26.85	0
26.87	0
26.88	3
26.90	0
26.91	0
26.93	0
26.94	0
26.96	1
26.98	0
26.99	1
27.01	0
27.02	0
27.04	1
27.06	1
27.07	0
27.09	0
27.10	1
27.12	1
27.13	2
27.15	0
27.17	0
27.18	0
27.20	1
27.21	1
27.23	0
27.25	0
27.26	0
27.28	0
27.29	0
27.31	0
27.32	0
27.34	0
27.36	1
27.37	0
27.39	0
27.40	1
27.42	0
27.44	0
27.45	2
27.47	0
27.48	0
27.50	0
27.51	1
27.53	0
27.55	0
27.56	0
27.58	0
27.59	0
27.61	0
27.63	0
27.64	0
27.66	0
27.67	1
27.69	2
27.70	0
27.72	0
27.74	1
27.75	0
27.77	0
27.78	0
27.80	0
27.81	1
27.83	0
27.85	1
27.86	1
27.88	1
27.89	1
27.91	0
27.93	1
27.94	1
27.96	0
27.97	0
27.99	1
28.00	0
28.02	1
28.04	2
28.05	0
28.07	0
28.08	0
28.10	1
28.12	0
28.13	1
28.15	1
28.16	0
28.18	0
28.19	0
28.21	0
28.23	1
28.24	0
28.26	1
28.27	2
28.29	0
28.31	1
28.32	2
28.34	0
28.35	2
28.37	0
28.38	2
28.40	1
28.42	2
28.43	2
28.45	1
28.46	3
28.48	2
28.50	0
28.51	3
28.53	2
28.54	0
28.56	0
28.57	0
28.59	0
28.61	0
28.62	1
28.64	1
28.65	0
28.67	3
28.69	4
28.70	2
28.72	0
28.73	0
28.75	1
28.76	1
28.78	1
28.80	0
28.81	2
28.83	0
28.84	0
28.86	1
28.88	0
28.89	1
28.91	1
28.92	0
28.94	0
28.95	0
28.97	0
28.99	0
29.00	0
29.02	2
29.03	0
29.05	0
29.06	0
29.08	0
29.10	1
29.11	0
29.13	0
29.14	0
29.16	0
29.18	1
29.19	0
29.21	0
29.22	1
29.24	0
29.25	0
29.27	1
29.29	1
29.30	0
29.32	0
29.33	0
29.35	0
29.37	0
29.38	0
29.40	0
29.41	0
29.43	0
29.44	0
29.46	0
29.48	0
29.49	0
29.51	0
29.52	0
29.54	0
29.56	0
29.57	0
29.59	0
29.60	0
29.62	0
29.63	0
29.65	0
29.67	0
29.68	0
29.70	0
29.71	0
29.73	0
29.75	0
29.76	0
29.78	0
29.79	0
29.81	0
29.82	1
29.84	0
29.86	0
29.87	0
29.89	0
29.90	0
29.92	0
29.94	0
29.95	0
29.97	0
29.98	0
30.00	0
30.01	1
30.03	0
30.05	0
30.06	0
30.08	0
30.09	0
30.11	0
30.12	0
30.14	0
30.16	0
30.17	0
30.19	0
30.20	0
30.22	1
30.24	0
30.25	0
30.27	0
30.28	0
30.30	0
30.31	0
30.33	0
30.35	0
30.36	1
30.38	0
30.39	0
30.41	0
30.43	0
30.44	0
30.46	0
30.47	1
30.49	1
30.50	0
30.52	0
30.54	0
30.55	0
30.57	0
30.58	0
30.60	0
30.62	0
30.63	0
30.65	0
30.66	0
30.68	0
30.69	0
30.71	0
30.73	0
30.74	0
30.76	0
30.77	0
30.79	1
30.81	0
30.82	0
30.84	0
30.85	0
30.87	0
30.88	0
30.90	0
30.92	0
30.93	0
30.95	0
30.96	0
30.98	0
31.00	0
31.01	0
31.03	0
31.04	1
31.06	0
31.07	0
31.09	0
31.11	0
31.12	0
31.14	0
31.15	0
31.17	0
31.18	0
31.20	0
31.22	0
31.23	0
31.25	0
31.26	1
31.28	0
31.30	0
31.31	0
31.33	0
31.34	0
31.36	0
31.37	0
31.39	0
31.41	0
31.42	0
31.44	0
31.45	0
31.47	0
31.49	0
31.50	0
31.52	0
31.53	0
31.55	0
31.56	0
31.58	0
31.60	0
31.61	0
31.63	0
31.64	0
31.66	0
31.68	0
31.69	0
31.71	0
31.72	0
31.74	0
31.75	0
31.77	0
31.79	0
31.80	0
31.82	0
31.83	0
31.85	0
31.87	0
31.88	0
31.90	0
31.91	0
31.93	0
31.94	0
31.96	0
31.98	0
31.99	0
32.01	0
32.02	0
32.04	0
32.06	0
32.07	0
32.09	0
32.10	0
32.12	0
32.13	0
32.15	0
32.17	0
32.18	0
32.20	0
32.21	0
32.23	0
32.24	0
32.26	0
32.28	0
32.29	0
32.31	1
32.32	0
32.34	0
32.36	0
32.37	0
32.39	1
32.40	0
32.42	0
32.43	-1
