# exported by fityk 0.8.7
#17-X:x	17-X:y	17-X:s	17-X:F(x)	17-X:%_1(x)	17-X:%_2(x)	17-X:a
0.79	0	1	2.09992e-217	2.09992e-217	3.39465e-308	1
0.81	0	1	3.51108e-216	3.51108e-216	1.17137e-306	1
0.82	0	1	1.43147e-215	1.43147e-215	6.85818e-306	1
0.84	0	1	2.36545e-214	2.36545e-214	2.33548e-304	1
0.86	0	1	3.87827e-213	3.87827e-213	7.88355e-303	1
0.87	0	1	1.56576e-212	1.56576e-212	4.56523e-302	1
0.89	0	1	2.53712e-211	2.53712e-211	1.52082e-300	1
0.9	0	1	1.01829e-210	1.01829e-210	8.74888e-300	1
0.92	0	1	1.63072e-209	1.63072e-209	2.87632e-298	1
0.93	0	1	6.50664e-209	6.50664e-209	1.64379e-297	1
0.95	0	1	1.02981e-207	1.02981e-207	5.33335e-296	1
0.97	0	1	1.61715e-206	1.61715e-206	1.71527e-294	1
0.98	0	1	6.38956e-206	6.38956e-206	9.69542e-294	1
1	0	1	9.91647e-205	9.91647e-205	3.07729e-292	1
1.01	0	1	3.89514e-204	3.89514e-204	1.72797e-291	1
1.03	0	1	5.97449e-203	5.97449e-203	5.41262e-290	1
1.05	0	1	9.09228e-202	9.09228e-202	1.68058e-288	1
1.06	0	1	3.53657e-201	3.53657e-201	9.33364e-288	1
1.08	0	1	5.31919e-200	5.31919e-200	2.86003e-286	1
1.09	0	1	2.05684e-199	2.05684e-199	1.57797e-285	1
1.11	0	1	3.05743e-198	3.05743e-198	4.77185e-284	1
1.12	2	1.41421	1.17532e-197	1.17532e-197	2.61546e-283	1
1.14	0	1	1.72665e-196	1.72665e-196	7.8056e-282	1
1.16	0	1	2.51678e-195	2.51678e-195	2.3091e-280	1
1.17	0	1	9.58051e-195	9.58051e-195	1.25178e-279	1
1.19	0	1	1.38014e-193	1.38014e-193	3.65457e-278	1
1.2	0	1	5.2229e-193	5.2229e-193	1.96814e-277	1
1.22	8	2.82843	7.43595e-192	7.43595e-192	5.67064e-276	1
1.24	13	3.60555	1.0504e-190	1.0504e-190	1.61952e-274	1
1.25	19	4.3589	3.9363e-190	3.9363e-190	8.62644e-274	1
1.27	30	5.47723	5.4954e-189	5.4954e-189	2.43139e-272	1
1.28	31	5.56776	2.04728e-188	2.04728e-188	1.28657e-271	1
1.3	26	5.09902	2.82475e-187	2.82475e-187	3.57872e-270	1
1.31	31	5.56776	1.04617e-186	1.04617e-186	1.88123e-269	1
1.33	28	5.2915	1.42659e-185	1.42659e-185	5.16421e-268	1
1.35	26	5.09902	1.93013e-184	1.93013e-184	1.40523e-266	1
1.36	29	5.38516	7.07872e-184	7.07872e-184	7.30607e-266	1
1.38	34	5.83095	9.46531e-183	9.46531e-183	1.96198e-264	1
1.39	22	4.69042	3.45102e-182	3.45102e-182	1.01337e-263	1
1.41	29	5.38516	4.56058e-181	4.56058e-181	2.68564e-262	1
1.42	32	5.65685	1.65302e-180	1.65302e-180	1.37802e-261	1
1.44	22	4.69042	2.15895e-179	2.15895e-179	3.60416e-260	1
1.46	23	4.79583	2.7977e-178	2.7977e-178	9.34399e-259	1
1.47	29	5.38516	1.00416e-177	1.00416e-177	4.74202e-258	1
1.49	26	5.09902	1.28603e-176	1.28603e-176	1.21328e-256	1
1.5	30	5.47723	4.58881e-176	4.58881e-176	6.11684e-256	1
1.52	28	5.2915	5.8082e-175	5.8082e-175	1.54452e-254	1
1.54	23	4.79583	7.2942e-174	7.2942e-174	3.86581e-253	1
1.55	23	4.79583	2.57732e-173	2.57732e-173	1.92766e-252	1
1.57	41	6.40312	3.19887e-172	3.19887e-172	4.76152e-251	1
1.58	25	5	1.12365e-171	1.12365e-171	2.35869e-250	1
1.6	27	5.19615	1.37833e-170	1.37833e-170	5.74983e-249	1
1.61	29	5.38516	4.81321e-170	4.81321e-170	2.82953e-248	1
1.63	32	5.65685	5.83506e-169	5.83506e-169	6.80719e-247	1
1.65	18	4.24264	7.0186e-168	7.0186e-168	1.62331e-245	1
1.66	23	4.79583	2.42704e-167	2.42704e-167	7.90104e-245	1
1.68	16	4	2.88518e-166	2.88518e-166	1.85946e-243	1
1.69	30	5.47723	9.91847e-166	9.91847e-166	8.99093e-243	1
1.71	26	5.09902	1.16529e-164	1.16529e-164	2.08822e-241	1
1.73	26	5.09902	1.35836e-163	1.35836e-163	4.80758e-240	1
1.74	14	3.74166	4.62414e-163	4.62414e-163	2.29916e-239	1
1.76	25	5	5.32728e-162	5.32728e-162	5.22382e-238	1
1.77	32	5.65685	1.80288e-161	1.80288e-161	2.48179e-237	1
1.79	32	5.65685	2.05273e-160	2.05273e-160	5.56486e-236	1
1.8	28	5.2915	6.90618e-160	6.90618e-160	2.62643e-235	1
1.82	25	5	7.77134e-159	7.77134e-159	5.81198e-234	1
1.84	32	5.65685	8.67658e-158	8.67658e-158	1.27486e-232	1
1.85	28	5.2915	2.89067e-157	2.89067e-157	5.9511e-232	1
1.87	19	4.3589	3.18964e-156	3.18964e-156	1.28826e-230	1
1.88	29	5.38516	1.05642e-155	1.05642e-155	5.97412e-230	1
1.9	18	4.24264	1.15205e-154	1.15205e-154	1.27629e-228	1
1.92	20	4.47214	1.24653e-153	1.24653e-153	2.70274e-227	1
1.93	17	4.12311	4.08828e-153	4.08828e-153	1.23965e-226	1
1.95	20	4.47214	4.37183e-152	4.37183e-152	2.59074e-225	1
1.96	26	5.09902	1.42543e-151	1.42543e-151	1.18046e-224	1
1.98	27	5.19615	1.50647e-150	1.50647e-150	2.4347e-223	1
1.99	22	4.69042	4.88304e-150	4.88304e-150	1.10207e-222	1
2.01	24	4.89898	5.10029e-149	5.10029e-149	2.24322e-221	1
2.03	18	4.24264	5.28561e-148	5.28561e-148	4.52599e-220	1
2.04	31	5.56776	1.69655e-147	1.69655e-147	2.02629e-219	1
2.06	24	4.89898	1.73764e-146	1.73764e-146	4.03471e-218	1
2.07	22	4.69042	5.54469e-146	5.54469e-146	1.79446e-217	1
2.09	22	4.69042	5.61255e-145	5.61255e-145	3.52626e-216	1
2.11	20	4.47214	5.63687e-144	5.63687e-144	6.86869e-215	1
2.12	26	5.09902	1.78115e-143	1.78115e-143	3.02149e-214	1
2.14	18	4.24264	1.76794e-142	1.76794e-142	5.80831e-213	1
2.15	21	4.58258	5.55362e-142	5.55362e-142	2.53823e-212	1
2.17	22	4.69042	5.448e-141	5.448e-141	4.81536e-211	1
2.18	18	4.24264	1.70134e-140	1.70134e-140	2.09047e-210	1
2.2	21	4.58258	1.64946e-139	1.64946e-139	3.91391e-209	1
2.22	23	4.79583	1.58668e-138	1.58668e-138	7.26369e-208	1
2.23	21	4.58258	4.90666e-138	4.90666e-138	3.11887e-207	1
2.25	21	4.58258	4.6647e-137	4.6647e-137	5.71233e-206	1
2.26	30	5.47723	1.43406e-136	1.43406e-136	2.43662e-205	1
2.28	21	4.58258	1.3474e-135	1.3474e-135	4.40425e-204	1
2.3	19	4.3589	1.25609e-134	1.25609e-134	7.89107e-203	1
2.31	12	3.4641	3.8239e-134	3.8239e-134	3.32916e-202	1
2.33	22	4.69042	3.52308e-133	3.52308e-133	5.88665e-201	1
2.34	28	5.2915	1.06624e-132	1.06624e-132	2.46718e-200	1
2.36	16	4	9.70871e-132	9.70871e-132	4.3053e-199	1
2.37	21	4.58258	2.92105e-131	2.92105e-131	1.79255e-198	1
2.39	23	4.79583	2.62868e-130	2.62868e-130	3.08704e-197	1
2.41	20	4.47214	2.3471e-129	2.3471e-129	5.26979e-196	1
2.42	24	4.89898	6.99281e-129	6.99281e-129	2.17013e-195	1
2.44	25	5	6.17074e-128	6.17074e-128	3.65599e-194	1
2.45	15	3.87298	1.82769e-127	1.82769e-127	1.49566e-193	1
2.47	17	4.12311	1.59397e-126	1.59397e-126	2.48669e-192	1
2.48	24	4.89898	4.69345e-126	4.69345e-126	1.01061e-191	1
2.5	19	4.3589	4.0454e-125	4.0454e-125	1.65821e-190	1
2.52	24	4.89898	3.45959e-124	3.45959e-124	2.69698e-189	1
2.53	15	3.87298	1.00874e-123	1.00874e-123	1.08409e-188	1
2.55	29	5.38516	8.52578e-123	8.52578e-123	1.74008e-187	1
2.56	21	4.58258	2.47135e-122	2.47135e-122	6.9485e-187	1
2.58	17	4.12311	2.06434e-121	2.06434e-121	1.10069e-185	1
2.6	15	3.87298	1.71089e-120	1.71089e-120	1.72831e-184	1
2.61	16	4	4.91096e-120	4.91096e-120	6.82599e-184	1
2.63	17	4.12311	4.02253e-119	4.02253e-119	1.05777e-182	1
2.64	16	4	1.14786e-118	1.14786e-118	4.1502e-182	1
2.66	23	4.79583	9.29208e-118	9.29208e-118	6.34691e-181	1
2.67	19	4.3589	2.63602e-117	2.63602e-117	2.47387e-180	1
2.69	14	3.74166	2.10894e-116	2.10894e-116	3.73369e-179	1
2.71	17	4.12311	1.67408e-115	1.67408e-115	5.58573e-178	1
2.72	17	4.12311	4.70276e-115	4.70276e-115	2.15337e-177	1
2.74	22	4.69042	3.6894e-114	3.6894e-114	3.17928e-176	1
2.75	23	4.79583	1.03034e-113	1.03034e-113	1.21759e-175	1
2.77	23	4.79583	7.98865e-113	7.98865e-113	1.77411e-174	1
2.79	19	4.3589	6.14556e-112	6.14556e-112	2.56236e-173	1
2.8	19	4.3589	1.69953e-111	1.69953e-111	9.70594e-173	1
2.82	16	4	1.29214e-110	1.29214e-110	1.38346e-171	1
2.83	23	4.79583	3.5524e-110	3.5524e-110	5.20592e-171	1
2.85	26	5.09902	2.66928e-109	2.66928e-109	7.3231e-170	1
2.86	31	5.56776	7.29545e-109	7.29545e-109	2.73754e-169	1
2.88	22	4.69042	5.41771e-108	5.41771e-108	3.80039e-168	1
2.9	20	4.47214	3.99184e-107	3.99184e-107	5.22966e-167	1
2.91	18	4.24264	1.08038e-106	1.08038e-106	1.93359e-166	1
2.93	22	4.69042	7.86728e-106	7.86728e-106	2.62591e-165	1
2.94	17	4.12311	2.11676e-105	2.11676e-105	9.64504e-165	1
2.96	17	4.12311	1.5234e-104	1.5234e-104	1.29267e-163	1
2.98	25	5	1.0878e-103	1.0878e-103	1.71732e-162	1
2.99	27	5.19615	2.89828e-103	2.89828e-103	6.2388e-162	1
3.01	16	4	2.04535e-102	2.04535e-102	8.17964e-161	1
3.02	24	4.89898	5.41756e-102	5.41756e-102	2.95201e-160	1
3.04	27	5.19615	3.77853e-101	3.77853e-101	3.81962e-159	1
3.05	20	4.47214	9.94958e-101	9.94958e-101	1.36942e-158	1
3.07	22	4.69042	6.85828e-100	6.85828e-100	1.74867e-157	1
3.09	20	4.47214	4.69051e-099	4.69051e-099	2.2134e-156	1
3.1	16	4	1.22305e-098	1.22305e-098	7.84878e-156	1
3.12	20	4.47214	8.26689e-098	8.26689e-098	9.80441e-155	1
3.13	22	4.69042	2.14296e-097	2.14296e-097	3.45381e-154	1
3.15	18	4.24264	1.43153e-096	1.43153e-096	4.25782e-153	1
3.17	24	4.89898	9.48821e-096	9.48821e-096	5.20302e-152	1
3.18	17	4.12311	2.43556e-095	2.43556e-095	1.81283e-151	1
3.2	23	4.79583	1.59541e-094	1.59541e-094	2.18622e-150	1
3.21	15	3.87298	4.0713e-094	4.0713e-094	7.56711e-150	1
3.23	31	5.56776	2.63572e-093	2.63572e-093	9.00609e-149	1
3.24	19	4.3589	6.6866e-093	6.6866e-093	3.09675e-148	1
3.26	17	4.12311	4.27822e-092	4.27822e-092	3.63733e-147	1
3.28	16	4	2.71591e-091	2.71591e-091	4.23484e-146	1
3.29	33	5.74456	6.82282e-091	6.82282e-091	1.44023e-145	1
3.31	30	5.47723	4.28063e-090	4.28063e-090	1.65484e-144	1
3.32	18	4.24264	1.06906e-089	1.06906e-089	5.59094e-144	1
3.34	20	4.47214	6.62885e-089	6.62885e-089	6.33984e-143	1
3.36	29	5.38516	4.0782e-088	4.0782e-088	7.12608e-142	1
3.37	30	5.47723	1.00857e-087	1.00857e-087	2.38125e-141	1
3.39	24	4.89898	6.13236e-087	6.13236e-087	2.64147e-140	1
3.4	24	4.89898	1.50769e-086	1.50769e-086	8.76867e-140	1
3.42	23	4.79583	9.05992e-086	9.05992e-086	9.59941e-139	1
3.43	25	5	2.21439e-085	2.21439e-085	3.16568e-138	1
3.45	21	4.58258	1.3151e-084	1.3151e-084	3.42017e-137	1
3.47	24	4.89898	7.74922e-084	7.74922e-084	3.66274e-136	1
3.48	23	4.79583	1.87556e-083	1.87556e-083	1.19468e-135	1
3.5	18	4.24264	1.09225e-082	1.09225e-082	1.26265e-134	1
3.51	22	4.69042	2.62809e-082	2.62809e-082	4.09132e-134	1
3.53	26	5.09902	1.5126e-081	1.5126e-081	4.26737e-133	1
3.54	25	5	3.61815e-081	3.61815e-081	1.37365e-132	1
3.56	28	5.2915	2.05808e-080	2.05808e-080	1.41398e-131	1
3.58	24	4.89898	1.16153e-079	1.16153e-079	1.44274e-130	1
3.59	28	5.2915	2.7513e-079	2.7513e-079	4.59335e-130	1
3.61	32	5.65685	1.53461e-078	1.53461e-078	4.62535e-129	1
3.62	32	5.65685	3.61369e-078	3.61369e-078	1.46292e-128	1
3.64	23	4.79583	1.99206e-077	1.99206e-077	1.4538e-127	1
3.66	34	5.83095	1.08956e-076	1.08956e-076	1.43208e-126	1
3.67	30	5.47723	2.54066e-076	2.54066e-076	4.47988e-126	1
3.69	21	4.58258	1.37336e-075	1.37336e-075	4.35511e-125	1
3.7	17	4.12311	3.18365e-075	3.18365e-075	1.35342e-124	1
3.72	31	5.56776	1.70081e-074	1.70081e-074	1.29848e-123	1
3.73	32	5.65685	3.91962e-074	3.91962e-074	4.0087e-123	1
3.75	33	5.74456	2.0695e-073	2.0695e-073	3.79555e-122	1
3.77	19	4.3589	1.08413e-072	1.08413e-072	3.56225e-121	1
3.78	26	5.09902	2.47407e-072	2.47407e-072	1.08772e-120	1
3.8	18	4.24264	1.28091e-071	1.28091e-071	1.00748e-119	1
3.81	25	5	2.906e-071	2.906e-071	3.05607e-119	1
3.83	19	4.3589	1.48695e-070	1.48695e-070	2.79352e-118	1
3.85	29	5.38516	7.54899e-070	7.54899e-070	2.53117e-117	1
3.86	24	4.89898	1.69593e-069	1.69593e-069	7.59402e-117	1
3.88	25	5	8.50931e-069	8.50931e-069	6.79062e-116	1
3.89	23	4.79583	1.90046e-068	1.90046e-068	2.02393e-115	1
3.91	30	5.47723	9.42403e-068	9.42403e-068	1.78608e-114	1
3.92	15	3.87298	2.09242e-067	2.09242e-067	5.28837e-114	1
3.94	28	5.2915	1.02546e-066	1.02546e-066	4.60572e-113	1
3.96	16	4	4.98632e-066	4.98632e-066	3.97605e-112	1
3.97	24	4.89898	1.09631e-065	1.09631e-065	1.16439e-111	1
3.99	22	4.69042	5.26853e-065	5.26853e-065	9.92021e-111	1
4	26	5.09902	1.15157e-064	1.15157e-064	2.88602e-110	1
4.02	18	4.24264	5.46935e-064	5.46935e-064	2.42657e-109	1
4.04	20	4.47214	2.57737e-063	2.57737e-063	2.02239e-108	1
4.05	20	4.47214	5.57853e-063	5.57853e-063	5.81928e-108	1
4.07	29	5.38516	2.59808e-062	2.59808e-062	4.78642e-107	1
4.08	22	4.69042	5.59039e-062	5.59039e-062	1.3682e-106	1
4.1	23	4.79583	2.57316e-061	2.57316e-061	1.1106e-105	1
4.11	18	4.24264	5.50429e-061	5.50429e-061	3.15378e-105	1
4.13	21	4.58258	2.5039e-060	2.5039e-060	2.52646e-104	1
4.15	21	4.58258	1.13013e-059	1.13013e-059	2.00619e-103	1
4.16	18	4.24264	2.3939e-059	2.3939e-059	5.63466e-103	1
4.18	25	5	1.06784e-058	1.06784e-058	4.41567e-102	1
4.19	31	5.56776	2.2487e-058	2.2487e-058	1.23205e-101	1
4.21	14	3.74166	9.91345e-058	9.91345e-058	9.52852e-101	1
4.23	17	4.12311	4.33623e-057	4.33623e-057	7.3047e-100	1
4.24	28	5.2915	9.04232e-057	9.04232e-057	2.01585e-099	1
4.26	22	4.69042	3.90894e-056	3.90894e-056	1.52512e-098	1
4.27	21	4.58258	8.10349e-056	8.10349e-056	4.18114e-098	1
4.29	19	4.3589	3.46213e-055	3.46213e-055	3.12183e-097	1
4.3	25	5	7.13513e-055	7.13513e-055	8.50226e-097	1
4.32	22	4.69042	3.01276e-054	3.01276e-054	6.26496e-096	1
4.34	19	4.3589	1.26218e-053	1.26218e-053	4.57596e-095	1
4.35	14	3.74166	2.57587e-053	2.57587e-053	1.23263e-094	1
4.37	17	4.12311	1.06653e-052	1.06653e-052	8.88513e-094	1
4.38	25	5	2.16382e-052	2.16382e-052	2.37765e-093	1
4.4	31	5.56776	8.85445e-052	8.85445e-052	1.69141e-092	1
4.42	22	4.69042	3.59498e-051	3.59498e-051	1.1927e-091	1
4.43	18	4.24264	7.2225e-051	7.2225e-051	3.15674e-091	1
4.45	21	4.58258	2.89811e-050	2.89811e-050	2.19679e-090	1
4.46	19	4.3589	5.78829e-050	5.78829e-050	5.77606e-090	1
4.48	27	5.19615	2.29546e-049	2.29546e-049	3.9669e-089	1
4.49	15	3.87298	4.55776e-049	4.55776e-049	1.03616e-088	1
4.51	19	4.3589	1.78633e-048	1.78633e-048	7.02291e-088	1
4.53	13	3.60555	6.9465e-048	6.9465e-048	4.71829e-087	1
4.54	16	4	1.36581e-047	1.36581e-047	1.21895e-086	1
4.56	24	4.89898	5.24913e-047	5.24913e-047	8.08208e-086	1
4.57	26	5.09902	1.02603e-046	1.02603e-046	2.07424e-085	1
4.59	16	4	3.89715e-046	3.89715e-046	1.35727e-084	1
4.6	17	4.12311	7.57292e-046	7.57292e-046	3.46048e-084	1
4.62	15	3.87298	2.84278e-045	2.84278e-045	2.23466e-083	1
4.64	17	4.12311	1.05881e-044	1.05881e-044	1.43043e-082	1
4.65	14	3.74166	2.0374e-044	2.0374e-044	3.60712e-082	1
4.67	23	4.79583	7.49968e-044	7.49968e-044	2.27869e-081	1
4.68	16	4	1.43466e-043	1.43466e-043	5.70839e-081	1
4.7	28	5.2915	5.21923e-043	5.21923e-043	3.55883e-080	1
4.72	17	4.12311	1.8839e-042	1.8839e-042	2.19927e-079	1
4.73	19	4.3589	3.56867e-042	3.56867e-042	5.4492e-079	1
4.75	13	3.60555	1.27306e-041	1.27306e-041	3.32334e-078	1
4.76	23	4.79583	2.39742e-041	2.39742e-041	8.18018e-078	1
4.78	25	5	8.4524e-041	8.4524e-041	4.92349e-077	1
4.79	19	4.3589	1.58242e-040	1.58242e-040	1.20392e-076	1
4.81	13	3.60555	5.51375e-040	5.51375e-040	7.15115e-076	1
4.83	24	4.89898	1.9062e-039	1.9062e-039	4.21051e-075	1
4.84	17	4.12311	3.53388e-039	3.53388e-039	1.01831e-074	1
4.86	20	4.47214	1.20744e-038	1.20744e-038	5.91712e-074	1
4.87	19	4.3589	2.22533e-038	2.22533e-038	1.42165e-073	1
4.89	17	4.12311	7.51448e-038	7.51448e-038	8.15247e-073	1
4.91	22	4.69042	2.51767e-037	2.51767e-037	4.63411e-072	1
4.92	13	3.60555	4.59484e-037	4.59484e-037	1.10121e-071	1
4.94	20	4.47214	1.52146e-036	1.52146e-036	6.17757e-071	1
4.95	18	4.24264	2.76045e-036	2.76045e-036	1.45834e-070	1
4.97	21	4.58258	9.03362e-036	9.03362e-036	8.07371e-070	1
4.98	16	4	1.62939e-035	1.62939e-035	1.89342e-069	1
5	19	4.3589	5.26987e-035	5.26987e-035	1.0345e-068	1
5.02	22	4.69042	1.6911e-034	1.6911e-034	5.60268e-068	1
5.03	11	3.31662	3.02047e-034	3.02047e-034	1.29956e-067	1
5.05	11	3.31662	9.57933e-034	9.57933e-034	6.94588e-067	1
5.06	20	4.47214	1.70094e-033	1.70094e-033	1.60052e-066	1
5.08	30	5.47723	5.33138e-033	5.33138e-033	8.44234e-066	1
5.1	27	5.19615	1.65801e-032	1.65801e-032	4.41412e-065	1
5.11	23	4.79583	2.91529e-032	2.91529e-032	1.00601e-064	1
5.13	26	5.09902	8.96025e-032	8.96025e-032	5.19102e-064	1
5.14	22	4.69042	1.56625e-031	1.56625e-031	1.17529e-063	1
5.16	19	4.3589	4.75764e-031	4.75764e-031	5.98501e-063	1
5.17	15	3.87298	8.26759e-031	8.26759e-031	1.34614e-062	1
5.19	21	4.58258	2.48199e-030	2.48199e-030	6.76519e-062	1
5.21	14	3.74166	7.39292e-030	7.39292e-030	3.37014e-061	1
5.22	23	4.79583	1.27217e-029	1.27217e-029	7.49721e-061	1
5.24	25	5	3.74502e-029	3.74502e-029	3.68584e-060	1
5.25	19	4.3589	6.40664e-029	6.40664e-029	8.14559e-060	1
5.27	21	4.58258	1.86393e-028	1.86393e-028	3.95211e-059	1
5.29	19	4.3589	5.3805e-028	5.3805e-028	1.9007e-058	1
5.3	15	3.87298	9.1147e-028	9.1147e-028	4.15456e-058	1
5.32	13	3.60555	2.60032e-027	2.60032e-027	1.97187e-057	1
5.33	20	4.47214	4.37918e-027	4.37918e-027	4.28178e-057	1
5.35	19	4.3589	1.23472e-026	1.23472e-026	2.00562e-056	1
5.36	21	4.58258	2.06719e-026	2.06719e-026	4.32641e-056	1
5.38	16	4	5.76035e-026	5.76035e-026	1.99995e-055	1
5.4	21	4.58258	1.59262e-025	1.59262e-025	9.16416e-055	1
5.41	18	4.24264	2.64038e-025	2.64038e-025	1.95522e-054	1
5.43	16	4	7.21474e-025	7.21474e-025	8.84174e-054	1
5.44	21	4.58258	1.18911e-024	1.18911e-024	1.87403e-053	1
5.46	19	4.3589	3.21119e-024	3.21119e-024	8.36347e-053	1
5.48	20	4.47214	8.60413e-024	8.60413e-024	3.69978e-052	1
5.49	29	5.38516	1.40427e-023	1.40427e-023	7.75602e-052	1
5.51	26	5.09902	3.71863e-023	3.71863e-023	3.38609e-051	1
5.52	20	4.47214	6.03353e-023	6.03353e-023	7.05172e-051	1
5.54	21	4.58258	1.57905e-022	1.57905e-022	3.03825e-050	1
5.55	12	3.4641	2.54701e-022	2.54701e-022	6.28571e-050	1
5.57	22	4.69042	6.58788e-022	6.58788e-022	2.67271e-049	1
5.59	17	4.12311	1.69066e-021	1.69066e-021	1.12649e-048	1
5.6	17	4.12311	2.70043e-021	2.70043e-021	2.30507e-048	1
5.62	27	5.19615	6.84913e-021	6.84913e-021	9.58806e-048	1
5.63	22	4.69042	1.08757e-020	1.08757e-020	1.94904e-047	1
5.65	22	4.69042	2.72617e-020	2.72617e-020	8.00084e-047	1
5.67	23	4.79583	6.78016e-020	6.78016e-020	3.25559e-046	1
5.68	26	5.09902	1.06612e-019	1.06612e-019	6.54553e-046	1
5.7	29	5.38516	2.62051e-019	2.62051e-019	2.6285e-045	1
5.71	24	4.89898	4.09637e-019	4.09637e-019	5.24998e-045	1
5.73	26	5.09902	9.95107e-019	9.95107e-019	2.08061e-044	1
5.74	31	5.56776	1.54642e-018	1.54642e-018	4.12832e-044	1
5.76	22	4.69042	3.71271e-018	3.71271e-018	1.61464e-043	1
5.78	18	4.24264	8.84399e-018	8.84399e-018	6.25975e-043	1
5.79	23	4.79583	1.36097e-017	1.36097e-017	1.22847e-042	1
5.81	25	5	3.20404e-017	3.20404e-017	4.70019e-042	1
5.82	27	5.19615	4.90169e-017	4.90169e-017	9.16342e-042	1
5.84	33	5.74456	1.14048e-016	1.14048e-016	3.46001e-041	1
5.85	22	4.69042	1.73452e-016	1.73452e-016	6.70122e-041	1
5.87	22	4.69042	3.98852e-016	3.98852e-016	2.49714e-040	1
5.89	33	5.74456	9.09993e-016	9.09993e-016	9.22382e-040	1
5.9	24	4.89898	1.37048e-015	1.37048e-015	1.7669e-039	1
5.92	34	5.83095	3.09024e-015	3.09024e-015	6.44094e-039	1
5.93	30	5.47723	4.62673e-015	4.62673e-015	1.2257e-038	1
5.95	24	4.89898	1.03106e-014	1.03106e-014	4.40952e-038	1
5.97	30	5.47723	2.27976e-014	2.27976e-014	1.57245e-037	1
5.98	28	5.2915	3.37998e-014	3.37998e-014	2.95963e-037	1
6	33	5.74456	7.386e-014	7.386e-014	1.04158e-036	1
6.01	32	5.65685	1.08863e-013	1.08863e-013	1.94754e-036	1
6.03	52	7.2111	2.35108e-013	2.35108e-013	6.7641e-036	1
6.04	33	5.74456	3.44497e-013	3.44497e-013	1.25643e-035	1
6.06	25	5	7.35299e-013	7.35299e-013	4.30658e-035	1
6.08	37	6.08276	1.55718e-012	1.55718e-012	1.4632e-034	1
6.09	40	6.32456	2.25942e-012	2.25942e-012	2.68818e-034	1
6.11	33	5.74456	4.72893e-012	4.72893e-012	9.01363e-034	1
6.12	48	6.9282	6.82132e-012	6.82132e-012	1.64508e-033	1
6.14	47	6.85565	1.411e-011	1.411e-011	5.44376e-033	1
6.16	33	5.74456	2.89586e-011	2.89586e-011	1.78562e-032	1
6.17	45	6.7082	4.13643e-011	4.13643e-011	3.2233e-032	1
6.19	33	5.74456	8.39014e-011	8.39014e-011	1.04342e-031	1
6.2	43	6.55744	1.19142e-010	1.19142e-010	1.87114e-031	1
6.22	39	6.245	2.38835e-010	2.38835e-010	5.97772e-031	1
6.23	38	6.16441	3.37162e-010	3.37162e-010	1.06492e-030	1
6.25	32	5.65685	6.67983e-010	6.67983e-010	3.35748e-030	1
6.27	39	6.245	1.31306e-009	1.31306e-009	1.04928e-029	1
6.28	51	7.14143	1.83556e-009	1.83556e-009	1.84883e-029	1
6.3	51	7.14143	3.56601e-009	3.56601e-009	5.7022e-029	1
6.31	43	6.55744	4.95577e-009	4.95577e-009	9.9812e-029	1
6.33	51	7.14143	9.51515e-009	9.51515e-009	3.03807e-028	1
6.35	54	7.34847	1.81265e-008	1.81265e-008	9.16626e-028	1
6.36	45	6.7082	2.49452e-008	2.49452e-008	1.58693e-027	1
6.38	45	6.7082	4.69653e-008	4.69653e-008	4.7252e-027	1
6.39	44	6.63325	6.42532e-008	6.42532e-008	8.1268e-027	1
6.41	43	6.55744	1.19557e-007	1.19557e-007	2.3881e-026	1
6.42	59	7.68115	1.62608e-007	1.62608e-007	4.08024e-026	1
6.44	42	6.48074	2.9903e-007	2.9903e-007	1.18328e-025	1
6.46	44	6.63325	5.4561e-007	5.4561e-007	3.40149e-025	1
6.47	52	7.2111	7.34834e-007	7.34834e-007	5.74813e-025	1
6.49	48	6.9282	1.3251e-006	1.3251e-006	1.63071e-024	1
6.5	52	7.2111	1.7742e-006	1.7742e-006	2.7376e-024	1
6.52	47	6.85565	3.16194e-006	3.16194e-006	7.66459e-024	1
6.54	49	7	5.59112e-006	5.59112e-006	2.1271e-023	1
6.55	42	6.48074	7.41302e-006	7.41302e-006	3.53187e-023	1
6.57	47	6.85565	1.29549e-005	1.29549e-005	9.67325e-023	1
6.58	47	6.85565	1.70755e-005	1.70755e-005	1.5956e-022	1
6.6	55	7.4162	2.94919e-005	2.94919e-005	4.31281e-022	1
6.61	47	6.85565	3.86448e-005	3.86448e-005	7.06719e-022	1
6.63	48	6.9282	6.59647e-005	6.59647e-005	1.88518e-021	1
6.65	38	6.16441	0.000111719	0.000111719	4.98469e-021	1
6.66	46	6.78233	0.000144963	0.000144963	8.07883e-021	1
6.68	46	6.78233	0.000242641	0.000242641	2.10816e-020	1
6.69	37	6.08276	0.000312997	0.000312997	3.39428e-020	1
6.71	39	6.245	0.000517773	0.000517773	8.74121e-020	1
6.73	49	7	0.000849831	0.000849831	2.23139e-019	1
6.74	43	6.55744	0.00108556	0.00108556	3.5534e-019	1
6.76	38	6.16441	0.00176091	0.00176091	8.95192e-019	1
6.77	43	6.55744	0.00223615	0.00223615	1.41618e-018	1
6.79	54	7.34847	0.00358491	0.00358491	3.52096e-018	1
6.8	47	6.85565	0.00452574	0.00452574	5.53349e-018	1
6.82	42	6.48074	0.00717063	0.00717063	1.35772e-017	1
6.84	36	6	0.0112725	0.0112725	3.30217e-017	1
6.85	60	7.74597	0.014092	0.014092	5.13289e-017	1
6.87	31	5.56776	0.0218941	0.0218941	1.23203e-016	1
6.88	43	6.55744	0.02721	0.02721	1.90247e-016	1
6.9	51	7.14143	0.0417805	0.0417805	4.50657e-016	1
6.91	44	6.63325	0.0516202	0.0516202	6.91318e-016	1
6.93	44	6.63325	0.0783352	0.0783352	1.61613e-015	1
6.95	49	7	0.117948	0.117948	3.745e-015	1
6.96	47	6.85565	0.144304	0.144304	5.68208e-015	1
6.98	51	7.14143	0.214734	0.214734	1.29943e-014	1
6.99	40	6.32456	0.261178	0.261178	1.95859e-014	1
7.01	52	7.2111	0.384106	0.384106	4.42037e-014	1
7.03	57	7.54983	0.560481	0.560481	9.88902e-014	1
7.04	44	6.63325	0.675054	0.675054	1.47424e-013	1
7.06	45	6.7082	0.973508	0.973508	3.25485e-013	1
7.07	53	7.28011	1.16564	1.16564	4.82037e-013	1
7.09	44	6.63325	1.66133	1.66133	1.0503e-012	1
7.1	54	7.34847	1.97754	1.97754	1.54524e-012	1
7.12	38	6.16441	2.78555	2.78555	3.32276e-012	1
7.14	41	6.40312	3.89304	3.89304	7.08239e-012	1
7.15	55	7.4162	4.58883	4.58883	1.03059e-011	1
7.17	62	7.87401	6.33829	6.33829	2.16789e-011	1
7.18	44	6.63325	7.4273	7.4273	3.13386e-011	1
7.2	49	7	10.139	10.139	6.50578e-011	1
7.22	67	8.18535	13.7325	13.7325	1.33875e-010	1
7.23	68	8.24621	15.935	15.935	1.9141e-010	1
7.25	52	7.2111	21.3304	21.3304	3.88717e-010	1
7.26	91	9.53939	24.6063	24.6063	5.52121e-010	1
7.28	61	7.81025	32.5527	32.5527	1.10655e-009	1
7.29	85	9.21954	37.3319	37.3319	1.56137e-009	1
7.31	99	9.94987	48.8103	48.8103	3.08826e-009	1
7.33	89	9.43398	63.3196	63.3196	6.05479e-009	1
7.34	97	9.84886	71.9075	71.9075	8.45005e-009	1
7.36	146	12.083	92.1917	92.1917	1.63498e-008	1
7.37	128	11.3137	104.082	104.082	2.26677e-008	1
7.39	164	12.8062	131.881	131.881	4.32845e-008	1
7.41	174	13.1909	165.801	165.801	8.19286e-008	1
7.42	212	14.5602	185.358	185.358	1.12345e-007	1
7.44	239	15.4596	230.307	230.307	2.09859e-007	1
7.45	250	15.8114	255.964	255.964	2.85878e-007	1
7.47	339	18.412	314.316	314.316	5.27013e-007	1
7.48	366	19.1311	347.282	347.282	7.13197e-007	1
7.5	404	20.0998	421.465	421.465	1.29754e-006	1
7.52	532	23.0651	507.499	507.499	2.33997e-006	1
7.53	537	23.1733	555.257	555.257	3.13201e-006	1
7.55	616	24.8193	660.784	660.784	5.57419e-006	1
7.56	772	27.7849	718.729	718.729	7.41188e-006	1
7.58	826	28.7402	845.321	845.321	1.30184e-005	1
7.6	915	30.249	986.445	986.445	2.26654e-005	1
7.61	1111	33.3317	1062.48	1062.48	2.98082e-005	1
7.63	1080	32.8634	1225.36	1225.36	5.12168e-005	1
7.64	1237	35.171	1312.07	1312.07	6.69141e-005	1
7.66	1401	37.4299	1495.52	1495.52	0.000113465	1
7.67	1687	41.0731	1591.96	1591.96	0.000147266	1
7.69	1724	41.5211	1793.33	1793.33	0.000246444	1
7.71	1766	42.0238	2004.38	2004.38	0.000408802	1
7.72	2158	46.4543	2112.82	2112.82	0.000524781	1
7.74	2209	47	2333.86	2333.86	0.000859095	1
7.75	2198	46.8828	2445.71	2445.71	0.00109557	1
7.77	2658	51.5558	2669.98	2669.98	0.00177	1
7.79	2749	52.4309	2892.06	2892.06	0.00283456	1
7.8	3076	55.4617	3001.09	3001.09	0.00357527	1
7.82	3142	56.0535	3212.69	3212.69	0.00565053	1
7.83	3303	57.4717	3314.27	3314.26	0.00708023	1
7.85	3500	59.1608	3506.47	3506.46	0.0110433	1
7.86	4186	64.6993	3596.12	3596.1	0.0137464	1
7.88	3254	57.0438	3760.17	3760.15	0.0211597	1
7.9	3952	62.8649	3901.01	3900.97	0.0322856	1
7.91	4120	64.1872	3961.72	3961.68	0.0397489	1
7.93	4039	63.5531	4062.05	4061.99	0.059854	1
7.94	4229	65.0308	4101.09	4101.02	0.0732056	1
7.96	4000	63.2456	4155.8	4155.69	0.108788	1
7.97	4425	66.5207	4171.14	4171.01	0.13218	1
7.99	4301	65.582	4177.38	4177.19	0.193853	1
8.01	4056	63.6867	4150.98	4150.7	0.281811	1
8.02	4410	66.4078	4125.71	4125.37	0.338664	1
8.04	3944	62.8013	4051.76	4051.28	0.485874	1
8.05	4072	63.8122	4003.52	4002.94	0.580054	1
8.07	4091	63.9609	3885.9	3885.08	0.821281	1
8.09	3926	62.6578	3742.38	3741.23	1.15264	1
8.1	3725	61.0328	3661.9	3660.54	1.36102	1
8.12	4058	63.7024	3485.67	3483.79	1.88511	1
8.13	3141	56.0446	3390.87	3388.66	2.21126	1
8.15	3228	56.8155	3190.35	3187.32	3.0226	1
8.16	3062	55.3353	3085.63	3082.11	3.52224	1
8.18	3004	54.8088	2869.84	2865.09	4.75149	1
8.2	2713	52.0865	2648.9	2642.54	6.3536	1
8.21	2421	49.2037	2537.71	2530.39	7.32288	1
8.23	2467	49.6689	2316.22	2306.55	9.66365	1
8.24	2129	46.1411	2206.77	2195.71	11.0647	1
8.26	1927	43.8976	1992.48	1978.07	14.4101	1
8.28	1858	43.1045	1786.69	1768.09	18.6026	1
8.29	1625	40.3113	1687.77	1666.7	21.0666	1
8.31	1538	39.2173	1499.19	1472.35	26.8393	1
8.32	1393	37.3229	1409.98	1379.79	30.1945	1
8.34	1203	34.6843	1242.6	1204.64	37.9641	1
8.35	1077	32.8177	1164.71	1122.28	42.429	1
8.37	976	31.241	1021.01	968.367	52.6476	1
8.39	799	28.2666	893.787	829.032	64.7549	1
8.4	761	27.5862	836.401	764.822	71.5792	1
8.42	740	27.2029	734.004	647.118	86.8861	1
8.43	590	24.2899	688.907	593.496	95.4112	1
8.45	635	25.1992	610.583	496.287	114.296	1
8.47	518	22.7596	547.478	411.758	135.72	1
8.48	549	23.4307	521.362	373.955	147.407	1
8.5	488	22.0907	479.376	306.634	172.742	1
8.51	400	20	463.233	276.85	186.383	1
8.53	468	21.6333	439.91	224.355	215.554	1
8.54	410	20.2485	432.421	201.375	231.046	1
8.56	437	20.9045	424.989	161.284	263.705	1
8.58	430	20.7364	426.509	128.165	298.344	1
8.59	442	21.0238	430.204	113.915	316.289	1
8.61	471	21.7025	442.609	89.4647	353.144	1
8.62	523	22.8692	450.974	79.0514	371.923	1
8.64	441	21	471.175	61.3581	409.817	1
8.66	508	22.5389	494.87	47.2529	447.617	1
8.67	505	22.4722	507.61	41.3456	466.264	1
8.69	568	23.8328	534.063	31.4686	502.594	1
8.7	577	24.0208	547.462	27.3731	520.089	1
8.72	574	23.9583	573.854	20.5904	553.264	1
8.73	584	24.1661	586.563	17.8056	568.757	1
8.75	672	25.923	610.342	13.237	597.105	1
8.77	607	24.6374	631.139	9.7637	621.375	1
8.78	667	25.8263	640.151	8.36085	631.79	1
8.8	645	25.3969	654.946	6.09492	648.851	1
8.81	650	25.4951	660.577	5.18859	655.388	1
8.83	710	26.6458	668.001	3.73817	664.263	1
8.85	630	25.0998	670.033	2.67216	667.361	1
8.86	644	25.3772	668.965	2.25262	666.712	1
8.88	789	28.0891	662.632	1.59141	661.041	1
8.89	489	22.1133	657.389	1.33368	656.055	1
8.91	595	24.3926	642.879	0.931194	641.948	1
8.92	633	25.1595	633.692	0.775812	632.917	1
8.94	622	24.9399	611.723	0.535347	611.188	1
8.96	594	24.3721	585.402	0.366529	585.035	1
8.97	580	24.0832	570.799	0.30239	570.497	1
8.99	582	24.1247	539.132	0.204613	538.927	1
9	527	22.9565	522.246	0.167818	522.078	1
9.02	485	22.0227	486.835	0.112226	486.723	1
9.03	502	22.4054	468.497	0.0915051	468.405	1
9.05	394	19.8494	431.02	0.0604774	430.96	1
9.07	421	20.5183	393.074	0.0396584	393.035	1
9.08	366	19.1311	374.139	0.0320206	374.107	1
9.1	349	18.6815	336.733	0.0207522	336.712	1
9.11	300	17.3205	318.406	0.0166573	318.389	1
9.13	298	17.2627	282.818	0.0106691	282.807	1
9.15	246	15.6844	249.009	0.00678032	249.002	1
9.16	238	15.4272	232.882	0.00538931	232.877	1
9.18	212	14.5602	202.355	0.00338489	202.352	1
9.19	206	14.3527	188.006	0.00267469	188.003	1
9.21	164	12.8062	161.22	0.00166027	161.219	1
9.22	123	11.0905	148.803	0.00130422	148.801	1
9.24	134	11.5758	125.93	0.000800106	125.929	1
9.26	127	11.2694	105.64	0.000487009	105.639	1
9.27	93	9.64365	96.437	0.000378839	96.4366	1
9.29	91	9.53939	79.8383	0.000227896	79.838	1
9.3	59	7.68115	72.4039	0.000176238	72.4038	1
9.32	73	8.544	59.156	0.000104779	59.1559	1
9.34	42	6.48074	47.9088	6.18074e-005	47.9087	1
9.35	40	6.32456	42.9725	4.73311e-005	42.9724	1
9.37	38	6.16441	34.346	2.75934e-005	34.3459	1
9.38	26	5.09902	30.6045	2.10067e-005	30.6045	1
9.4	27	5.19615	24.1402	1.21034e-005	24.1402	1
9.41	15	3.87298	21.369	9.16025e-006	21.369	1
9.43	18	4.24264	16.6345	5.21615e-006	16.6345	1
9.45	14	3.74166	12.8355	2.94704e-006	12.8355	1
9.46	11	3.31662	11.2378	2.20866e-006	11.2378	1
9.48	9	3	8.55762	1.23327e-006	8.55762	1
9.49	10	3.16228	7.44314	9.18848e-007	7.44314	1
9.51	5	2.23607	5.59368	5.07065e-007	5.59368	1
9.53	4	2	4.16695	2.77638e-007	4.16695	1
9.54	9	3	3.58464	2.04837e-007	3.58464	1
9.56	2	1.41421	2.63534	1.10845e-007	2.63534	1
9.57	2	1.41421	2.25216	8.13001e-008	2.25215	1
9.59	3	1.73205	1.63402	4.34799e-008	1.63402	1
9.6	4	2	1.38725	3.17038e-008	1.38725	1
9.62	5	2.23607	0.993304	1.67572e-008	0.993304	1
9.64	0	1	0.705001	8.78789e-009	0.705001	1
9.65	0	1	0.591985	6.34526e-009	0.591985	1
9.67	3	1.73205	0.414656	3.28871e-009	0.414656	1
9.68	0	1	0.345894	2.36067e-009	0.345894	1
9.7	1	1	0.239105	1.20921e-009	0.239105	1
9.72	2	1.41421	0.163838	6.14561e-010	0.163838	1
9.73	3	1.73205	0.135174	4.36836e-010	0.135174	1
9.75	2	1.41421	0.0914089	2.19418e-010	0.0914089	1
9.76	2	1.41421	0.0749209	1.5505e-010	0.0749209	1
9.78	3	1.73205	0.0499996	7.69692e-011	0.0499996	1
9.79	3	1.73205	0.0407113	5.40708e-011	0.0407113	1
9.81	2	1.41421	0.0268131	2.65277e-011	0.0268131	1
9.83	3	1.73205	0.0175049	1.29131e-011	0.0175049	1
9.84	2	1.41421	0.0140972	8.98295e-012	0.0140972	1
9.86	3	1.73205	0.00908268	4.32157e-012	0.00908268	1
9.87	0	1	0.00726644	2.98866e-012	0.00726644	1
9.89	1	1	0.00462032	1.42099e-012	0.00462032	1
9.91	1	1	0.00291207	6.70347e-013	0.00291207	1
9.92	5	2.23607	0.00230427	4.59068e-013	0.00230427	1
9.94	1	1	0.00143329	2.14032e-013	0.00143329	1
9.95	3	1.73205	0.00112668	1.45714e-013	0.00112668	1
9.97	3	1.73205	0.000691619	6.71419e-014	0.000691619	1
9.98	6	2.44949	0.000540093	4.54425e-014	0.000540093	1
10	5	2.23607	0.000327194	2.06941e-014	0.000327194	1
10.02	2	1.41421	0.000196481	9.35028e-015	0.000196481	1
10.03	2	1.41421	0.000151756	6.26667e-015	0.000151756	1
10.05	3	1.73205	8.99358e-005	2.79838e-015	8.99358e-005	1
10.06	5	2.23607	6.90069e-005	1.86451e-015	6.90069e-005	1
10.08	5	2.23607	4.03596e-005	8.22861e-016	4.03596e-005	1
10.1	6	2.44949	2.33981e-005	3.60315e-016	2.33981e-005	1
10.11	3	1.73205	1.77568e-005	2.3773e-016	1.77568e-005	1
10.13	4	2	1.01594e-005	1.0288e-016	1.01594e-005	1
10.14	6	2.44949	7.65927e-006	6.74805e-017	7.65927e-006	1
10.16	6	2.44949	4.32474e-006	2.88614e-017	4.32474e-006	1
10.17	6	2.44949	3.23902e-006	1.88196e-017	3.23902e-006	1
10.19	3	1.73205	1.80491e-006	7.95503e-018	1.80491e-006	1
10.21	1	1	9.96954e-007	3.33632e-018	9.96954e-007	1
10.22	2	1.41421	7.38504e-007	2.15428e-018	7.38504e-007	1
10.24	3	1.73205	4.02571e-007	8.92936e-019	4.02571e-007	1
10.25	8	2.82843	2.96248e-007	5.73194e-019	2.96248e-007	1
10.27	2	1.41421	1.59373e-007	2.34807e-019	1.59373e-007	1
10.28	6	2.44949	1.16509e-007	1.49843e-019	1.16509e-007	1
10.3	6	2.44949	6.1857e-008	6.0665e-020	6.1857e-008	1
10.32	3	1.73205	3.25534e-008	2.43688e-020	3.25534e-008	1
10.33	3	1.73205	2.35379e-008	1.53994e-020	2.35379e-008	1
10.35	4	2	1.22249e-008	6.11351e-021	1.22249e-008	1
10.36	11	3.31662	8.78112e-009	3.84067e-021	8.78112e-009	1
10.38	3	1.73205	4.50086e-009	1.5069e-021	4.50086e-009	1
10.4	3	1.73205	2.28676e-009	5.86621e-022	2.28676e-009	1
10.41	7	2.64575	1.62462e-009	3.64936e-022	1.62462e-009	1
10.43	2	1.41421	8.14601e-010	1.40405e-022	8.14601e-010	1
10.44	5	2.23607	5.74923e-010	8.68334e-023	5.74923e-010	1
10.46	4	2	2.84494e-010	3.30174e-023	2.84494e-010	1
10.47	2	1.41421	1.99467e-010	2.02999e-023	1.99467e-010	1
10.49	6	2.44949	9.74102e-011	7.62854e-024	9.74102e-011	1
10.51	4	2	4.71538e-011	2.84435e-024	4.71538e-011	1
10.52	4	2	3.26994e-011	1.73172e-024	3.26994e-011	1
10.54	5	2.23607	1.56214e-011	6.38133e-025	1.56214e-011	1
10.55	3	1.73205	1.07616e-011	3.86235e-025	1.07616e-011	1
10.57	4	2	5.07374e-012	1.40662e-025	5.07374e-012	1
10.59	2	1.41421	2.37115e-012	5.08273e-026	2.37115e-012	1
10.6	3	1.73205	1.61562e-012	3.04635e-026	1.61562e-012	1
10.62	6	2.44949	7.45142e-013	1.08791e-026	7.45142e-013	1
10.63	3	1.73205	5.04377e-013	6.48216e-027	5.04377e-013	1
10.65	2	1.41421	2.29574e-013	2.28783e-027	2.29574e-013	1
10.66	2	1.41421	1.54374e-013	1.35518e-027	1.54374e-013	1
10.68	9	3	6.93444e-014	4.72707e-028	6.93444e-014	1
10.7	7	2.64575	3.08765e-014	1.63599e-028	3.08765e-014	1
10.71	2	1.41421	2.05354e-014	9.5962e-029	2.05354e-014	1
10.73	4	2	9.02379e-015	3.28232e-029	9.02379e-015	1
10.74	3	1.73205	5.96209e-015	1.91401e-029	5.96209e-015	1
10.76	2	1.41421	2.58555e-015	6.47018e-030	2.58555e-015	1
10.78	2	1.41421	1.11144e-015	2.17012e-030	1.11144e-015	1
10.79	3	1.73205	7.26309e-016	1.25311e-030	7.26309e-016	1
10.81	5	2.23607	3.08123e-016	4.15383e-031	3.08123e-016	1
10.82	3	1.73205	2.00029e-016	2.38452e-031	2.00029e-016	1
10.84	6	2.44949	8.37463e-017	7.81181e-032	8.37463e-017	1
10.85	2	1.41421	5.40094e-017	4.4581e-032	5.40094e-017	1
10.87	6	2.44949	2.23157e-017	1.44342e-032	2.23157e-017	1
10.89	4	2	9.13969e-018	4.63691e-033	9.13969e-018	1
10.9	3	1.73205	5.82987e-018	2.62041e-033	5.82987e-018	1
10.92	4	2	2.3564e-018	8.31951e-034	2.3564e-018	1
10.93	3	1.73205	1.49318e-018	4.67396e-034	1.49318e-018	1
10.95	1	1	5.95621e-019	1.46658e-034	5.95621e-019	1
10.97	2	1.41421	2.35509e-019	4.56582e-035	2.35509e-019	1
10.98	1	1	1.47603e-019	2.54009e-035	1.47603e-019	1
11	0	1	5.75973e-020	7.81547e-036	5.75973e-020	1
11.01	2	1.41421	3.58611e-020	4.32246e-036	3.58611e-020	1
11.03	2	1.41421	1.38102e-020	1.3144e-036	1.38102e-020	1
11.04	3	1.73205	8.54192e-021	7.22687e-037	8.54192e-021	1
11.06	1	1	3.2464e-021	2.1719e-037	3.2464e-021	1
11.08	2	1.41421	1.223e-021	6.47624e-038	1.223e-021	1
11.09	1	1	7.48181e-022	3.52604e-038	7.48181e-022	1
11.11	1	1	2.78164e-022	1.03911e-038	2.78164e-022	1
11.12	3	1.73205	1.6905e-022	5.62437e-039	1.6905e-022	1
11.14	4	2	6.20267e-023	1.6381e-039	6.20267e-023	1
11.16	2	1.41421	2.25591e-023	4.73372e-040	2.25591e-023	1
11.17	2	1.41421	1.356e-023	2.53721e-040	1.356e-023	1
11.19	2	1.41421	4.86712e-024	7.24618e-041	4.86712e-024	1
11.2	2	1.41421	2.90633e-024	3.86108e-041	2.90633e-024	1
11.22	3	1.73205	1.0295e-024	1.08982e-041	1.0295e-024	1
11.23	4	2	6.10708e-025	5.77296e-042	6.10708e-025	1
11.25	2	1.41421	2.13493e-025	1.6104e-042	2.13493e-025	1
11.27	2	1.41421	7.39799e-026	4.45724e-043	7.39799e-026	1
11.28	2	1.41421	4.34056e-026	2.33805e-043	4.34056e-026	1
11.3	0	1	1.48438e-026	6.39553e-044	1.48438e-026	1
11.31	1	1	8.65189e-027	3.33512e-044	8.65189e-027	1
11.33	3	1.73205	2.91997e-027	9.01624e-045	2.91997e-027	1
11.34	2	1.41421	1.69075e-027	4.67418e-045	1.69075e-027	1
11.36	1	1	5.63141e-028	1.24885e-045	5.63141e-028	1
11.38	4	2	1.85923e-028	3.31064e-046	1.85923e-028	1
11.39	1	1	1.06478e-028	1.69955e-046	1.06478e-028	1
11.41	4	2	3.46932e-029	4.45273e-047	3.46932e-029	1
11.42	3	1.73205	1.9738e-029	2.27246e-047	1.9738e-029	1
11.44	1	1	6.34686e-030	5.88409e-048	6.34686e-030	1
11.46	3	1.73205	2.02298e-030	1.51167e-048	2.02298e-030	1
11.47	4	2	1.13835e-030	7.63957e-049	1.13835e-030	1
11.49	3	1.73205	3.5808e-031	1.93972e-049	3.5808e-031	1
11.5	0	1	2.0017e-031	9.74533e-050	2.0017e-031	1
11.52	1	1	6.214e-032	2.44544e-050	6.214e-032	1
11.53	2	1.41421	3.45084e-032	1.22141e-050	3.45084e-032	1
11.55	0	1	1.05722e-032	3.02911e-051	1.05722e-032	1
11.57	6	2.44949	3.2106e-033	7.45353e-052	3.2106e-033	1
11.58	4	2	1.76345e-033	3.68645e-052	1.76345e-033	1
11.6	3	1.73205	5.28511e-034	8.96495e-053	5.28511e-034	1
11.61	4	2	2.88381e-034	4.40799e-053	2.88381e-034	1
11.63	2	1.41421	8.52953e-035	1.05943e-053	8.52953e-035	1
11.65	1	1	2.50071e-035	2.52637e-054	2.50071e-035	1
11.66	1	1	1.34958e-035	1.23008e-054	1.34958e-035	1
11.68	2	1.41421	3.90488e-036	2.899e-055	3.90488e-036	1
11.69	1	1	2.09353e-036	1.40323e-055	2.09353e-036	1
11.71	2	1.41421	5.97799e-037	3.26843e-056	5.97799e-037	1
11.72	3	1.73205	3.18391e-037	1.57277e-056	3.18391e-037	1
11.74	1	1	8.97235e-038	3.62048e-057	8.97235e-038	1
11.76	3	1.73205	2.50629e-038	8.26915e-058	2.50629e-038	1
11.77	2	1.41421	1.32027e-038	3.94032e-058	1.32027e-038	1
11.79	5	2.23607	3.63962e-039	8.89441e-059	3.63962e-039	1
11.8	3	1.73205	1.90467e-039	4.21341e-059	1.90467e-039	1
11.82	3	1.73205	5.18183e-040	9.39964e-060	5.18183e-040	1
11.84	2	1.41421	1.39742e-040	2.08058e-060	1.39742e-040	1
11.85	0	1	7.23294e-041	9.75985e-061	7.23294e-041	1
11.87	3	1.73205	1.92498e-041	2.13505e-061	1.92498e-041	1
11.88	2	1.41421	9.89805e-042	9.95662e-062	9.89805e-042	1
11.9	2	1.41421	2.59975e-042	2.15262e-062	2.59975e-042	1
11.91	4	2	1.32797e-042	9.97972e-063	1.32797e-042	1
11.93	3	1.73205	3.44222e-043	2.13239e-063	3.44222e-043	1
11.95	0	1	8.8444e-044	4.52072e-064	8.8444e-044	1
11.96	6	2.44949	4.46838e-044	2.0754e-064	4.46838e-044	1
11.98	4	2	1.13305e-044	4.34846e-065	1.13305e-044	1
11.99	2	1.41421	5.68677e-045	1.98461e-065	5.68677e-045	1
12.01	4	2	1.42309e-045	4.1096e-066	1.42309e-045	1
12.03	3	1.73205	3.53005e-046	8.44344e-067	3.53005e-046	1
12.04	1	1	1.75235e-046	3.81595e-067	1.75235e-046	1
12.06	1	1	4.28981e-047	7.74843e-068	4.28981e-047	1
12.07	2	1.41421	2.1155e-047	3.48131e-068	2.1155e-047	1
12.09	1	1	5.11091e-048	6.98626e-069	5.11091e-048	1
12.1	1	1	2.50385e-048	3.12047e-069	2.50385e-048	1
12.12	6	2.44949	5.96984e-049	6.18891e-070	5.96984e-049	1
12.14	2	1.41421	1.4109e-049	1.21788e-070	1.4109e-049	1
12.15	2	1.41421	6.83646e-050	5.38667e-071	6.83646e-050	1
12.17	2	1.41421	1.59454e-050	1.04761e-071	1.59454e-050	1
12.18	1	1	7.67544e-051	4.60643e-072	7.67544e-051	1
12.2	4	2	1.76675e-051	8.85394e-073	1.76675e-051	1
12.22	0	1	4.03113e-052	1.68851e-073	4.03113e-052	1
12.23	0	1	1.9192e-052	7.35207e-074	1.9192e-052	1
12.25	2	1.41421	4.32156e-053	1.3857e-074	4.32156e-053	1
12.26	5	2.23607	2.04394e-053	5.99819e-075	2.04394e-053	1
12.28	2	1.41421	4.54211e-054	1.1173e-075	4.54211e-054	1
12.29	6	2.44949	2.13413e-054	4.80804e-076	2.13413e-054	1
12.31	4	2	4.68036e-055	8.85136e-077	4.68036e-055	1
12.33	3	1.73205	1.01746e-055	1.61676e-077	1.01746e-055	1
12.34	2	1.41421	4.72829e-056	6.88949e-078	4.72829e-056	1
12.36	1	1	1.01441e-056	1.2437e-078	1.01441e-056	1
12.37	2	1.41421	4.68309e-057	5.26868e-079	4.68309e-057	1
12.39	3	1.73205	9.91537e-058	9.39986e-080	9.91537e-058	1
12.4	6	2.44949	4.54741e-058	3.95872e-080	4.54741e-058	1
12.42	2	1.41421	9.5019e-059	6.98016e-081	9.5019e-059	1
12.44	2	1.41421	1.96805e-059	1.22116e-081	1.96805e-059	1
12.45	1	1	8.9272e-060	5.09268e-082	8.9272e-060	1
12.47	2	1.41421	1.82478e-060	8.8053e-083	1.82478e-060	1
12.48	1	1	8.22288e-061	3.65061e-083	8.22288e-061	1
12.5	1	1	1.65877e-061	6.23813e-084	1.65877e-061	1
12.52	4	2	3.31688e-062	1.05764e-084	3.31688e-062	1
12.53	0	1	1.47832e-062	4.34213e-085	1.47832e-062	1
12.55	3	1.73205	2.9173e-063	7.27575e-086	2.9173e-063	1
12.56	0	1	1.29168e-063	2.96953e-086	1.29168e-063	1
12.58	4	2	2.51556e-064	4.91762e-087	2.51556e-064	1
12.59	3	1.73205	1.10648e-064	1.99531e-087	1.10648e-064	1
12.61	5	2.23607	2.12663e-065	3.26565e-088	2.12663e-065	1
12.63	3	1.73205	4.05156e-066	5.30301e-089	4.05156e-066	1
12.64	1	1	1.7626e-066	2.1307e-089	1.7626e-066	1
12.66	3	1.73205	3.314e-067	3.41953e-090	3.314e-067	1
12.67	0	1	1.43225e-067	1.36588e-090	1.43225e-067	1
12.69	5	2.23607	2.65758e-068	2.16644e-091	2.65758e-068	1
12.71	3	1.73205	4.88803e-069	3.4094e-092	4.88803e-069	1
12.72	4	2	2.08942e-069	1.34855e-092	2.08942e-069	1
12.74	1	1	3.79264e-070	2.09743e-093	3.79264e-070	1
12.75	3	1.73205	1.61052e-070	8.2475e-094	1.61052e-070	1
12.77	3	1.73205	2.88504e-071	1.26776e-094	2.88504e-071	1
12.78	3	1.73205	1.21706e-071	4.95582e-095	1.21706e-071	1
12.8	2	1.41421	2.15162e-072	7.52873e-096	2.15162e-072	1
12.82	3	1.73205	3.77051e-073	1.13481e-096	3.77051e-073	1
12.83	0	1	1.5732e-073	4.39283e-097	1.5732e-073	1
12.85	4	2	2.72074e-074	6.54389e-098	2.72074e-074	1
12.86	6	2.44949	1.12773e-074	2.51828e-098	1.12773e-074	1
12.88	0	1	1.92477e-075	3.70756e-099	1.92477e-075	1
12.9	1	1	3.25634e-076	5.41584e-100	3.25634e-076	1
12.91	2	1.41421	1.33498e-076	2.06385e-100	1.33498e-076	1
12.93	2	1.41421	2.22892e-077	2.97952e-101	2.22892e-077	1
12.94	0	1	9.07761e-078	1.12877e-101	9.07761e-078	1
12.96	2	1.41421	1.49576e-078	1.61052e-102	1.49576e-078	1
12.97	6	2.44949	6.05165e-079	6.06553e-103	6.05165e-079	1
12.99	5	2.23607	9.84084e-080	8.55306e-104	9.84084e-080	1
13.01	3	1.73205	1.58625e-080	1.19665e-104	1.58625e-080	1
13.02	3	1.73205	6.34756e-081	4.46288e-105	6.34756e-081	1
13.04	3	1.73205	1.00975e-081	6.17098e-106	1.00975e-081	1
13.05	4	2	4.01408e-082	2.28795e-106	4.01408e-082	1
13.07	3	1.73205	6.30176e-083	3.12663e-107	6.30176e-083	1
13.09	5	2.23607	9.80659e-084	4.23938e-108	9.80659e-084	1
13.1	4	2	3.85579e-084	1.55646e-108	3.85579e-084	1
13.12	6	2.44949	5.92159e-085	2.08571e-109	5.92159e-085	1
13.13	5	2.23607	2.31296e-085	7.61264e-110	2.31296e-085	1
13.15	4	2	3.5056e-086	1.00819e-110	3.5056e-086	1
13.16	3	1.73205	1.36028e-086	3.65822e-111	1.36028e-086	1
13.18	1	1	2.03465e-087	4.78818e-112	2.03465e-087	1
13.2	6	2.44949	3.0167e-088	6.2182e-113	3.0167e-088	1
13.21	3	1.73205	1.15777e-088	2.23426e-113	1.15777e-088	1
13.23	5	2.23607	1.69408e-089	2.86761e-114	1.69408e-089	1
13.24	3	1.73205	6.45887e-090	1.02432e-114	6.45887e-090	1
13.26	5	2.23607	9.3269e-091	1.29931e-115	9.3269e-091	1
13.28	1	1	1.33505e-091	1.63526e-116	1.33505e-091	1
13.29	3	1.73205	5.03437e-092	5.78423e-117	5.03437e-092	1
13.31	6	2.44949	7.11172e-093	7.19464e-118	7.11172e-093	1
13.32	3	1.73205	2.66414e-093	2.52996e-118	2.66414e-093	1
13.34	2	1.41421	3.71412e-094	3.11006e-119	3.71412e-094	1
13.35	0	1	1.3822e-094	1.08723e-119	1.3822e-094	1
13.37	6	2.44949	1.90169e-095	1.32089e-120	1.90169e-095	1
13.39	4	2	2.5935e-096	1.59224e-121	2.5935e-096	1
13.4	4	2	9.54614e-097	5.51191e-122	9.54614e-097	1
13.42	4	2	1.28482e-097	6.56652e-123	1.28482e-097	1
13.43	2	1.41421	4.69807e-098	2.25982e-123	4.69807e-098	1
13.45	3	1.73205	6.24029e-099	2.66072e-124	6.24029e-099	1
13.46	6	2.44949	2.26681e-099	9.10301e-125	2.26681e-099	1
13.48	7	2.64575	2.97145e-100	1.05926e-125	2.97145e-100	1
13.5	1	1	3.86103e-101	1.22296e-126	3.86103e-101	1
13.51	4	2	1.38719e-101	4.14325e-127	1.38719e-101	1
13.53	8	2.82843	1.77885e-102	4.72763e-128	1.77885e-102	1
13.54	5	2.23607	6.34905e-103	1.59227e-128	6.34905e-103	1
13.56	5	2.23607	8.03491e-104	1.79561e-129	8.03491e-104	1
13.58	1	1	1.00794e-104	2.0091e-130	1.00794e-104	1
13.59	2	1.41421	3.55816e-105	6.70066e-131	3.55816e-105	1
13.61	5	2.23607	4.405e-106	7.40966e-132	4.405e-106	1
13.62	4	2	1.54481e-106	2.45675e-132	1.54481e-106	1
13.64	3	1.73205	1.8874e-107	2.68493e-133	1.8874e-107	1
13.65	4	2	6.57546e-108	8.84998e-134	6.57546e-108	1
13.67	2	1.41421	7.92838e-109	9.55885e-135	7.92838e-109	1
13.69	7	2.64575	9.47596e-110	1.02439e-135	9.47596e-110	1
13.7	4	2	3.2652e-110	3.34361e-136	3.2652e-110	1
13.72	2	1.41421	3.85138e-111	3.54132e-137	3.85138e-111	1
13.73	5	2.23607	1.31837e-111	1.14911e-137	1.31837e-111	1
13.75	5	2.23607	1.53467e-112	1.20283e-138	1.53467e-112	1
13.77	5	2.23607	1.7708e-113	1.24923e-139	1.7708e-113	1
13.78	3	1.73205	5.99536e-114	4.01404e-140	5.99536e-114	1
13.8	4	2	6.82717e-115	4.12011e-141	6.82717e-115	1
13.81	5	2.23607	2.29626e-115	1.31612e-141	2.29626e-115	1
13.83	4	2	2.58056e-116	1.3351e-142	2.58056e-116	1
13.84	10	3.16228	8.62242e-117	4.23982e-143	8.62242e-117	1
13.86	1	1	9.56296e-118	4.25068e-144	9.56296e-118	1
13.88	6	2.44949	1.05132e-118	4.22828e-145	1.05132e-118	1
13.89	6	2.44949	3.47435e-119	1.32966e-145	3.47435e-119	1
13.91	4	2	3.76951e-120	1.30718e-146	3.76951e-120	1
13.92	7	2.64575	1.23754e-120	4.08656e-147	1.23754e-120	1
13.94	1	1	1.32507e-121	3.97051e-148	1.32507e-121	1
13.96	4	2	1.40637e-122	3.82762e-149	1.40637e-122	1
13.97	8	2.82843	4.56665e-123	1.18493e-149	4.56665e-123	1
13.99	3	1.73205	4.78329e-124	1.12893e-150	4.78329e-124	1
14	2	1.41421	1.54297e-124	3.47439e-151	1.54297e-124	1
14.02	3	1.73205	1.59499e-125	3.27149e-152	1.59499e-125	1
14.03	5	2.23607	5.11121e-126	1.00092e-152	5.11121e-126	1
14.05	3	1.73205	5.21425e-127	9.31449e-154	5.21425e-127	1
14.07	3	1.73205	5.27277e-128	8.60026e-155	5.27277e-128	1
14.08	4	2	1.6712e-128	2.60562e-155	1.6712e-128	1
14.1	4	2	1.66781e-129	2.37769e-156	1.66781e-129	1
14.11	1	1	5.25135e-130	7.16143e-157	5.25135e-130	1
14.13	4	2	5.17197e-131	6.45856e-158	5.17197e-131	1
14.15	4	2	5.04918e-132	5.77918e-159	5.04918e-132	1
14.16	2	1.41421	1.57243e-132	1.72367e-159	1.57243e-132	1
14.18	2	1.41421	1.51497e-133	1.52432e-160	1.51497e-133	1
14.19	5	2.23607	4.68693e-134	4.5197e-161	4.68693e-134	1
14.21	5	2.23607	4.45648e-135	3.95024e-162	4.45648e-135	1
14.22	2	1.41421	1.36965e-135	1.1644e-162	1.36965e-135	1
14.24	4	2	1.28524e-136	1.00579e-163	1.28524e-136	1
14.26	4	2	1.19546e-137	8.62001e-165	1.19546e-137	1
14.27	7	2.64575	3.63394e-138	2.51612e-165	3.63394e-138	1
14.29	3	1.73205	3.33578e-139	2.13119e-166	3.33578e-139	1
14.3	1	1	1.00734e-139	6.1843e-167	1.00734e-139	1
14.32	2	1.41421	9.12568e-141	5.17694e-168	9.12568e-141	1
14.34	1	1	8.19472e-142	4.29983e-169	8.19472e-142	1
14.35	3	1.73205	2.44758e-142	1.23556e-169	2.44758e-142	1
14.37	4	2	2.16907e-143	1.01422e-170	2.16907e-143	1
14.38	3	1.73205	6.43592e-144	2.89727e-171	6.43592e-144	1
14.4	1	1	5.62883e-145	2.35044e-172	5.62883e-145	1
14.41	4	2	1.65916e-145	6.67503e-173	1.65916e-145	1
14.43	0	1	1.43207e-146	5.35187e-174	1.43207e-146	1
14.45	1	1	1.22524e-147	4.25748e-175	1.22524e-147	1
14.46	3	1.73205	3.57204e-148	1.19729e-175	3.57204e-148	1
14.48	2	1.41421	3.01607e-149	9.41319e-177	3.01607e-149	1
14.49	1	1	8.73518e-150	2.63166e-177	8.73518e-150	1
14.51	2	1.41421	7.2789e-151	2.04484e-178	7.2789e-151	1
14.53	6	2.44949	6.01228e-152	1.57646e-179	6.01228e-152	1
14.54	4	2	1.72224e-152	4.36434e-180	1.72224e-152	1
14.56	2	1.41421	1.4039e-153	3.32533e-181	1.4039e-153	1
14.57	6	2.44949	3.99507e-154	9.15201e-182	3.99507e-154	1
14.59	4	2	3.21393e-155	6.89167e-183	3.21393e-155	1
14.6	5	2.23607	9.08573e-156	1.88561e-183	9.08573e-156	1
14.62	3	1.73205	7.21341e-157	1.4033e-184	7.21341e-157	1
14.64	1	1	5.67676e-158	1.0362e-185	5.67676e-158	1
14.65	1	1	1.58726e-158	2.80747e-186	1.58726e-158	1
14.67	2	1.41421	1.23276e-159	2.0488e-187	1.23276e-159	1
14.68	2	1.41421	3.42421e-160	5.51844e-188	3.42421e-160	1
14.7	5	2.23607	2.62457e-161	3.98009e-189	2.62457e-161	1
14.71	5	2.23607	7.24227e-162	1.06575e-189	7.24227e-162	1
14.73	1	1	5.47826e-163	7.59668e-191	5.47826e-163	1
14.75	1	1	4.10761e-164	5.37264e-192	4.10761e-164	1
14.76	2	1.41421	1.12106e-164	1.4246e-192	1.12106e-164	1
14.78	5	2.23607	8.29558e-166	9.95743e-194	8.29558e-166	1
14.79	0	1	2.24917e-166	2.62481e-194	2.24917e-166	1
14.81	2	1.41421	1.64251e-167	1.81319e-195	1.64251e-167	1
14.83	5	2.23607	1.18897e-168	1.24275e-196	1.18897e-168	1
14.84	4	2	3.18839e-169	3.24399e-197	3.18839e-169	1
14.86	0	1	2.27775e-170	2.19741e-198	2.27775e-170	1
14.87	4	2	6.06792e-171	5.70231e-199	6.06792e-171	1
14.89	1	1	4.27802e-172	3.81747e-200	4.27802e-172	1
14.9	4	2	1.13217e-172	9.84829e-201	1.13217e-172	1
14.92	0	1	7.87741e-174	6.51594e-202	7.87741e-174	1
14.94	5	2.23607	5.43294e-175	4.27748e-203	5.43294e-175	1
14.95	5	2.23607	1.42209e-175	1.09274e-203	1.42209e-175	1
14.97	5	2.23607	9.6794e-177	7.08954e-205	9.6794e-177	1
14.98	4	2	2.51696e-177	1.8005e-205	2.51696e-177	1
15	2	1.41421	1.6907e-178	1.15448e-206	1.6907e-178	1
15.02	2	1.41421	1.12573e-179	7.34471e-208	1.12573e-179	1
15.03	3	1.73205	2.89525e-180	1.8471e-208	2.89525e-180	1
15.05	4	2	1.9025e-181	1.16137e-209	1.9025e-181	1
15.06	4	2	4.86084e-182	2.90358e-210	4.86084e-182	1
15.08	3	1.73205	3.15224e-183	1.80429e-211	3.15224e-183	1
15.09	4	2	8.00092e-184	4.48451e-212	8.00092e-184	1
15.11	3	1.73205	5.12055e-185	2.75409e-213	5.12055e-185	1
15.13	4	2	3.24842e-186	1.67817e-214	3.24842e-186	1
15.14	2	1.41421	8.15488e-187	4.13036e-215	8.15488e-187	1
15.16	2	1.41421	5.10555e-188	2.48735e-216	5.10555e-188	1
15.17	3	1.73205	1.27327e-188	6.08604e-217	1.27327e-188	1
15.19	3	1.73205	7.86713e-190	3.62223e-218	7.86713e-190	1
15.21	0	1	4.81825e-191	2.139e-219	4.81825e-191	1
15.22	1	1	1.18849e-191	5.18265e-220	1.18849e-191	1
15.24	5	2.23607	7.18351e-193	3.02468e-221	7.18351e-193	1
15.25	6	2.44949	1.76025e-193	7.28561e-222	1.76025e-193	1
15.27	3	1.73205	1.04999e-194	4.20228e-223	1.04999e-194	1
15.28	0	1	2.55599e-195	1.00628e-223	2.55599e-195	1
15.3	2	1.41421	1.50467e-196	5.73625e-225	1.50467e-196	1
15.32	3	1.73205	8.78013e-198	3.24439e-226	8.78013e-198	1
15.33	3	1.73205	2.11397e-198	7.69322e-227	2.11397e-198	1
15.35	3	1.73205	1.21738e-199	4.30036e-228	1.21738e-199	1
15.36	0	1	2.91179e-200	1.01374e-228	2.91179e-200	1
15.38	2	1.41421	1.65485e-201	5.60034e-230	1.65485e-201	1
15.4	5	2.23607	9.32259e-203	3.06971e-231	9.32259e-203	1
15.41	3	1.73205	2.20543e-203	7.16574e-232	2.20543e-203	1
15.43	5	2.23607	1.22614e-204	3.88182e-233	1.22614e-204	1
15.44	3	1.73205	2.88158e-205	9.00836e-234	2.88158e-205	1
15.46	2	1.41421	1.58105e-206	4.82294e-235	1.58105e-206	1
15.47	1	1	3.69124e-207	1.11267e-235	3.69124e-207	1
15.49	1	1	1.99874e-208	5.88742e-237	1.99874e-208	1
15.51	4	2	1.07281e-209	3.09085e-238	1.07281e-209	1
15.52	3	1.73205	2.47726e-210	7.06117e-239	2.47726e-210	1
15.54	2	1.41421	1.31222e-211	3.6637e-240	1.31222e-211	1
15.55	3	1.73205	3.01016e-212	8.3208e-241	3.01016e-212	1
15.57	4	2	1.57359e-213	4.26678e-242	1.57359e-213	1
15.59	5	2.23607	8.15408e-215	2.17085e-243	8.15408e-215	1
15.6	3	1.73205	1.85005e-215	4.88223e-244	1.85005e-215	1
15.62	4	2	9.46095e-217	2.45493e-245	9.46095e-217	1
15.63	4	2	2.13244e-217	5.48875e-246	2.13244e-217	1
15.65	3	1.73205	1.07621e-218	2.72764e-247	1.07621e-218	1
15.66	2	1.41421	2.40977e-219	6.0627e-248	2.40977e-219	1
15.68	3	1.73205	1.20023e-220	2.97763e-249	1.20023e-220	1
15.7	3	1.73205	5.92563e-222	1.45101e-250	5.92563e-222	1
15.71	5	2.23607	1.31231e-222	3.19369e-251	1.31231e-222	1
15.73	1	1	6.39403e-224	1.5381e-252	6.39403e-224	1
15.74	6	2.44949	1.40673e-224	3.36552e-253	1.40673e-224	1
15.76	2	1.41421	6.76423e-226	1.6019e-254	6.76423e-226	1
15.77	5	2.23607	1.47839e-226	3.48457e-255	1.47839e-226	1
15.79	1	1	7.01562e-228	1.63917e-256	7.01562e-228	1
15.81	0	1	3.30006e-229	7.65055e-258	3.30006e-229	1
15.82	2	1.41421	7.13373e-230	1.64797e-258	7.13373e-230	1
15.84	3	1.73205	3.31163e-231	7.60169e-260	3.31163e-231	1
15.85	2	1.41421	7.11167e-232	1.62785e-260	7.11167e-232	1
15.87	5	2.23607	3.25811e-233	7.42105e-262	3.25811e-233	1
15.89	2	1.41421	1.47958e-234	3.35669e-263	1.47958e-234	1
15.9	2	1.41421	3.14263e-235	7.118e-264	3.14263e-235	1
15.92	3	1.73205	1.40843e-236	3.18197e-265	1.40843e-236	1
15.93	2	1.41421	2.97183e-237	6.70792e-266	2.97183e-237	1
15.95	1	1	1.31443e-238	2.96359e-267	1.31443e-238	1
15.96	0	1	2.75524e-239	6.21092e-268	2.75524e-239	1
15.98	2	1.41421	1.20265e-240	2.71192e-269	1.20265e-240	1
16	2	1.41421	5.20356e-242	1.17488e-270	5.20356e-242	1
16.01	2	1.41421	1.07882e-242	2.43823e-271	1.07882e-242	1
16.03	4	2	4.60657e-244	1.04395e-272	4.60657e-244	1
16.04	2	1.41421	9.48766e-245	2.15381e-273	9.48766e-245	1
16.06	5	2.23607	3.99814e-246	9.11397e-275	3.99814e-246	1
16.08	1	1	1.67007e-247	3.8265e-276	1.67007e-247	1
16.09	3	1.73205	3.40206e-248	7.81756e-277	3.40206e-248	1
16.11	3	1.73205	1.40245e-249	3.24382e-278	1.40245e-249	1
16.12	2	1.41421	2.83811e-250	6.58828e-279	2.83811e-250	1
16.14	3	1.73205	1.15464e-251	2.70177e-280	1.15464e-251	1
16.15	1	1	2.32125e-252	5.4552e-281	2.32125e-252	1
16.17	2	1.41421	9.3198e-254	2.21095e-282	9.3198e-254	1
16.19	2	1.41421	3.70912e-255	8.89083e-284	3.70912e-255	1
16.2	0	1	7.37515e-256	1.77765e-284	7.37515e-256	1
16.22	3	1.73205	2.89671e-257	7.06482e-286	2.89671e-257	1
16.23	0	1	5.72188e-258	1.40427e-286	5.72188e-258	1
16.25	2	1.41421	2.2179e-259	5.51567e-288	2.2179e-259	1
16.27	2	1.41421	8.52165e-261	2.14951e-289	8.52165e-261	1
16.28	2	1.41421	1.66488e-261	4.23089e-290	1.66488e-261	1
16.3	4	2	6.31297e-263	1.62954e-291	6.31297e-263	1
16.31	1	1	1.22526e-263	3.18863e-292	1.22526e-263	1
16.33	3	1.73205	4.58508e-265	1.21375e-293	4.58508e-265	1
16.34	3	1.73205	8.84046e-266	2.36109e-294	8.84046e-266	1
16.36	0	1	3.26486e-267	8.88237e-296	3.26486e-267	1
16.38	1	1	1.19518e-268	3.31542e-297	1.19518e-268	1
16.39	3	1.73205	2.27922e-269	6.38656e-298	2.27922e-269	1
16.41	4	2	8.23424e-271	2.35597e-299	8.23424e-271	1
16.42	3	1.73205	1.55995e-271	4.51173e-300	1.55995e-271	1
16.44	3	1.73205	5.56182e-273	1.64489e-301	5.56182e-273	1
16.46	2	1.41421	1.96564e-274	5.95011e-303	1.96564e-274	1
16.47	3	1.73205	3.68311e-275	1.12834e-303	3.68311e-275	1
16.49	3	1.73205	1.28461e-276	4.03386e-305	1.28461e-276	1
16.5	2	1.41421	2.3912e-277	7.60473e-306	2.3912e-277	1
16.52	2	1.41421	8.23077e-279	2.68692e-307	8.23077e-279	1
16.53	2	1.41421	1.52202e-279	5.03575e-308	1.52202e-279	1
16.55	3	1.73205	5.17028e-281	1.75844e-309	5.17028e-281	1
16.57	0	1	1.74096e-282	6.09235e-311	1.74096e-282	1
16.58	1	1	3.18414e-283	1.13067e-311	3.18414e-283	1
16.6	3	1.73205	1.05812e-284	3.87155e-313	1.05812e-284	1
16.61	2	1.41421	1.92253e-285	7.14303e-314	1.92253e-285	1
16.63	1	1	6.30499e-287	2.41724e-315	6.30499e-287	1
16.65	0	1	2.04963e-288	8.1159e-317	2.04963e-288	1
16.66	3	1.73205	3.68331e-289	1.48238e-317	3.68331e-289	1
16.68	5	2.23607	1.18168e-290	4.74856e-319	1.18168e-290	1
16.69	1	1	2.10958e-291	8.25831e-320	2.10958e-291	1
16.71	4	2	6.67922e-293	0	6.67922e-293	1
16.72	1	1	1.18456e-293	0	1.18456e-293	1
16.74	2	1.41421	3.70131e-295	0	3.70131e-295	1
16.76	2	1.41421	1.14639e-296	0	1.14639e-296	1
16.77	3	1.73205	2.0109e-297	0	2.0109e-297	1
16.79	1	1	6.14663e-299	0	6.14663e-299	1
16.8	3	1.73205	1.07109e-299	0	1.07109e-299	1
16.82	1	1	3.23105e-301	0	3.23105e-301	1
16.83	5	2.23607	5.59332e-302	0	5.59332e-302	1
16.85	5	2.23607	1.66515e-303	0	1.66515e-303	1
16.87	3	1.73205	4.91382e-305	0	4.91382e-305	1
16.88	4	2	8.41335e-306	0	8.41335e-306	1
16.9	2	1.41421	2.45021e-307	0	2.45021e-307	1
16.91	5	2.23607	4.16761e-308	0	4.16761e-308	1
16.93	2	1.41421	1.19781e-309	0	1.19781e-309	1
16.95	1	1	3.41249e-311	0	3.41249e-311	1
16.96	2	1.41421	5.7409e-312	0	5.7409e-312	1
16.98	2	1.41421	1.6141e-313	0	1.6141e-313	1
16.99	1	1	2.69758e-314	0	2.69758e-314	1
17.01	1	1	7.48503e-316	0	7.48503e-316	1
17.02	4	2	1.24269e-316	0	1.24269e-316	1
17.04	3	1.73205	3.40272e-318	0	3.40272e-318	1
17.06	0	1	9.23211e-320	0	9.23211e-320	1
17.07	0	1	1.31866e-320	0	1.31866e-320	1
17.09	1	1	0	0	0	1
17.1	7	2.64575	0	0	0	1
17.12	2	1.41421	0	0	0	1
17.14	3	1.73205	0	0	0	1
17.15	2	1.41421	0	0	0	1
17.17	3	1.73205	0	0	0	1
17.18	3	1.73205	0	0	0	1
17.2	1	1	0	0	0	1
17.21	3	1.73205	0	0	0	1
17.23	2	1.41421	0	0	0	1
17.25	1	1	0	0	0	1
17.26	3	1.73205	0	0	0	1
17.28	0	1	0	0	0	1
17.29	3	1.73205	0	0	0	1
17.31	2	1.41421	0	0	0	1
17.33	2	1.41421	0	0	0	1
17.34	1	1	0	0	0	1
17.36	3	1.73205	0	0	0	1
17.37	0	1	0	0	0	1
17.39	5	2.23607	0	0	0	1
17.4	0	1	0	0	0	1
17.42	2	1.41421	0	0	0	1
17.44	3	1.73205	0	0	0	1
17.45	2	1.41421	0	0	0	1
17.47	4	2	0	0	0	1
17.48	1	1	0	0	0	1
17.5	1	1	0	0	0	1
17.52	2	1.41421	0	0	0	1
17.53	2	1.41421	0	0	0	1
17.55	3	1.73205	0	0	0	1
17.56	5	2.23607	0	0	0	1
17.58	2	1.41421	0	0	0	1
17.59	2	1.41421	0	0	0	1
17.61	2	1.41421	0	0	0	1
17.63	1	1	0	0	0	1
17.64	2	1.41421	0	0	0	1
17.66	1	1	0	0	0	1
17.67	1	1	0	0	0	1
17.69	1	1	0	0	0	1
17.71	1	1	0	0	0	1
17.72	2	1.41421	0	0	0	1
17.74	7	2.64575	0	0	0	1
17.75	3	1.73205	0	0	0	1
17.77	2	1.41421	0	0	0	1
17.78	1	1	0	0	0	1
17.8	2	1.41421	0	0	0	1
17.82	1	1	0	0	0	1
17.83	3	1.73205	0	0	0	1
17.85	0	1	0	0	0	1
17.86	1	1	0	0	0	1
17.88	3	1.73205	0	0	0	1
17.89	3	1.73205	0	0	0	1
17.91	3	1.73205	0	0	0	1
17.93	3	1.73205	0	0	0	1
17.94	1	1	0	0	0	1
17.96	1	1	0	0	0	1
17.97	0	1	0	0	0	1
17.99	0	1	0	0	0	1
18.01	0	1	0	0	0	1
18.02	0	1	0	0	0	1
18.04	4	2	0	0	0	1
18.05	0	1	0	0	0	1
18.07	1	1	0	0	0	1
18.08	0	1	0	0	0	1
18.1	4	2	0	0	0	1
18.12	2	1.41421	0	0	0	1
18.13	2	1.41421	0	0	0	1
18.15	2	1.41421	0	0	0	1
18.16	4	2	0	0	0	1
18.18	1	1	0	0	0	1
18.2	2	1.41421	0	0	0	1
18.21	1	1	0	0	0	1
18.23	0	1	0	0	0	1
18.24	1	1	0	0	0	1
18.26	0	1	0	0	0	1
18.27	2	1.41421	0	0	0	1
18.29	3	1.73205	0	0	0	1
18.31	3	1.73205	0	0	0	1
18.32	4	2	0	0	0	1
18.34	1	1	0	0	0	1
18.35	0	1	0	0	0	1
18.37	0	1	0	0	0	1
18.39	0	1	0	0	0	1
18.4	3	1.73205	0	0	0	1
18.42	1	1	0	0	0	1
18.43	2	1.41421	0	0	0	1
18.45	1	1	0	0	0	1
18.46	0	1	0	0	0	1
18.48	0	1	0	0	0	1
18.5	1	1	0	0	0	1
18.51	0	1	0	0	0	1
18.53	2	1.41421	0	0	0	1
18.54	1	1	0	0	0	1
18.56	1	1	0	0	0	1
18.58	2	1.41421	0	0	0	1
18.59	0	1	0	0	0	1
18.61	2	1.41421	0	0	0	1
18.62	1	1	0	0	0	1
18.64	2	1.41421	0	0	0	1
18.65	1	1	0	0	0	1
18.67	2	1.41421	0	0	0	1
18.69	0	1	0	0	0	1
18.7	2	1.41421	0	0	0	1
18.72	3	1.73205	0	0	0	1
18.73	2	1.41421	0	0	0	1
18.75	3	1.73205	0	0	0	1
18.77	1	1	0	0	0	1
18.78	1	1	0	0	0	1
18.8	4	2	0	0	0	1
18.81	0	1	0	0	0	1
18.83	2	1.41421	0	0	0	1
18.84	1	1	0	0	0	1
18.86	3	1.73205	0	0	0	1
18.88	5	2.23607	0	0	0	1
18.89	1	1	0	0	0	1
18.91	0	1	0	0	0	1
18.92	1	1	0	0	0	1
18.94	2	1.41421	0	0	0	1
18.95	0	1	0	0	0	1
18.97	0	1	0	0	0	1
18.99	1	1	0	0	0	1
19	0	1	0	0	0	1
19.02	2	1.41421	0	0	0	1
19.03	2	1.41421	0	0	0	1
19.05	2	1.41421	0	0	0	1
19.07	1	1	0	0	0	1
19.08	0	1	0	0	0	1
19.1	4	2	0	0	0	1
19.11	4	2	0	0	0	1
19.13	0	1	0	0	0	1
19.14	1	1	0	0	0	1
19.16	1	1	0	0	0	1
19.18	1	1	0	0	0	1
19.19	0	1	0	0	0	1
19.21	0	1	0	0	0	1
19.22	2	1.41421	0	0	0	1
19.24	1	1	0	0	0	1
19.26	1	1	0	0	0	1
19.27	0	1	0	0	0	1
19.29	0	1	0	0	0	1
19.3	1	1	0	0	0	1
19.32	2	1.41421	0	0	0	1
19.33	2	1.41421	0	0	0	1
19.35	0	1	0	0	0	1
19.37	2	1.41421	0	0	0	1
19.38	1	1	0	0	0	1
19.4	0	1	0	0	0	1
19.41	1	1	0	0	0	1
19.43	0	1	0	0	0	1
19.45	0	1	0	0	0	1
19.46	2	1.41421	0	0	0	1
19.48	0	1	0	0	0	1
19.49	2	1.41421	0	0	0	1
19.51	3	1.73205	0	0	0	1
19.52	0	1	0	0	0	1
19.54	0	1	0	0	0	1
19.56	1	1	0	0	0	1
19.57	1	1	0	0	0	1
19.59	1	1	0	0	0	1
19.6	1	1	0	0	0	1
19.62	2	1.41421	0	0	0	1
19.64	3	1.73205	0	0	0	1
19.65	4	2	0	0	0	1
19.67	1	1	0	0	0	1
19.68	1	1	0	0	0	1
19.7	0	1	0	0	0	1
19.71	3	1.73205	0	0	0	1
19.73	0	1	0	0	0	1
19.75	3	1.73205	0	0	0	1
19.76	0	1	0	0	0	1
19.78	1	1	0	0	0	1
19.79	1	1	0	0	0	1
19.81	1	1	0	0	0	1
19.83	3	1.73205	0	0	0	1
19.84	1	1	0	0	0	1
19.86	3	1.73205	0	0	0	1
19.87	1	1	0	0	0	1
19.89	5	2.23607	0	0	0	1
19.9	3	1.73205	0	0	0	1
19.92	1	1	0	0	0	1
19.94	0	1	0	0	0	1
19.95	0	1	0	0	0	1
19.97	2	1.41421	0	0	0	1
19.98	1	1	0	0	0	1
20	0	1	0	0	0	1
20.02	1	1	0	0	0	1
20.03	2	1.41421	0	0	0	1
20.05	4	2	0	0	0	1
20.06	1	1	0	0	0	1
20.08	0	1	0	0	0	1
20.09	2	1.41421	0	0	0	1
20.11	0	1	0	0	0	1
20.13	0	1	0	0	0	1
20.14	3	1.73205	0	0	0	1
20.16	2	1.41421	0	0	0	1
20.17	0	1	0	0	0	1
20.19	0	1	0	0	0	1
20.2	1	1	0	0	0	1
20.22	1	1	0	0	0	1
20.24	3	1.73205	0	0	0	1
20.25	0	1	0	0	0	1
20.27	3	1.73205	0	0	0	1
20.28	1	1	0	0	0	1
20.3	2	1.41421	0	0	0	1
20.32	2	1.41421	0	0	0	1
20.33	0	1	0	0	0	1
20.35	2	1.41421	0	0	0	1
20.36	3	1.73205	0	0	0	1
20.38	1	1	0	0	0	1
20.39	2	1.41421	0	0	0	1
20.41	0	1	0	0	0	1
20.43	1	1	0	0	0	1
20.44	1	1	0	0	0	1
20.46	1	1	0	0	0	1
20.47	1	1	0	0	0	1
20.49	0	1	0	0	0	1
20.51	4	2	0	0	0	1
20.52	3	1.73205	0	0	0	1
20.54	1	1	0	0	0	1
20.55	1	1	0	0	0	1
20.57	5	2.23607	0	0	0	1
20.58	0	1	0	0	0	1
20.6	0	1	0	0	0	1
20.62	0	1	0	0	0	1
20.63	1	1	0	0	0	1
20.65	0	1	0	0	0	1
20.66	0	1	0	0	0	1
20.68	0	1	0	0	0	1
20.7	1	1	0	0	0	1
20.71	0	1	0	0	0	1
20.73	2	1.41421	0	0	0	1
20.74	3	1.73205	0	0	0	1
20.76	1	1	0	0	0	1
20.77	1	1	0	0	0	1
20.79	1	1	0	0	0	1
20.81	0	1	0	0	0	1
20.82	3	1.73205	0	0	0	1
20.84	2	1.41421	0	0	0	1
20.85	2	1.41421	0	0	0	1
20.87	3	1.73205	0	0	0	1
20.89	0	1	0	0	0	1
20.9	0	1	0	0	0	1
20.92	1	1	0	0	0	1
20.93	2	1.41421	0	0	0	1
20.95	0	1	0	0	0	1
20.96	1	1	0	0	0	1
20.98	3	1.73205	0	0	0	1
21	1	1	0	0	0	1
21.01	0	1	0	0	0	1
21.03	4	2	0	0	0	1
21.04	0	1	0	0	0	1
21.06	0	1	0	0	0	1
21.08	0	1	0	0	0	1
21.09	1	1	0	0	0	1
21.11	1	1	0	0	0	1
21.12	1	1	0	0	0	1
21.14	0	1	0	0	0	1
21.15	2	1.41421	0	0	0	1
21.17	3	1.73205	0	0	0	1
21.19	0	1	0	0	0	1
21.2	0	1	0	0	0	1
21.22	0	1	0	0	0	1
21.23	4	2	0	0	0	1
21.25	0	1	0	0	0	1
21.26	2	1.41421	0	0	0	1
21.28	2	1.41421	0	0	0	1
21.3	1	1	0	0	0	1
21.31	2	1.41421	0	0	0	1
21.33	1	1	0	0	0	1
21.34	1	1	0	0	0	1
21.36	1	1	0	0	0	1
21.38	1	1	0	0	0	1
21.39	1	1	0	0	0	1
21.41	2	1.41421	0	0	0	1
21.42	1	1	0	0	0	1
21.44	2	1.41421	0	0	0	1
21.45	0	1	0	0	0	1
21.47	0	1	0	0	0	1
21.49	4	2	0	0	0	1
21.5	1	1	0	0	0	1
21.52	1	1	0	0	0	1
21.53	3	1.73205	0	0	0	1
21.55	1	1	0	0	0	1
21.57	1	1	0	0	0	1
21.58	1	1	0	0	0	1
21.6	1	1	0	0	0	1
21.61	0	1	0	0	0	1
21.63	1	1	0	0	0	1
21.64	0	1	0	0	0	1
21.66	1	1	0	0	0	1
21.68	3	1.73205	0	0	0	1
21.69	1	1	0	0	0	1
21.71	1	1	0	0	0	1
21.72	3	1.73205	0	0	0	1
21.74	2	1.41421	0	0	0	1
21.76	1	1	0	0	0	1
21.77	0	1	0	0	0	1
21.79	1	1	0	0	0	1
21.8	3	1.73205	0	0	0	1
21.82	0	1	0	0	0	1
21.83	0	1	0	0	0	1
21.85	0	1	0	0	0	1
21.87	1	1	0	0	0	1
21.88	2	1.41421	0	0	0	1
21.9	0	1	0	0	0	1
21.91	2	1.41421	0	0	0	1
21.93	1	1	0	0	0	1
21.95	2	1.41421	0	0	0	1
21.96	0	1	0	0	0	1
21.98	1	1	0	0	0	1
21.99	0	1	0	0	0	1
22.01	1	1	0	0	0	1
22.02	0	1	0	0	0	1
22.04	3	1.73205	0	0	0	1
22.06	2	1.41421	0	0	0	1
22.07	1	1	0	0	0	1
22.09	0	1	0	0	0	1
22.1	3	1.73205	0	0	0	1
22.12	0	1	0	0	0	1
22.14	2	1.41421	0	0	0	1
22.15	0	1	0	0	0	1
22.17	1	1	0	0	0	1
22.18	1	1	0	0	0	1
22.2	1	1	0	0	0	1
22.21	2	1.41421	0	0	0	1
22.23	2	1.41421	0	0	0	1
22.25	0	1	0	0	0	1
22.26	3	1.73205	0	0	0	1
22.28	0	1	0	0	0	1
22.29	2	1.41421	0	0	0	1
22.31	0	1	0	0	0	1
22.32	1	1	0	0	0	1
22.34	0	1	0	0	0	1
22.36	2	1.41421	0	0	0	1
22.37	1	1	0	0	0	1
22.39	0	1	0	0	0	1
22.4	1	1	0	0	0	1
22.42	0	1	0	0	0	1
22.44	1	1	0	0	0	1
22.45	1	1	0	0	0	1
22.47	2	1.41421	0	0	0	1
22.48	1	1	0	0	0	1
22.5	1	1	0	0	0	1
22.51	1	1	0	0	0	1
22.53	0	1	0	0	0	1
22.55	0	1	0	0	0	1
22.56	1	1	0	0	0	1
22.58	2	1.41421	0	0	0	1
22.59	3	1.73205	0	0	0	1
22.61	0	1	0	0	0	1
22.63	1	1	0	0	0	1
22.64	0	1	0	0	0	1
22.66	1	1	0	0	0	1
22.67	1	1	0	0	0	1
22.69	1	1	0	0	0	1
22.7	0	1	0	0	0	1
22.72	0	1	0	0	0	1
22.74	1	1	0	0	0	1
22.75	2	1.41421	0	0	0	1
22.77	1	1	0	0	0	1
22.78	0	1	0	0	0	1
22.8	1	1	0	0	0	1
22.82	1	1	0	0	0	1
22.83	0	1	0	0	0	1
22.85	2	1.41421	0	0	0	1
22.86	3	1.73205	0	0	0	1
22.88	0	1	0	0	0	1
22.89	2	1.41421	0	0	0	1
22.91	1	1	0	0	0	1
22.93	1	1	0	0	0	1
22.94	1	1	0	0	0	1
22.96	0	1	0	0	0	1
22.97	0	1	0	0	0	1
22.99	0	1	0	0	0	1
23.01	1	1	0	0	0	1
23.02	1	1	0	0	0	1
23.04	1	1	0	0	0	1
23.05	1	1	0	0	0	1
23.07	0	1	0	0	0	1
23.08	1	1	0	0	0	1
23.1	1	1	0	0	0	1
23.12	1	1	0	0	0	1
23.13	1	1	0	0	0	1
23.15	2	1.41421	0	0	0	1
23.16	0	1	0	0	0	1
23.18	0	1	0	0	0	1
23.2	2	1.41421	0	0	0	1
23.21	1	1	0	0	0	1
23.23	1	1	0	0	0	1
23.24	0	1	0	0	0	1
23.26	0	1	0	0	0	1
23.27	0	1	0	0	0	1
23.29	2	1.41421	0	0	0	1
23.31	1	1	0	0	0	1
23.32	1	1	0	0	0	1
23.34	0	1	0	0	0	1
23.35	0	1	0	0	0	1
23.37	3	1.73205	0	0	0	1
23.38	0	1	0	0	0	1
23.4	0	1	0	0	0	1
23.42	1	1	0	0	0	1
23.43	0	1	0	0	0	1
23.45	3	1.73205	0	0	0	1
23.46	2	1.41421	0	0	0	1
23.48	2	1.41421	0	0	0	1
23.5	1	1	0	0	0	1
23.51	1	1	0	0	0	1
23.53	2	1.41421	0	0	0	1
23.54	0	1	0	0	0	1
23.56	3	1.73205	0	0	0	1
23.57	1	1	0	0	0	1
23.59	2	1.41421	0	0	0	1
23.61	0	1	0	0	0	1
23.62	0	1	0	0	0	1
23.64	2	1.41421	0	0	0	1
23.65	2	1.41421	0	0	0	1
23.67	0	1	0	0	0	1
23.69	0	1	0	0	0	1
23.7	1	1	0	0	0	1
23.72	0	1	0	0	0	1
23.73	1	1	0	0	0	1
23.75	1	1	0	0	0	1
23.76	0	1	0	0	0	1
23.78	0	1	0	0	0	1
23.8	2	1.41421	0	0	0	1
23.81	1	1	0	0	0	1
23.83	0	1	0	0	0	1
23.84	1	1	0	0	0	1
23.86	0	1	0	0	0	1
23.88	0	1	0	0	0	1
23.89	0	1	0	0	0	1
23.91	1	1	0	0	0	1
23.92	0	1	0	0	0	1
23.94	1	1	0	0	0	1
23.95	1	1	0	0	0	1
23.97	0	1	0	0	0	1
23.99	0	1	0	0	0	1
24	1	1	0	0	0	1
24.02	1	1	0	0	0	1
24.03	0	1	0	0	0	1
24.05	0	1	0	0	0	1
24.07	1	1	0	0	0	1
24.08	1	1	0	0	0	1
24.1	0	1	0	0	0	1
24.11	2	1.41421	0	0	0	1
24.13	1	1	0	0	0	1
24.14	0	1	0	0	0	1
24.16	0	1	0	0	0	1
24.18	0	1	0	0	0	1
24.19	0	1	0	0	0	1
24.21	0	1	0	0	0	1
24.22	1	1	0	0	0	1
24.24	3	1.73205	0	0	0	1
24.26	1	1	0	0	0	1
24.27	1	1	0	0	0	1
24.29	0	1	0	0	0	1
24.3	1	1	0	0	0	1
24.32	0	1	0	0	0	1
24.33	1	1	0	0	0	1
24.35	0	1	0	0	0	1
24.37	2	1.41421	0	0	0	1
24.38	1	1	0	0	0	1
24.4	3	1.73205	0	0	0	1
24.41	2	1.41421	0	0	0	1
24.43	1	1	0	0	0	1
24.45	1	1	0	0	0	1
24.46	4	2	0	0	0	1
24.48	1	1	0	0	0	1
24.49	0	1	0	0	0	1
24.51	0	1	0	0	0	1
24.52	0	1	0	0	0	1
24.54	5	2.23607	0	0	0	1
24.56	0	1	0	0	0	1
24.57	0	1	0	0	0	1
24.59	1	1	0	0	0	1
24.6	3	1.73205	0	0	0	1
24.62	3	1.73205	0	0	0	1
24.63	3	1.73205	0	0	0	1
24.65	2	1.41421	0	0	0	1
24.67	3	1.73205	0	0	0	1
24.68	6	2.44949	0	0	0	1
24.7	6	2.44949	0	0	0	1
24.71	3	1.73205	0	0	0	1
24.73	0	1	0	0	0	1
24.75	5	2.23607	0	0	0	1
24.76	1	1	0	0	0	1
24.78	2	1.41421	0	0	0	1
24.79	1	1	0	0	0	1
24.81	2	1.41421	0	0	0	1
24.82	0	1	0	0	0	1
24.84	1	1	0	0	0	1
24.86	2	1.41421	0	0	0	1
24.87	7	2.64575	0	0	0	1
24.89	3	1.73205	0	0	0	1
24.9	9	3	0	0	0	1
24.92	5	2.23607	0	0	0	1
24.94	7	2.64575	0	0	0	1
24.95	6	2.44949	0	0	0	1
24.97	2	1.41421	0	0	0	1
24.98	4	2	0	0	0	1
25	1	1	0	0	0	1
25.01	7	2.64575	0	0	0	1
25.03	5	2.23607	0	0	0	1
25.05	5	2.23607	0	0	0	1
25.06	4	2	0	0	0	1
25.08	3	1.73205	0	0	0	1
25.09	8	2.82843	0	0	0	1
25.11	5	2.23607	0	0	0	1
25.13	2	1.41421	0	0	0	1
25.14	6	2.44949	0	0	0	1
25.16	4	2	0	0	0	1
25.17	6	2.44949	0	0	0	1
25.19	5	2.23607	0	0	0	1
25.2	4	2	0	0	0	1
25.22	6	2.44949	0	0	0	1
25.24	6	2.44949	0	0	0	1
25.25	6	2.44949	0	0	0	1
25.27	4	2	0	0	0	1
25.28	5	2.23607	0	0	0	1
25.3	9	3	0	0	0	1
25.32	4	2	0	0	0	1
25.33	5	2.23607	0	0	0	1
25.35	2	1.41421	0	0	0	1
25.36	5	2.23607	0	0	0	1
25.38	10	3.16228	0	0	0	1
25.39	3	1.73205	0	0	0	1
25.41	3	1.73205	0	0	0	1
25.43	5	2.23607	0	0	0	1
25.44	2	1.41421	0	0	0	1
25.46	7	2.64575	0	0	0	1
25.47	4	2	0	0	0	1
25.49	2	1.41421	0	0	0	1
25.51	1	1	0	0	0	1
25.52	0	1	0	0	0	1
25.54	4	2	0	0	0	1
25.55	5	2.23607	0	0	0	1
25.57	0	1	0	0	0	1
25.58	2	1.41421	0	0	0	1
25.6	1	1	0	0	0	1
25.62	2	1.41421	0	0	0	1
25.63	0	1	0	0	0	1
25.65	2	1.41421	0	0	0	1
25.66	3	1.73205	0	0	0	1
25.68	1	1	0	0	0	1
25.69	2	1.41421	0	0	0	1
25.71	0	1	0	0	0	1
25.73	1	1	0	0	0	1
25.74	0	1	0	0	0	1
25.76	1	1	0	0	0	1
25.77	1	1	0	0	0	1
25.79	1	1	0	0	0	1
25.81	0	1	0	0	0	1
25.82	0	1	0	0	0	1
25.84	0	1	0	0	0	1
25.85	1	1	0	0	0	1
25.87	0	1	0	0	0	1
25.88	0	1	0	0	0	1
25.9	0	1	0	0	0	1
25.92	0	1	0	0	0	1
25.93	2	1.41421	0	0	0	1
25.95	1	1	0	0	0	1
25.96	0	1	0	0	0	1
25.98	0	1	0	0	0	1
26	2	1.41421	0	0	0	1
26.01	0	1	0	0	0	1
26.03	0	1	0	0	0	1
26.04	0	1	0	0	0	1
26.06	0	1	0	0	0	1
26.07	0	1	0	0	0	1
26.09	0	1	0	0	0	1
26.11	2	1.41421	0	0	0	1
26.12	1	1	0	0	0	1
26.14	1	1	0	0	0	1
26.15	0	1	0	0	0	1
26.17	0	1	0	0	0	1
26.19	0	1	0	0	0	1
26.2	0	1	0	0	0	1
26.22	0	1	0	0	0	1
26.23	0	1	0	0	0	1
26.25	1	1	0	0	0	1
26.26	0	1	0	0	0	1
26.28	2	1.41421	0	0	0	1
26.3	0	1	0	0	0	1
26.31	0	1	0	0	0	1
26.33	0	1	0	0	0	1
26.34	0	1	0	0	0	1
26.36	1	1	0	0	0	1
26.38	0	1	0	0	0	1
26.39	0	1	0	0	0	1
26.41	0	1	0	0	0	1
26.42	0	1	0	0	0	1
26.44	0	1	0	0	0	1
26.45	0	1	0	0	0	1
26.47	0	1	0	0	0	1
26.49	2	1.41421	0	0	0	1
26.5	1	1	0	0	0	1
26.52	0	1	0	0	0	1
26.53	0	1	0	0	0	1
26.55	1	1	0	0	0	1
26.57	0	1	0	0	0	1
26.58	1	1	0	0	0	1
26.6	0	1	0	0	0	1
26.61	0	1	0	0	0	1
26.63	0	1	0	0	0	1
26.64	0	1	0	0	0	1
26.66	0	1	0	0	0	1
26.68	1	1	0	0	0	1
26.69	2	1.41421	0	0	0	1
26.71	1	1	0	0	0	1
26.72	0	1	0	0	0	1
26.74	1	1	0	0	0	1
26.75	1	1	0	0	0	1
26.77	0	1	0	0	0	1
26.79	0	1	0	0	0	1
26.8	0	1	0	0	0	1
26.82	1	1	0	0	0	1
26.83	0	1	0	0	0	1
26.85	0	1	0	0	0	1
26.87	0	1	0	0	0	1
26.88	3	1.73205	0	0	0	1
26.9	0	1	0	0	0	1
26.91	0	1	0	0	0	1
26.93	0	1	0	0	0	1
26.94	0	1	0	0	0	1
26.96	1	1	0	0	0	1
26.98	0	1	0	0	0	1
26.99	1	1	0	0	0	1
27.01	0	1	0	0	0	1
27.02	0	1	0	0	0	1
27.04	1	1	0	0	0	1
27.06	1	1	0	0	0	1
27.07	0	1	0	0	0	1
27.09	0	1	0	0	0	1
27.1	1	1	0	0	0	1
27.12	1	1	0	0	0	1
27.13	2	1.41421	0	0	0	1
27.15	0	1	0	0	0	1
27.17	0	1	0	0	0	1
27.18	0	1	0	0	0	1
27.2	1	1	0	0	0	1
27.21	1	1	0	0	0	1
27.23	0	1	0	0	0	1
27.25	0	1	0	0	0	1
27.26	0	1	0	0	0	1
27.28	0	1	0	0	0	1
27.29	0	1	0	0	0	1
27.31	0	1	0	0	0	1
27.32	0	1	0	0	0	1
27.34	0	1	0	0	0	1
27.36	1	1	0	0	0	1
27.37	0	1	0	0	0	1
27.39	0	1	0	0	0	1
27.4	1	1	0	0	0	1
27.42	0	1	0	0	0	1
27.44	0	1	0	0	0	1
27.45	2	1.41421	0	0	0	1
27.47	0	1	0	0	0	1
27.48	0	1	0	0	0	1
27.5	0	1	0	0	0	1
27.51	1	1	0	0	0	1
27.53	0	1	0	0	0	1
27.55	0	1	0	0	0	1
27.56	0	1	0	0	0	1
27.58	0	1	0	0	0	1
27.59	0	1	0	0	0	1
27.61	0	1	0	0	0	1
27.63	0	1	0	0	0	1
27.64	0	1	0	0	0	1
27.66	0	1	0	0	0	1
27.67	1	1	0	0	0	1
27.69	2	1.41421	0	0	0	1
27.7	0	1	0	0	0	1
27.72	0	1	0	0	0	1
27.74	1	1	0	0	0	1
27.75	0	1	0	0	0	1
27.77	0	1	0	0	0	1
27.78	0	1	0	0	0	1
27.8	0	1	0	0	0	1
27.81	1	1	0	0	0	1
27.83	0	1	0	0	0	1
27.85	1	1	0	0	0	1
27.86	1	1	0	0	0	1
27.88	1	1	0	0	0	1
27.89	1	1	0	0	0	1
27.91	0	1	0	0	0	1
27.93	1	1	0	0	0	1
27.94	1	1	0	0	0	1
27.96	0	1	0	0	0	1
27.97	0	1	0	0	0	1
27.99	1	1	0	0	0	1
28	0	1	0	0	0	1
28.02	1	1	0	0	0	1
28.04	2	1.41421	0	0	0	1
28.05	0	1	0	0	0	1
28.07	0	1	0	0	0	1
28.08	0	1	0	0	0	1
28.1	1	1	0	0	0	1
28.12	0	1	0	0	0	1
28.13	1	1	0	0	0	1
28.15	1	1	0	0	0	1
28.16	0	1	0	0	0	1
28.18	0	1	0	0	0	1
28.19	0	1	0	0	0	1
28.21	0	1	0	0	0	1
28.23	1	1	0	0	0	1
28.24	0	1	0	0	0	1
28.26	1	1	0	0	0	1
28.27	2	1.41421	0	0	0	1
28.29	0	1	0	0	0	1
28.31	1	1	0	0	0	1
28.32	2	1.41421	0	0	0	1
28.34	0	1	0	0	0	1
28.35	2	1.41421	0	0	0	1
28.37	0	1	0	0	0	1
28.38	2	1.41421	0	0	0	1
28.4	1	1	0	0	0	1
28.42	2	1.41421	0	0	0	1
28.43	2	1.41421	0	0	0	1
28.45	1	1	0	0	0	1
28.46	3	1.73205	0	0	0	1
28.48	2	1.41421	0	0	0	1
28.5	0	1	0	0	0	1
28.51	3	1.73205	0	0	0	1
28.53	2	1.41421	0	0	0	1
28.54	0	1	0	0	0	1
28.56	0	1	0	0	0	1
28.57	0	1	0	0	0	1
28.59	0	1	0	0	0	1
28.61	0	1	0	0	0	1
28.62	1	1	0	0	0	1
28.64	1	1	0	0	0	1
28.65	0	1	0	0	0	1
28.67	3	1.73205	0	0	0	1
28.69	4	2	0	0	0	1
28.7	2	1.41421	0	0	0	1
28.72	0	1	0	0	0	1
28.73	0	1	0	0	0	1
28.75	1	1	0	0	0	1
28.76	1	1	0	0	0	1
28.78	1	1	0	0	0	1
28.8	0	1	0	0	0	1
28.81	2	1.41421	0	0	0	1
28.83	0	1	0	0	0	1
28.84	0	1	0	0	0	1
28.86	1	1	0	0	0	1
28.88	0	1	0	0	0	1
28.89	1	1	0	0	0	1
28.91	1	1	0	0	0	1
28.92	0	1	0	0	0	1
28.94	0	1	0	0	0	1
28.95	0	1	0	0	0	1
28.97	0	1	0	0	0	1
28.99	0	1	0	0	0	1
29	0	1	0	0	0	1
29.02	2	1.41421	0	0	0	1
29.03	0	1	0	0	0	1
29.05	0	1	0	0	0	1
29.06	0	1	0	0	0	1
29.08	0	1	0	0	0	1
29.1	1	1	0	0	0	1
29.11	0	1	0	0	0	1
29.13	0	1	0	0	0	1
29.14	0	1	0	0	0	1
29.16	0	1	0	0	0	1
29.18	1	1	0	0	0	1
29.19	0	1	0	0	0	1
29.21	0	1	0	0	0	1
29.22	1	1	0	0	0	1
29.24	0	1	0	0	0	1
29.25	0	1	0	0	0	1
29.27	1	1	0	0	0	1
29.29	1	1	0	0	0	1
29.3	0	1	0	0	0	1
29.32	0	1	0	0	0	1
29.33	0	1	0	0	0	1
29.35	0	1	0	0	0	1
29.37	0	1	0	0	0	1
29.38	0	1	0	0	0	1
29.4	0	1	0	0	0	1
29.41	0	1	0	0	0	1
29.43	0	1	0	0	0	1
29.44	0	1	0	0	0	1
29.46	0	1	0	0	0	1
29.48	0	1	0	0	0	1
29.49	0	1	0	0	0	1
29.51	0	1	0	0	0	1
29.52	0	1	0	0	0	1
29.54	0	1	0	0	0	1
29.56	0	1	0	0	0	1
29.57	0	1	0	0	0	1
29.59	0	1	0	0	0	1
29.6	0	1	0	0	0	1
29.62	0	1	0	0	0	1
29.63	0	1	0	0	0	1
29.65	0	1	0	0	0	1
29.67	0	1	0	0	0	1
29.68	0	1	0	0	0	1
29.7	0	1	0	0	0	1
29.71	0	1	0	0	0	1
29.73	0	1	0	0	0	1
29.75	0	1	0	0	0	1
29.76	0	1	0	0	0	1
29.78	0	1	0	0	0	1
29.79	0	1	0	0	0	1
29.81	0	1	0	0	0	1
29.82	1	1	0	0	0	1
29.84	0	1	0	0	0	1
29.86	0	1	0	0	0	1
29.87	0	1	0	0	0	1
29.89	0	1	0	0	0	1
29.9	0	1	0	0	0	1
29.92	0	1	0	0	0	1
29.94	0	1	0	0	0	1
29.95	0	1	0	0	0	1
29.97	0	1	0	0	0	1
29.98	0	1	0	0	0	1
30	0	1	0	0	0	1
30.01	1	1	0	0	0	1
30.03	0	1	0	0	0	1
30.05	0	1	0	0	0	1
30.06	0	1	0	0	0	1
30.08	0	1	0	0	0	1
30.09	0	1	0	0	0	1
30.11	0	1	0	0	0	1
30.12	0	1	0	0	0	1
30.14	0	1	0	0	0	1
30.16	0	1	0	0	0	1
30.17	0	1	0	0	0	1
30.19	0	1	0	0	0	1
30.2	0	1	0	0	0	1
30.22	1	1	0	0	0	1
30.24	0	1	0	0	0	1
30.25	0	1	0	0	0	1
30.27	0	1	0	0	0	1
30.28	0	1	0	0	0	1
30.3	0	1	0	0	0	1
30.31	0	1	0	0	0	1
30.33	0	1	0	0	0	1
30.35	0	1	0	0	0	1
30.36	1	1	0	0	0	1
30.38	0	1	0	0	0	1
30.39	0	1	0	0	0	1
30.41	0	1	0	0	0	1
30.43	0	1	0	0	0	1
30.44	0	1	0	0	0	1
30.46	0	1	0	0	0	1
30.47	1	1	0	0	0	1
30.49	1	1	0	0	0	1
30.5	0	1	0	0	0	1
30.52	0	1	0	0	0	1
30.54	0	1	0	0	0	1
30.55	0	1	0	0	0	1
30.57	0	1	0	0	0	1
30.58	0	1	0	0	0	1
30.6	0	1	0	0	0	1
30.62	0	1	0	0	0	1
30.63	0	1	0	0	0	1
30.65	0	1	0	0	0	1
30.66	0	1	0	0	0	1
30.68	0	1	0	0	0	1
30.69	0	1	0	0	0	1
30.71	0	1	0	0	0	1
30.73	0	1	0	0	0	1
30.74	0	1	0	0	0	1
30.76	0	1	0	0	0	1
30.77	0	1	0	0	0	1
30.79	1	1	0	0	0	1
30.81	0	1	0	0	0	1
30.82	0	1	0	0	0	1
30.84	0	1	0	0	0	1
30.85	0	1	0	0	0	1
30.87	0	1	0	0	0	1
30.88	0	1	0	0	0	1
30.9	0	1	0	0	0	1
30.92	0	1	0	0	0	1
30.93	0	1	0	0	0	1
30.95	0	1	0	0	0	1
30.96	0	1	0	0	0	1
30.98	0	1	0	0	0	1
31	0	1	0	0	0	1
31.01	0	1	0	0	0	1
31.03	0	1	0	0	0	1
31.04	1	1	0	0	0	1
31.06	0	1	0	0	0	1
31.07	0	1	0	0	0	1
31.09	0	1	0	0	0	1
31.11	0	1	0	0	0	1
31.12	0	1	0	0	0	1
31.14	0	1	0	0	0	1
31.15	0	1	0	0	0	1
31.17	0	1	0	0	0	1
31.18	0	1	0	0	0	1
31.2	0	1	0	0	0	1
31.22	0	1	0	0	0	1
31.23	0	1	0	0	0	1
31.25	0	1	0	0	0	1
31.26	1	1	0	0	0	1
31.28	0	1	0	0	0	1
31.3	0	1	0	0	0	1
31.31	0	1	0	0	0	1
31.33	0	1	0	0	0	1
31.34	0	1	0	0	0	1
31.36	0	1	0	0	0	1
31.37	0	1	0	0	0	1
31.39	0	1	0	0	0	1
31.41	0	1	0	0	0	1
31.42	0	1	0	0	0	1
31.44	0	1	0	0	0	1
31.45	0	1	0	0	0	1
31.47	0	1	0	0	0	1
31.49	0	1	0	0	0	1
31.5	0	1	0	0	0	1
31.52	0	1	0	0	0	1
31.53	0	1	0	0	0	1
31.55	0	1	0	0	0	1
31.56	0	1	0	0	0	1
31.58	0	1	0	0	0	1
31.6	0	1	0	0	0	1
31.61	0	1	0	0	0	1
31.63	0	1	0	0	0	1
31.64	0	1	0	0	0	1
31.66	0	1	0	0	0	1
31.68	0	1	0	0	0	1
31.69	0	1	0	0	0	1
31.71	0	1	0	0	0	1
31.72	0	1	0	0	0	1
31.74	0	1	0	0	0	1
31.75	0	1	0	0	0	1
31.77	0	1	0	0	0	1
31.79	0	1	0	0	0	1
31.8	0	1	0	0	0	1
31.82	0	1	0	0	0	1
31.83	0	1	0	0	0	1
31.85	0	1	0	0	0	1
31.87	0	1	0	0	0	1
31.88	0	1	0	0	0	1
31.9	0	1	0	0	0	1
31.91	0	1	0	0	0	1
31.93	0	1	0	0	0	1
31.94	0	1	0	0	0	1
31.96	0	1	0	0	0	1
31.98	0	1	0	0	0	1
31.99	0	1	0	0	0	1
32.01	0	1	0	0	0	1
32.02	0	1	0	0	0	1
32.04	0	1	0	0	0	1
32.06	0	1	0	0	0	1
32.07	0	1	0	0	0	1
32.09	0	1	0	0	0	1
32.1	0	1	0	0	0	1
32.12	0	1	0	0	0	1
32.13	0	1	0	0	0	1
32.15	0	1	0	0	0	1
32.17	0	1	0	0	0	1
32.18	0	1	0	0	0	1
32.2	0	1	0	0	0	1
32.21	0	1	0	0	0	1
32.23	0	1	0	0	0	1
32.24	0	1	0	0	0	1
32.26	0	1	0	0	0	1
32.28	0	1	0	0	0	1
32.29	0	1	0	0	0	1
32.31	1	1	0	0	0	1
32.32	0	1	0	0	0	1
32.34	0	1	0	0	0	1
32.36	0	1	0	0	0	1
32.37	0	1	0	0	0	1
32.39	1	1	0	0	0	1
32.4	0	1	0	0	0	1
32.42	0	1	0	0	0	1
32.43	-1	1	0	0	0	1
