Energy	Impulses
E/keV	Impulses/#

0.79	0
0.81	0
0.82	0
0.84	0
0.86	0
0.87	0
0.89	0
0.90	0
0.92	0
0.93	0
0.95	0
0.97	0
0.98	0
1.00	0
1.01	0
1.03	0
1.05	0
1.06	0
1.08	0
1.09	0
1.11	0
1.12	1
1.14	1
1.16	1
1.17	0
1.19	0
1.20	2
1.22	4
1.24	12
1.25	23
1.27	30
1.28	25
1.30	29
1.31	23
1.33	24
1.35	26
1.36	27
1.38	30
1.39	30
1.41	23
1.42	25
1.44	27
1.46	30
1.47	20
1.49	17
1.50	31
1.52	26
1.54	28
1.55	21
1.57	17
1.58	23
1.60	21
1.61	28
1.63	26
1.65	30
1.66	20
1.68	16
1.69	28
1.71	18
1.73	26
1.74	17
1.76	27
1.77	22
1.79	27
1.80	18
1.82	29
1.84	16
1.85	18
1.87	18
1.88	20
1.90	21
1.92	23
1.93	16
1.95	25
1.96	19
1.98	19
1.99	21
2.01	29
2.03	18
2.04	33
2.06	21
2.07	14
2.09	25
2.11	15
2.12	30
2.14	17
2.15	18
2.17	28
2.18	26
2.20	24
2.22	16
2.23	10
2.25	18
2.26	14
2.28	21
2.30	18
2.31	20
2.33	21
2.34	21
2.36	25
2.37	22
2.39	22
2.41	16
2.42	28
2.44	17
2.45	15
2.47	22
2.48	19
2.50	17
2.52	18
2.53	20
2.55	26
2.56	13
2.58	17
2.60	24
2.61	18
2.63	16
2.64	17
2.66	15
2.67	21
2.69	21
2.71	14
2.72	15
2.74	25
2.75	22
2.77	13
2.79	17
2.80	27
2.82	17
2.83	18
2.85	26
2.86	22
2.88	18
2.90	26
2.91	18
2.93	24
2.94	13
2.96	19
2.98	15
2.99	25
3.01	16
3.02	30
3.04	17
3.05	19
3.07	18
3.09	19
3.10	12
3.12	17
3.13	17
3.15	16
3.17	22
3.18	15
3.20	16
3.21	19
3.23	17
3.24	15
3.26	20
3.28	15
3.29	20
3.31	22
3.32	18
3.34	15
3.36	13
3.37	26
3.39	22
3.40	18
3.42	23
3.43	18
3.45	8
3.47	22
3.48	18
3.50	26
3.51	23
3.53	24
3.54	15
3.56	21
3.58	17
3.59	14
3.61	26
3.62	24
3.64	17
3.66	21
3.67	14
3.69	23
3.70	16
3.72	21
3.73	24
3.75	19
3.77	20
3.78	16
3.80	19
3.81	23
3.83	19
3.85	17
3.86	29
3.88	22
3.89	17
3.91	17
3.92	21
3.94	12
3.96	15
3.97	24
3.99	19
4.00	15
4.02	28
4.04	16
4.05	16
4.07	26
4.08	10
4.10	16
4.11	17
4.13	23
4.15	16
4.16	12
4.18	18
4.19	15
4.21	21
4.23	17
4.24	15
4.26	27
4.27	12
4.29	25
4.30	22
4.32	13
4.34	20
4.35	15
4.37	23
4.38	16
4.40	18
4.42	11
4.43	16
4.45	22
4.46	23
4.48	22
4.49	16
4.51	18
4.53	15
4.54	20
4.56	25
4.57	22
4.59	25
4.60	22
4.62	23
4.64	22
4.65	25
4.67	16
4.68	21
4.70	19
4.72	17
4.73	20
4.75	19
4.76	26
4.78	17
4.79	22
4.81	21
4.83	28
4.84	19
4.86	17
4.87	27
4.89	19
4.91	20
4.92	14
4.94	30
4.95	21
4.97	20
4.98	23
5.00	17
5.02	23
5.03	33
5.05	15
5.06	24
5.08	34
5.10	15
5.11	19
5.13	15
5.14	24
5.16	26
5.17	25
5.19	17
5.21	18
5.22	18
5.24	24
5.25	23
5.27	20
5.29	24
5.30	27
5.32	21
5.33	27
5.35	16
5.36	31
5.38	37
5.40	30
5.41	28
5.43	24
5.44	27
5.46	30
5.48	28
5.49	19
5.51	26
5.52	35
5.54	41
5.55	33
5.57	37
5.59	35
5.60	32
5.62	37
5.63	30
5.65	38
5.67	31
5.68	31
5.70	35
5.71	50
5.73	19
5.74	35
5.76	30
5.78	30
5.79	39
5.81	25
5.82	23
5.84	32
5.85	30
5.87	37
5.89	39
5.90	29
5.92	35
5.93	42
5.95	39
5.97	35
5.98	37
6.00	36
6.01	25
6.03	25
6.04	28
6.06	23
6.08	29
6.09	40
6.11	33
6.12	28
6.14	31
6.16	35
6.17	32
6.19	23
6.20	31
6.22	33
6.23	35
6.25	43
6.27	29
6.28	44
6.30	25
6.31	37
6.33	41
6.35	46
6.36	26
6.38	47
6.39	38
6.41	35
6.42	39
6.44	46
6.46	46
6.47	44
6.49	40
6.50	45
6.52	43
6.54	42
6.55	59
6.57	39
6.58	54
6.60	50
6.61	28
6.63	58
6.65	53
6.66	60
6.68	64
6.69	62
6.71	73
6.73	72
6.74	88
6.76	104
6.77	99
6.79	130
6.80	161
6.82	181
6.84	181
6.85	275
6.87	199
6.88	272
6.90	306
6.91	388
6.93	434
6.95	437
6.96	570
6.98	602
6.99	627
7.01	791
7.03	835
7.04	999
7.06	1104
7.07	1280
7.09	1316
7.10	1735
7.12	1575
7.14	1842
7.15	1952
7.17	2277
7.18	2240
7.20	2544
7.22	2804
7.23	2924
7.25	2960
7.26	3442
7.28	3241
7.29	3698
7.31	3515
7.33	3913
7.34	3870
7.36	4425
7.37	3706
7.39	4258
7.41	4180
7.42	4277
7.44	4309
7.45	3909
7.47	4242
7.48	4232
7.50	3655
7.52	3971
7.53	3596
7.55	3621
7.56	3486
7.58	3299
7.60	3104
7.61	3220
7.63	2674
7.64	2562
7.66	2475
7.67	2324
7.69	2033
7.71	1816
7.72	1851
7.74	1595
7.75	1278
7.77	1423
7.79	1112
7.80	1106
7.82	925
7.83	866
7.85	782
7.86	821
7.88	623
7.90	621
7.91	621
7.93	648
7.94	576
7.96	551
7.97	565
7.99	550
8.01	565
8.02	593
8.04	555
8.05	606
8.07	642
8.09	631
8.10	676
8.12	741
8.13	624
8.15	738
8.16	726
8.18	693
8.20	740
8.21	664
8.23	689
8.24	677
8.26	595
8.28	683
8.29	570
8.31	647
8.32	598
8.34	580
8.35	547
8.37	539
8.39	435
8.40	438
8.42	427
8.43	397
8.45	405
8.47	337
8.48	338
8.50	249
8.51	230
8.53	207
8.54	196
8.56	176
8.58	143
8.59	132
8.61	115
8.62	116
8.64	81
8.66	88
8.67	55
8.69	50
8.70	46
8.72	27
8.73	28
8.75	27
8.77	14
8.78	19
8.80	11
8.81	14
8.83	18
8.85	6
8.86	8
8.88	13
8.89	2
8.91	7
8.92	3
8.94	2
8.96	2
8.97	1
8.99	3
9.00	0
9.02	1
9.03	1
9.05	3
9.07	1
9.08	2
9.10	2
9.11	2
9.13	2
9.15	1
9.16	0
9.18	0
9.19	2
9.21	3
9.22	3
9.24	3
9.26	2
9.27	2
9.29	3
9.30	1
9.32	1
9.34	1
9.35	2
9.37	4
9.38	4
9.40	3
9.41	1
9.43	1
9.45	2
9.46	2
9.48	2
9.49	1
9.51	1
9.53	1
9.54	3
9.56	2
9.57	4
9.59	1
9.60	0
9.62	4
9.64	1
9.65	0
9.67	1
9.68	3
9.70	1
9.72	0
9.73	5
9.75	0
9.76	2
9.78	3
9.79	2
9.81	0
9.83	3
9.84	1
9.86	3
9.87	3
9.89	2
9.91	2
9.92	1
9.94	0
9.95	2
9.97	1
9.98	2
10.00	3
10.02	1
10.03	2
10.05	1
10.06	0
10.08	2
10.10	0
10.11	3
10.13	3
10.14	0
10.16	3
10.17	0
10.19	2
10.21	0
10.22	4
10.24	2
10.25	2
10.27	0
10.28	4
10.30	6
10.32	1
10.33	5
10.35	3
10.36	2
10.38	0
10.40	6
10.41	2
10.43	4
10.44	2
10.46	5
10.47	4
10.49	2
10.51	1
10.52	4
10.54	2
10.55	7
10.57	3
10.59	4
10.60	3
10.62	2
10.63	4
10.65	2
10.66	4
10.68	4
10.70	0
10.71	5
10.73	5
10.74	2
10.76	4
10.78	3
10.79	3
10.81	8
10.82	1
10.84	6
10.85	4
10.87	5
10.89	4
10.90	4
10.92	1
10.93	5
10.95	5
10.97	5
10.98	3
11.00	1
11.01	3
11.03	6
11.04	0
11.06	2
11.08	3
11.09	2
11.11	1
11.12	1
11.14	4
11.16	2
11.17	1
11.19	2
11.20	1
11.22	3
11.23	6
11.25	3
11.27	2
11.28	5
11.30	3
11.31	1
11.33	1
11.34	1
11.36	1
11.38	3
11.39	4
11.41	1
11.42	1
11.44	2
11.46	1
11.47	2
11.49	2
11.50	3
11.52	1
11.53	1
11.55	1
11.57	3
11.58	3
11.60	4
11.61	3
11.63	2
11.65	1
11.66	4
11.68	1
11.69	3
11.71	3
11.72	4
11.74	1
11.76	4
11.77	6
11.79	2
11.80	2
11.82	3
11.84	1
11.85	1
11.87	4
11.88	4
11.90	2
11.91	5
11.93	4
11.95	1
11.96	6
11.98	2
11.99	8
12.01	1
12.03	2
12.04	4
12.06	3
12.07	3
12.09	5
12.10	1
12.12	5
12.14	8
12.15	3
12.17	3
12.18	3
12.20	2
12.22	4
12.23	4
12.25	3
12.26	2
12.28	3
12.29	5
12.31	2
12.33	8
12.34	6
12.36	7
12.37	4
12.39	3
12.40	7
12.42	2
12.44	3
12.45	3
12.47	6
12.48	8
12.50	3
12.52	3
12.53	3
12.55	3
12.56	5
12.58	4
12.59	2
12.61	3
12.63	2
12.64	7
12.66	4
12.67	3
12.69	3
12.71	7
12.72	1
12.74	6
12.75	2
12.77	0
12.78	2
12.80	1
12.82	1
12.83	2
12.85	1
12.86	4
12.88	3
12.90	1
12.91	2
12.93	3
12.94	4
12.96	3
12.97	1
12.99	3
13.01	3
13.02	2
13.04	2
13.05	1
13.07	2
13.09	0
13.10	2
13.12	4
13.13	5
13.15	1
13.16	0
13.18	0
13.20	1
13.21	6
13.23	3
13.24	0
13.26	1
13.28	1
13.29	1
13.31	2
13.32	0
13.34	1
13.35	1
13.37	1
13.39	5
13.40	6
13.42	2
13.43	4
13.45	1
13.46	5
13.48	0
13.50	2
13.51	0
13.53	2
13.54	2
13.56	4
13.58	2
13.59	4
13.61	2
13.62	0
13.64	4
13.65	2
13.67	4
13.69	1
13.70	5
13.72	0
13.73	0
13.75	4
13.77	5
13.78	1
13.80	4
13.81	1
13.83	2
13.84	3
13.86	4
13.88	2
13.89	5
13.91	2
13.92	0
13.94	2
13.96	3
13.97	1
13.99	3
14.00	1
14.02	6
14.03	1
14.05	3
14.07	5
14.08	1
14.10	2
14.11	0
14.13	2
14.15	3
14.16	7
14.18	4
14.19	3
14.21	2
14.22	2
14.24	7
14.26	2
14.27	4
14.29	1
14.30	2
14.32	4
14.34	6
14.35	5
14.37	3
14.38	4
14.40	2
14.41	7
14.43	3
14.45	1
14.46	3
14.48	5
14.49	6
14.51	2
14.53	6
14.54	8
14.56	5
14.57	5
14.59	4
14.60	7
14.62	2
14.64	5
14.65	5
14.67	4
14.68	3
14.70	4
14.71	1
14.73	3
14.75	1
14.76	3
14.78	5
14.79	2
14.81	0
14.83	4
14.84	1
14.86	6
14.87	5
14.89	5
14.90	6
14.92	5
14.94	5
14.95	1
14.97	5
14.98	1
15.00	2
15.02	1
15.03	4
15.05	3
15.06	4
15.08	2
15.09	0
15.11	1
15.13	3
15.14	4
15.16	3
15.17	3
15.19	2
15.21	3
15.22	2
15.24	0
15.25	2
15.27	1
15.28	1
15.30	3
15.32	1
15.33	1
15.35	3
15.36	3
15.38	0
15.40	7
15.41	2
15.43	0
15.44	0
15.46	3
15.47	1
15.49	2
15.51	0
15.52	2
15.54	2
15.55	1
15.57	2
15.59	6
15.60	1
15.62	2
15.63	2
15.65	3
15.66	3
15.68	3
15.70	0
15.71	3
15.73	2
15.74	2
15.76	4
15.77	2
15.79	1
15.81	3
15.82	4
15.84	2
15.85	3
15.87	2
15.89	2
15.90	2
15.92	3
15.93	5
15.95	4
15.96	2
15.98	2
16.00	3
16.01	4
16.03	7
16.04	2
16.06	2
16.08	3
16.09	0
16.11	6
16.12	6
16.14	1
16.15	4
16.17	1
16.19	2
16.20	4
16.22	2
16.23	0
16.25	2
16.27	3
16.28	1
16.30	1
16.31	1
16.33	3
16.34	0
16.36	4
16.38	1
16.39	3
16.41	1
16.42	3
16.44	2
16.46	1
16.47	1
16.49	2
16.50	2
16.52	1
16.53	0
16.55	0
16.57	1
16.58	5
16.60	0
16.61	1
16.63	2
16.65	0
16.66	2
16.68	5
16.69	1
16.71	1
16.72	0
16.74	2
16.76	1
16.77	2
16.79	2
16.80	1
16.82	1
16.83	2
16.85	0
16.87	0
16.88	2
16.90	2
16.91	3
16.93	0
16.95	0
16.96	3
16.98	1
16.99	2
17.01	1
17.02	1
17.04	2
17.06	4
17.07	1
17.09	2
17.10	4
17.12	2
17.14	3
17.15	2
17.17	2
17.18	1
17.20	0
17.21	3
17.23	3
17.25	1
17.26	3
17.28	1
17.29	2
17.31	4
17.33	0
17.34	3
17.36	2
17.37	0
17.39	0
17.40	2
17.42	0
17.44	2
17.45	3
17.47	1
17.48	2
17.50	1
17.52	1
17.53	1
17.55	2
17.56	3
17.58	2
17.59	4
17.61	1
17.63	3
17.64	0
17.66	2
17.67	2
17.69	3
17.71	2
17.72	1
17.74	3
17.75	4
17.77	2
17.78	0
17.80	3
17.82	3
17.83	2
17.85	1
17.86	1
17.88	1
17.89	0
17.91	3
17.93	1
17.94	2
17.96	2
17.97	0
17.99	2
18.01	4
18.02	1
18.04	1
18.05	1
18.07	4
18.08	4
18.10	1
18.12	0
18.13	1
18.15	1
18.16	0
18.18	0
18.20	4
18.21	2
18.23	0
18.24	3
18.26	3
18.27	3
18.29	5
18.31	4
18.32	0
18.34	2
18.35	1
18.37	3
18.39	1
18.40	3
18.42	2
18.43	4
18.45	1
18.46	4
18.48	2
18.50	0
18.51	0
18.53	2
18.54	3
18.56	1
18.58	1
18.59	3
18.61	4
18.62	1
18.64	2
18.65	1
18.67	0
18.69	1
18.70	2
18.72	2
18.73	2
18.75	3
18.77	0
18.78	0
18.80	1
18.81	1
18.83	3
18.84	2
18.86	1
18.88	1
18.89	1
18.91	3
18.92	1
18.94	0
18.95	2
18.97	0
18.99	3
19.00	1
19.02	2
19.03	1
19.05	1
19.07	1
19.08	1
19.10	0
19.11	2
19.13	0
19.14	4
19.16	1
19.18	0
19.19	0
19.21	1
19.22	0
19.24	0
19.26	1
19.27	1
19.29	2
19.30	0
19.32	1
19.33	1
19.35	0
19.37	1
19.38	1
19.40	1
19.41	2
19.43	2
19.45	2
19.46	1
19.48	0
19.49	3
19.51	0
19.52	3
19.54	2
19.56	3
19.57	1
19.59	1
19.60	3
19.62	1
19.64	3
19.65	2
19.67	1
19.68	0
19.70	2
19.71	3
19.73	0
19.75	2
19.76	1
19.78	0
19.79	2
19.81	3
19.83	2
19.84	2
19.86	1
19.87	0
19.89	2
19.90	0
19.92	2
19.94	1
19.95	2
19.97	1
19.98	0
20.00	3
20.02	1
20.03	1
20.05	3
20.06	0
20.08	2
20.09	4
20.11	4
20.13	0
20.14	2
20.16	1
20.17	0
20.19	0
20.20	3
20.22	1
20.24	1
20.25	3
20.27	2
20.28	1
20.30	1
20.32	0
20.33	0
20.35	0
20.36	1
20.38	0
20.39	0
20.41	0
20.43	2
20.44	0
20.46	1
20.47	1
20.49	0
20.51	1
20.52	2
20.54	2
20.55	0
20.57	2
20.58	0
20.60	3
20.62	2
20.63	2
20.65	0
20.66	1
20.68	2
20.70	1
20.71	1
20.73	0
20.74	1
20.76	0
20.77	0
20.79	1
20.81	0
20.82	1
20.84	1
20.85	2
20.87	2
20.89	3
20.90	2
20.92	2
20.93	0
20.95	2
20.96	1
20.98	2
21.00	1
21.01	0
21.03	0
21.04	1
21.06	2
21.08	0
21.09	0
21.11	1
21.12	1
21.14	0
21.15	0
21.17	1
21.19	0
21.20	1
21.22	1
21.23	1
21.25	1
21.26	2
21.28	1
21.30	0
21.31	0
21.33	1
21.34	0
21.36	1
21.38	1
21.39	2
21.41	1
21.42	1
21.44	1
21.45	1
21.47	2
21.49	1
21.50	2
21.52	4
21.53	0
21.55	1
21.57	0
21.58	0
21.60	0
21.61	0
21.63	2
21.64	1
21.66	1
21.68	2
21.69	2
21.71	1
21.72	1
21.74	0
21.76	0
21.77	0
21.79	1
21.80	0
21.82	1
21.83	3
21.85	1
21.87	0
21.88	1
21.90	1
21.91	0
21.93	1
21.95	0
21.96	0
21.98	3
21.99	2
22.01	1
22.02	0
22.04	0
22.06	0
22.07	1
22.09	1
22.10	3
22.12	2
22.14	1
22.15	0
22.17	0
22.18	1
22.20	1
22.21	0
22.23	0
22.25	1
22.26	2
22.28	2
22.29	1
22.31	2
22.32	0
22.34	1
22.36	1
22.37	0
22.39	2
22.40	0
22.42	0
22.44	2
22.45	3
22.47	4
22.48	2
22.50	3
22.51	1
22.53	3
22.55	1
22.56	1
22.58	1
22.59	0
22.61	1
22.63	1
22.64	1
22.66	0
22.67	0
22.69	0
22.70	0
22.72	1
22.74	3
22.75	2
22.77	0
22.78	0
22.80	0
22.82	0
22.83	1
22.85	0
22.86	1
22.88	0
22.89	1
22.91	1
22.93	1
22.94	2
22.96	0
22.97	3
22.99	1
23.01	0
23.02	0
23.04	2
23.05	1
23.07	0
23.08	0
23.10	0
23.12	0
23.13	0
23.15	2
23.16	1
23.18	1
23.20	2
23.21	2
23.23	2
23.24	0
23.26	0
23.27	0
23.29	0
23.31	2
23.32	0
23.34	1
23.35	0
23.37	2
23.38	1
23.40	1
23.42	0
23.43	1
23.45	0
23.46	2
23.48	1
23.50	1
23.51	0
23.53	1
23.54	1
23.56	2
23.57	0
23.59	1
23.61	1
23.62	1
23.64	1
23.65	0
23.67	1
23.69	0
23.70	1
23.72	1
23.73	2
23.75	0
23.76	1
23.78	0
23.80	1
23.81	0
23.83	1
23.84	0
23.86	0
23.88	0
23.89	0
23.91	0
23.92	0
23.94	1
23.95	0
23.97	0
23.99	1
24.00	0
24.02	3
24.03	0
24.05	1
24.07	0
24.08	0
24.10	1
24.11	0
24.13	0
24.14	0
24.16	0
24.18	1
24.19	1
24.21	2
24.22	1
24.24	2
24.26	0
24.27	1
24.29	1
24.30	1
24.32	0
24.33	1
24.35	1
24.37	1
24.38	0
24.40	0
24.41	1
24.43	0
24.45	0
24.46	0
24.48	2
24.49	0
24.51	1
24.52	2
24.54	1
24.56	0
24.57	1
24.59	0
24.60	1
24.62	0
24.63	2
24.65	2
24.67	0
24.68	1
24.70	1
24.71	0
24.73	0
24.75	0
24.76	1
24.78	0
24.79	1
24.81	0
24.82	0
24.84	2
24.86	0
24.87	1
24.89	1
24.90	0
24.92	0
24.94	1
24.95	0
24.97	0
24.98	3
25.00	2
25.01	0
25.03	1
25.05	2
25.06	0
25.08	1
25.09	2
25.11	1
25.13	1
25.14	2
25.16	0
25.17	1
25.19	0
25.20	2
25.22	0
25.24	0
25.25	1
25.27	0
25.28	1
25.30	2
25.32	0
25.33	1
25.35	0
25.36	2
25.38	1
25.39	2
25.41	0
25.43	1
25.44	0
25.46	1
25.47	0
25.49	0
25.51	0
25.52	1
25.54	1
25.55	0
25.57	0
25.58	2
25.60	1
25.62	0
25.63	0
25.65	0
25.66	1
25.68	2
25.69	1
25.71	0
25.73	1
25.74	0
25.76	0
25.77	0
25.79	0
25.81	1
25.82	0
25.84	0
25.85	0
25.87	0
25.88	0
25.90	0
25.92	2
25.93	0
25.95	1
25.96	0
25.98	1
26.00	0
26.01	0
26.03	0
26.04	1
26.06	0
26.07	0
26.09	0
26.11	0
26.12	2
26.14	2
26.15	1
26.17	3
26.19	1
26.20	0
26.22	0
26.23	1
26.25	0
26.26	0
26.28	0
26.30	0
26.31	0
26.33	0
26.34	1
26.36	1
26.38	1
26.39	0
26.41	1
26.42	1
26.44	1
26.45	0
26.47	1
26.49	0
26.50	1
26.52	1
26.53	0
26.55	0
26.57	0
26.58	0
26.60	0
26.61	0
26.63	0
26.64	0
26.66	0
26.68	1
26.69	1
26.71	0
26.72	0
26.74	0
26.75	0
26.77	0
26.79	1
26.80	0
26.82	2
26.83	0
26.85	0
26.87	0
26.88	1
26.90	0
26.91	0
26.93	0
26.94	0
26.96	2
26.98	0
26.99	0
27.01	0
27.02	0
27.04	0
27.06	0
27.07	0
27.09	0
27.10	0
27.12	0
27.13	0
27.15	0
27.17	0
27.18	0
27.20	0
27.21	1
27.23	0
27.25	0
27.26	0
27.28	0
27.29	0
27.31	3
27.32	2
27.34	0
27.36	0
27.37	0
27.39	0
27.40	1
27.42	0
27.44	0
27.45	0
27.47	1
27.48	0
27.50	0
27.51	1
27.53	0
27.55	0
27.56	0
27.58	0
27.59	0
27.61	0
27.63	0
27.64	0
27.66	0
27.67	0
27.69	0
27.70	0
27.72	1
27.74	0
27.75	0
27.77	0
27.78	0
27.80	1
27.81	0
27.83	0
27.85	0
27.86	0
27.88	0
27.89	0
27.91	0
27.93	0
27.94	0
27.96	0
27.97	0
27.99	0
28.00	0
28.02	0
28.04	0
28.05	0
28.07	0
28.08	0
28.10	0
28.12	0
28.13	0
28.15	0
28.16	0
28.18	0
28.19	0
28.21	0
28.23	0
28.24	0
28.26	0
28.27	0
28.29	0
28.31	0
28.32	0
28.34	0
28.35	0
28.37	0
28.38	0
28.40	0
28.42	0
28.43	0
28.45	0
28.46	0
28.48	0
28.50	0
28.51	0
28.53	0
28.54	0
28.56	0
28.57	0
28.59	0
28.61	0
28.62	0
28.64	0
28.65	0
28.67	0
28.69	0
28.70	0
28.72	0
28.73	0
28.75	0
28.76	1
28.78	0
28.80	1
28.81	1
28.83	0
28.84	0
28.86	0
28.88	0
28.89	0
28.91	0
28.92	1
28.94	0
28.95	0
28.97	0
28.99	0
29.00	0
29.02	0
29.03	0
29.05	1
29.06	0
29.08	0
29.10	0
29.11	0
29.13	0
29.14	0
29.16	0
29.18	0
29.19	0
29.21	0
29.22	0
29.24	0
29.25	0
29.27	0
29.29	2
29.30	0
29.32	0
29.33	0
29.35	0
29.37	0
29.38	0
29.40	0
29.41	0
29.43	0
29.44	0
29.46	1
29.48	0
29.49	0
29.51	0
29.52	0
29.54	0
29.56	0
29.57	0
29.59	0
29.60	0
29.62	1
29.63	0
29.65	0
29.67	0
29.68	1
29.70	0
29.71	1
29.73	0
29.75	0
29.76	0
29.78	0
29.79	0
29.81	0
29.82	0
29.84	0
29.86	1
29.87	0
29.89	0
29.90	0
29.92	0
29.94	0
29.95	0
29.97	0
29.98	0
30.00	0
30.01	0
30.03	0
30.05	0
30.06	0
30.08	0
30.09	0
30.11	0
30.12	0
30.14	0
30.16	0
30.17	0
30.19	0
30.20	0
30.22	0
30.24	0
30.25	1
30.27	0
30.28	0
30.30	0
30.31	0
30.33	0
30.35	0
30.36	1
30.38	0
30.39	0
30.41	0
30.43	0
30.44	0
30.46	0
30.47	0
30.49	0
30.50	0
30.52	0
30.54	0
30.55	0
30.57	0
30.58	0
30.60	0
30.62	1
30.63	0
30.65	0
30.66	0
30.68	0
30.69	0
30.71	0
30.73	0
30.74	0
30.76	0
30.77	0
30.79	0
30.81	0
30.82	0
30.84	0
30.85	0
30.87	0
30.88	0
30.90	1
30.92	0
30.93	0
30.95	0
30.96	0
30.98	0
31.00	0
31.01	0
31.03	0
31.04	0
31.06	0
31.07	0
31.09	0
31.11	0
31.12	0
31.14	0
31.15	0
31.17	0
31.18	0
31.20	0
31.22	0
31.23	0
31.25	0
31.26	0
31.28	0
31.30	0
31.31	0
31.33	0
31.34	1
31.36	0
31.37	0
31.39	0
31.41	0
31.42	0
31.44	0
31.45	0
31.47	0
31.49	0
31.50	0
31.52	0
31.53	0
31.55	0
31.56	0
31.58	0
31.60	0
31.61	1
31.63	0
31.64	0
31.66	0
31.68	0
31.69	0
31.71	0
31.72	0
31.74	0
31.75	0
31.77	0
31.79	0
31.80	0
31.82	0
31.83	0
31.85	0
31.87	0
31.88	0
31.90	0
31.91	0
31.93	0
31.94	0
31.96	0
31.98	0
31.99	0
32.01	0
32.02	0
32.04	0
32.06	0
32.07	0
32.09	0
32.10	0
32.12	0
32.13	0
32.15	0
32.17	0
32.18	0
32.20	0
32.21	0
32.23	0
32.24	0
32.26	0
32.28	0
32.29	0
32.31	0
32.32	0
32.34	0
32.36	0
32.37	0
32.39	0
32.40	0
32.42	0
32.43	-1
