# exported by fityk 0.8.7
#19-X:x	19-X:y	19-X:s	19-X:F(x)	19-X:%_9(x)	19-X:%_10(x)	19-X:%_12(x)	19-X:a
0.79	0	1	2.64702e-043	4.41938e-126	1.62703e-072	2.64702e-043	1
0.81	0	1	5.11961e-043	3.72894e-125	7.19899e-072	5.11961e-043	1
0.82	0	1	7.11432e-043	1.08005e-124	1.51063e-071	7.11432e-043	1
0.84	0	1	1.37164e-042	9.00831e-124	6.61951e-071	1.37164e-042	1
0.86	0	1	2.63896e-042	7.4558e-123	2.88197e-070	2.63896e-042	1
0.87	0	1	3.6575e-042	2.13877e-122	5.99886e-070	3.6575e-042	1
0.89	0	1	7.0146e-042	1.74981e-121	2.58657e-069	7.0146e-042	1
0.9	0	1	9.70664e-042	4.99055e-121	5.35797e-069	9.70664e-042	1
0.92	0	1	1.85573e-041	4.036e-120	2.28796e-068	1.85573e-041	1
0.93	0	1	2.56385e-041	1.14445e-119	4.7165e-068	2.56385e-041	1
0.95	0	1	4.88614e-041	9.14904e-119	1.99462e-067	4.88614e-041	1
0.97	0	1	9.29228e-041	7.25779e-118	8.38098e-067	9.29228e-041	1
0.98	0	1	1.28043e-040	2.03828e-117	1.7138e-066	1.28043e-040	1
1	0	1	2.4274e-040	1.59834e-116	7.13161e-066	2.4274e-040	1
1.01	0	1	3.33956e-040	4.46287e-116	1.45127e-065	3.33956e-040	1
1.03	0	1	6.31103e-040	3.45936e-115	5.98093e-065	6.31103e-040	1
1.05	0	1	1.19013e-039	2.66089e-114	2.44897e-064	1.19013e-039	1
1.06	0	1	1.63305e-039	7.35845e-114	4.94354e-064	1.63305e-039	1
1.08	0	1	3.06988e-039	5.59491e-113	2.00468e-063	3.06988e-039	1
1.09	0	1	4.20571e-039	1.5383e-112	4.02713e-063	4.20571e-039	1
1.11	0	1	7.88112e-039	1.15617e-111	1.61731e-062	7.88112e-039	1
1.12	0	1	1.078e-038	3.16052e-111	3.23327e-062	1.078e-038	1
1.14	0	1	2.0137e-038	2.34811e-110	1.28598e-061	2.0137e-038	1
1.16	0	1	3.75366e-038	1.73112e-109	5.08182e-061	3.75366e-038	1
1.17	1	1	5.12085e-038	4.68679e-109	1.00777e-060	5.12085e-038	1
1.19	0	1	9.51545e-038	3.41555e-108	3.94401e-060	9.51545e-038	1
1.2	4	2	1.29607e-037	9.19383e-108	7.78351e-060	1.29607e-037	1
1.22	10	3.16228	2.40073e-037	6.62304e-107	3.01679e-059	2.40073e-037	1
1.24	9	3	4.43754e-037	4.73444e-106	1.16175e-058	4.43754e-037	1
1.25	20	4.47214	6.02835e-037	1.26217e-105	2.27427e-058	6.02835e-037	1
1.27	19	4.3589	1.11077e-036	8.91877e-105	8.6736e-058	1.11077e-036	1
1.28	27	5.19615	1.50658e-036	2.36397e-104	1.68976e-057	1.50658e-036	1
1.3	17	4.12311	2.76723e-036	1.65122e-103	6.38228e-057	2.76723e-036	1
1.31	20	4.47214	3.74739e-036	4.35142e-103	1.23737e-056	3.74739e-036	1
1.33	31	5.56776	6.86132e-036	3.00448e-102	4.62851e-056	6.86132e-036	1
1.35	27	5.19615	1.25364e-035	2.05854e-101	1.7202e-055	1.25364e-035	1
1.36	19	4.3589	1.69321e-035	5.37275e-101	3.30822e-055	1.69321e-035	1
1.38	22	4.69042	3.08391e-035	3.63883e-100	1.21765e-054	3.08391e-035	1
1.39	21	4.58258	4.15866e-035	9.44253e-100	2.33043e-054	4.15866e-035	1
1.41	19	4.3589	7.55042e-035	6.32163e-099	8.4949e-054	7.55042e-035	1
1.42	21	4.58258	1.01657e-034	1.63096e-098	1.61796e-053	1.01657e-034	1
1.44	16	4	1.83984e-034	1.07934e-097	5.84091e-053	1.83984e-034	1
1.46	22	4.69042	3.32285e-034	7.08805e-097	2.09503e-052	3.32285e-034	1
1.47	14	3.74166	4.46202e-034	1.81115e-096	3.95814e-052	4.46202e-034	1
1.49	17	4.12311	8.03318e-034	1.1757e-095	1.40602e-051	8.03318e-034	1
1.5	14	3.74166	1.07702e-033	2.98684e-095	2.64357e-051	1.07702e-033	1
1.52	17	4.12311	1.93288e-033	1.9166e-094	9.30003e-051	1.93288e-033	1
1.54	27	5.19615	3.46156e-033	1.22039e-093	3.25066e-050	3.46156e-033	1
1.55	24	4.89898	4.62874e-033	3.07064e-093	6.06267e-050	4.62874e-033	1
1.57	21	4.58258	8.26337e-033	1.93274e-092	2.09867e-049	8.26337e-033	1
1.58	22	4.69042	1.10322e-032	4.83492e-092	3.89523e-049	1.10322e-032	1
1.6	13	3.60555	1.96328e-032	3.00822e-091	1.33538e-048	1.96328e-032	1
1.61	23	4.79583	2.61698e-032	7.48194e-091	2.46655e-048	2.61698e-032	1
1.63	18	4.24264	4.64246e-032	4.60162e-090	8.37441e-048	4.64246e-032	1
1.65	23	4.79583	8.21827e-032	2.80839e-089	2.82497e-047	8.21827e-032	1
1.66	17	4.12311	1.09258e-031	6.91792e-089	5.17597e-047	1.09258e-031	1
1.68	13	3.60555	1.92803e-031	4.17348e-088	1.72919e-046	1.92803e-031	1
1.69	24	4.89898	2.55917e-031	1.02212e-087	3.15296e-046	2.55917e-031	1
1.71	14	3.74166	4.5018e-031	6.0954e-087	1.04319e-045	4.5018e-031	1
1.73	15	3.87298	7.90236e-031	3.60704e-086	3.42927e-045	7.90236e-031	1
1.74	17	4.12311	1.04616e-030	8.74922e-086	6.20253e-045	1.04616e-030	1
1.76	16	4	1.83062e-030	5.11793e-085	2.0193e-044	1.83062e-030	1
1.77	12	3.4641	2.41965e-030	1.23424e-084	3.63466e-044	2.41965e-030	1
1.79	11	3.31662	4.22063e-030	7.13676e-084	1.17189e-043	4.22063e-030	1
1.8	18	4.24264	5.56989e-030	1.71118e-083	2.09917e-043	5.56989e-030	1
1.82	20	4.47214	9.68497e-030	9.78074e-083	6.7029e-043	9.68497e-030	1
1.84	20	4.47214	1.68048e-029	5.54752e-082	2.12654e-042	1.68048e-029	1
1.85	22	4.69042	2.21187e-029	1.31737e-081	3.77857e-042	2.21187e-029	1
1.87	20	4.47214	3.8258e-029	7.38599e-081	1.18722e-041	3.8258e-029	1
1.88	17	4.12311	5.0276e-029	1.74383e-080	2.09932e-041	5.0276e-029	1
1.9	12	3.4641	8.66864e-029	9.66457e-080	6.53243e-041	8.66864e-029	1
1.92	17	4.12311	1.49151e-028	5.3151e-079	2.0196e-040	1.49151e-028	1
1.93	16	4	1.95488e-028	1.24285e-078	3.54249e-040	1.95488e-028	1
1.95	11	3.31662	3.3529e-028	6.75655e-078	1.08465e-039	3.3529e-028	1
1.96	15	3.87298	4.38761e-028	1.5708e-077	1.89334e-039	4.38761e-028	1
1.98	17	4.12311	7.50165e-028	8.44116e-077	5.74122e-039	7.50165e-028	1
1.99	10	3.16228	9.80116e-028	1.95113e-076	9.97332e-039	9.80116e-028	1
2.01	10	3.16228	1.67045e-027	1.03644e-075	2.99507e-038	1.67045e-027	1
2.03	10	3.16228	2.84101e-027	5.46323e-075	8.93652e-038	2.84101e-027	1
2.04	10	3.16228	3.70211e-027	1.25068e-074	1.53992e-037	3.70211e-027	1
2.06	7	2.64575	6.27648e-027	6.51673e-074	4.55042e-037	6.27648e-027	1
2.07	12	3.4641	8.16593e-027	1.48325e-073	7.80326e-037	8.16593e-027	1
2.09	20	4.47214	1.38006e-026	7.63965e-073	2.28361e-036	1.38006e-026	1
2.11	11	3.31662	2.32744e-026	3.90465e-072	6.63993e-036	2.32744e-026	1
2.12	14	3.74166	3.02011e-026	8.80199e-072	1.12949e-035	3.02011e-026	1
2.14	17	4.12311	5.07725e-026	4.44698e-071	3.25249e-035	5.07725e-026	1
2.15	14	3.74166	6.57791e-026	9.96671e-071	5.50593e-035	6.57791e-026	1
2.17	12	3.4641	1.10235e-025	4.97751e-070	1.5702e-034	1.10235e-025	1
2.18	9	3	1.42591e-025	1.10914e-069	2.64525e-034	1.42591e-025	1
2.2	11	3.31662	2.38205e-025	5.47549e-069	7.47111e-034	2.38205e-025	1
2.22	11	3.31662	3.97095e-025	2.68232e-068	2.09651e-033	3.97095e-025	1
2.23	11	3.31662	5.12298e-025	5.91967e-068	3.5035e-033	5.12298e-025	1
2.25	16	4	8.51321e-025	2.86655e-067	9.7366e-033	8.51321e-025	1
2.26	14	3.74166	1.09657e-024	6.28977e-067	1.61923e-032	1.09657e-024	1
2.28	16	4	1.81649e-024	3.01074e-066	4.45661e-032	1.81649e-024	1
2.3	12	3.4641	3.00271e-024	1.43009e-065	1.2187e-031	3.00271e-024	1
2.31	14	3.74166	3.85755e-024	3.10778e-065	2.01044e-031	3.85755e-024	1
2.33	9	3	6.35653e-024	1.4592e-064	5.44472e-031	6.35653e-024	1
2.34	15	3.87298	8.15326e-024	3.15277e-064	8.93853e-031	8.15325e-024	1
2.36	14	3.74166	1.33927e-023	1.4633e-063	2.39741e-030	1.33926e-023	1
2.37	13	3.60555	1.71511e-023	3.14338e-063	3.91678e-030	1.71511e-023	1
2.39	6	2.44949	2.80836e-023	1.44216e-062	1.04039e-029	2.80836e-023	1
2.41	17	4.12311	4.58881e-023	6.56568e-062	2.74576e-029	4.58881e-023	1
2.42	10	3.16228	5.86112e-023	1.39687e-061	4.44982e-029	5.86112e-023	1
2.44	15	3.87298	9.54673e-023	6.28637e-061	1.16305e-028	9.54672e-023	1
2.45	16	4	1.21744e-022	1.32973e-060	1.87575e-028	1.21744e-022	1
2.47	17	4.12311	1.97674e-022	5.91539e-060	4.85537e-028	1.97674e-022	1
2.48	17	4.12311	2.51685e-022	1.24405e-059	7.79282e-028	2.51684e-022	1
2.5	12	3.4641	4.07367e-022	5.47055e-059	1.99772e-027	4.07365e-022	1
2.52	20	4.47214	6.57959e-022	2.38713e-058	5.08828e-027	6.57954e-022	1
2.53	10	3.16228	8.35531e-022	4.97212e-058	8.10096e-027	8.35523e-022	1
2.55	18	4.24264	1.34525e-021	2.14468e-057	2.04345e-026	1.34523e-021	1
2.56	11	3.31662	1.70562e-021	4.44137e-057	3.23762e-026	1.70559e-021	1
2.58	11	3.31662	2.73749e-021	1.89371e-056	8.0881e-026	2.73741e-021	1
2.6	6	2.44949	4.3844e-021	8.01234e-056	2.00753e-025	4.3842e-021	1
2.61	12	3.4641	5.5443e-021	1.64334e-055	3.15513e-025	5.54398e-021	1
2.63	11	3.31662	8.85192e-021	6.87305e-055	7.75575e-025	8.85114e-021	1
2.64	12	3.4641	1.11761e-020	1.40154e-054	1.21304e-024	1.11749e-020	1
2.66	13	3.60555	1.77878e-020	5.79433e-054	2.95308e-024	1.77848e-020	1
2.67	14	3.74166	2.24232e-020	1.17475e-053	4.59645e-024	2.24186e-020	1
2.69	10	3.16228	3.55774e-020	4.80088e-053	1.10819e-023	3.55663e-020	1
2.71	18	4.24264	5.63326e-020	1.94691e-052	2.65461e-023	5.6306e-020	1
2.72	11	3.31662	7.08306e-020	3.90932e-052	4.09866e-023	7.07896e-020	1
2.74	17	4.12311	1.11812e-019	1.56712e-051	9.72346e-023	1.11715e-019	1
2.75	12	3.4641	1.40379e-019	3.12857e-051	1.49403e-022	1.4023e-019	1
2.77	11	3.31662	2.20953e-019	1.23972e-050	3.51018e-022	2.20602e-019	1
2.79	6	2.44949	3.47128e-019	4.87471e-050	8.19399e-022	3.46309e-019	1
2.8	17	4.12311	4.34807e-019	9.63843e-050	1.2489e-021	4.33558e-019	1
2.82	11	3.31662	6.81354e-019	3.74636e-049	2.88725e-021	6.78466e-019	1
2.83	15	3.87298	8.52437e-019	7.36468e-049	4.37937e-021	8.48058e-019	1
2.85	13	3.60555	1.33295e-018	2.82965e-048	1.00268e-020	1.32292e-018	1
2.86	15	3.87298	1.66612e-018	5.53052e-048	1.51351e-020	1.65099e-018	1
2.88	14	3.74166	2.60163e-018	2.10049e-047	3.43185e-020	2.56731e-018	1
2.9	13	3.60555	4.06112e-018	7.91634e-047	7.73153e-020	3.9838e-018	1
2.91	14	3.74166	5.07443e-018	1.53239e-046	1.15766e-019	4.95866e-018	1
2.93	6	2.44949	7.92856e-018	5.70888e-046	2.58293e-019	7.67027e-018	1
2.94	12	3.4641	9.91702e-018	1.09872e-045	3.8488e-019	9.53214e-018	1
2.96	19	4.3589	1.55486e-017	4.04615e-045	8.50447e-019	1.46982e-017	1
2.98	13	3.60555	2.44834e-017	1.47859e-044	1.86709e-018	2.26163e-017	1
2.99	9	3	3.07919e-017	2.81835e-044	2.75976e-018	2.80322e-017	1
3.01	10	3.16228	4.89977e-017	1.01807e-043	6.0004e-018	4.29973e-017	1
3.02	12	3.4641	6.2036e-017	1.92936e-043	8.82638e-018	5.32096e-017	1
3.04	6	2.44949	1.00364e-016	6.88924e-043	1.90057e-017	8.13582e-017	1
3.05	18	4.24264	1.28344e-016	1.29806e-042	2.78217e-017	1.00523e-016	1
3.07	9	3	2.12546e-016	4.58172e-042	5.93303e-017	1.53215e-016	1
3.09	15	3.87298	3.58746e-016	1.60477e-041	1.25709e-016	2.33037e-016	1
3.1	18	4.24264	4.69713e-016	2.99467e-041	1.8254e-016	2.87173e-016	1
3.12	15	3.87298	8.1844e-016	1.03684e-040	3.83035e-016	4.35405e-016	1
3.13	20	4.47214	1.08922e-015	1.92369e-040	5.53512e-016	5.35704e-016	1
3.15	15	3.87298	1.95993e-015	6.58371e-040	1.15027e-015	8.09657e-016	1
3.17	11	3.31662	3.59616e-015	2.23592e-039	2.37502e-015	1.22113e-015	1
3.18	14	3.74166	4.90295e-015	4.1086e-039	3.40448e-015	1.49848e-015	1
3.2	12	3.4641	9.2145e-015	1.37929e-038	6.96162e-015	2.25288e-015	1
3.21	11	3.31662	1.26911e-014	2.51989e-038	9.9309e-015	2.76019e-015	1
3.23	12	3.4641	2.4248e-014	8.3622e-038	2.01113e-014	4.1367e-015	1
3.24	17	4.12311	3.36108e-014	1.51891e-037	2.85506e-014	5.0602e-015	1
3.26	19	4.3589	6.4821e-014	4.9825e-037	5.72612e-014	7.55979e-015	1
3.28	16	4	1.25374e-013	1.62186e-036	1.14104e-013	1.12703e-014	1
3.29	15	3.87298	1.74432e-013	2.91768e-036	1.60682e-013	1.37501e-014	1
3.31	8	2.82843	3.37537e-013	9.38812e-036	3.17103e-013	2.04343e-014	1
3.32	13	3.60555	4.6928e-013	1.67916e-035	4.44389e-013	2.4891e-014	1
3.34	20	4.47214	9.0541e-013	5.34083e-035	8.68536e-013	3.68742e-014	1
3.36	21	4.58258	1.74109e-012	1.68568e-034	1.68658e-012	5.45115e-014	1
3.37	18	4.24264	2.4108e-012	2.98609e-034	2.34458e-012	6.62258e-014	1
3.39	17	4.12311	4.60655e-012	9.31634e-034	4.50895e-012	9.7593e-014	1
3.4	14	3.74166	6.35615e-012	1.64082e-033	6.23777e-012	1.18378e-013	1
3.42	13	3.60555	1.20544e-011	5.06033e-033	1.18805e-011	1.73896e-013	1
3.43	21	4.58258	1.65668e-011	8.86098e-033	1.63562e-011	2.10599e-013	1
3.45	13	3.60555	3.11601e-011	2.70132e-032	3.08517e-011	3.08391e-013	1
3.47	13	3.60555	5.82695e-011	8.17185e-032	5.78188e-011	4.50641e-013	1
3.48	17	4.12311	7.95054e-011	1.41722e-031	7.8961e-011	5.44318e-013	1
3.5	18	4.24264	1.47346e-010	4.23796e-031	1.46553e-010	7.92884e-013	1
3.51	17	4.12311	2.00131e-010	7.30737e-031	1.99175e-010	9.56192e-013	1
3.53	16	4	3.67498e-010	2.16002e-030	3.66109e-010	1.38845e-012	1
3.54	10	3.16228	4.96833e-010	3.70296e-030	4.95161e-010	1.67177e-012	1
3.56	13	3.60555	9.03812e-010	1.08198e-029	9.01392e-010	2.41985e-012	1
3.58	21	4.58258	1.63383e-009	3.13721e-029	1.63033e-009	3.49529e-012	1
3.59	11	3.31662	2.19148e-009	5.32658e-029	2.18728e-009	4.19747e-012	1
3.61	20	4.47214	3.924e-009	1.52668e-028	3.91796e-009	6.04379e-012	1
3.62	22	4.69042	5.23825e-009	2.57715e-028	5.23101e-009	7.24649e-012	1
3.64	21	4.58258	9.29006e-009	7.30153e-028	9.27966e-009	1.0401e-011	1
3.66	16	4	1.63708e-008	2.05276e-027	1.63559e-008	1.48974e-011	1
3.67	18	4.24264	2.16795e-008	3.43198e-027	2.16617e-008	1.78149e-011	1
3.69	13	3.60555	3.78372e-008	9.53773e-027	3.78117e-008	2.54357e-011	1
3.7	18	4.24264	4.98662e-008	1.5854e-026	4.98358e-008	3.0369e-011	1
3.72	26	5.09902	8.61958e-008	4.35527e-026	8.61525e-008	4.32233e-011	1
3.73	17	4.12311	1.13052e-007	7.19776e-026	1.13e-007	5.15251e-011	1
3.75	13	3.60555	1.93536e-007	1.95456e-025	1.93463e-007	7.31026e-011	1
3.77	15	3.87298	3.29191e-007	5.26686e-025	3.29087e-007	1.03498e-010	1
3.78	19	4.3589	4.28293e-007	8.62078e-025	4.2817e-007	1.23052e-010	1
3.8	19	4.3589	7.21483e-007	2.29628e-024	7.21309e-007	1.73665e-010	1
3.81	14	3.74166	9.34154e-007	3.73687e-024	9.33947e-007	2.0615e-010	1
3.83	13	3.60555	1.55848e-006	9.83925e-024	1.55819e-006	2.90025e-010	1
3.85	15	3.87298	2.58334e-006	2.57079e-023	2.58293e-006	4.07167e-010	1
3.86	12	3.4641	3.31796e-006	4.14345e-023	3.31747e-006	4.82057e-010	1
3.88	13	3.60555	5.44686e-006	1.07015e-022	5.44619e-006	6.74624e-010	1
3.89	15	3.87298	6.96198e-006	1.71485e-022	6.96118e-006	7.97445e-010	1
3.91	19	4.3589	1.13189e-005	4.37807e-022	1.13178e-005	1.11248e-009	1
3.92	14	3.74166	1.43975e-005	6.97517e-022	1.43962e-005	1.31294e-009	1
3.94	24	4.89898	2.3182e-005	1.7603e-021	2.31802e-005	1.82584e-009	1
3.96	7	2.64575	3.70861e-005	4.40828e-021	3.70835e-005	2.53375e-009	1
3.97	11	3.31662	4.67939e-005	6.95592e-021	4.67909e-005	2.98244e-009	1
3.99	14	3.74166	7.41382e-005	1.72192e-020	7.41341e-005	4.12573e-009	1
4	18	4.24264	9.3093e-005	2.70138e-020	9.30882e-005	4.84867e-009	1
4.02	12	3.4641	0.000146071	6.61027e-020	0.000146064	6.68619e-009	1
4.04	22	4.69042	0.000227722	1.60511e-019	0.000227713	9.20067e-009	1
4.05	15	3.87298	0.000283644	2.49396e-019	0.000283633	1.07844e-008	1
4.07	15	3.87298	0.000437933	5.98619e-019	0.000437918	1.47933e-008	1
4.08	20	4.47214	0.000542842	9.2475e-019	0.000542824	1.73123e-008	1
4.1	13	3.60555	0.000830042	2.19412e-018	0.000830018	2.36728e-008	1
4.11	14	3.74166	0.00102391	3.36994e-018	0.00102388	2.76601e-008	1
4.13	10	3.16228	0.00155053	7.90377e-018	0.0015505	3.77029e-008	1
4.15	15	3.87298	0.0023329	1.83949e-017	0.00233285	5.12838e-008	1
4.16	14	3.74166	0.00285464	2.79815e-017	0.00285458	5.9764e-008	1
4.18	16	4	0.00425361	6.43739e-017	0.00425353	8.1035e-008	1
4.19	16	4	0.00517976	9.73583e-017	0.00517966	9.42857e-008	1
4.21	17	4.12311	0.00764379	2.21405e-016	0.00764366	1.2744e-007	1
4.23	13	3.60555	0.0112073	4.99633e-016	0.0112072	1.7189e-007	1
4.24	14	3.74166	0.0135378	7.48389e-016	0.0135376	1.99471e-007	1
4.26	12	3.4641	0.0196578	1.66943e-015	0.0196575	2.68195e-007	1
4.27	15	3.87298	0.0236307	2.48617e-015	0.0236304	3.10736e-007	1
4.29	12	3.4641	0.0339825	5.48211e-015	0.0339821	4.16476e-007	1
4.3	21	4.58258	0.040653	8.11707e-015	0.0406525	4.81777e-007	1
4.32	18	4.24264	0.0578981	1.76926e-014	0.0578974	6.43681e-007	1
4.34	9	3	0.0819276	3.82678e-014	0.0819268	8.58184e-007	1
4.35	19	4.3589	0.0972213	5.61175e-014	0.0972203	9.90129e-007	1
4.37	26	5.09902	0.136245	1.19982e-013	0.136244	1.31592e-006	1
4.38	17	4.12311	0.160897	1.74932e-013	0.160895	1.51584e-006	1
4.4	9	3	0.223305	3.69712e-013	0.223303	2.00824e-006	1
4.42	22	4.69042	0.307924	7.75368e-013	0.307922	2.655e-006	1
4.43	21	4.58258	0.360716	1.11963e-012	0.360713	3.05032e-006	1
4.45	22	4.69042	0.49261	2.3211e-012	0.492606	4.01994e-006	1
4.46	17	4.12311	0.574275	3.33233e-012	0.57427	4.6112e-006	1
4.48	30	5.47723	0.776695	6.8288e-012	0.776689	6.05781e-006	1
4.49	24	4.89898	0.90108	9.74734e-012	0.901073	6.93782e-006	1
4.51	27	5.19615	1.20694	1.9745e-011	1.20693	9.08555e-006	1
4.53	16	4	1.60621	3.96899e-011	1.6062	1.18731e-005	1
4.54	19	4.3589	1.84846	5.61094e-011	1.84845	1.35621e-005	1
4.56	12	3.4641	2.43624	1.11489e-010	2.43622	1.76672e-005	1
4.57	26	5.09902	2.79012	1.56703e-010	2.7901	2.01486e-005	1
4.59	21	4.58258	3.64188	3.07787e-010	3.64185	2.61644e-005	1
4.6	25	5	4.15073	4.30112e-010	4.1507	2.97921e-005	1
4.62	38	6.16441	5.3656	8.35085e-010	5.36557	3.85652e-005	1
4.64	18	4.24264	6.89141	1.60891e-009	6.89136	4.98165e-005	1
4.65	23	4.79583	7.79113	2.22677e-009	7.79108	5.65743e-005	1
4.67	26	5.09902	9.91019	4.24083e-009	9.91012	7.28491e-005	1
4.68	20	4.47214	11.1499	5.83556e-009	11.1498	8.26007e-005	1
4.7	30	5.47723	14.0457	1.09859e-008	14.0456	0.000106027	1
4.72	27	5.19615	17.5798	2.05228e-008	17.5796	0.00013581	1
4.73	36	6	19.6199	2.79693e-008	19.6197	0.000153585	1
4.75	25	5	24.3196	5.16488e-008	24.3194	0.000196106	1
4.76	23	4.79583	27.0107	6.9983e-008	27.0104	0.000221421	1
4.78	41	6.40312	33.158	1.27746e-007	33.1577	0.000281832	1
4.79	33	5.74456	36.6491	1.72095e-007	36.6488	0.000317711	1
4.81	43	6.55744	44.5563	3.10525e-007	44.5559	0.000403115	1
4.83	74	8.60233	53.8207	5.56003e-007	53.8202	0.0005104	1
4.84	55	7.4162	59.0089	7.41842e-007	59.0083	0.000573864	1
4.86	55	7.4162	70.5911	1.31301e-006	70.5904	0.000724298	1
4.87	69	8.30662	77.022	1.74176e-006	77.0211	0.000813071	1
4.89	70	8.3666	91.2514	3.04734e-006	91.2504	0.00102297	1
4.91	94	9.69536	107.414	5.29058e-006	107.412	0.00128435	1
4.92	139	11.7898	116.257	6.95085e-006	116.255	0.00143797	1
4.94	117	10.8167	135.528	1.19288e-005	135.526	0.00179969	1
4.95	146	12.083	145.977	1.55818e-005	145.975	0.00201177	1
4.97	138	11.7473	168.535	2.64334e-005	168.532	0.00250988	1
4.98	194	13.9284	180.651	3.43292e-005	180.648	0.00280121	1
5	190	13.784	206.555	5.75669e-005	206.552	0.00348375	1
5.02	202	14.2127	234.654	9.57929e-005	234.65	0.00432347	1
5.03	236	15.3623	249.501	0.000123213	249.496	0.00481262	1
5.05	264	16.2481	280.709	0.000202672	280.703	0.0059538	1
5.06	273	16.5227	297.028	0.000259182	297.021	0.00661694	1
5.08	341	18.4662	330.959	0.000421421	330.951	0.00816012	1
5.1	318	17.8326	366.392	0.000679953	366.382	0.010042	1
5.11	359	18.9473	384.575	0.0008612	384.563	0.0111311	1
5.13	409	20.2237	421.644	0.00137354	421.629	0.0136549	1
5.14	454	21.3073	440.429	0.00172964	440.412	0.015112	1
5.16	466	21.587	478.227	0.0027269	478.206	0.0184799	1
5.17	486	22.0454	497.12	0.00341405	497.096	0.0204195	1
5.19	537	23.1733	534.58	0.00532058	534.549	0.0248914	1
5.21	626	25.02	571.162	0.00822809	571.124	0.0302787	1
5.22	566	23.7908	588.954	0.0102026	588.911	0.0333687	1
5.24	690	26.2679	623.194	0.0155966	623.138	0.0404627	1
5.25	648	25.4558	639.503	0.0192278	639.439	0.0445215	1
5.27	710	26.6458	670.162	0.0290551	670.079	0.0538161	1
5.29	718	26.7955	697.775	0.0435677	697.667	0.0649142	1
5.3	738	27.1662	710.285	0.0531961	710.161	0.0712377	1
5.32	763	27.6225	732.434	0.0788492	732.269	0.0856573	1
5.33	864	29.3939	741.971	0.0957195	741.781	0.093853	1
5.35	705	26.5518	757.752	0.140247	757.499	0.112494	1
5.36	818	28.6007	763.923	0.169272	763.63	0.123063	1
5.38	800	28.2843	772.685	0.245163	772.292	0.14704	1
5.4	857	29.2746	776.552	0.35235	776.024	0.175318	1
5.41	786	28.0357	776.627	0.42119	776.015	0.191285	1
5.43	776	27.8568	773.071	0.598376	772.246	0.227352	1
5.44	817	28.5832	769.463	0.711158	768.504	0.247666	1
5.46	792	28.1425	758.69	0.998706	757.398	0.293435	1
5.48	660	25.6905	743.385	1.39174	741.647	0.346931	1
5.49	746	27.313	734.134	1.63819	732.119	0.376934	1
5.51	697	26.4008	712.681	2.25664	709.981	0.444246	1
5.52	712	26.6833	700.595	2.64092	697.472	0.481902	1
5.54	674	25.9615	674.023	3.59608	669.86	0.566166	1
5.55	622	24.9399	659.676	4.18418	654.879	0.613187	1
5.57	639	25.2784	629.239	5.63196	622.889	0.718132	1
5.59	675	25.9808	597.009	7.52245	588.647	0.839267	1
5.6	496	22.2711	580.429	8.66869	570.854	0.906578	1
5.62	534	23.1084	546.773	11.4454	534.271	1.05616	1
5.63	495	22.2486	529.871	13.1133	515.618	1.13906	1
5.65	452	21.2603	496.359	17.1144	477.922	1.32281	1
5.67	425	20.6155	463.828	22.1648	440.13	1.53296	1
5.68	429	20.7123	448.148	25.1513	421.348	1.64894	1
5.7	411	20.2731	418.392	32.1986	384.288	1.90487	1
5.71	396	19.8997	404.483	36.3262	366.111	2.04575	1
5.73	365	19.105	379.016	45.97	330.69	2.35582	1
5.74	378	19.4422	367.616	51.5638	313.526	2.52605	1
5.76	313	17.6918	347.864	64.5022	280.462	2.89973	1
5.78	348	18.6548	332.659	80.0671	249.27	3.32168	1
5.79	311	17.6352	326.932	88.9484	234.431	3.55234	1
5.81	356	18.868	319.548	109.142	206.349	4.0564	1
5.82	300	17.3205	318.009	120.55	193.128	4.33122	1
5.84	413	20.3224	319.502	146.217	168.355	4.93019	1
5.85	310	17.6068	322.629	160.567	156.806	5.25591	1
5.87	367	19.1572	333.853	192.515	135.374	5.96387	1
5.89	390	19.7484	351.917	229.046	116.119	6.75294	1
5.9	395	19.8746	363.576	249.112	107.284	7.18012	1
5.92	409	20.2237	392.215	292.974	91.1367	8.10445	1
5.93	456	21.3542	409.202	316.803	83.7956	8.60352	1
5.95	477	21.8403	448.475	368.298	70.4973	9.68044	1
5.97	536	23.1517	494.669	424.873	58.9277	10.8692	1
5.98	489	22.1133	520.276	455.022	53.7453	11.5082	1
6	611	24.7184	576.254	518.882	44.4917	12.8806	1
6.01	576	24	606.496	552.497	40.3828	13.6163	1
6.03	696	26.3818	671.09	622.79	33.1076	15.192	1
6.04	776	27.8568	705.252	659.313	29.9048	16.0343	1
6.06	780	27.9285	776.761	734.647	24.2809	17.8334	1
6.08	773	27.8029	851.68	812.3	19.5877	19.7926	1
6.09	1044	32.311	890.071	851.686	17.5505	20.835	1
6.11	820	28.6356	967.951	930.878	14.0217	23.051	1
6.12	1011	31.7962	1007.11	970.384	12.5027	24.2267	1
6.14	1096	33.1059	1085.03	1048.41	9.8925	26.7188	1
6.16	1120	33.4664	1161.2	1124.02	7.77685	29.4051	1
6.17	1098	33.1361	1198.18	1160.48	6.87861	30.8236	1
6.19	1187	34.4529	1269.02	1229.85	5.35538	33.8156	1
6.2	1264	35.5528	1302.53	1262.42	4.71393	35.3908	1
6.22	1310	36.1939	1364.84	1322.5	3.63467	38.7036	1
6.23	1345	36.6742	1393.32	1349.69	3.18386	40.4425	1
6.25	1442	37.9737	1444.18	1397.66	2.43125	44.0886	1
6.27	1353	36.7831	1486.03	1436.22	1.84458	47.9621	1
6.28	1535	39.1791	1503.28	1451.69	1.6028	49.9851	1
6.3	1492	38.6264	1529.98	1474.58	1.20432	54.205	1
6.31	1506	38.8072	1539.31	1481.86	1.04141	56.4022	1
6.33	1578	39.724	1549.66	1487.91	0.774951	60.9708	1
6.35	1697	41.1947	1548.85	1482.51	0.572958	65.7706	1
6.36	1448	38.0526	1544.29	1475.54	0.491468	68.2565	1
6.38	1536	39.1918	1527.03	1453.27	0.359862	73.3975	1
6.39	1486	38.5487	1514.46	1438.1	0.307188	76.0513	1
6.41	1613	40.1622	1481.85	1400.1	0.22276	81.5212	1
6.42	1526	39.064	1462.02	1377.49	0.189235	84.3353	1
6.44	1472	38.3667	1415.92	1325.67	0.135903	90.1157	1
6.46	1503	38.7685	1362.19	1266	0.0969724	96.0896	1
6.47	1420	37.6829	1332.83	1233.61	0.0817158	99.145	1
6.49	1268	35.609	1269.97	1164.53	0.0577456	105.384	1
6.5	1338	36.5787	1236.8	1128.19	0.0484254	108.563	1
6.52	1192	34.5254	1167.83	1052.76	0.0338905	115.03	1
6.54	1135	33.6898	1096.48	974.834	0.0235655	121.626	1
6.55	1099	33.1512	1060.34	935.35	0.0196031	124.965	1
6.57	1040	32.249	987.877	856.15	0.0134995	131.713	1
6.58	968	31.1127	951.863	816.736	0.0111753	135.116	1
6.6	999	31.607	880.951	738.981	0.00762158	141.963	1
6.61	763	27.6225	846.301	700.895	0.00627893	145.4	1
6.63	789	28.0891	779.164	626.874	0.00424094	152.286	1
6.65	687	26.2107	715.527	556.362	0.00284599	159.162	1
6.66	666	25.807	685.214	522.625	0.00232577	162.587	1
6.68	598	24.454	627.898	458.505	0.00154572	169.391	1
6.69	499	22.3383	600.982	428.218	0.00125707	172.763	1
6.71	518	22.7596	550.785	371.359	0.000827401	179.425	1
6.73	532	23.0651	505.528	319.576	0.000541086	185.952	1
6.74	429	20.7123	484.757	295.602	0.000436506	189.155	1
6.76	421	20.5183	446.873	251.457	0.000282705	195.416	1
6.77	391	19.7737	429.72	231.252	0.000226962	198.468	1
6.79	378	19.4422	398.845	194.454	0.000145575	204.391	1
6.8	331	18.1934	385.052	177.798	0.000116306	207.254	1
6.82	321	17.9165	360.552	147.786	7.38806e-005	212.766	1
6.84	329	18.1384	339.86	121.896	4.66287e-005	217.964	1
6.85	395	19.8746	330.822	110.386	3.69541e-005	220.436	1
6.87	273	16.5227	315.11	90.001	2.30981e-005	225.109	1
6.88	306	17.4929	308.335	81.0322	1.82172e-005	227.302	1
6.9	318	17.8326	296.696	65.3081	1.12769e-005	231.388	1
6.91	312	17.6635	291.735	58.4609	8.85096e-006	233.274	1
6.93	326	18.0555	283.292	46.5748	5.42612e-006	236.717	1
6.95	272	16.4924	276.525	36.8202	3.30509e-006	239.705	1
6.96	297	17.2337	273.666	32.6436	2.57323e-006	241.023	1
6.98	305	17.4642	268.805	25.5099	1.55226e-006	243.295	1
6.99	312	17.6635	266.731	22.4858	1.2027e-006	244.246	1
7.01	311	17.6352	263.14	17.3698	7.18512e-007	245.77	1
7.03	259	16.0935	260.098	13.3148	4.26489e-007	246.783	1
7.04	264	16.2481	258.719	11.6238	3.27787e-007	247.095	1
7.06	292	17.088	256.138	8.80765	1.92689e-007	247.331	1
7.07	288	16.9706	254.898	7.6447	1.4738e-007	247.253	1
7.09	279	16.7033	252.433	5.72598	8.58019e-008	246.707	1
7.1	305	17.4642	251.181	4.94127	6.53091e-008	246.24	1
7.12	273	16.5227	248.579	3.6585	3.76551e-008	244.921	1
7.14	254	15.9374	245.783	2.68794	2.15709e-008	243.095	1
7.15	261	16.1555	244.294	2.29732	1.62869e-008	241.997	1
7.17	299	17.2916	241.103	1.66845	9.2401e-009	239.435	1
7.18	255	15.9687	239.394	1.41776	6.94294e-009	237.976	1
7.2	248	15.748	235.732	1.01781	3.90097e-009	234.714	1
7.22	263	16.2173	231.734	0.725081	2.1777e-009	231.009	1
7.23	228	15.0997	229.608	0.610224	1.62315e-009	228.997	1
7.25	231	15.1987	225.101	0.429717	8.97375e-010	224.671	1
7.26	224	14.9666	222.723	0.359561	6.65626e-010	222.363	1
7.28	219	14.7986	217.724	0.250289	3.64451e-010	217.473	1
7.29	205	14.3178	215.107	0.208219	2.69025e-010	214.899	1
7.31	216	14.6969	209.654	0.143273	1.45879e-010	209.51	1
7.33	207	14.3875	203.924	0.0978276	7.8594e-011	203.826	1
7.34	228	15.0997	200.964	0.0806033	5.75487e-011	200.884	1
7.36	228	15.0997	194.871	0.0544032	3.0706e-011	194.817	1
7.37	183	13.5277	191.746	0.044566	2.23751e-011	191.701	1
7.39	170	13.0384	185.354	0.0297338	1.18235e-011	185.325	1
7.41	182	13.4907	178.803	0.0196856	6.20757e-012	178.783	1
7.42	174	13.1909	175.477	0.0159713	4.48702e-012	175.461	1
7.44	171	13.0767	168.744	0.0104524	2.33306e-012	168.733	1
7.45	151	12.2882	165.344	0.00843131	1.67825e-012	165.336	1
7.47	163	12.7671	158.5	0.00545437	8.64206e-013	158.495	1
7.48	155	12.4499	155.063	0.00437434	6.1865e-013	155.058	1
7.5	107	10.3441	148.176	0.00279729	3.15499e-013	148.173	1
7.52	162	12.7279	141.297	0.00177506	1.59862e-013	141.295	1
7.53	134	11.5758	137.87	0.00140992	1.13518e-013	137.868	1
7.55	148	12.1655	131.055	0.000884395	5.69646e-014	131.054	1
7.56	119	10.9087	127.674	0.000698419	4.02553e-014	127.673	1
7.58	113	10.6301	120.98	0.000433055	2.00057e-014	120.979	1
7.6	106	10.2956	114.396	0.000266453	9.87828e-015	114.395	1
7.61	115	10.7238	111.151	0.000208403	6.92457e-015	111.151	1
7.63	101	10.0499	104.77	0.000126753	3.38619e-015	104.77	1
7.64	104	10.198	101.638	9.8566e-005	2.36221e-015	101.638	1
7.66	87	9.32738	95.5009	5.92593e-005	1.14401e-015	95.5009	1
7.67	80	8.94427	92.4995	4.58158e-005	7.94206e-016	92.4995	1
7.69	66	8.12404	86.6398	2.72283e-005	3.80922e-016	86.6397	1
7.71	78	8.83176	80.9803	1.60574e-005	1.81524e-016	80.9803	1
7.72	62	7.87401	78.2289	1.22955e-005	1.25006e-016	78.2289	1
7.74	59	7.68115	72.8881	7.16767e-006	5.89959e-017	72.8881	1
7.75	51	7.14143	70.3004	5.45679e-006	4.04311e-017	70.3004	1
7.77	55	7.4162	65.2941	3.14445e-006	1.88972e-017	65.2941	1
7.79	50	7.07107	60.5166	1.79805e-006	8.77557e-018	60.5166	1
7.8	49	7	58.2145	1.35574e-006	5.96571e-018	58.2145	1
7.82	37	6.08276	53.7847	7.66317e-007	2.74367e-018	53.7847	1
7.83	38	6.16441	51.657	5.74472e-007	1.85616e-018	51.657	1
7.85	42	6.48074	47.5755	3.2098e-007	8.45429e-019	47.5755	1
7.86	32	5.65685	45.6213	2.39236e-007	5.69189e-019	45.6213	1
7.88	28	5.2915	41.8841	1.32133e-007	2.5675e-019	41.8841	1
7.9	37	6.08276	38.372	7.2418e-008	1.15069e-019	38.372	1
7.91	30	5.47723	36.699	5.34575e-008	7.68479e-020	36.699	1
7.93	31	5.56776	33.5156	2.89614e-008	3.41094e-020	33.5156	1
7.94	21	4.58258	32.0037	2.12554e-008	2.26695e-020	32.0037	1
7.96	27	5.19615	29.1353	1.1383e-008	9.96497e-021	29.1353	1
7.97	37	6.08276	27.7771	8.30603e-009	6.59084e-021	27.7771	1
7.99	26	5.09902	25.2077	4.397e-009	2.86924e-021	25.2077	1
8.01	32	5.65685	22.8278	2.30977e-009	1.24105e-021	22.8278	1
8.02	34	5.83095	21.7063	1.66925e-009	8.14229e-022	21.7063	1
8.04	30	5.47723	19.5949	8.66781e-010	3.48786e-022	19.5949	1
8.05	50	7.07107	18.6029	6.22799e-010	2.27727e-022	18.6029	1
8.07	32	5.65685	16.7403	3.19678e-010	9.66094e-023	16.7403	1
8.09	38	6.16441	15.0326	1.62828e-010	4.07211e-023	15.0326	1
8.1	22	4.69042	14.2339	1.15872e-010	2.63735e-023	14.2339	1
8.12	33	5.74456	12.7415	5.83406e-011	1.10093e-023	12.7415	1
8.13	24	4.89898	12.0455	4.12772e-011	7.09585e-024	12.0455	1
8.15	35	5.91608	10.7485	2.05436e-011	2.93352e-024	10.7485	1
8.16	33	5.74456	10.1454	1.44512e-011	1.88161e-024	10.1454	1
8.18	26	5.09902	9.02439	7.10963e-012	7.70383e-025	9.02439	1
8.2	38	6.16441	8.01037	3.47089e-012	3.13385e-025	8.01037	1
8.21	27	5.19615	7.54096	2.41814e-012	1.99394e-025	7.54096	1
8.23	27	5.19615	6.67249	1.16694e-012	8.03298e-026	6.67249	1
8.24	32	5.65685	6.27156	8.08311e-013	5.08636e-026	6.27156	1
8.26	38	6.16441	5.53177	3.85588e-013	2.02938e-026	5.53177	1
8.28	21	4.58258	4.86897	1.82524e-013	8.04478e-027	4.86897	1
8.29	24	4.89898	4.56436	1.25216e-013	5.05287e-027	4.56436	1
8.31	25	5	4.00479	5.85911e-014	1.98373e-027	4.00479	1
8.32	23	4.79583	3.74832	3.99633e-014	1.23994e-027	3.74832	1
8.34	21	4.58258	3.27841	1.84845e-014	4.821e-028	3.27841	1
8.35	19	4.3589	3.06361	1.2535e-014	2.99884e-028	3.06361	1
8.37	27	5.19615	2.67108	5.73123e-015	1.15473e-028	2.67108	1
8.39	16	4	2.32394	2.60029e-015	4.41778e-029	2.32394	1
8.4	23	4.79583	2.16596	1.74643e-015	2.72592e-029	2.16596	1
8.42	23	4.79583	1.87852	7.83251e-016	1.03283e-029	1.87852	1
8.43	12	3.4641	1.74806	5.23021e-016	6.34212e-030	1.74806	1
8.45	18	4.24264	1.51129	2.3187e-016	2.37981e-030	1.51129	1
8.47	6	2.44949	1.30384	1.02005e-016	8.87246e-031	1.30384	1
8.48	9	3	1.21009	6.74607e-017	5.40435e-031	1.21009	1
8.5	20	4.47214	1.04069	2.93361e-017	1.99544e-031	1.04069	1
8.51	16	4	0.964342	1.92895e-017	1.20958e-031	0.964342	1
8.53	8	2.82843	0.826725	8.29179e-018	4.42303e-032	0.826725	1
8.54	10	3.16228	0.764862	5.42071e-018	2.66816e-032	0.764862	1
8.56	14	3.74166	0.653642	2.30334e-018	9.66252e-033	0.653642	1
8.58	9	3	0.557419	9.71207e-019	3.47668e-033	0.557419	1
8.59	6	2.44949	0.514351	6.28829e-019	2.08041e-033	0.514351	1
8.61	9	3	0.437248	2.62097e-019	7.41337e-034	0.437248	1
8.62	11	3.31662	0.402828	1.68721e-019	4.41466e-034	0.402828	1
8.64	7	2.64575	0.341362	6.95143e-020	1.55796e-034	0.341362	1
8.66	7	2.64575	0.288666	2.84204e-020	5.46272e-035	0.288666	1
8.67	3	1.73205	0.265242	1.81197e-020	3.22688e-035	0.265242	1
8.69	5	2.23607	0.223588	7.32289e-021	1.12054e-035	0.223588	1
8.7	3	1.73205	0.20512	4.64186e-021	6.58718e-036	0.20512	1
8.72	3	1.73205	0.172363	1.85438e-021	2.26536e-036	0.172363	1
8.73	1	1	0.157876	1.16868e-021	1.32527e-036	0.157876	1
8.75	5	2.23607	0.132244	4.61507e-022	4.51372e-037	0.132244	1
8.77	1	1	0.110541	1.80847e-022	1.52742e-037	0.110541	1
8.78	1	1	0.100984	1.12881e-022	8.86381e-038	0.100984	1
8.8	0	1	0.0841442	4.37252e-023	2.97055e-038	0.0841442	1
8.81	2	1.41421	0.076748	2.7135e-023	1.71551e-038	0.076748	1
8.83	2	1.41421	0.0637479	1.039e-023	5.69382e-039	0.0637479	1
8.85	1	1	0.0528384	3.94775e-024	1.87762e-039	0.0528384	1
8.86	1	1	0.0480671	2.42639e-024	1.07562e-039	0.0480671	1
8.88	1	1	0.0397154	9.11323e-025	3.51281e-040	0.0397154	1
8.89	1	1	0.0360721	5.56893e-025	2.00263e-040	0.0360721	1
8.91	3	1.73205	0.0297104	2.06756e-025	6.47724e-041	0.0297104	1
8.92	1	1	0.0269422	1.25616e-025	3.67479e-041	0.0269422	1
8.94	2	1.41421	0.0221207	4.61008e-026	1.1771e-041	0.0221207	1
8.96	3	1.73205	0.0181237	1.67889e-026	3.74619e-042	0.0181237	1
8.97	1	1	0.0163919	1.01023e-026	2.10827e-042	0.0163919	1
8.99	3	1.73205	0.0133876	3.63673e-027	6.64499e-043	0.0133876	1
9	1	1	0.0120892	2.1757e-027	3.72157e-043	0.0120892	1
9.02	1	1	0.00984241	7.7422e-028	1.16168e-043	0.00984241	1
9.03	2	1.41421	0.00887379	4.60512e-028	6.47464e-044	0.00887379	1
9.05	2	1.41421	0.00720176	1.61987e-028	2.00156e-044	0.00720176	1
9.07	2	1.41421	0.00583248	5.65421e-029	6.14775e-045	0.00583248	1
9.08	1	1	0.00524465	3.3309e-029	3.3989e-045	0.00524465	1
9.1	3	1.73205	0.00423407	1.14929e-029	1.0339e-045	0.00423407	1
9.11	1	1	0.00380132	6.7314e-030	5.68847e-046	0.00380132	1
9.13	3	1.73205	0.00305916	2.29587e-030	1.71367e-046	0.00305916	1
9.15	1	1	0.00245672	7.77036e-031	5.12926e-047	0.00245672	1
9.16	3	1.73205	0.00219983	4.50746e-031	2.79941e-047	0.00219983	1
9.18	1	1	0.00176103	1.508e-031	8.29824e-048	0.00176103	1
9.19	1	1	0.0015744	8.69719e-032	4.50706e-048	0.0015744	1
9.21	0	1	0.00125638	2.87623e-032	1.32314e-048	0.00125638	1
9.22	0	1	0.00112145	1.64926e-032	7.1517e-049	0.00112145	1
9.24	4	2	0.000892099	5.39151e-033	2.07928e-049	0.000892099	1
9.26	1	1	0.000708159	1.74897e-033	6.00636e-050	0.000708159	1
9.27	0	1	0.000630444	9.93255e-034	3.22039e-050	0.000630444	1
9.29	3	1.73205	0.000498874	3.18499e-034	9.21298e-051	0.000498874	1
9.3	1	1	0.000443425	1.79835e-034	4.91579e-051	0.000443425	1
9.32	2	1.41421	0.000349777	5.7003e-035	1.39276e-051	0.000349777	1
9.34	0	1	0.000275326	1.79296e-035	3.92062e-052	0.000275326	1
9.35	1	1	0.00024408	1.00265e-035	2.07511e-052	0.00024408	1
9.37	1	1	0.00019152	3.11745e-036	5.78512e-053	0.00019152	1
9.38	1	1	0.000169517	1.73328e-036	3.04716e-053	0.000169517	1
9.4	2	1.41421	0.000132594	5.32712e-037	8.41314e-054	0.000132594	1
9.41	1	1	0.000117175	2.94475e-037	4.40999e-054	0.000117175	1
9.43	1	1	9.13633e-005	8.94643e-038	1.20585e-054	9.13633e-005	1
9.45	3	1.73205	7.10874e-005	2.69712e-038	3.27599e-055	7.10874e-005	1
9.46	0	1	6.26556e-005	1.47662e-038	1.70339e-055	6.26556e-005	1
9.48	1	1	4.85969e-005	4.40045e-039	4.58308e-056	4.85969e-005	1
9.49	1	1	4.27651e-005	2.39527e-039	2.37152e-056	4.27651e-005	1
9.51	0	1	3.30647e-005	7.05597e-040	6.31918e-057	3.30647e-005	1
9.53	1	1	2.55108e-005	2.06257e-040	1.67298e-057	2.55108e-005	1
9.54	3	1.73205	2.23903e-005	1.11194e-040	8.58722e-058	2.23903e-005	1
9.56	3	1.73205	1.72205e-005	3.21299e-041	2.25151e-058	1.72205e-005	1
9.57	2	1.41421	1.50903e-005	1.72213e-041	1.15009e-058	1.50903e-005	1
9.59	1	1	1.15694e-005	4.91894e-042	2.98639e-059	1.15694e-005	1
9.6	1	1	1.01222e-005	2.62131e-042	1.5181e-059	1.01222e-005	1
9.62	2	1.41421	7.73595e-006	7.40114e-043	3.90398e-060	7.73595e-006	1
9.64	0	1	5.89982e-006	2.07362e-043	9.97489e-061	5.89982e-006	1
9.65	4	2	5.14823e-006	1.09443e-043	5.02987e-061	5.14823e-006	1
9.67	1	1	3.9139e-006	3.03107e-044	1.27277e-061	3.9139e-006	1
9.68	2	1.41421	3.4099e-006	1.59053e-044	6.38696e-062	3.4099e-006	1
9.7	4	2	2.58417e-006	4.35437e-045	1.60059e-062	2.58417e-006	1
9.72	3	1.73205	1.95427e-006	1.18293e-045	3.98529e-063	1.95427e-006	1
9.73	2	1.41421	1.69813e-006	6.14778e-046	1.9838e-063	1.69813e-006	1
9.75	3	1.73205	1.28015e-006	1.65093e-046	4.89182e-064	1.28015e-006	1
9.76	0	1	1.11062e-006	8.53052e-047	2.42328e-064	1.11062e-006	1
9.78	1	1	8.34605e-007	2.26444e-047	5.91792e-065	8.34605e-007	1
9.79	5	2.23607	7.2293e-007	1.16331e-047	2.91742e-065	7.2293e-007	1
9.81	1	1	5.41552e-007	3.05251e-048	7.05597e-066	5.41552e-007	1
9.83	2	1.41421	4.04826e-007	7.94818e-049	1.69554e-066	4.04826e-007	1
9.84	1	1	3.49735e-007	4.04406e-049	8.29149e-067	3.49735e-007	1
9.86	5	2.23607	2.60612e-007	1.04089e-049	1.97322e-067	2.60612e-007	1
9.87	1	1	2.24791e-007	5.26552e-050	9.60277e-068	2.24791e-007	1
9.89	3	1.73205	1.66979e-007	1.33969e-050	2.26325e-068	1.66979e-007	1
9.91	3	1.73205	1.23774e-007	3.38233e-051	5.29986e-069	1.23774e-007	1
9.92	2	1.41421	1.0648e-007	1.6946e-051	2.55846e-069	1.0648e-007	1
9.94	3	1.73205	7.86795e-008	4.22918e-052	5.93337e-070	7.86795e-008	1
9.95	2	1.41421	6.75795e-008	2.10666e-052	2.85044e-070	6.75795e-008	1
9.97	2	1.41421	4.97778e-008	5.19707e-053	6.54677e-071	4.97778e-008	1
9.98	3	1.73205	4.26877e-008	2.57386e-053	3.12992e-071	4.26877e-008	1
10	0	1	3.13437e-008	6.27661e-054	7.11936e-072	3.13437e-008	1
10.02	1	1	2.29658e-008	1.51885e-054	1.60895e-072	2.29658e-008	1
10.03	3	1.73205	1.96429e-008	7.44998e-055	7.63033e-073	1.96429e-008	1
10.05	2	1.41421	1.43471e-008	1.78206e-055	1.70781e-073	1.43471e-008	1
10.06	3	1.73205	1.22518e-008	8.69059e-056	8.05998e-074	1.22518e-008	1
10.08	6	2.44949	8.92042e-009	2.0549e-056	1.78658e-074	8.92042e-009	1
10.1	4	2	6.4812e-009	4.82153e-057	3.93463e-075	6.4812e-009	1
10.11	4	2	5.52011e-009	2.32876e-057	1.84201e-075	5.52011e-009	1
10.13	4	2	3.99802e-009	5.40124e-058	4.01761e-076	3.99802e-009	1
10.14	6	2.44949	3.39977e-009	2.59371e-058	1.87177e-076	3.39977e-009	1
10.16	5	2.23607	2.45456e-009	5.94657e-059	4.04315e-077	2.45456e-009	1
10.17	6	2.44949	2.08398e-009	2.83911e-059	1.87457e-077	2.08398e-009	1
10.19	3	1.73205	1.49984e-009	6.43433e-060	4.01015e-078	1.49984e-009	1
10.21	1	1	1.07716e-009	1.44702e-060	8.52342e-079	1.07716e-009	1
10.22	4	2	9.12124e-010	6.84232e-061	3.92003e-079	9.12124e-010	1
10.24	4	2	6.53005e-010	1.52107e-061	8.25154e-080	6.53005e-010	1
10.25	1	1	5.52083e-010	7.15101e-062	3.77665e-080	5.52083e-010	1
10.27	3	1.73205	3.93997e-010	1.57141e-062	7.87308e-081	3.93997e-010	1
10.28	3	1.73205	3.32579e-010	7.34505e-063	3.58602e-081	3.32579e-010	1
10.3	4	2	2.36598e-010	1.59549e-063	7.4036e-082	2.36598e-010	1
10.32	8	2.82843	1.67962e-010	3.43907e-064	1.51869e-082	1.67962e-010	1
10.33	11	3.31662	1.41406e-010	1.59206e-064	6.86166e-083	1.41406e-010	1
10.35	8	2.82843	1.00068e-010	3.39222e-065	1.39395e-083	1.00068e-010	1
10.36	12	3.4641	8.41138e-011	1.56131e-065	6.26764e-084	8.41138e-011	1
10.38	3	1.73205	5.93364e-011	3.28845e-066	1.261e-084	5.93364e-011	1
10.4	3	1.73205	4.17696e-011	6.87292e-067	2.52069e-085	4.17696e-011	1
10.41	4	2	3.50176e-011	3.133e-067	1.12427e-085	3.50176e-011	1
10.43	10	3.16228	2.45727e-011	6.47273e-068	2.2257e-086	2.45727e-011	1
10.44	3	1.73205	2.0568e-011	2.93356e-068	9.87901e-087	2.0568e-011	1
10.46	11	3.31662	1.43875e-011	5.99097e-069	1.93688e-087	1.43875e-011	1
10.47	7	2.64575	1.20237e-011	2.69955e-069	8.55551e-088	1.20237e-011	1
10.49	5	2.23607	8.38414e-012	5.44967e-070	1.66122e-088	8.38414e-012	1
10.51	6	2.44949	5.83395e-012	1.09169e-070	3.20482e-089	5.83395e-012	1
10.52	5	2.23607	4.86263e-012	4.872e-071	1.40424e-089	4.86263e-012	1
10.54	7	2.64575	3.37289e-012	9.64743e-072	2.68293e-090	3.37289e-012	1
10.55	8	2.82843	2.80689e-012	4.28063e-072	1.16988e-090	2.80689e-012	1
10.57	6	2.44949	1.94081e-012	8.37892e-073	2.21362e-091	1.94081e-012	1
10.59	3	1.73205	1.33914e-012	1.62749e-073	4.16159e-092	1.33914e-012	1
10.6	1	1	1.11149e-012	7.15201e-074	1.80005e-092	1.11149e-012	1
10.62	4	2	7.64493e-013	1.3732e-074	3.35146e-093	7.64493e-013	1
10.63	9	3	6.33527e-013	5.99973e-075	1.44263e-093	6.33527e-013	1
10.65	5	2.23607	4.34372e-013	1.13871e-075	2.66009e-094	4.34372e-013	1
10.66	5	2.23607	3.5939e-013	4.94651e-076	1.1395e-094	3.5939e-013	1
10.68	4	2	2.45635e-013	9.2802e-077	2.08088e-095	2.45635e-013	1
10.7	4	2	1.67532e-013	1.72769e-077	3.7755e-096	1.67532e-013	1
10.71	6	2.44949	1.38248e-013	7.433e-078	1.6043e-096	1.38248e-013	1
10.73	3	1.73205	9.39925e-014	1.36788e-078	2.88275e-097	9.39925e-014	1
10.74	3	1.73205	7.74403e-014	5.85106e-079	1.21903e-097	7.74403e-014	1
10.76	3	1.73205	5.24842e-014	1.06438e-079	2.16934e-098	5.24842e-014	1
10.78	3	1.73205	3.54956e-014	1.92135e-080	3.83561e-099	3.54956e-014	1
10.79	1	1	2.91679e-014	8.13964e-081	1.60892e-099	2.91679e-014	1
10.81	2	1.41421	1.96643e-014	1.45242e-081	2.81731e-100	1.96643e-014	1
10.82	2	1.41421	1.61332e-014	6.11757e-082	1.17607e-100	1.61332e-014	1
10.84	2	1.41421	1.08423e-014	1.07905e-082	2.0395e-101	1.08423e-014	1
10.85	3	1.73205	8.88133e-015	4.51873e-083	8.47263e-102	8.88133e-015	1
10.87	2	1.41421	5.94983e-015	7.8787e-084	1.45513e-102	5.94983e-015	1
10.89	0	1	3.97756e-015	1.36315e-084	2.48302e-103	3.97756e-015	1
10.9	2	1.41421	3.24959e-015	5.65368e-085	1.02322e-103	3.24959e-015	1
10.92	2	1.41421	2.16554e-015	9.66931e-086	1.72918e-104	2.16554e-015	1
10.93	1	1	1.76642e-015	3.98723e-086	7.09125e-105	1.76642e-015	1
10.95	3	1.73205	1.17343e-015	6.74081e-087	1.18682e-105	1.17343e-015	1
10.97	2	1.41421	7.77872e-016	1.13084e-087	1.97353e-106	7.77872e-016	1
10.98	1	1	6.32834e-016	4.6184e-088	8.02825e-107	6.32834e-016	1
11	1	1	4.18183e-016	7.65876e-089	1.32212e-107	4.18183e-016	1
11.01	3	1.73205	3.39673e-016	3.10982e-089	5.35235e-108	3.39673e-016	1
11.03	2	1.41421	2.23751e-016	5.09774e-090	8.72946e-109	2.23751e-016	1
11.04	3	1.73205	1.81457e-016	2.05799e-090	3.51687e-109	1.81457e-016	1
11.06	3	1.73205	1.19153e-016	3.33473e-091	5.68056e-110	1.19153e-016	1
11.08	2	1.41421	7.80763e-017	5.36203e-092	9.11635e-111	7.80763e-017	1
11.09	1	1	6.31514e-017	2.14392e-092	3.64321e-111	6.31514e-017	1
11.11	1	1	4.12501e-017	3.40763e-093	5.79037e-112	4.12501e-017	1
11.12	1	1	3.33122e-017	1.35462e-093	2.30285e-112	3.33122e-017	1
11.14	3	1.73205	2.16906e-017	2.12833e-094	3.62476e-113	2.16906e-017	1
11.16	7	2.64575	1.40937e-017	3.31825e-095	5.66877e-114	1.40937e-017	1
11.17	1	1	1.13516e-017	1.30644e-095	2.23636e-114	1.13516e-017	1
11.19	2	1.41421	7.35256e-018	2.01342e-096	3.46372e-115	7.35256e-018	1
11.2	3	1.73205	5.9127e-018	7.88137e-097	1.35985e-115	5.9127e-018	1
11.22	3	1.73205	3.81762e-018	1.20067e-097	2.08586e-116	3.81762e-018	1
11.23	1	1	3.06516e-018	4.67282e-098	8.14948e-117	3.06516e-018	1
11.25	5	2.23607	1.97282e-018	7.03683e-099	1.23799e-117	1.97282e-018	1
11.27	4	2	1.26708e-018	1.05154e-099	1.86851e-118	1.26708e-018	1
11.28	5	2.23607	1.01466e-018	4.05316e-100	7.24161e-119	1.01466e-018	1
11.3	3	1.73205	6.49632e-019	5.98712e-101	1.08245e-119	6.49632e-019	1
11.31	3	1.73205	5.19394e-019	2.29443e-101	4.17487e-120	5.19394e-019	1
11.33	4	2	3.31489e-019	3.35023e-102	6.18028e-121	3.31489e-019	1
11.34	4	2	2.64613e-019	1.27649e-102	2.37213e-121	2.64613e-019	1
11.36	2	1.41421	1.68349e-019	1.84244e-103	3.47773e-122	1.68349e-019	1
11.38	7	2.64575	1.0688e-019	2.63889e-104	5.06581e-123	1.0688e-019	1
11.39	4	2	8.5093e-020	9.95813e-105	1.92874e-123	8.5093e-020	1
11.41	5	2.23607	5.38523e-020	1.40987e-105	2.78239e-124	5.38523e-020	1
11.42	0	1	4.28072e-020	5.28963e-106	1.05424e-124	4.28072e-020	1
11.44	6	2.44949	2.70056e-020	7.40292e-107	1.50617e-125	2.70056e-020	1
11.46	3	1.73205	1.70011e-020	1.02809e-107	2.138e-126	1.70011e-020	1
11.47	4	2	1.34786e-020	3.82023e-108	8.03565e-127	1.34786e-020	1
11.49	1	1	8.45849e-021	5.24438e-109	1.12965e-127	8.45849e-021	1
11.5	1	1	6.69536e-021	1.93749e-109	4.22528e-128	6.69536e-021	1
11.52	3	1.73205	4.18842e-021	2.62918e-110	5.88263e-129	4.18842e-021	1
11.53	2	1.41421	3.31013e-021	9.65727e-111	2.18966e-129	3.31013e-021	1
11.55	7	2.64575	2.06418e-021	1.29542e-111	3.01916e-130	2.06418e-021	1
11.57	5	2.23607	1.2845e-021	1.72431e-112	4.13609e-131	1.2845e-021	1
11.58	4	2	1.01248e-021	6.27283e-113	1.52718e-131	1.01248e-021	1
11.6	5	2.23607	6.28058e-022	8.25365e-114	2.07198e-132	6.28058e-022	1
11.61	7	2.64575	4.94269e-022	2.98525e-114	7.61344e-133	4.94269e-022	1
11.63	2	1.41421	3.05636e-022	3.88274e-115	1.02298e-133	3.05636e-022	1
11.65	4	2	1.88595e-022	5.01126e-116	1.36569e-134	1.88595e-022	1
11.66	4	2	1.4803e-022	1.79513e-116	4.97785e-135	1.4803e-022	1
11.68	2	1.41421	9.10548e-023	2.29023e-117	6.58138e-136	9.10548e-023	1
11.69	4	2	7.13569e-023	8.15673e-118	2.38727e-136	7.13569e-023	1
11.71	9	3	4.37537e-023	1.02867e-118	3.12586e-137	4.37537e-023	1
11.72	5	2.23607	3.42343e-023	3.6425e-119	1.12837e-137	3.42343e-023	1
11.74	5	2.23607	2.09251e-023	4.54083e-120	1.46322e-138	2.09251e-023	1
11.76	2	1.41421	1.27632e-023	5.61723e-121	1.88524e-139	1.27632e-023	1
11.77	7	2.64575	9.96004e-024	1.96997e-121	6.75058e-140	9.96004e-024	1
11.79	6	2.44949	6.05591e-024	2.40891e-122	8.61366e-141	6.05591e-024	1
11.8	1	1	4.7184e-024	8.39936e-123	3.06944e-141	4.7184e-024	1
11.82	3	1.73205	2.85983e-024	1.01528e-123	3.87881e-142	2.85983e-024	1
11.84	0	1	1.72969e-024	1.21779e-124	4.87004e-143	1.72969e-024	1
11.85	7	2.64575	1.34413e-024	4.20543e-125	1.72146e-143	1.34413e-024	1
11.87	1	1	8.10394e-025	4.98626e-126	2.14054e-144	8.10394e-025	1
11.88	3	1.73205	6.28755e-025	1.71199e-126	7.52982e-145	6.28755e-025	1
11.9	3	1.73205	3.77889e-025	2.00651e-127	9.27263e-146	3.77889e-025	1
11.91	4	2	2.92727e-025	6.84944e-128	3.24609e-146	2.92727e-025	1
11.93	3	1.73205	1.75377e-025	7.93544e-129	3.95887e-147	1.75377e-025	1
11.95	2	1.41421	1.0485e-025	9.12299e-130	4.79707e-148	1.0485e-025	1
11.96	3	1.73205	8.10067e-026	3.08435e-130	1.66582e-148	8.10067e-026	1
11.98	2	1.41421	4.82772e-026	3.50515e-131	1.99906e-149	4.82772e-026	1
11.99	1	1	3.724e-026	1.17821e-131	6.90831e-150	3.724e-026	1
12.01	2	1.41421	2.21237e-026	1.32355e-132	8.21036e-151	2.21237e-026	1
12.03	4	2	1.31157e-026	1.47539e-133	9.69498e-152	1.31157e-026	1
12.04	2	1.41421	1.00905e-026	4.91175e-134	3.32344e-152	1.00905e-026	1
12.06	1	1	5.96312e-027	5.41228e-135	3.88655e-153	5.96312e-027	1
12.07	2	1.41421	4.58047e-027	1.79141e-135	1.32587e-153	4.58047e-027	1
12.09	1	1	2.69834e-027	1.95126e-136	1.53557e-154	2.69834e-027	1
12.1	2	1.41421	2.06941e-027	6.42126e-137	5.21319e-155	2.06941e-027	1
12.12	3	1.73205	1.21524e-027	6.91378e-138	5.97951e-156	1.21524e-027	1
12.14	2	1.41421	7.12129e-028	7.3869e-139	6.81431e-157	7.12129e-028	1
12.15	7	2.64575	5.44709e-028	2.40757e-139	2.29482e-157	5.44709e-028	1
12.17	7	2.64575	3.18192e-028	2.54274e-140	2.58999e-158	3.18192e-028	1
12.18	3	1.73205	2.43001e-028	8.2396e-141	8.68e-159	2.43001e-028	1
12.2	0	1	1.41501e-028	8.60209e-142	9.70199e-160	1.41501e-028	1
12.22	5	2.23607	8.22237e-029	8.91154e-143	1.07745e-160	8.22237e-029	1
12.23	6	2.44949	6.26285e-029	2.86003e-143	3.5819e-161	6.26285e-029	1
12.25	2	1.41421	3.62773e-029	2.92883e-144	3.9395e-162	3.62773e-029	1
12.26	5	2.23607	2.75882e-029	9.34546e-145	1.30333e-162	2.75882e-029	1
12.28	0	1	1.59299e-029	9.46021e-146	1.41963e-163	1.59299e-029	1
12.29	3	1.73205	1.20953e-029	3.0012e-146	4.67393e-164	1.20953e-029	1
12.31	1	1	6.96198e-030	3.0031e-147	5.04191e-165	6.96198e-030	1
12.33	1	1	3.99884e-030	2.98193e-148	5.40384e-166	3.99884e-030	1
12.34	1	1	3.02825e-030	9.36923e-149	1.76484e-166	3.02825e-030	1
12.36	1	1	1.73389e-030	9.19615e-150	1.87329e-167	1.73389e-030	1
12.37	1	1	1.31097e-030	2.87277e-150	6.08839e-168	1.31097e-030	1
12.39	0	1	7.48251e-031	2.78727e-151	6.40022e-169	7.48251e-031	1
12.4	1	1	5.64848e-031	8.65688e-152	2.07009e-169	5.64848e-031	1
12.42	2	1.41421	3.21376e-031	8.30262e-153	2.15513e-170	3.21376e-031	1
12.44	0	1	1.82465e-031	7.90168e-154	2.22922e-171	1.82465e-031	1
12.45	2	1.41421	1.37379e-031	2.43061e-154	7.15221e-172	1.37379e-031	1
12.47	1	1	7.77525e-032	2.28663e-155	7.32676e-173	7.77525e-032	1
12.48	1	1	5.84478e-032	6.99325e-156	2.33935e-173	5.84478e-032	1
12.5	1	1	3.29753e-032	6.50332e-157	2.37334e-174	3.29753e-032	1
12.52	4	2	1.8565e-032	6.00124e-158	2.39231e-175	1.8565e-032	1
12.53	1	1	1.39189e-032	1.81777e-158	7.57697e-176	1.39189e-032	1
12.55	0	1	7.81152e-033	1.65814e-159	7.56391e-177	7.81152e-033	1
12.56	1	1	5.84734e-033	4.9935e-160	2.38408e-177	5.84734e-033	1
12.58	5	2.23607	3.27128e-033	4.50259e-161	2.35702e-178	3.27128e-033	1
12.59	3	1.73205	2.44486e-033	1.34814e-161	7.39321e-179	2.44486e-033	1
12.61	4	2	1.36345e-033	1.20163e-162	7.23883e-180	1.36345e-033	1
12.63	0	1	7.5877e-034	1.0628e-163	7.04204e-181	7.5877e-034	1
12.64	2	1.41421	5.6559e-034	3.15166e-164	2.1911e-181	5.6559e-034	1
12.66	3	1.73205	3.13761e-034	2.75549e-165	2.11098e-182	3.13761e-034	1
12.67	0	1	2.3351e-034	8.12406e-166	6.53648e-183	2.3351e-034	1
12.69	3	1.73205	1.2913e-034	7.02116e-167	6.23676e-184	1.2913e-034	1
12.71	2	1.41421	7.12587e-035	6.02137e-168	5.91246e-185	7.12587e-035	1
12.72	1	1	5.28931e-035	1.75826e-168	1.81602e-185	5.28931e-035	1
12.74	1	1	2.90961e-035	1.49054e-169	1.705e-186	2.90961e-035	1
12.75	0	1	2.1563e-035	4.32732e-170	5.21162e-187	2.1563e-035	1
12.77	1	1	1.18242e-035	3.62624e-171	4.84581e-188	1.18242e-035	1
12.78	0	1	8.74902e-036	1.04669e-171	1.47405e-188	8.74902e-036	1
12.8	0	1	4.78243e-036	8.67028e-173	1.35737e-189	4.78243e-036	1
12.82	3	1.73205	2.60869e-036	7.12684e-174	1.24188e-190	2.60869e-036	1
12.83	0	1	1.92516e-036	2.03739e-174	3.7473e-191	1.92516e-036	1
12.85	2	1.41421	1.04681e-036	1.65544e-175	3.39541e-192	1.04681e-036	1
12.86	2	1.41421	7.71303e-037	4.70519e-176	1.01959e-192	7.71303e-037	1
12.88	1	1	4.18073e-037	3.77914e-177	9.14941e-194	4.18073e-037	1
12.9	2	1.41421	2.26134e-037	3.01203e-178	8.15744e-195	2.26134e-037	1
12.91	0	1	1.6618e-037	8.47883e-179	2.42986e-195	1.6618e-037	1
12.93	1	1	8.96019e-038	6.68002e-180	2.14553e-196	8.96019e-038	1
12.94	1	1	6.57421e-038	1.86957e-180	6.36004e-197	6.57421e-038	1
12.96	1	1	3.53354e-038	1.456e-181	5.56167e-198	3.53354e-038	1
12.97	1	1	2.58851e-038	4.05148e-182	1.64069e-198	2.58851e-038	1
12.99	3	1.73205	1.38689e-038	3.11894e-183	1.4209e-199	1.38689e-038	1
13.01	3	1.73205	7.41515e-039	2.3826e-184	1.22263e-200	7.41515e-039	1
13.02	3	1.73205	5.41771e-039	6.56624e-185	3.57775e-201	5.41771e-039	1
13.04	1	1	2.88749e-039	4.95834e-186	3.04884e-202	2.88749e-039	1
13.05	3	1.73205	2.10634e-039	1.3586e-186	8.87861e-203	2.10634e-039	1
13.07	0	1	1.11908e-039	1.01411e-187	7.49311e-204	1.11908e-039	1
13.09	4	2	5.93303e-040	7.5116e-189	6.2831e-205	5.93303e-040	1
13.1	2	1.41421	4.31659e-040	2.03845e-189	1.815e-205	4.31659e-040	1
13.12	2	1.41421	2.28131e-040	1.49252e-190	1.50724e-206	2.28131e-040	1
13.13	2	1.41421	1.65715e-040	4.02695e-191	4.33293e-207	1.65715e-040	1
13.15	0	1	8.73035e-041	2.91456e-192	3.56351e-208	8.73035e-041	1
13.16	2	1.41421	6.33174e-041	7.81838e-193	1.01947e-208	6.33174e-041	1
13.18	2	1.41421	3.32522e-041	5.59358e-194	8.30354e-210	3.32522e-041	1
13.2	1	1	1.74261e-041	3.97113e-195	6.71965e-211	1.74261e-041	1
13.21	4	2	1.26052e-041	1.05504e-195	1.90694e-211	1.26052e-041	1
13.23	1	1	6.58501e-042	7.40406e-197	1.52831e-212	6.58501e-042	1
13.24	3	1.73205	4.75573e-042	1.95575e-197	4.31616e-213	4.75573e-042	1
13.26	3	1.73205	2.47658e-042	1.35672e-198	3.42583e-214	2.47658e-042	1
13.28	2	1.41421	1.28698e-042	9.33932e-200	2.70165e-215	1.28698e-042	1
13.29	1	1	9.27018e-043	2.44327e-200	7.56847e-216	9.27018e-043	1
13.31	4	2	4.80214e-043	1.66255e-201	5.91103e-217	4.80214e-043	1
13.32	0	1	3.45354e-043	4.32433e-202	1.64793e-217	3.45354e-043	1
13.34	3	1.73205	1.78335e-043	2.90869e-203	1.27464e-218	1.78335e-043	1
13.35	4	2	1.2805e-043	7.52193e-204	3.53637e-219	1.2805e-043	1
13.37	2	1.41421	6.59145e-044	5.0013e-205	2.70893e-220	6.59145e-044	1
13.39	3	1.73205	3.38584e-044	3.2998e-206	2.06173e-221	3.38584e-044	1
13.4	2	1.41421	2.42474e-044	8.45148e-207	5.67411e-222	2.42474e-044	1
13.42	3	1.73205	1.24159e-044	5.51204e-208	4.27685e-223	1.24159e-044	1
13.43	5	2.23607	8.87747e-045	1.40361e-208	1.17135e-223	8.87747e-045	1
13.45	3	1.73205	4.53135e-045	9.04903e-210	8.74389e-225	4.53135e-045	1
13.46	1	1	3.23485e-045	2.29099e-210	2.38321e-225	3.23485e-045	1
13.48	4	2	1.64596e-045	1.46001e-211	1.76187e-226	1.64596e-045	1
13.5	2	1.41421	8.35735e-046	9.23288e-213	1.29414e-227	8.35735e-046	1
13.51	1	1	5.95046e-046	2.31511e-213	3.4989e-228	5.95046e-046	1
13.53	2	1.41421	3.01181e-046	1.4472e-214	2.54524e-229	3.01181e-046	1
13.54	4	2	2.14103e-046	3.60788e-215	6.8482e-230	2.14103e-046	1
13.56	4	2	1.08025e-046	2.22939e-216	4.93364e-231	1.08025e-046	1
13.58	0	1	5.43894e-047	1.367e-217	3.53145e-232	5.43894e-047	1
13.59	3	1.73205	3.85625e-047	3.37525e-218	9.42527e-233	3.85625e-047	1
13.61	2	1.41421	1.93544e-047	2.04581e-219	6.68146e-234	1.93544e-047	1
13.62	5	2.23607	1.37008e-047	5.02214e-220	1.77463e-234	1.37008e-047	1
13.64	2	1.41421	6.85468e-048	3.00902e-221	1.24589e-235	6.85468e-048	1
13.65	5	2.23607	4.84468e-048	7.34406e-222	3.29315e-236	4.84468e-048	1
13.67	1	1	2.4162e-048	4.34958e-223	2.28968e-237	2.4162e-048	1
13.69	4	2	1.20251e-048	2.55629e-224	1.58173e-238	1.20251e-048	1
13.7	3	1.73205	8.47658e-049	6.17923e-225	4.14723e-239	8.47658e-049	1
13.72	2	1.41421	4.20534e-049	3.58981e-226	2.83731e-240	4.20534e-049	1
13.73	2	1.41421	2.9597e-049	8.62749e-227	7.40338e-241	2.9597e-049	1
13.75	4	2	1.46371e-049	4.95448e-228	5.01617e-242	1.46371e-049	1
13.77	3	1.73205	7.22349e-050	2.82333e-229	3.37682e-243	7.22349e-050	1
13.78	4	2	5.07049e-050	6.72029e-230	8.74027e-244	5.07049e-050	1
13.8	3	1.73205	2.49441e-050	3.78554e-231	5.82712e-245	2.49441e-050	1
13.81	7	2.64575	1.74817e-050	8.95863e-232	1.50095e-245	1.74817e-050	1
13.83	3	1.73205	8.57295e-051	4.98835e-233	9.91031e-247	8.57295e-051	1
13.84	7	2.64575	5.99874e-051	1.1737e-233	2.54036e-247	5.99874e-051	1
13.86	6	2.44949	2.93246e-051	6.46026e-235	1.66115e-248	2.93246e-051	1
13.88	4	2	1.43051e-051	3.52851e-236	1.07924e-249	1.43051e-051	1
13.89	4	2	9.98331e-052	8.22255e-237	2.74422e-250	9.98331e-052	1
13.91	8	2.82843	4.85466e-052	4.4394e-238	1.76571e-251	4.85466e-052	1
13.92	4	2	3.38265e-052	1.02855e-238	4.46805e-252	3.38265e-052	1
13.94	5	2.23607	1.63971e-052	5.48934e-240	2.84716e-253	1.63971e-052	1
13.96	7	2.64575	7.93165e-053	2.90713e-241	1.8026e-254	7.93165e-053	1
13.97	7	2.64575	5.51211e-053	6.67083e-242	4.52471e-255	5.51211e-053	1
13.99	3	1.73205	2.65791e-053	3.4922e-243	2.83707e-256	2.65791e-053	1
14	8	2.82843	1.8442e-053	7.96716e-244	7.08694e-257	1.8442e-053	1
14.02	7	2.64575	8.86457e-054	4.12286e-245	4.40079e-258	8.86457e-054	1
14.03	5	2.23607	6.141e-054	9.3517e-246	1.09399e-258	6.141e-054	1
14.05	10	3.16228	2.94249e-054	4.78368e-247	6.7279e-260	2.94249e-054	1
14.07	2	1.41421	1.40694e-054	2.42819e-248	4.11092e-261	1.40694e-054	1
14.08	10	3.16228	9.72104e-055	5.45492e-249	1.01372e-261	9.72104e-055	1
14.1	3	1.73205	4.6334e-055	2.73707e-250	6.13434e-263	4.6334e-055	1
14.11	4	2	3.19632e-055	6.11334e-251	1.50536e-263	3.19632e-055	1
14.13	8	2.82843	1.51868e-055	3.03216e-252	9.02164e-265	1.51868e-055	1
14.15	10	3.16228	7.20052e-056	1.49237e-253	5.37185e-266	7.20052e-056	1
14.16	6	2.44949	4.95416e-056	3.30127e-254	1.30765e-266	4.95416e-056	1
14.18	5	2.23607	2.34151e-056	1.60613e-255	7.71121e-268	2.34151e-056	1
14.19	6	2.44949	1.60848e-056	3.53244e-256	1.86804e-268	1.60848e-056	1
14.21	5	2.23607	7.57825e-057	1.69883e-257	1.09096e-269	7.57825e-057	1
14.22	4	2	5.19759e-057	3.71477e-258	2.63008e-270	5.19759e-057	1
14.24	4	2	2.44108e-057	1.76597e-259	1.52119e-271	2.44108e-057	1
14.26	8	2.82843	1.14405e-057	8.33077e-261	8.74167e-273	1.14405e-057	1
14.27	5	2.23607	7.8259e-058	1.80418e-261	2.09049e-273	7.8259e-058	1
14.29	4	2	3.65616e-058	8.41313e-263	1.18974e-274	3.65616e-058	1
14.3	2	1.41421	2.49705e-058	1.81151e-263	2.83139e-275	2.49705e-058	1
14.32	3	1.73205	1.16291e-058	8.35013e-265	1.59586e-276	1.16291e-058	1
14.34	4	2	5.40441e-059	3.81942e-266	8.93685e-278	5.40441e-059	1
14.35	5	2.23607	3.68134e-059	8.14504e-267	2.10973e-278	3.68134e-059	1
14.37	6	2.44949	1.70544e-059	3.68275e-268	1.17006e-279	1.70544e-059	1
14.38	3	1.73205	1.15986e-059	7.8083e-269	2.74883e-280	1.15986e-059	1
14.4	2	1.41421	5.35628e-060	3.48989e-270	1.50981e-281	5.35628e-060	1
14.41	6	2.44949	3.63704e-060	7.35671e-271	3.52986e-282	3.63704e-060	1
14.43	1	1	1.67429e-060	3.25023e-272	1.9201e-283	1.67429e-060	1
14.45	6	2.44949	7.6913e-061	1.42494e-273	1.03773e-284	7.6913e-061	1
14.46	6	2.44949	5.20883e-061	2.97496e-274	2.40666e-285	5.20883e-061	1
14.48	2	1.41421	2.38526e-061	1.28925e-275	1.28815e-286	2.38526e-061	1
14.49	2	1.41421	1.61283e-061	2.67616e-276	2.97298e-287	1.61283e-061	1
14.51	3	1.73205	7.36225e-062	1.14642e-277	1.57594e-288	7.36225e-062	1
14.53	3	1.73205	3.35364e-062	4.87336e-279	8.30002e-290	3.35364e-062	1
14.54	1	1	2.26166e-062	1.00188e-279	1.90019e-290	2.26166e-062	1
14.56	2	1.41421	1.02697e-062	4.20992e-281	9.9113e-292	1.02697e-062	1
14.57	2	1.41421	6.91485e-063	8.60494e-282	2.25811e-292	6.91485e-063	1
14.59	3	1.73205	3.12999e-063	3.57423e-283	1.16646e-293	3.12999e-063	1
14.6	3	1.73205	2.10416e-063	7.26348e-284	2.64473e-294	2.10416e-063	1
14.62	0	1	9.49437e-064	2.98233e-285	1.353e-295	9.49437e-064	1
14.64	1	1	4.27501e-064	1.21512e-286	6.87719e-297	4.27501e-064	1
14.65	2	1.41421	2.86635e-064	2.44564e-287	1.54673e-297	2.86635e-064	1
14.67	5	2.23607	1.28655e-064	9.84985e-289	7.7861e-299	1.28655e-064	1
14.68	1	1	8.61259e-065	1.97103e-289	1.74269e-299	8.61259e-065	1
14.7	4	2	3.85353e-065	7.84703e-291	8.68795e-301	3.85353e-065	1
14.71	2	1.41421	2.5756e-065	1.56119e-291	1.93515e-301	2.5756e-065	1
14.73	2	1.41421	1.14876e-065	6.14391e-293	9.5544e-303	1.14876e-065	1
14.75	2	1.41421	5.1129e-066	2.3993e-294	4.68692e-304	5.1129e-066	1
14.76	0	1	3.40833e-066	4.72768e-295	1.03556e-304	3.40833e-066	1
14.78	2	1.41421	1.51219e-066	1.825e-296	5.03099e-306	1.51219e-066	1
14.79	3	1.73205	1.00645e-066	3.57532e-297	1.10622e-306	1.00645e-066	1
14.81	2	1.41421	4.45127e-067	1.36429e-298	5.32241e-308	4.45127e-067	1
14.83	5	2.23607	1.96453e-067	5.16593e-300	2.54432e-309	1.96453e-067	1
14.84	3	1.73205	1.30408e-067	1.00233e-300	5.54947e-310	1.30408e-067	1
14.86	4	2	5.73727e-068	3.75172e-302	2.62729e-311	5.73727e-068	1
14.87	2	1.41421	3.80244e-068	7.23741e-303	5.70274e-312	3.80244e-068	1
14.89	2	1.41421	1.6676e-068	2.67779e-304	2.67381e-313	1.6676e-068	1
14.9	2	1.41421	1.10348e-068	5.1359e-305	5.77568e-314	1.10348e-068	1
14.92	3	1.73205	4.82412e-069	1.87839e-306	2.6819e-315	4.82412e-069	1
14.94	2	1.41421	2.10455e-069	6.81719e-308	1.2373e-316	2.10455e-069	1
14.95	3	1.73205	1.38895e-069	1.29497e-308	2.65101e-317	1.38895e-069	1
14.97	1	1	6.04021e-070	4.64573e-310	1.20797e-318	6.04021e-070	1
14.98	1	1	3.98009e-070	8.77396e-311	2.56934e-319	3.98009e-070	1
15	2	1.41421	1.72539e-070	3.11148e-312	1.15068e-320	1.72539e-070	1
15.02	1	1	7.46388e-071	1.09494e-313	0	7.46388e-071	1
15.03	7	2.64575	4.90525e-071	2.04806e-314	0	4.90525e-071	1
15.05	2	1.41421	2.11527e-071	7.12427e-316	0	2.11527e-071	1
15.06	2	1.41421	1.38796e-071	1.32485e-316	0	1.38796e-071	1
15.08	1	1	5.96634e-072	4.55044e-318	0	5.96634e-072	1
15.09	4	2	3.90869e-072	8.38044e-319	0	3.90869e-072	1
15.11	1	1	1.6749e-072	2.20551e-320	0	1.6749e-072	1
15.13	1	1	7.16199e-073	0	0	7.16199e-073	1
15.14	3	1.73205	4.67964e-073	0	0	4.67964e-073	1
15.16	3	1.73205	1.99472e-073	0	0	1.99472e-073	1
15.17	6	2.44949	1.30129e-073	0	0	1.30129e-073	1
15.19	0	1	5.52933e-074	0	0	5.52933e-074	1
15.21	1	1	2.34452e-074	0	0	2.34452e-074	1
15.22	6	2.44949	1.52546e-074	0	0	1.52546e-074	1
15.24	0	1	6.44779e-075	0	0	6.44779e-075	1
15.25	5	2.23607	4.18863e-075	0	0	4.18863e-075	1
15.27	2	1.41421	1.76485e-075	0	0	1.76485e-075	1
15.28	2	1.41421	1.14468e-075	0	0	1.14468e-075	1
15.3	2	1.41421	4.80779e-076	0	0	4.80779e-076	1
15.32	2	1.41421	2.01508e-076	0	0	2.01508e-076	1
15.33	3	1.73205	1.30354e-076	0	0	1.30354e-076	1
15.35	4	2	5.44625e-077	0	0	5.44625e-077	1
15.36	0	1	3.51756e-077	0	0	3.51756e-077	1
15.38	1	1	1.46502e-077	0	0	1.46502e-077	1
15.4	1	1	6.08875e-078	0	0	6.08875e-078	1
15.41	1	1	3.92218e-078	0	0	3.92218e-078	1
15.43	2	1.41421	1.62495e-078	0	0	1.62495e-078	1
15.44	3	1.73205	1.04509e-078	0	0	1.04509e-078	1
15.46	2	1.41421	4.31611e-079	0	0	4.31611e-079	1
15.47	2	1.41421	2.77152e-079	0	0	2.77152e-079	1
15.49	1	1	1.141e-079	0	0	1.141e-079	1
15.51	1	1	4.68744e-080	0	0	4.68744e-080	1
15.52	2	1.41421	3.00205e-080	0	0	3.00205e-080	1
15.54	2	1.41421	1.22941e-080	0	0	1.22941e-080	1
15.55	3	1.73205	7.86124e-081	0	0	7.86124e-081	1
15.57	2	1.41421	3.20919e-081	0	0	3.20919e-081	1
15.59	3	1.73205	1.30733e-081	0	0	1.30733e-081	1
15.6	4	2	8.33751e-082	0	0	8.33751e-082	1
15.62	2	1.41421	3.38573e-082	0	0	3.38573e-082	1
15.63	1	1	2.15584e-082	0	0	2.15584e-082	1
15.65	2	1.41421	8.72691e-083	0	0	8.72691e-083	1
15.66	4	2	5.54803e-083	0	0	5.54803e-083	1
15.68	2	1.41421	2.23876e-083	0	0	2.23876e-083	1
15.7	4	2	9.01494e-084	0	0	9.01494e-084	1
15.71	1	1	5.71606e-084	0	0	5.71606e-084	1
15.73	3	1.73205	2.29445e-084	0	0	2.29445e-084	1
15.74	4	2	1.45253e-084	0	0	1.45253e-084	1
15.76	0	1	5.81211e-085	0	0	5.81211e-085	1
15.77	3	1.73205	3.67362e-085	0	0	3.67362e-085	1
15.79	5	2.23607	1.46531e-085	0	0	1.46531e-085	1
15.81	4	2	5.83242e-086	0	0	5.83242e-086	1
15.82	6	2.44949	3.67676e-086	0	0	3.67676e-086	1
15.84	2	1.41421	1.45886e-086	0	0	1.45886e-086	1
15.85	3	1.73205	9.1821e-087	0	0	9.1821e-087	1
15.87	5	2.23607	3.63175e-087	0	0	3.63175e-087	1
15.89	3	1.73205	1.43342e-087	0	0	1.43342e-087	1
15.9	5	2.23607	8.99828e-088	0	0	8.99828e-088	1
15.92	1	1	3.54033e-088	0	0	3.54033e-088	1
15.93	4	2	2.21893e-088	0	0	2.21893e-088	1
15.95	1	1	8.70272e-089	0	0	8.70272e-089	1
15.96	1	1	5.44588e-089	0	0	5.44588e-089	1
15.98	1	1	2.12915e-089	0	0	2.12915e-089	1
16	1	1	8.30672e-090	0	0	8.30672e-090	1
16.01	1	1	5.18439e-090	0	0	5.18439e-090	1
16.03	2	1.41421	2.01627e-090	0	0	2.01627e-090	1
16.04	4	2	1.25641e-090	0	0	1.25641e-090	1
16.06	1	1	4.87087e-091	0	0	4.87087e-091	1
16.08	4	2	1.88438e-091	0	0	1.88438e-091	1
16.09	0	1	1.17113e-091	0	0	1.17113e-091	1
16.11	1	1	4.51642e-092	0	0	4.51642e-092	1
16.12	2	1.41421	2.8025e-092	0	0	2.8025e-092	1
16.14	4	2	1.07736e-092	0	0	1.07736e-092	1
16.15	2	1.41421	6.6746e-093	0	0	6.6746e-093	1
16.17	1	1	2.5578e-093	0	0	2.5578e-093	1
16.19	1	1	9.78124e-094	0	0	9.78124e-094	1
16.2	2	1.41421	6.04386e-094	0	0	6.04386e-094	1
16.22	0	1	2.30392e-094	0	0	2.30392e-094	1
16.23	0	1	1.42135e-094	0	0	1.42135e-094	1
16.25	4	2	5.4011e-095	0	0	5.4011e-095	1
16.27	4	2	2.04808e-095	0	0	2.04808e-095	1
16.28	1	1	1.26019e-095	0	0	1.26019e-095	1
16.3	2	1.41421	4.76352e-096	0	0	4.76352e-096	1
16.31	4	2	2.92638e-096	0	0	2.92638e-096	1
16.33	1	1	1.10268e-096	0	0	1.10268e-096	1
16.34	2	1.41421	6.76342e-097	0	0	6.76342e-097	1
16.36	1	1	2.54046e-097	0	0	2.54046e-097	1
16.38	1	1	9.52231e-098	0	0	9.52231e-098	1
16.39	1	1	5.82525e-098	0	0	5.82525e-098	1
16.41	2	1.41421	2.17656e-098	0	0	2.17656e-098	1
16.42	1	1	1.3294e-098	0	0	1.3294e-098	1
16.44	4	2	4.95155e-099	0	0	4.95155e-099	1
16.46	2	1.41421	1.84039e-099	0	0	1.84039e-099	1
16.47	1	1	1.12112e-099	0	0	1.12112e-099	1
16.49	2	1.41421	4.15381e-100	0	0	4.15381e-100	1
16.5	2	1.41421	2.52639e-100	0	0	2.52639e-100	1
16.52	1	1	9.33089e-101	0	0	9.33089e-101	1
16.53	2	1.41421	5.66619e-101	0	0	5.66619e-101	1
16.55	2	1.41421	2.08613e-101	0	0	2.08613e-101	1
16.57	2	1.41421	7.66434e-102	0	0	7.66434e-102	1
16.58	3	1.73205	4.64193e-102	0	0	4.64193e-102	1
16.6	2	1.41421	1.70004e-102	0	0	1.70004e-102	1
16.61	0	1	1.02801e-102	0	0	1.02801e-102	1
16.63	1	1	3.75305e-103	0	0	3.75305e-103	1
16.65	0	1	1.36728e-103	0	0	1.36728e-103	1
16.66	2	1.41421	8.24611e-104	0	0	8.24611e-104	1
16.68	4	2	2.99466e-104	0	0	2.99466e-104	1
16.69	2	1.41421	1.80324e-104	0	0	1.80324e-104	1
16.71	2	1.41421	6.528e-105	0	0	6.528e-105	1
16.72	3	1.73205	3.92464e-105	0	0	3.92464e-105	1
16.74	2	1.41421	1.41629e-105	0	0	1.41629e-105	1
16.76	0	1	5.10024e-106	0	0	5.10024e-106	1
16.77	0	1	3.0582e-106	0	0	3.0582e-106	1
16.79	4	2	1.09782e-106	0	0	1.09782e-106	1
16.8	1	1	6.57233e-107	0	0	6.57233e-107	1
16.82	3	1.73205	2.35186e-107	0	0	2.35186e-107	1
16.83	5	2.23607	1.40577e-107	0	0	1.40577e-107	1
16.85	3	1.73205	5.01454e-108	0	0	5.01454e-108	1
16.87	3	1.73205	1.78498e-108	0	0	1.78498e-108	1
16.88	1	1	1.06412e-108	0	0	1.06412e-108	1
16.9	2	1.41421	3.77591e-109	0	0	3.77591e-109	1
16.91	3	1.73205	2.24747e-109	0	0	2.24747e-109	1
16.93	1	1	7.94968e-110	0	0	7.94968e-110	1
16.95	2	1.41421	2.80602e-110	0	0	2.80602e-110	1
16.96	7	2.64575	1.66578e-110	0	0	1.66578e-110	1
16.98	3	1.73205	5.86119e-111	0	0	5.86119e-111	1
16.99	2	1.41421	3.47397e-111	0	0	3.47397e-111	1
17.01	3	1.73205	1.21849e-111	0	0	1.21849e-111	1
17.02	7	2.64575	7.21067e-112	0	0	7.21067e-112	1
17.04	3	1.73205	2.52114e-112	0	0	2.52114e-112	1
17.06	2	1.41421	8.79637e-113	0	0	8.79637e-113	1
17.07	1	1	5.19174e-113	0	0	5.19174e-113	1
17.09	2	1.41421	1.8057e-113	0	0	1.8057e-113	1
17.1	2	1.41421	1.06407e-113	0	0	1.06407e-113	1
17.12	2	1.41421	3.68918e-114	0	0	3.68918e-114	1
17.14	5	2.23607	1.27636e-114	0	0	1.27636e-114	1
17.15	6	2.44949	7.50159e-115	0	0	7.50159e-115	1
17.17	6	2.44949	2.58717e-115	0	0	2.58717e-115	1
17.18	5	2.23607	1.51816e-115	0	0	1.51816e-115	1
17.2	6	2.44949	5.21934e-116	0	0	5.21934e-116	1
17.21	2	1.41421	3.05789e-116	0	0	3.05789e-116	1
17.23	4	2	1.04797e-116	0	0	1.04797e-116	1
17.25	2	1.41421	3.58391e-117	0	0	3.58391e-117	1
17.26	7	2.64575	2.0942e-117	0	0	2.0942e-117	1
17.28	5	2.23607	7.1393e-118	0	0	7.1393e-118	1
17.29	7	2.64575	4.16515e-118	0	0	4.16515e-118	1
17.31	5	2.23607	1.41545e-118	0	0	1.41545e-118	1
17.33	8	2.82843	4.80001e-119	0	0	4.80001e-119	1
17.34	4	2	2.79301e-119	0	0	2.79301e-119	1
17.36	5	2.23607	9.44166e-120	0	0	9.44166e-120	1
17.37	1	1	5.4852e-120	0	0	5.4852e-120	1
17.39	6	2.44949	1.84839e-120	0	0	1.84839e-120	1
17.4	6	2.44949	1.07214e-120	0	0	1.07214e-120	1
17.42	7	2.64575	3.60148e-121	0	0	3.60148e-121	1
17.44	2	1.41421	1.20724e-121	0	0	1.20724e-121	1
17.45	2	1.41421	6.98406e-122	0	0	6.98406e-122	1
17.47	3	1.73205	2.33372e-122	0	0	2.33372e-122	1
17.48	9	3	1.34795e-122	0	0	1.34795e-122	1
17.5	6	2.44949	4.48996e-123	0	0	4.48996e-123	1
17.52	3	1.73205	1.49243e-123	0	0	1.49243e-123	1
17.53	4	2	8.59759e-124	0	0	8.59759e-124	1
17.55	3	1.73205	2.84876e-124	0	0	2.84876e-124	1
17.56	4	2	1.63852e-124	0	0	1.63852e-124	1
17.58	4	2	5.41199e-125	0	0	5.41199e-125	1
17.59	6	2.44949	3.10789e-125	0	0	3.10789e-125	1
17.61	6	2.44949	1.02329e-125	0	0	1.02329e-125	1
17.63	1	1	3.36214e-126	0	0	3.36214e-126	1
17.64	5	2.23607	1.92567e-126	0	0	1.92567e-126	1
17.66	3	1.73205	6.30703e-127	0	0	6.30703e-127	1
17.67	1	1	3.60665e-127	0	0	3.60665e-127	1
17.69	2	1.41421	1.17754e-127	0	0	1.17754e-127	1
17.71	3	1.73205	3.83645e-128	0	0	3.83645e-128	1
17.72	0	1	2.18808e-128	0	0	2.18808e-128	1
17.74	2	1.41421	7.10634e-129	0	0	7.10634e-129	1
17.75	1	1	4.04663e-129	0	0	4.04663e-129	1
17.77	3	1.73205	1.3101e-129	0	0	1.3101e-129	1
17.78	2	1.41421	7.44842e-130	0	0	7.44842e-130	1
17.8	5	2.23607	2.40381e-130	0	0	2.40381e-130	1
17.82	5	2.23607	7.74142e-131	0	0	7.74142e-131	1
17.83	1	1	4.38973e-131	0	0	4.38973e-131	1
17.85	3	1.73205	1.40924e-131	0	0	1.40924e-131	1
17.86	1	1	7.9784e-132	0	0	7.9784e-132	1
17.88	0	1	2.55323e-132	0	0	2.55323e-132	1
17.89	2	1.41421	1.44322e-132	0	0	1.44322e-132	1
17.91	0	1	4.604e-133	0	0	4.604e-133	1
17.93	2	1.41421	1.46562e-133	0	0	1.46562e-133	1
17.94	6	2.44949	8.26267e-134	0	0	8.26267e-134	1
17.96	2	1.41421	2.622e-134	0	0	2.622e-134	1
17.97	3	1.73205	1.47586e-134	0	0	1.47586e-134	1
17.99	3	1.73205	4.66859e-135	0	0	4.66859e-135	1
18.01	4	2	1.4737e-135	0	0	1.4737e-135	1
18.02	3	1.73205	8.2733e-136	0	0	8.2733e-136	1
18.04	3	1.73205	2.60333e-136	0	0	2.60333e-136	1
18.05	0	1	1.45919e-136	0	0	1.45919e-136	1
18.07	2	1.41421	4.57709e-137	0	0	4.57709e-137	1
18.08	2	1.41421	2.56145e-137	0	0	2.56145e-137	1
18.1	2	1.41421	8.00922e-138	0	0	8.00922e-138	1
18.12	0	1	2.49908e-138	0	0	2.49908e-138	1
18.13	4	2	1.39486e-138	0	0	1.39486e-138	1
18.15	3	1.73205	4.33858e-139	0	0	4.33858e-139	1
18.16	2	1.41421	2.41775e-139	0	0	2.41775e-139	1
18.18	1	1	7.49644e-140	0	0	7.49644e-140	1
18.2	0	1	2.31944e-140	0	0	2.31944e-140	1
18.21	2	1.41421	1.28915e-140	0	0	1.28915e-140	1
18.23	2	1.41421	3.97611e-141	0	0	3.97611e-141	1
18.24	4	2	2.20644e-141	0	0	2.20644e-141	1
18.26	2	1.41421	6.78381e-142	0	0	6.78381e-142	1
18.27	3	1.73205	3.75856e-142	0	0	3.75856e-142	1
18.29	3	1.73205	1.15194e-142	0	0	1.15194e-142	1
18.31	3	1.73205	3.52308e-143	0	0	3.52308e-143	1
18.32	2	1.41421	1.94682e-143	0	0	1.94682e-143	1
18.34	2	1.41421	5.93534e-144	0	0	5.93534e-144	1
18.35	1	1	3.27463e-144	0	0	3.27463e-144	1
18.37	6	2.44949	9.95196e-145	0	0	9.95196e-145	1
18.39	4	2	3.01814e-145	0	0	3.01814e-145	1
18.4	2	1.41421	1.66078e-145	0	0	1.66078e-145	1
18.42	1	1	5.02077e-146	0	0	5.02077e-146	1
18.43	6	2.44949	2.75839e-146	0	0	2.75839e-146	1
18.45	2	1.41421	8.31268e-147	0	0	8.31268e-147	1
18.46	3	1.73205	4.55974e-147	0	0	4.55974e-147	1
18.48	0	1	1.36978e-147	0	0	1.36978e-147	1
18.5	1	1	4.10628e-148	0	0	4.10628e-148	1
18.51	3	1.73205	2.24649e-148	0	0	2.24649e-148	1
18.53	2	1.41421	6.71316e-149	0	0	6.71316e-149	1
18.54	2	1.41421	3.66687e-149	0	0	3.66687e-149	1
18.56	0	1	1.09231e-149	0	0	1.09231e-149	1
18.58	2	1.41421	3.24699e-150	0	0	3.24699e-150	1
18.59	2	1.41421	1.76891e-150	0	0	1.76891e-150	1
18.61	0	1	5.24163e-151	0	0	5.24163e-151	1
18.62	2	1.41421	2.85105e-151	0	0	2.85105e-151	1
18.64	2	1.41421	8.42156e-152	0	0	8.42156e-152	1
18.65	0	1	4.57345e-152	0	0	4.57345e-152	1
18.67	2	1.41421	1.34666e-152	0	0	1.34666e-152	1
18.69	3	1.73205	3.95694e-153	0	0	3.95694e-153	1
18.7	0	1	2.14322e-153	0	0	2.14322e-153	1
18.72	0	1	6.27759e-154	0	0	6.27759e-154	1
18.73	3	1.73205	3.39479e-154	0	0	3.39479e-154	1
18.75	3	1.73205	9.91213e-155	0	0	9.91213e-155	1
18.77	1	1	2.88805e-155	0	0	2.88805e-155	1
18.78	3	1.73205	1.55769e-155	0	0	1.55769e-155	1
18.8	1	1	4.52425e-156	0	0	4.52425e-156	1
18.81	3	1.73205	2.43633e-156	0	0	2.43633e-156	1
18.83	1	1	7.05388e-157	0	0	7.05388e-157	1
18.84	0	1	3.79255e-157	0	0	3.79255e-157	1
18.86	3	1.73205	1.09459e-157	0	0	1.09459e-157	1
18.88	0	1	3.15249e-158	0	0	3.15249e-158	1
18.89	1	1	1.69049e-158	0	0	1.69049e-158	1
18.91	0	1	4.85336e-159	0	0	4.85336e-159	1
18.92	1	1	2.59845e-159	0	0	2.59845e-159	1
18.94	2	1.41421	7.43656e-160	0	0	7.43656e-160	1
18.95	3	1.73205	3.97519e-160	0	0	3.97519e-160	1
18.97	1	1	1.13407e-160	0	0	1.13407e-160	1
18.99	0	1	3.22857e-161	0	0	3.22857e-161	1
19	1	1	1.72128e-161	0	0	1.72128e-161	1
19.02	1	1	4.88481e-162	0	0	4.88481e-162	1
19.03	2	1.41421	2.60017e-162	0	0	2.60017e-162	1
19.05	0	1	7.35571e-163	0	0	7.35571e-163	1
19.07	1	1	2.0765e-163	0	0	2.0765e-163	1
19.08	3	1.73205	1.10241e-163	0	0	1.10241e-163	1
19.1	0	1	3.10225e-164	0	0	3.10225e-164	1
19.11	3	1.73205	1.64437e-164	0	0	1.64437e-164	1
19.13	3	1.73205	4.61276e-165	0	0	4.61276e-165	1
19.14	0	1	2.44117e-165	0	0	2.44117e-165	1
19.16	2	1.41421	6.82631e-166	0	0	6.82631e-166	1
19.18	0	1	1.90484e-166	0	0	1.90484e-166	1
19.19	1	1	1.00543e-166	0	0	1.00543e-166	1
19.21	2	1.41421	2.79673e-167	0	0	2.79673e-167	1
19.22	2	1.41421	1.47386e-167	0	0	1.47386e-167	1
19.24	3	1.73205	4.0868e-168	0	0	4.0868e-168	1
19.26	4	2	1.13082e-168	0	0	1.13082e-168	1
19.27	2	1.41421	5.94369e-169	0	0	5.94369e-169	1
19.29	5	2.23607	1.63943e-169	0	0	1.63943e-169	1
19.3	0	1	8.60338e-170	0	0	8.60338e-170	1
19.32	2	1.41421	2.36556e-170	0	0	2.36556e-170	1
19.33	2	1.41421	1.23943e-170	0	0	1.23943e-170	1
19.35	0	1	3.39715e-171	0	0	3.39715e-171	1
19.37	2	1.41421	9.29159e-172	0	0	9.29159e-172	1
19.38	0	1	4.85551e-172	0	0	4.85551e-172	1
19.4	3	1.73205	1.32385e-172	0	0	1.32385e-172	1
19.41	1	1	6.9071e-173	0	0	6.9071e-173	1
19.43	1	1	1.87727e-173	0	0	1.87727e-173	1
19.45	3	1.73205	5.09143e-174	0	0	5.09143e-174	1
19.46	0	1	2.64944e-174	0	0	2.64944e-174	1
19.48	5	2.23607	7.163e-175	0	0	7.163e-175	1
19.49	1	1	3.72154e-175	0	0	3.72154e-175	1
19.51	2	1.41421	1.00298e-175	0	0	1.00298e-175	1
19.52	3	1.73205	5.20273e-176	0	0	5.20273e-176	1
19.54	1	1	1.39774e-176	0	0	1.39774e-176	1
19.56	1	1	3.74719e-177	0	0	3.74719e-177	1
19.57	8	2.82843	1.93866e-177	0	0	1.93866e-177	1
19.59	2	1.41421	5.18094e-178	0	0	5.18094e-178	1
19.6	4	2	2.6762e-178	0	0	2.6762e-178	1
19.62	1	1	7.12938e-179	0	0	7.12938e-179	1
19.64	1	1	1.89527e-179	0	0	1.89527e-179	1
19.65	2	1.41421	9.76418e-180	0	0	9.76418e-180	1
19.67	3	1.73205	2.5875e-180	0	0	2.5875e-180	1
19.68	2	1.41421	1.33094e-180	0	0	1.33094e-180	1
19.7	1	1	3.51586e-181	0	0	3.51586e-181	1
19.71	0	1	1.80561e-181	0	0	1.80561e-181	1
19.73	6	2.44949	4.75469e-182	0	0	4.75469e-182	1
19.75	1	1	1.24941e-182	0	0	1.24941e-182	1
19.76	1	1	6.39961e-183	0	0	6.39961e-183	1
19.78	4	2	1.67635e-183	0	0	1.67635e-183	1
19.79	1	1	8.57285e-184	0	0	8.57285e-184	1
19.81	1	1	2.23853e-184	0	0	2.23853e-184	1
19.83	1	1	5.83289e-185	0	0	5.83289e-185	1
19.84	0	1	2.9751e-185	0	0	2.9751e-185	1
19.86	4	2	7.72769e-186	0	0	7.72769e-186	1
19.87	2	1.41421	3.93532e-186	0	0	3.93532e-186	1
19.89	3	1.73205	1.01896e-186	0	0	1.01896e-186	1
19.9	2	1.41421	5.18084e-187	0	0	5.18084e-187	1
19.92	3	1.73205	1.33722e-187	0	0	1.33722e-187	1
19.94	0	1	3.4442e-188	0	0	3.4442e-188	1
19.95	2	1.41421	1.74658e-188	0	0	1.74658e-188	1
19.97	5	2.23607	4.48438e-189	0	0	4.48438e-189	1
19.98	2	1.41421	2.27047e-189	0	0	2.27047e-189	1
20	2	1.41421	5.81107e-190	0	0	5.81107e-190	1
20.02	0	1	1.48416e-190	0	0	1.48416e-190	1
20.03	1	1	7.49464e-191	0	0	7.49464e-191	1
20.05	2	1.41421	1.90811e-191	0	0	1.90811e-191	1
20.06	2	1.41421	9.62023e-192	0	0	9.62023e-192	1
20.08	0	1	2.44154e-192	0	0	2.44154e-192	1
20.09	2	1.41421	1.22902e-192	0	0	1.22902e-192	1
20.11	2	1.41421	3.10932e-193	0	0	3.10932e-193	1
20.13	1	1	7.84976e-194	0	0	7.84976e-194	1
20.14	1	1	3.94101e-194	0	0	3.94101e-194	1
20.16	1	1	9.91802e-195	0	0	9.91802e-195	1
20.17	3	1.73205	4.97153e-195	0	0	4.97153e-195	1
20.19	5	2.23607	1.2472e-195	0	0	1.2472e-195	1
20.2	4	2	6.24185e-196	0	0	6.24185e-196	1
20.22	1	1	1.56093e-196	0	0	1.56093e-196	1
20.24	2	1.41421	3.89529e-197	0	0	3.89529e-197	1
20.25	0	1	1.94435e-197	0	0	1.94435e-197	1
20.27	1	1	4.83678e-198	0	0	4.83678e-198	1
20.28	1	1	2.41048e-198	0	0	2.41048e-198	1
20.3	2	1.41421	5.97742e-199	0	0	5.97742e-199	1
20.32	4	2	1.47913e-199	0	0	1.47913e-199	1
20.33	2	1.41421	7.35209e-200	0	0	7.35209e-200	1
20.35	3	1.73205	1.81356e-200	0	0	1.81356e-200	1
20.36	0	1	9.00013e-201	0	0	9.00013e-201	1
20.38	3	1.73205	2.21308e-201	0	0	2.21308e-201	1
20.39	4	2	1.09655e-201	0	0	1.09655e-201	1
20.41	1	1	2.68783e-202	0	0	2.68783e-202	1
20.43	2	1.41421	6.57447e-203	0	0	6.57447e-203	1
20.44	0	1	3.24898e-203	0	0	3.24898e-203	1
20.46	2	1.41421	7.92196e-204	0	0	7.92196e-204	1
20.47	0	1	3.9087e-204	0	0	3.9087e-204	1
20.49	0	1	9.50047e-205	0	0	9.50047e-205	1
20.51	1	1	2.30432e-205	0	0	2.30432e-205	1
20.52	2	1.41421	1.13396e-205	0	0	1.13396e-205	1
20.54	0	1	2.74171e-206	0	0	2.74171e-206	1
20.55	0	1	1.34707e-206	0	0	1.34707e-206	1
20.57	2	1.41421	3.2467e-207	0	0	3.2467e-207	1
20.58	2	1.41421	1.59267e-207	0	0	1.59267e-207	1
20.6	5	2.23607	3.82651e-208	0	0	3.82651e-208	1
20.62	3	1.73205	9.17414e-209	0	0	9.17414e-209	1
20.63	4	2	4.48852e-209	0	0	4.48852e-209	1
20.65	2	1.41421	1.07274e-209	0	0	1.07274e-209	1
20.66	3	1.73205	5.24016e-210	0	0	5.24016e-210	1
20.68	2	1.41421	1.24842e-210	0	0	1.24842e-210	1
20.7	1	1	2.96798e-211	0	0	2.96798e-211	1
20.71	3	1.73205	1.446e-211	0	0	1.446e-211	1
20.73	2	1.41421	3.42686e-212	0	0	3.42686e-212	1
20.74	2	1.41421	1.66693e-212	0	0	1.66693e-212	1
20.76	2	1.41421	3.93797e-213	0	0	3.93797e-213	1
20.77	1	1	1.91252e-213	0	0	1.91252e-213	1
20.79	1	1	4.50389e-214	0	0	4.50389e-214	1
20.81	1	1	1.05841e-214	0	0	1.05841e-214	1
20.82	5	2.23607	5.12677e-215	0	0	5.12677e-215	1
20.84	2	1.41421	1.20098e-215	0	0	1.20098e-215	1
20.85	1	1	5.80818e-216	0	0	5.80818e-216	1
20.87	2	1.41421	1.35631e-216	0	0	1.35631e-216	1
20.89	4	2	3.16056e-217	0	0	3.16056e-217	1
20.9	0	1	1.52449e-217	0	0	1.52449e-217	1
20.92	3	1.73205	3.54124e-218	0	0	3.54124e-218	1
20.93	1	1	1.7054e-218	0	0	1.7054e-218	1
20.95	2	1.41421	3.94899e-219	0	0	3.94899e-219	1
20.96	0	1	1.89877e-219	0	0	1.89877e-219	1
20.98	0	1	4.38285e-220	0	0	4.38285e-220	1
21	0	1	1.00955e-220	0	0	1.00955e-220	1
21.01	1	1	4.84137e-221	0	0	4.84137e-221	1
21.03	1	1	1.11164e-221	0	0	1.11164e-221	1
21.04	2	1.41421	5.32255e-222	0	0	5.32255e-222	1
21.06	1	1	1.21827e-222	0	0	1.21827e-222	1
21.08	1	1	2.7826e-223	0	0	2.7826e-223	1
21.09	2	1.41421	1.32881e-223	0	0	1.32881e-223	1
21.11	1	1	3.0255e-224	0	0	3.0255e-224	1
21.12	1	1	1.44252e-224	0	0	1.44252e-224	1
21.14	1	1	3.27403e-225	0	0	3.27403e-225	1
21.15	2	1.41421	1.55855e-225	0	0	1.55855e-225	1
21.17	2	1.41421	3.52622e-226	0	0	3.52622e-226	1
21.19	3	1.73205	7.96128e-227	0	0	7.96128e-227	1
21.2	1	1	3.77987e-227	0	0	3.77987e-227	1
21.22	1	1	8.507e-228	0	0	8.507e-228	1
21.23	1	1	4.03258e-228	0	0	4.03258e-228	1
21.25	1	1	9.04712e-229	0	0	9.04712e-229	1
21.26	1	1	4.28184e-229	0	0	4.28184e-229	1
21.28	2	1.41421	9.57601e-230	0	0	9.57601e-230	1
21.3	2	1.41421	2.13709e-230	0	0	2.13709e-230	1
21.31	1	1	1.00879e-230	0	0	1.00879e-230	1
21.33	0	1	2.24422e-231	0	0	2.24422e-231	1
21.34	2	1.41421	1.05768e-231	0	0	1.05768e-231	1
21.36	1	1	2.34556e-232	0	0	2.34556e-232	1
21.38	1	1	5.19067e-233	0	0	5.19067e-233	1
21.39	3	1.73205	2.43988e-233	0	0	2.43988e-233	1
21.41	2	1.41421	5.38235e-234	0	0	5.38235e-234	1
21.42	2	1.41421	2.52599e-234	0	0	2.52599e-234	1
21.44	4	2	5.55471e-235	0	0	5.55471e-235	1
21.45	1	1	2.60276e-235	0	0	2.60276e-235	1
21.47	2	1.41421	5.70547e-236	0	0	5.70547e-236	1
21.49	2	1.41421	1.24805e-236	0	0	1.24805e-236	1
21.5	1	1	5.83258e-237	0	0	5.83258e-237	1
21.52	1	1	1.27183e-237	0	0	1.27183e-237	1
21.53	2	1.41421	5.93432e-238	0	0	5.93432e-238	1
21.55	0	1	1.28993e-238	0	0	1.28993e-238	1
21.57	2	1.41421	2.798e-239	0	0	2.798e-239	1
21.58	1	1	1.3021e-239	0	0	1.3021e-239	1
21.6	2	1.41421	2.81548e-240	0	0	2.81548e-240	1
21.61	1	1	1.30816e-240	0	0	1.30816e-240	1
21.63	2	1.41421	2.81966e-241	0	0	2.81966e-241	1
21.64	1	1	1.30804e-241	0	0	1.30804e-241	1
21.66	1	1	2.81049e-242	0	0	2.81049e-242	1
21.68	4	2	6.02597e-243	0	0	6.02597e-243	1
21.69	1	1	2.78809e-243	0	0	2.78809e-243	1
21.71	2	1.41421	5.95908e-244	0	0	5.95908e-244	1
21.72	0	1	2.75279e-244	0	0	2.75279e-244	1
21.74	1	1	5.86505e-245	0	0	5.86505e-245	1
21.76	0	1	1.24697e-245	0	0	1.24697e-245	1
21.77	0	1	5.74519e-246	0	0	5.74519e-246	1
21.79	4	2	1.21763e-246	0	0	1.21763e-246	1
21.8	1	1	5.60116e-247	0	0	5.60116e-247	1
21.82	1	1	1.18336e-247	0	0	1.18336e-247	1
21.83	1	1	5.43489e-248	0	0	5.43489e-248	1
21.85	3	1.73205	1.14461e-248	0	0	1.14461e-248	1
21.87	2	1.41421	2.4055e-249	0	0	2.4055e-249	1
21.88	1	1	1.10189e-249	0	0	1.10189e-249	1
21.9	1	1	2.30841e-250	0	0	2.30841e-250	1
21.91	1	1	1.05574e-250	0	0	1.05574e-250	1
21.93	1	1	2.20475e-251	0	0	2.20475e-251	1
21.95	2	1.41421	4.5946e-252	0	0	4.5946e-252	1
21.96	2	1.41421	2.09579e-252	0	0	2.09579e-252	1
21.98	1	1	4.35374e-253	0	0	4.35374e-253	1
21.99	0	1	1.98279e-253	0	0	1.98279e-253	1
22.01	2	1.41421	4.10599e-254	0	0	4.10599e-254	1
22.02	3	1.73205	1.86701e-254	0	0	1.86701e-254	1
22.04	3	1.73205	3.85402e-255	0	0	3.85402e-255	1
22.06	0	1	7.93902e-256	0	0	7.93902e-256	1
22.07	1	1	3.60039e-256	0	0	3.60039e-256	1
22.09	3	1.73205	7.39315e-257	0	0	7.39315e-257	1
22.1	0	1	3.34754e-257	0	0	3.34754e-257	1
22.12	3	1.73205	6.85224e-258	0	0	6.85224e-258	1
22.14	0	1	1.39966e-258	0	0	1.39966e-258	1
22.15	1	1	6.32086e-259	0	0	6.32086e-259	1
22.17	0	1	1.28705e-259	0	0	1.28705e-259	1
22.18	2	1.41421	5.8031e-260	0	0	5.8031e-260	1
22.2	3	1.73205	1.17789e-260	0	0	1.17789e-260	1
22.21	1	1	5.30254e-261	0	0	5.30254e-261	1
22.23	1	1	1.07289e-261	0	0	1.07289e-261	1
22.25	1	1	2.16627e-262	0	0	2.16627e-262	1
22.26	2	1.41421	9.72629e-263	0	0	9.72629e-263	1
22.28	0	1	1.95763e-263	0	0	1.95763e-263	1
22.29	0	1	8.77564e-264	0	0	8.77564e-264	1
22.31	1	1	1.76071e-264	0	0	1.76071e-264	1
22.32	1	1	7.88045e-265	0	0	7.88045e-265	1
22.34	0	1	1.57611e-265	0	0	1.57611e-265	1
22.36	4	2	3.14564e-266	0	0	3.14564e-266	1
22.37	1	1	1.40419e-266	0	0	1.40419e-266	1
22.39	0	1	2.79367e-267	0	0	2.79367e-267	1
22.4	2	1.41421	1.24511e-267	0	0	1.24511e-267	1
22.42	0	1	2.46935e-268	0	0	2.46935e-268	1
22.44	0	1	4.88699e-269	0	0	4.88699e-269	1
22.45	0	1	2.17234e-269	0	0	2.17234e-269	1
22.47	1	1	4.28564e-270	0	0	4.28564e-270	1
22.48	1	1	1.90202e-270	0	0	1.90202e-270	1
22.5	0	1	3.7405e-271	0	0	3.7405e-271	1
22.51	1	1	1.65746e-271	0	0	1.65746e-271	1
22.53	1	1	3.24925e-272	0	0	3.24925e-272	1
22.55	0	1	6.35636e-273	0	0	6.35636e-273	1
22.56	1	1	2.80917e-273	0	0	2.80917e-273	1
22.58	1	1	5.4781e-274	0	0	5.4781e-274	1
22.59	1	1	2.4172e-274	0	0	2.4172e-274	1
22.61	0	1	4.69885e-275	0	0	4.69885e-275	1
22.63	0	1	9.11497e-276	0	0	9.11497e-276	1
22.64	0	1	4.01138e-276	0	0	4.01138e-276	1
22.66	1	1	7.75683e-277	0	0	7.75683e-277	1
22.67	0	1	3.40829e-277	0	0	3.40829e-277	1
22.69	0	1	6.56982e-278	0	0	6.56982e-278	1
22.7	0	1	2.88216e-278	0	0	2.88216e-278	1
22.72	1	1	5.53813e-279	0	0	5.53813e-279	1
22.74	1	1	1.06192e-279	0	0	1.06192e-279	1
22.75	1	1	4.64636e-280	0	0	4.64636e-280	1
22.77	1	1	8.88113e-281	0	0	8.88113e-281	1
22.78	1	1	3.87974e-281	0	0	3.87974e-281	1
22.8	2	1.41421	7.3924e-282	0	0	7.3924e-282	1
22.82	1	1	1.40557e-282	0	0	1.40557e-282	1
22.83	0	1	6.12411e-283	0	0	6.12411e-283	1
22.85	0	1	1.16074e-283	0	0	1.16074e-283	1
22.86	1	1	5.04941e-284	0	0	5.04941e-284	1
22.88	0	1	9.54028e-285	0	0	9.54028e-285	1
22.89	0	1	4.14361e-285	0	0	4.14361e-285	1
22.91	0	1	7.80416e-286	0	0	7.80416e-286	1
22.93	2	1.41421	1.46676e-286	0	0	1.46676e-286	1
22.94	1	1	6.35377e-287	0	0	6.35377e-287	1
22.96	1	1	1.19039e-287	0	0	1.19039e-287	1
22.97	2	1.41421	5.14845e-288	0	0	5.14845e-288	1
22.99	0	1	9.6153e-289	0	0	9.6153e-289	1
23.01	2	1.41421	1.79198e-289	0	0	1.79198e-289	1
23.02	1	1	7.72993e-290	0	0	7.72993e-290	1
23.04	0	1	1.43606e-290	0	0	1.43606e-290	1
23.05	0	1	6.18484e-291	0	0	6.18484e-291	1
23.07	1	1	1.14539e-291	0	0	1.14539e-291	1
23.08	0	1	4.92518e-292	0	0	4.92518e-292	1
23.1	1	1	9.09229e-293	0	0	9.09229e-293	1
23.12	1	1	1.67498e-293	0	0	1.67498e-293	1
23.13	2	1.41421	7.18346e-294	0	0	7.18346e-294	1
23.15	0	1	1.31916e-294	0	0	1.31916e-294	1
23.16	1	1	5.64852e-295	0	0	5.64852e-295	1
23.18	1	1	1.03401e-295	0	0	1.03401e-295	1
23.2	0	1	1.88886e-296	0	0	1.88886e-296	1
23.21	0	1	8.06664e-297	0	0	8.06664e-297	1
23.23	0	1	1.4689e-297	0	0	1.4689e-297	1
23.24	0	1	6.26327e-298	0	0	6.26327e-298	1
23.26	0	1	1.13692e-298	0	0	1.13692e-298	1
23.27	1	1	4.84005e-299	0	0	4.84005e-299	1
23.29	0	1	8.75799e-300	0	0	8.75799e-300	1
23.31	2	1.41421	1.58141e-300	0	0	1.58141e-300	1
23.32	1	1	6.7146e-301	0	0	6.7146e-301	1
23.34	0	1	1.20861e-301	0	0	1.20861e-301	1
23.35	2	1.41421	5.12362e-302	0	0	5.12362e-302	1
23.37	4	2	9.19327e-303	0	0	9.19327e-303	1
23.38	1	1	3.89111e-303	0	0	3.89111e-303	1
23.4	1	1	6.95974e-304	0	0	6.95974e-304	1
23.42	0	1	1.24222e-304	0	0	1.24222e-304	1
23.43	0	1	5.24393e-305	0	0	5.24393e-305	1
23.45	3	1.73205	9.33015e-306	0	0	9.33015e-306	1
23.46	2	1.41421	3.93243e-306	0	0	3.93243e-306	1
23.48	1	1	6.9746e-307	0	0	6.9746e-307	1
23.5	1	1	1.23442e-307	0	0	1.23442e-307	1
23.51	1	1	5.18909e-308	0	0	5.18909e-308	1
23.53	0	1	9.15505e-309	0	0	9.15505e-309	1
23.54	1	1	3.8424e-309	0	0	3.8424e-309	1
23.56	0	1	6.7577e-310	0	0	6.7577e-310	1
23.57	2	1.41421	2.83175e-310	0	0	2.83175e-310	1
23.59	0	1	4.96453e-311	0	0	4.96453e-311	1
23.61	2	1.41421	8.68533e-312	0	0	8.68533e-312	1
23.62	3	1.73205	3.62992e-312	0	0	3.62992e-312	1
23.64	1	1	6.33042e-313	0	0	6.33042e-313	1
23.65	1	1	2.64154e-313	0	0	2.64154e-313	1
23.67	1	1	4.59218e-314	0	0	4.59218e-314	1
23.69	2	1.41421	7.96645e-315	0	0	7.96645e-315	1
23.7	3	1.73205	3.31547e-315	0	0	3.31547e-315	1
23.72	0	1	5.73348e-316	0	0	5.73348e-316	1
23.73	0	1	2.38238e-316	0	0	2.38238e-316	1
23.75	0	1	4.10683e-317	0	0	4.10683e-317	1
23.76	1	1	1.70368e-317	0	0	1.70368e-317	1
23.78	0	1	2.92664e-318	0	0	2.92664e-318	1
23.8	2	1.41421	5.01012e-319	0	0	5.01012e-319	1
23.81	0	1	2.07735e-319	0	0	2.07735e-319	1
23.83	1	1	3.54393e-320	0	0	3.54393e-320	1
23.84	0	1	1.46639e-320	0	0	1.46639e-320	1
23.86	1	1	2.44562e-321	0	0	2.44562e-321	1
23.88	2	1.41421	0	0	0	0	1
23.89	0	1	0	0	0	0	1
23.91	1	1	0	0	0	0	1
23.92	1	1	0	0	0	0	1
23.94	1	1	0	0	0	0	1
23.95	4	2	0	0	0	0	1
23.97	2	1.41421	0	0	0	0	1
23.99	0	1	0	0	0	0	1
24	0	1	0	0	0	0	1
24.02	0	1	0	0	0	0	1
24.03	0	1	0	0	0	0	1
24.05	2	1.41421	0	0	0	0	1
24.07	1	1	0	0	0	0	1
24.08	4	2	0	0	0	0	1
24.1	0	1	0	0	0	0	1
24.11	2	1.41421	0	0	0	0	1
24.13	2	1.41421	0	0	0	0	1
24.14	1	1	0	0	0	0	1
24.16	1	1	0	0	0	0	1
24.18	0	1	0	0	0	0	1
24.19	0	1	0	0	0	0	1
24.21	3	1.73205	0	0	0	0	1
24.22	1	1	0	0	0	0	1
24.24	0	1	0	0	0	0	1
24.26	0	1	0	0	0	0	1
24.27	0	1	0	0	0	0	1
24.29	1	1	0	0	0	0	1
24.3	0	1	0	0	0	0	1
24.32	3	1.73205	0	0	0	0	1
24.33	1	1	0	0	0	0	1
24.35	2	1.41421	0	0	0	0	1
24.37	0	1	0	0	0	0	1
24.38	0	1	0	0	0	0	1
24.4	0	1	0	0	0	0	1
24.41	0	1	0	0	0	0	1
24.43	0	1	0	0	0	0	1
24.45	2	1.41421	0	0	0	0	1
24.46	2	1.41421	0	0	0	0	1
24.48	2	1.41421	0	0	0	0	1
24.49	0	1	0	0	0	0	1
24.51	1	1	0	0	0	0	1
24.52	2	1.41421	0	0	0	0	1
24.54	2	1.41421	0	0	0	0	1
24.56	1	1	0	0	0	0	1
24.57	3	1.73205	0	0	0	0	1
24.59	2	1.41421	0	0	0	0	1
24.6	0	1	0	0	0	0	1
24.62	2	1.41421	0	0	0	0	1
24.63	0	1	0	0	0	0	1
24.65	0	1	0	0	0	0	1
24.67	1	1	0	0	0	0	1
24.68	1	1	0	0	0	0	1
24.7	2	1.41421	0	0	0	0	1
24.71	1	1	0	0	0	0	1
24.73	3	1.73205	0	0	0	0	1
24.75	0	1	0	0	0	0	1
24.76	1	1	0	0	0	0	1
24.78	0	1	0	0	0	0	1
24.79	2	1.41421	0	0	0	0	1
24.81	2	1.41421	0	0	0	0	1
24.82	0	1	0	0	0	0	1
24.84	0	1	0	0	0	0	1
24.86	1	1	0	0	0	0	1
24.87	0	1	0	0	0	0	1
24.89	1	1	0	0	0	0	1
24.9	0	1	0	0	0	0	1
24.92	2	1.41421	0	0	0	0	1
24.94	1	1	0	0	0	0	1
24.95	0	1	0	0	0	0	1
24.97	1	1	0	0	0	0	1
24.98	2	1.41421	0	0	0	0	1
25	0	1	0	0	0	0	1
25.01	2	1.41421	0	0	0	0	1
25.03	0	1	0	0	0	0	1
25.05	0	1	0	0	0	0	1
25.06	0	1	0	0	0	0	1
25.08	0	1	0	0	0	0	1
25.09	1	1	0	0	0	0	1
25.11	0	1	0	0	0	0	1
25.13	0	1	0	0	0	0	1
25.14	1	1	0	0	0	0	1
25.16	1	1	0	0	0	0	1
25.17	1	1	0	0	0	0	1
25.19	0	1	0	0	0	0	1
25.2	1	1	0	0	0	0	1
25.22	2	1.41421	0	0	0	0	1
25.24	1	1	0	0	0	0	1
25.25	2	1.41421	0	0	0	0	1
25.27	0	1	0	0	0	0	1
25.28	0	1	0	0	0	0	1
25.3	1	1	0	0	0	0	1
25.32	2	1.41421	0	0	0	0	1
25.33	2	1.41421	0	0	0	0	1
25.35	1	1	0	0	0	0	1
25.36	1	1	0	0	0	0	1
25.38	0	1	0	0	0	0	1
25.39	1	1	0	0	0	0	1
25.41	1	1	0	0	0	0	1
25.43	0	1	0	0	0	0	1
25.44	1	1	0	0	0	0	1
25.46	1	1	0	0	0	0	1
25.47	1	1	0	0	0	0	1
25.49	1	1	0	0	0	0	1
25.51	0	1	0	0	0	0	1
25.52	0	1	0	0	0	0	1
25.54	2	1.41421	0	0	0	0	1
25.55	1	1	0	0	0	0	1
25.57	0	1	0	0	0	0	1
25.58	0	1	0	0	0	0	1
25.6	0	1	0	0	0	0	1
25.62	1	1	0	0	0	0	1
25.63	0	1	0	0	0	0	1
25.65	2	1.41421	0	0	0	0	1
25.66	0	1	0	0	0	0	1
25.68	1	1	0	0	0	0	1
25.69	0	1	0	0	0	0	1
25.71	0	1	0	0	0	0	1
25.73	1	1	0	0	0	0	1
25.74	0	1	0	0	0	0	1
25.76	1	1	0	0	0	0	1
25.77	1	1	0	0	0	0	1
25.79	0	1	0	0	0	0	1
25.81	0	1	0	0	0	0	1
25.82	1	1	0	0	0	0	1
25.84	1	1	0	0	0	0	1
25.85	0	1	0	0	0	0	1
25.87	1	1	0	0	0	0	1
25.88	0	1	0	0	0	0	1
25.9	0	1	0	0	0	0	1
25.92	1	1	0	0	0	0	1
25.93	1	1	0	0	0	0	1
25.95	1	1	0	0	0	0	1
25.96	0	1	0	0	0	0	1
25.98	1	1	0	0	0	0	1
26	0	1	0	0	0	0	1
26.01	1	1	0	0	0	0	1
26.03	0	1	0	0	0	0	1
26.04	2	1.41421	0	0	0	0	1
26.06	0	1	0	0	0	0	1
26.07	1	1	0	0	0	0	1
26.09	0	1	0	0	0	0	1
26.11	0	1	0	0	0	0	1
26.12	0	1	0	0	0	0	1
26.14	1	1	0	0	0	0	1
26.15	0	1	0	0	0	0	1
26.17	1	1	0	0	0	0	1
26.19	1	1	0	0	0	0	1
26.2	1	1	0	0	0	0	1
26.22	0	1	0	0	0	0	1
26.23	1	1	0	0	0	0	1
26.25	0	1	0	0	0	0	1
26.26	0	1	0	0	0	0	1
26.28	0	1	0	0	0	0	1
26.3	1	1	0	0	0	0	1
26.31	0	1	0	0	0	0	1
26.33	0	1	0	0	0	0	1
26.34	0	1	0	0	0	0	1
26.36	1	1	0	0	0	0	1
26.38	0	1	0	0	0	0	1
26.39	0	1	0	0	0	0	1
26.41	1	1	0	0	0	0	1
26.42	0	1	0	0	0	0	1
26.44	0	1	0	0	0	0	1
26.45	2	1.41421	0	0	0	0	1
26.47	0	1	0	0	0	0	1
26.49	0	1	0	0	0	0	1
26.5	0	1	0	0	0	0	1
26.52	0	1	0	0	0	0	1
26.53	0	1	0	0	0	0	1
26.55	0	1	0	0	0	0	1
26.57	0	1	0	0	0	0	1
26.58	0	1	0	0	0	0	1
26.6	1	1	0	0	0	0	1
26.61	0	1	0	0	0	0	1
26.63	2	1.41421	0	0	0	0	1
26.64	1	1	0	0	0	0	1
26.66	0	1	0	0	0	0	1
26.68	1	1	0	0	0	0	1
26.69	0	1	0	0	0	0	1
26.71	0	1	0	0	0	0	1
26.72	1	1	0	0	0	0	1
26.74	0	1	0	0	0	0	1
26.75	0	1	0	0	0	0	1
26.77	0	1	0	0	0	0	1
26.79	0	1	0	0	0	0	1
26.8	1	1	0	0	0	0	1
26.82	2	1.41421	0	0	0	0	1
26.83	0	1	0	0	0	0	1
26.85	0	1	0	0	0	0	1
26.87	0	1	0	0	0	0	1
26.88	0	1	0	0	0	0	1
26.9	0	1	0	0	0	0	1
26.91	0	1	0	0	0	0	1
26.93	0	1	0	0	0	0	1
26.94	1	1	0	0	0	0	1
26.96	0	1	0	0	0	0	1
26.98	1	1	0	0	0	0	1
26.99	2	1.41421	0	0	0	0	1
27.01	0	1	0	0	0	0	1
27.02	0	1	0	0	0	0	1
27.04	0	1	0	0	0	0	1
27.06	0	1	0	0	0	0	1
27.07	0	1	0	0	0	0	1
27.09	0	1	0	0	0	0	1
27.1	1	1	0	0	0	0	1
27.12	0	1	0	0	0	0	1
27.13	0	1	0	0	0	0	1
27.15	0	1	0	0	0	0	1
27.17	1	1	0	0	0	0	1
27.18	0	1	0	0	0	0	1
27.2	1	1	0	0	0	0	1
27.21	0	1	0	0	0	0	1
27.23	0	1	0	0	0	0	1
27.25	0	1	0	0	0	0	1
27.26	0	1	0	0	0	0	1
27.28	0	1	0	0	0	0	1
27.29	2	1.41421	0	0	0	0	1
27.31	0	1	0	0	0	0	1
27.32	0	1	0	0	0	0	1
27.34	0	1	0	0	0	0	1
27.36	1	1	0	0	0	0	1
27.37	0	1	0	0	0	0	1
27.39	1	1	0	0	0	0	1
27.4	0	1	0	0	0	0	1
27.42	0	1	0	0	0	0	1
27.44	0	1	0	0	0	0	1
27.45	0	1	0	0	0	0	1
27.47	0	1	0	0	0	0	1
27.48	0	1	0	0	0	0	1
27.5	0	1	0	0	0	0	1
27.51	1	1	0	0	0	0	1
27.53	0	1	0	0	0	0	1
27.55	0	1	0	0	0	0	1
27.56	2	1.41421	0	0	0	0	1
27.58	1	1	0	0	0	0	1
27.59	0	1	0	0	0	0	1
27.61	0	1	0	0	0	0	1
27.63	0	1	0	0	0	0	1
27.64	0	1	0	0	0	0	1
27.66	1	1	0	0	0	0	1
27.67	0	1	0	0	0	0	1
27.69	0	1	0	0	0	0	1
27.7	0	1	0	0	0	0	1
27.72	0	1	0	0	0	0	1
27.74	0	1	0	0	0	0	1
27.75	1	1	0	0	0	0	1
27.77	0	1	0	0	0	0	1
27.78	0	1	0	0	0	0	1
27.8	1	1	0	0	0	0	1
27.81	0	1	0	0	0	0	1
27.83	0	1	0	0	0	0	1
27.85	0	1	0	0	0	0	1
27.86	2	1.41421	0	0	0	0	1
27.88	2	1.41421	0	0	0	0	1
27.89	0	1	0	0	0	0	1
27.91	0	1	0	0	0	0	1
27.93	1	1	0	0	0	0	1
27.94	0	1	0	0	0	0	1
27.96	0	1	0	0	0	0	1
27.97	1	1	0	0	0	0	1
27.99	0	1	0	0	0	0	1
28	1	1	0	0	0	0	1
28.02	0	1	0	0	0	0	1
28.04	0	1	0	0	0	0	1
28.05	0	1	0	0	0	0	1
28.07	0	1	0	0	0	0	1
28.08	0	1	0	0	0	0	1
28.1	0	1	0	0	0	0	1
28.12	0	1	0	0	0	0	1
28.13	0	1	0	0	0	0	1
28.15	1	1	0	0	0	0	1
28.16	0	1	0	0	0	0	1
28.18	1	1	0	0	0	0	1
28.19	1	1	0	0	0	0	1
28.21	0	1	0	0	0	0	1
28.23	1	1	0	0	0	0	1
28.24	0	1	0	0	0	0	1
28.26	0	1	0	0	0	0	1
28.27	0	1	0	0	0	0	1
28.29	1	1	0	0	0	0	1
28.31	2	1.41421	0	0	0	0	1
28.32	0	1	0	0	0	0	1
28.34	0	1	0	0	0	0	1
28.35	0	1	0	0	0	0	1
28.37	1	1	0	0	0	0	1
28.38	0	1	0	0	0	0	1
28.4	0	1	0	0	0	0	1
28.42	0	1	0	0	0	0	1
28.43	0	1	0	0	0	0	1
28.45	0	1	0	0	0	0	1
28.46	1	1	0	0	0	0	1
28.48	1	1	0	0	0	0	1
28.5	0	1	0	0	0	0	1
28.51	1	1	0	0	0	0	1
28.53	0	1	0	0	0	0	1
28.54	0	1	0	0	0	0	1
28.56	3	1.73205	0	0	0	0	1
28.57	0	1	0	0	0	0	1
28.59	0	1	0	0	0	0	1
28.61	0	1	0	0	0	0	1
28.62	0	1	0	0	0	0	1
28.64	0	1	0	0	0	0	1
28.65	0	1	0	0	0	0	1
28.67	0	1	0	0	0	0	1
28.69	0	1	0	0	0	0	1
28.7	0	1	0	0	0	0	1
28.72	0	1	0	0	0	0	1
28.73	1	1	0	0	0	0	1
28.75	2	1.41421	0	0	0	0	1
28.76	1	1	0	0	0	0	1
28.78	0	1	0	0	0	0	1
28.8	0	1	0	0	0	0	1
28.81	1	1	0	0	0	0	1
28.83	0	1	0	0	0	0	1
28.84	0	1	0	0	0	0	1
28.86	0	1	0	0	0	0	1
28.88	0	1	0	0	0	0	1
28.89	0	1	0	0	0	0	1
28.91	1	1	0	0	0	0	1
28.92	0	1	0	0	0	0	1
28.94	0	1	0	0	0	0	1
28.95	0	1	0	0	0	0	1
28.97	0	1	0	0	0	0	1
28.99	0	1	0	0	0	0	1
29	0	1	0	0	0	0	1
29.02	0	1	0	0	0	0	1
29.03	0	1	0	0	0	0	1
29.05	0	1	0	0	0	0	1
29.06	0	1	0	0	0	0	1
29.08	0	1	0	0	0	0	1
29.1	0	1	0	0	0	0	1
29.11	0	1	0	0	0	0	1
29.13	0	1	0	0	0	0	1
29.14	0	1	0	0	0	0	1
29.16	0	1	0	0	0	0	1
29.18	0	1	0	0	0	0	1
29.19	0	1	0	0	0	0	1
29.21	1	1	0	0	0	0	1
29.22	0	1	0	0	0	0	1
29.24	0	1	0	0	0	0	1
29.25	0	1	0	0	0	0	1
29.27	0	1	0	0	0	0	1
29.29	0	1	0	0	0	0	1
29.3	0	1	0	0	0	0	1
29.32	1	1	0	0	0	0	1
29.33	0	1	0	0	0	0	1
29.35	0	1	0	0	0	0	1
29.37	0	1	0	0	0	0	1
29.38	0	1	0	0	0	0	1
29.4	0	1	0	0	0	0	1
29.41	0	1	0	0	0	0	1
29.43	0	1	0	0	0	0	1
29.44	0	1	0	0	0	0	1
29.46	0	1	0	0	0	0	1
29.48	0	1	0	0	0	0	1
29.49	0	1	0	0	0	0	1
29.51	0	1	0	0	0	0	1
29.52	1	1	0	0	0	0	1
29.54	0	1	0	0	0	0	1
29.56	0	1	0	0	0	0	1
29.57	1	1	0	0	0	0	1
29.59	0	1	0	0	0	0	1
29.6	0	1	0	0	0	0	1
29.62	0	1	0	0	0	0	1
29.63	0	1	0	0	0	0	1
29.65	0	1	0	0	0	0	1
29.67	0	1	0	0	0	0	1
29.68	0	1	0	0	0	0	1
29.7	0	1	0	0	0	0	1
29.71	0	1	0	0	0	0	1
29.73	0	1	0	0	0	0	1
29.75	1	1	0	0	0	0	1
29.76	0	1	0	0	0	0	1
29.78	1	1	0	0	0	0	1
29.79	0	1	0	0	0	0	1
29.81	1	1	0	0	0	0	1
29.82	0	1	0	0	0	0	1
29.84	1	1	0	0	0	0	1
29.86	0	1	0	0	0	0	1
29.87	0	1	0	0	0	0	1
29.89	0	1	0	0	0	0	1
29.9	1	1	0	0	0	0	1
29.92	0	1	0	0	0	0	1
29.94	0	1	0	0	0	0	1
29.95	1	1	0	0	0	0	1
29.97	0	1	0	0	0	0	1
29.98	0	1	0	0	0	0	1
30	0	1	0	0	0	0	1
30.01	0	1	0	0	0	0	1
30.03	0	1	0	0	0	0	1
30.05	0	1	0	0	0	0	1
30.06	0	1	0	0	0	0	1
30.08	0	1	0	0	0	0	1
30.09	0	1	0	0	0	0	1
30.11	0	1	0	0	0	0	1
30.12	0	1	0	0	0	0	1
30.14	0	1	0	0	0	0	1
30.16	0	1	0	0	0	0	1
30.17	0	1	0	0	0	0	1
30.19	0	1	0	0	0	0	1
30.2	0	1	0	0	0	0	1
30.22	0	1	0	0	0	0	1
30.24	0	1	0	0	0	0	1
30.25	0	1	0	0	0	0	1
30.27	0	1	0	0	0	0	1
30.28	0	1	0	0	0	0	1
30.3	0	1	0	0	0	0	1
30.31	0	1	0	0	0	0	1
30.33	0	1	0	0	0	0	1
30.35	0	1	0	0	0	0	1
30.36	0	1	0	0	0	0	1
30.38	0	1	0	0	0	0	1
30.39	0	1	0	0	0	0	1
30.41	0	1	0	0	0	0	1
30.43	0	1	0	0	0	0	1
30.44	1	1	0	0	0	0	1
30.46	0	1	0	0	0	0	1
30.47	0	1	0	0	0	0	1
30.49	0	1	0	0	0	0	1
30.5	0	1	0	0	0	0	1
30.52	0	1	0	0	0	0	1
30.54	0	1	0	0	0	0	1
30.55	0	1	0	0	0	0	1
30.57	0	1	0	0	0	0	1
30.58	0	1	0	0	0	0	1
30.6	0	1	0	0	0	0	1
30.62	0	1	0	0	0	0	1
30.63	1	1	0	0	0	0	1
30.65	0	1	0	0	0	0	1
30.66	0	1	0	0	0	0	1
30.68	0	1	0	0	0	0	1
30.69	0	1	0	0	0	0	1
30.71	0	1	0	0	0	0	1
30.73	0	1	0	0	0	0	1
30.74	0	1	0	0	0	0	1
30.76	0	1	0	0	0	0	1
30.77	0	1	0	0	0	0	1
30.79	0	1	0	0	0	0	1
30.81	0	1	0	0	0	0	1
30.82	0	1	0	0	0	0	1
30.84	0	1	0	0	0	0	1
30.85	0	1	0	0	0	0	1
30.87	0	1	0	0	0	0	1
30.88	0	1	0	0	0	0	1
30.9	0	1	0	0	0	0	1
30.92	0	1	0	0	0	0	1
30.93	1	1	0	0	0	0	1
30.95	0	1	0	0	0	0	1
30.96	0	1	0	0	0	0	1
30.98	0	1	0	0	0	0	1
31	0	1	0	0	0	0	1
31.01	0	1	0	0	0	0	1
31.03	0	1	0	0	0	0	1
31.04	0	1	0	0	0	0	1
31.06	0	1	0	0	0	0	1
31.07	0	1	0	0	0	0	1
31.09	0	1	0	0	0	0	1
31.11	0	1	0	0	0	0	1
31.12	0	1	0	0	0	0	1
31.14	0	1	0	0	0	0	1
31.15	0	1	0	0	0	0	1
31.17	0	1	0	0	0	0	1
31.18	0	1	0	0	0	0	1
31.2	0	1	0	0	0	0	1
31.22	0	1	0	0	0	0	1
31.23	0	1	0	0	0	0	1
31.25	0	1	0	0	0	0	1
31.26	0	1	0	0	0	0	1
31.28	0	1	0	0	0	0	1
31.3	0	1	0	0	0	0	1
31.31	0	1	0	0	0	0	1
31.33	0	1	0	0	0	0	1
31.34	0	1	0	0	0	0	1
31.36	0	1	0	0	0	0	1
31.37	0	1	0	0	0	0	1
31.39	0	1	0	0	0	0	1
31.41	0	1	0	0	0	0	1
31.42	0	1	0	0	0	0	1
31.44	0	1	0	0	0	0	1
31.45	0	1	0	0	0	0	1
31.47	0	1	0	0	0	0	1
31.49	0	1	0	0	0	0	1
31.5	0	1	0	0	0	0	1
31.52	0	1	0	0	0	0	1
31.53	0	1	0	0	0	0	1
31.55	0	1	0	0	0	0	1
31.56	0	1	0	0	0	0	1
31.58	0	1	0	0	0	0	1
31.6	0	1	0	0	0	0	1
31.61	0	1	0	0	0	0	1
31.63	0	1	0	0	0	0	1
31.64	0	1	0	0	0	0	1
31.66	0	1	0	0	0	0	1
31.68	0	1	0	0	0	0	1
31.69	0	1	0	0	0	0	1
31.71	0	1	0	0	0	0	1
31.72	0	1	0	0	0	0	1
31.74	0	1	0	0	0	0	1
31.75	0	1	0	0	0	0	1
31.77	0	1	0	0	0	0	1
31.79	0	1	0	0	0	0	1
31.8	0	1	0	0	0	0	1
31.82	0	1	0	0	0	0	1
31.83	0	1	0	0	0	0	1
31.85	0	1	0	0	0	0	1
31.87	0	1	0	0	0	0	1
31.88	0	1	0	0	0	0	1
31.9	0	1	0	0	0	0	1
31.91	0	1	0	0	0	0	1
31.93	0	1	0	0	0	0	1
31.94	0	1	0	0	0	0	1
31.96	0	1	0	0	0	0	1
31.98	0	1	0	0	0	0	1
31.99	0	1	0	0	0	0	1
32.01	0	1	0	0	0	0	1
32.02	0	1	0	0	0	0	1
32.04	0	1	0	0	0	0	1
32.06	0	1	0	0	0	0	1
32.07	0	1	0	0	0	0	1
32.09	0	1	0	0	0	0	1
32.1	0	1	0	0	0	0	1
32.12	0	1	0	0	0	0	1
32.13	0	1	0	0	0	0	1
32.15	0	1	0	0	0	0	1
32.17	0	1	0	0	0	0	1
32.18	0	1	0	0	0	0	1
32.2	0	1	0	0	0	0	1
32.21	0	1	0	0	0	0	1
32.23	0	1	0	0	0	0	1
32.24	0	1	0	0	0	0	1
32.26	0	1	0	0	0	0	1
32.28	0	1	0	0	0	0	1
32.29	0	1	0	0	0	0	1
32.31	0	1	0	0	0	0	1
32.32	0	1	0	0	0	0	1
32.34	0	1	0	0	0	0	1
32.36	0	1	0	0	0	0	1
32.37	0	1	0	0	0	0	1
32.39	0	1	0	0	0	0	1
32.4	0	1	0	0	0	0	1
32.42	0	1	0	0	0	0	1
32.43	-1	1	0	0	0	0	1
