Energy	Impulses
E/keV	Impulses/#

0.79	0
0.81	0
0.82	0
0.84	0
0.86	0
0.87	0
0.89	0
0.90	0
0.92	0
0.93	0
0.95	0
0.97	0
0.98	0
1.00	0
1.01	0
1.03	0
1.05	0
1.06	0
1.08	0
1.09	0
1.11	0
1.12	0
1.14	1
1.16	0
1.17	1
1.19	0
1.20	2
1.22	3
1.24	8
1.25	15
1.27	16
1.28	18
1.30	18
1.31	11
1.33	13
1.35	13
1.36	12
1.38	11
1.39	15
1.41	8
1.42	11
1.44	8
1.46	11
1.47	11
1.49	11
1.50	13
1.52	9
1.54	9
1.55	10
1.57	9
1.58	16
1.60	10
1.61	16
1.63	16
1.65	13
1.66	10
1.68	13
1.69	14
1.71	11
1.73	15
1.74	7
1.76	15
1.77	12
1.79	10
1.80	10
1.82	7
1.84	8
1.85	12
1.87	10
1.88	9
1.90	12
1.92	12
1.93	10
1.95	8
1.96	14
1.98	11
1.99	8
2.01	13
2.03	11
2.04	18
2.06	11
2.07	15
2.09	15
2.11	7
2.12	11
2.14	10
2.15	16
2.17	18
2.18	6
2.20	16
2.22	10
2.23	9
2.25	9
2.26	12
2.28	5
2.30	16
2.31	7
2.33	10
2.34	14
2.36	9
2.37	15
2.39	5
2.41	18
2.42	8
2.44	11
2.45	9
2.47	11
2.48	14
2.50	9
2.52	13
2.53	7
2.55	15
2.56	5
2.58	9
2.60	6
2.61	13
2.63	15
2.64	14
2.66	12
2.67	15
2.69	9
2.71	12
2.72	9
2.74	11
2.75	16
2.77	16
2.79	4
2.80	8
2.82	11
2.83	14
2.85	10
2.86	6
2.88	6
2.90	11
2.91	5
2.93	13
2.94	10
2.96	9
2.98	7
2.99	9
3.01	11
3.02	15
3.04	9
3.05	11
3.07	11
3.09	14
3.10	14
3.12	8
3.13	11
3.15	11
3.17	15
3.18	17
3.20	19
3.21	15
3.23	16
3.24	14
3.26	20
3.28	23
3.29	23
3.31	29
3.32	18
3.34	18
3.36	21
3.37	18
3.39	26
3.40	26
3.42	25
3.43	22
3.45	24
3.47	20
3.48	26
3.50	33
3.51	22
3.53	16
3.54	25
3.56	30
3.58	29
3.59	24
3.61	32
3.62	23
3.64	19
3.66	16
3.67	28
3.69	26
3.70	34
3.72	22
3.73	16
3.75	32
3.77	16
3.78	26
3.80	24
3.81	19
3.83	23
3.85	26
3.86	18
3.88	20
3.89	18
3.91	24
3.92	30
3.94	20
3.96	25
3.97	19
3.99	25
4.00	23
4.02	18
4.04	19
4.05	18
4.07	29
4.08	31
4.10	20
4.11	30
4.13	40
4.15	29
4.16	35
4.18	36
4.19	30
4.21	50
4.23	43
4.24	49
4.26	57
4.27	52
4.29	45
4.30	73
4.32	75
4.34	51
4.35	70
4.37	85
4.38	82
4.40	86
4.42	69
4.43	83
4.45	93
4.46	90
4.48	87
4.49	78
4.51	98
4.53	98
4.54	95
4.56	88
4.57	73
4.59	95
4.60	74
4.62	76
4.64	83
4.65	78
4.67	65
4.68	74
4.70	69
4.72	75
4.73	60
4.75	70
4.76	58
4.78	56
4.79	63
4.81	40
4.83	59
4.84	27
4.86	37
4.87	41
4.89	44
4.91	25
4.92	20
4.94	34
4.95	23
4.97	24
4.98	36
5.00	19
5.02	24
5.03	21
5.05	27
5.06	21
5.08	24
5.10	18
5.11	22
5.13	18
5.14	31
5.16	17
5.17	19
5.19	28
5.21	20
5.22	21
5.24	22
5.25	16
5.27	25
5.29	19
5.30	25
5.32	18
5.33	25
5.35	19
5.36	33
5.38	16
5.40	13
5.41	19
5.43	17
5.44	25
5.46	23
5.48	25
5.49	18
5.51	20
5.52	10
5.54	21
5.55	27
5.57	26
5.59	25
5.60	18
5.62	31
5.63	31
5.65	27
5.67	23
5.68	39
5.70	40
5.71	43
5.73	46
5.74	50
5.76	61
5.78	73
5.79	87
5.81	94
5.82	103
5.84	151
5.85	119
5.87	170
5.89	193
5.90	246
5.92	275
5.93	284
5.95	391
5.97	389
5.98	398
6.00	523
6.01	529
6.03	582
6.04	706
6.06	786
6.08	768
6.09	1057
6.11	897
6.12	1141
6.14	1203
6.16	1309
6.17	1301
6.19	1399
6.20	1513
6.22	1450
6.23	1600
6.25	1740
6.27	1658
6.28	1893
6.30	1846
6.31	1973
6.33	1880
6.35	2029
6.36	1826
6.38	1884
6.39	1958
6.41	1889
6.42	1860
6.44	1715
6.46	1807
6.47	1799
6.49	1585
6.50	1571
6.52	1418
6.54	1444
6.55	1444
6.57	1212
6.58	1194
6.60	1242
6.61	893
6.63	922
6.65	843
6.66	883
6.68	742
6.69	667
6.71	643
6.73	640
6.74	467
6.76	505
6.77	444
6.79	435
6.80	402
6.82	395
6.84	429
6.85	434
6.87	301
6.88	373
6.90	372
6.91	361
6.93	374
6.95	333
6.96	330
6.98	339
6.99	376
7.01	349
7.03	317
7.04	333
7.06	325
7.07	300
7.09	275
7.10	294
7.12	264
7.14	313
7.15	250
7.17	233
7.18	226
7.20	212
7.22	263
7.23	203
7.25	160
7.26	168
7.28	143
7.29	125
7.31	121
7.33	120
7.34	106
7.36	92
7.37	54
7.39	68
7.41	64
7.42	56
7.44	45
7.45	46
7.47	37
7.48	35
7.50	23
7.52	28
7.53	16
7.55	9
7.56	11
7.58	13
7.60	9
7.61	7
7.63	3
7.64	12
7.66	5
7.67	3
7.69	2
7.71	6
7.72	2
7.74	3
7.75	1
7.77	3
7.79	5
7.80	5
7.82	1
7.83	2
7.85	1
7.86	3
7.88	1
7.90	1
7.91	6
7.93	1
7.94	4
7.96	3
7.97	4
7.99	2
8.01	1
8.02	4
8.04	1
8.05	3
8.07	2
8.09	1
8.10	1
8.12	5
8.13	0
8.15	4
8.16	4
8.18	1
8.20	5
8.21	3
8.23	3
8.24	2
8.26	4
8.28	1
8.29	2
8.31	4
8.32	2
8.34	1
8.35	2
8.37	1
8.39	1
8.40	2
8.42	1
8.43	2
8.45	0
8.47	5
8.48	0
8.50	1
8.51	2
8.53	2
8.54	1
8.56	1
8.58	0
8.59	1
8.61	5
8.62	0
8.64	1
8.66	1
8.67	2
8.69	0
8.70	3
8.72	1
8.73	1
8.75	1
8.77	0
8.78	1
8.80	1
8.81	1
8.83	1
8.85	1
8.86	3
8.88	1
8.89	0
8.91	2
8.92	0
8.94	2
8.96	0
8.97	3
8.99	0
9.00	2
9.02	0
9.03	4
9.05	3
9.07	2
9.08	0
9.10	3
9.11	4
9.13	0
9.15	3
9.16	1
9.18	1
9.19	1
9.21	6
9.22	1
9.24	1
9.26	3
9.27	4
9.29	3
9.30	2
9.32	4
9.34	1
9.35	3
9.37	1
9.38	2
9.40	1
9.41	0
9.43	1
9.45	1
9.46	0
9.48	1
9.49	0
9.51	1
9.53	3
9.54	0
9.56	1
9.57	4
9.59	3
9.60	1
9.62	0
9.64	1
9.65	2
9.67	3
9.68	4
9.70	2
9.72	1
9.73	1
9.75	0
9.76	5
9.78	1
9.79	2
9.81	1
9.83	1
9.84	2
9.86	2
9.87	0
9.89	4
9.91	1
9.92	2
9.94	3
9.95	4
9.97	1
9.98	1
10.00	4
10.02	5
10.03	3
10.05	3
10.06	6
10.08	2
10.10	5
10.11	4
10.13	3
10.14	3
10.16	3
10.17	1
10.19	3
10.21	5
10.22	9
10.24	3
10.25	7
10.27	8
10.28	7
10.30	4
10.32	5
10.33	7
10.35	4
10.36	4
10.38	2
10.40	5
10.41	4
10.43	4
10.44	2
10.46	4
10.47	5
10.49	2
10.51	1
10.52	4
10.54	1
10.55	2
10.57	2
10.59	1
10.60	1
10.62	4
10.63	3
10.65	3
10.66	0
10.68	0
10.70	2
10.71	3
10.73	1
10.74	0
10.76	3
10.78	5
10.79	2
10.81	1
10.82	2
10.84	2
10.85	1
10.87	1
10.89	1
10.90	3
10.92	3
10.93	3
10.95	5
10.97	3
10.98	3
11.00	1
11.01	0
11.03	4
11.04	0
11.06	3
11.08	4
11.09	5
11.11	8
11.12	4
11.14	2
11.16	5
11.17	2
11.19	7
11.20	2
11.22	1
11.23	1
11.25	3
11.27	3
11.28	2
11.30	3
11.31	1
11.33	1
11.34	1
11.36	2
11.38	3
11.39	6
11.41	4
11.42	5
11.44	0
11.46	0
11.47	5
11.49	2
11.50	2
11.52	5
11.53	5
11.55	1
11.57	2
11.58	2
11.60	2
11.61	4
11.63	3
11.65	0
11.66	2
11.68	2
11.69	1
11.71	3
11.72	4
11.74	1
11.76	4
11.77	1
11.79	5
11.80	4
11.82	4
11.84	2
11.85	4
11.87	1
11.88	5
11.90	1
11.91	2
11.93	2
11.95	2
11.96	1
11.98	5
11.99	2
12.01	3
12.03	0
12.04	1
12.06	3
12.07	2
12.09	3
12.10	1
12.12	4
12.14	1
12.15	2
12.17	3
12.18	1
12.20	2
12.22	0
12.23	4
12.25	0
12.26	0
12.28	1
12.29	3
12.31	4
12.33	2
12.34	5
12.36	2
12.37	1
12.39	4
12.40	2
12.42	4
12.44	3
12.45	1
12.47	4
12.48	5
12.50	2
12.52	4
12.53	2
12.55	6
12.56	5
12.58	2
12.59	2
12.61	2
12.63	4
12.64	2
12.66	4
12.67	3
12.69	3
12.71	0
12.72	4
12.74	3
12.75	4
12.77	2
12.78	3
12.80	3
12.82	2
12.83	1
12.85	3
12.86	6
12.88	7
12.90	3
12.91	3
12.93	2
12.94	3
12.96	3
12.97	0
12.99	0
13.01	4
13.02	2
13.04	0
13.05	0
13.07	2
13.09	2
13.10	2
13.12	1
13.13	4
13.15	4
13.16	1
13.18	1
13.20	1
13.21	4
13.23	1
13.24	1
13.26	4
13.28	2
13.29	2
13.31	3
13.32	1
13.34	7
13.35	4
13.37	1
13.39	2
13.40	0
13.42	2
13.43	3
13.45	1
13.46	1
13.48	3
13.50	1
13.51	3
13.53	1
13.54	3
13.56	5
13.58	3
13.59	3
13.61	1
13.62	4
13.64	4
13.65	4
13.67	3
13.69	3
13.70	0
13.72	1
13.73	3
13.75	1
13.77	7
13.78	2
13.80	3
13.81	7
13.83	3
13.84	6
13.86	6
13.88	8
13.89	5
13.91	7
13.92	5
13.94	3
13.96	2
13.97	7
13.99	1
14.00	3
14.02	3
14.03	2
14.05	6
14.07	2
14.08	3
14.10	6
14.11	4
14.13	8
14.15	4
14.16	1
14.18	4
14.19	3
14.21	7
14.22	1
14.24	3
14.26	4
14.27	4
14.29	1
14.30	3
14.32	3
14.34	5
14.35	6
14.37	2
14.38	7
14.40	3
14.41	6
14.43	7
14.45	1
14.46	3
14.48	6
14.49	3
14.51	4
14.53	3
14.54	0
14.56	5
14.57	3
14.59	2
14.60	4
14.62	1
14.64	4
14.65	1
14.67	0
14.68	2
14.70	2
14.71	5
14.73	4
14.75	2
14.76	0
14.78	3
14.79	3
14.81	2
14.83	2
14.84	3
14.86	3
14.87	5
14.89	2
14.90	2
14.92	1
14.94	2
14.95	2
14.97	3
14.98	4
15.00	2
15.02	2
15.03	1
15.05	1
15.06	2
15.08	0
15.09	0
15.11	4
15.13	5
15.14	1
15.16	1
15.17	2
15.19	2
15.21	5
15.22	4
15.24	2
15.25	3
15.27	1
15.28	2
15.30	6
15.32	3
15.33	1
15.35	3
15.36	3
15.38	2
15.40	0
15.41	3
15.43	3
15.44	0
15.46	1
15.47	1
15.49	1
15.51	3
15.52	0
15.54	4
15.55	4
15.57	1
15.59	2
15.60	3
15.62	4
15.63	1
15.65	3
15.66	2
15.68	1
15.70	3
15.71	1
15.73	2
15.74	2
15.76	4
15.77	0
15.79	5
15.81	0
15.82	1
15.84	1
15.85	2
15.87	5
15.89	1
15.90	3
15.92	1
15.93	1
15.95	4
15.96	1
15.98	0
16.00	2
16.01	3
16.03	1
16.04	1
16.06	0
16.08	2
16.09	4
16.11	2
16.12	1
16.14	1
16.15	1
16.17	0
16.19	3
16.20	2
16.22	2
16.23	4
16.25	1
16.27	1
16.28	3
16.30	3
16.31	1
16.33	4
16.34	4
16.36	3
16.38	4
16.39	2
16.41	4
16.42	2
16.44	1
16.46	2
16.47	0
16.49	1
16.50	2
16.52	1
16.53	1
16.55	0
16.57	2
16.58	1
16.60	0
16.61	0
16.63	1
16.65	1
16.66	0
16.68	1
16.69	2
16.71	1
16.72	2
16.74	2
16.76	2
16.77	1
16.79	0
16.80	1
16.82	0
16.83	5
16.85	1
16.87	3
16.88	1
16.90	2
16.91	0
16.93	2
16.95	3
16.96	3
16.98	4
16.99	1
17.01	3
17.02	2
17.04	4
17.06	0
17.07	1
17.09	3
17.10	1
17.12	5
17.14	3
17.15	0
17.17	1
17.18	3
17.20	3
17.21	6
17.23	3
17.25	7
17.26	3
17.28	2
17.29	0
17.31	3
17.33	2
17.34	2
17.36	1
17.37	2
17.39	5
17.40	3
17.42	3
17.44	4
17.45	1
17.47	3
17.48	3
17.50	2
17.52	0
17.53	2
17.55	4
17.56	3
17.58	3
17.59	4
17.61	2
17.63	4
17.64	1
17.66	1
17.67	4
17.69	1
17.71	3
17.72	6
17.74	1
17.75	1
17.77	3
17.78	1
17.80	0
17.82	2
17.83	1
17.85	5
17.86	2
17.88	0
17.89	2
17.91	2
17.93	2
17.94	1
17.96	3
17.97	4
17.99	2
18.01	0
18.02	2
18.04	3
18.05	4
18.07	0
18.08	2
18.10	6
18.12	1
18.13	0
18.15	1
18.16	3
18.18	1
18.20	5
18.21	1
18.23	1
18.24	5
18.26	2
18.27	3
18.29	3
18.31	3
18.32	2
18.34	0
18.35	1
18.37	1
18.39	0
18.40	3
18.42	1
18.43	1
18.45	2
18.46	3
18.48	2
18.50	0
18.51	3
18.53	1
18.54	5
18.56	1
18.58	4
18.59	1
18.61	1
18.62	1
18.64	3
18.65	2
18.67	1
18.69	1
18.70	0
18.72	1
18.73	0
18.75	0
18.77	1
18.78	2
18.80	2
18.81	2
18.83	2
18.84	3
18.86	1
18.88	0
18.89	2
18.91	1
18.92	1
18.94	1
18.95	1
18.97	2
18.99	0
19.00	0
19.02	1
19.03	1
19.05	0
19.07	0
19.08	2
19.10	3
19.11	1
19.13	1
19.14	1
19.16	1
19.18	1
19.19	0
19.21	0
19.22	0
19.24	2
19.26	1
19.27	2
19.29	2
19.30	2
19.32	2
19.33	2
19.35	0
19.37	3
19.38	3
19.40	1
19.41	3
19.43	0
19.45	3
19.46	0
19.48	1
19.49	0
19.51	1
19.52	3
19.54	2
19.56	2
19.57	1
19.59	0
19.60	0
19.62	1
19.64	0
19.65	1
19.67	1
19.68	3
19.70	1
19.71	0
19.73	2
19.75	5
19.76	1
19.78	0
19.79	2
19.81	0
19.83	0
19.84	2
19.86	0
19.87	3
19.89	1
19.90	0
19.92	2
19.94	1
19.95	2
19.97	0
19.98	2
20.00	1
20.02	0
20.03	0
20.05	0
20.06	1
20.08	1
20.09	0
20.11	0
20.13	1
20.14	0
20.16	1
20.17	1
20.19	0
20.20	1
20.22	2
20.24	1
20.25	0
20.27	0
20.28	1
20.30	1
20.32	0
20.33	1
20.35	2
20.36	1
20.38	2
20.39	0
20.41	2
20.43	2
20.44	0
20.46	0
20.47	2
20.49	3
20.51	1
20.52	2
20.54	1
20.55	2
20.57	2
20.58	1
20.60	1
20.62	2
20.63	2
20.65	0
20.66	0
20.68	1
20.70	1
20.71	2
20.73	4
20.74	1
20.76	1
20.77	2
20.79	1
20.81	4
20.82	2
20.84	1
20.85	1
20.87	2
20.89	1
20.90	2
20.92	3
20.93	2
20.95	0
20.96	2
20.98	1
21.00	2
21.01	1
21.03	0
21.04	1
21.06	0
21.08	2
21.09	4
21.11	1
21.12	2
21.14	1
21.15	0
21.17	1
21.19	2
21.20	1
21.22	0
21.23	1
21.25	0
21.26	1
21.28	2
21.30	1
21.31	1
21.33	1
21.34	2
21.36	2
21.38	2
21.39	5
21.41	2
21.42	1
21.44	3
21.45	1
21.47	2
21.49	1
21.50	2
21.52	1
21.53	1
21.55	2
21.57	2
21.58	0
21.60	1
21.61	2
21.63	0
21.64	1
21.66	0
21.68	1
21.69	2
21.71	1
21.72	1
21.74	1
21.76	2
21.77	2
21.79	0
21.80	0
21.82	4
21.83	1
21.85	1
21.87	3
21.88	0
21.90	5
21.91	1
21.93	2
21.95	2
21.96	0
21.98	1
21.99	1
22.01	0
22.02	0
22.04	1
22.06	0
22.07	0
22.09	1
22.10	0
22.12	0
22.14	1
22.15	0
22.17	0
22.18	4
22.20	0
22.21	1
22.23	1
22.25	0
22.26	1
22.28	1
22.29	1
22.31	2
22.32	0
22.34	1
22.36	0
22.37	2
22.39	1
22.40	1
22.42	0
22.44	0
22.45	1
22.47	2
22.48	0
22.50	0
22.51	0
22.53	1
22.55	1
22.56	0
22.58	0
22.59	0
22.61	0
22.63	0
22.64	0
22.66	2
22.67	1
22.69	0
22.70	0
22.72	2
22.74	2
22.75	1
22.77	2
22.78	0
22.80	1
22.82	1
22.83	0
22.85	2
22.86	3
22.88	0
22.89	0
22.91	1
22.93	0
22.94	0
22.96	0
22.97	0
22.99	0
23.01	1
23.02	2
23.04	1
23.05	1
23.07	0
23.08	0
23.10	3
23.12	2
23.13	0
23.15	0
23.16	1
23.18	1
23.20	1
23.21	1
23.23	1
23.24	1
23.26	1
23.27	0
23.29	0
23.31	0
23.32	0
23.34	1
23.35	1
23.37	1
23.38	1
23.40	0
23.42	0
23.43	1
23.45	0
23.46	0
23.48	0
23.50	0
23.51	2
23.53	0
23.54	2
23.56	1
23.57	0
23.59	1
23.61	0
23.62	1
23.64	0
23.65	0
23.67	0
23.69	2
23.70	0
23.72	0
23.73	0
23.75	1
23.76	1
23.78	0
23.80	0
23.81	1
23.83	2
23.84	0
23.86	1
23.88	0
23.89	2
23.91	1
23.92	2
23.94	1
23.95	2
23.97	0
23.99	1
24.00	1
24.02	0
24.03	0
24.05	3
24.07	1
24.08	2
24.10	0
24.11	0
24.13	0
24.14	0
24.16	1
24.18	0
24.19	2
24.21	1
24.22	0
24.24	1
24.26	0
24.27	2
24.29	2
24.30	1
24.32	4
24.33	1
24.35	1
24.37	0
24.38	1
24.40	0
24.41	1
24.43	0
24.45	0
24.46	0
24.48	2
24.49	0
24.51	1
24.52	0
24.54	1
24.56	0
24.57	0
24.59	2
24.60	2
24.62	1
24.63	1
24.65	0
24.67	2
24.68	0
24.70	0
24.71	0
24.73	1
24.75	0
24.76	0
24.78	1
24.79	4
24.81	3
24.82	2
24.84	0
24.86	0
24.87	1
24.89	0
24.90	1
24.92	0
24.94	1
24.95	3
24.97	1
24.98	3
25.00	2
25.01	0
25.03	3
25.05	2
25.06	2
25.08	1
25.09	2
25.11	1
25.13	3
25.14	4
25.16	2
25.17	2
25.19	2
25.20	0
25.22	1
25.24	2
25.25	1
25.27	5
25.28	1
25.30	3
25.32	1
25.33	1
25.35	2
25.36	2
25.38	1
25.39	2
25.41	2
25.43	1
25.44	0
25.46	2
25.47	1
25.49	3
25.51	1
25.52	1
25.54	1
25.55	2
25.57	1
25.58	0
25.60	0
25.62	1
25.63	0
25.65	1
25.66	1
25.68	3
25.69	0
25.71	0
25.73	1
25.74	0
25.76	0
25.77	0
25.79	0
25.81	1
25.82	0
25.84	0
25.85	0
25.87	0
25.88	0
25.90	0
25.92	0
25.93	0
25.95	0
25.96	0
25.98	0
26.00	0
26.01	0
26.03	0
26.04	0
26.06	0
26.07	1
26.09	0
26.11	0
26.12	1
26.14	0
26.15	1
26.17	0
26.19	0
26.20	0
26.22	0
26.23	0
26.25	2
26.26	0
26.28	0
26.30	0
26.31	2
26.33	0
26.34	2
26.36	0
26.38	0
26.39	1
26.41	0
26.42	0
26.44	0
26.45	0
26.47	0
26.49	0
26.50	1
26.52	2
26.53	2
26.55	1
26.57	0
26.58	0
26.60	0
26.61	0
26.63	0
26.64	0
26.66	0
26.68	1
26.69	1
26.71	2
26.72	0
26.74	0
26.75	1
26.77	1
26.79	0
26.80	2
26.82	0
26.83	0
26.85	0
26.87	0
26.88	0
26.90	0
26.91	0
26.93	0
26.94	0
26.96	1
26.98	1
26.99	0
27.01	1
27.02	0
27.04	0
27.06	0
27.07	0
27.09	0
27.10	1
27.12	1
27.13	0
27.15	0
27.17	0
27.18	0
27.20	1
27.21	0
27.23	0
27.25	0
27.26	0
27.28	0
27.29	0
27.31	0
27.32	0
27.34	0
27.36	1
27.37	1
27.39	1
27.40	0
27.42	0
27.44	0
27.45	1
27.47	1
27.48	0
27.50	0
27.51	1
27.53	0
27.55	1
27.56	0
27.58	2
27.59	0
27.61	0
27.63	0
27.64	0
27.66	0
27.67	0
27.69	0
27.70	0
27.72	1
27.74	0
27.75	2
27.77	0
27.78	0
27.80	0
27.81	1
27.83	1
27.85	2
27.86	0
27.88	0
27.89	1
27.91	0
27.93	0
27.94	0
27.96	0
27.97	2
27.99	1
28.00	1
28.02	1
28.04	0
28.05	0
28.07	0
28.08	0
28.10	1
28.12	1
28.13	0
28.15	0
28.16	1
28.18	1
28.19	1
28.21	0
28.23	1
28.24	0
28.26	0
28.27	0
28.29	0
28.31	0
28.32	0
28.34	0
28.35	1
28.37	0
28.38	0
28.40	1
28.42	0
28.43	1
28.45	0
28.46	0
28.48	0
28.50	2
28.51	0
28.53	0
28.54	1
28.56	0
28.57	0
28.59	1
28.61	0
28.62	1
28.64	0
28.65	0
28.67	1
28.69	0
28.70	0
28.72	0
28.73	0
28.75	0
28.76	0
28.78	0
28.80	0
28.81	0
28.83	0
28.84	0
28.86	1
28.88	1
28.89	0
28.91	0
28.92	1
28.94	0
28.95	1
28.97	0
28.99	0
29.00	0
29.02	0
29.03	0
29.05	0
29.06	0
29.08	0
29.10	1
29.11	0
29.13	0
29.14	0
29.16	0
29.18	1
29.19	0
29.21	0
29.22	0
29.24	0
29.25	0
29.27	0
29.29	0
29.30	0
29.32	0
29.33	0
29.35	0
29.37	0
29.38	0
29.40	0
29.41	0
29.43	1
29.44	0
29.46	0
29.48	0
29.49	0
29.51	0
29.52	0
29.54	1
29.56	0
29.57	0
29.59	0
29.60	0
29.62	0
29.63	0
29.65	0
29.67	0
29.68	0
29.70	1
29.71	0
29.73	0
29.75	1
29.76	1
29.78	0
29.79	0
29.81	1
29.82	0
29.84	1
29.86	0
29.87	0
29.89	0
29.90	0
29.92	0
29.94	0
29.95	0
29.97	0
29.98	0
30.00	0
30.01	0
30.03	0
30.05	0
30.06	0
30.08	0
30.09	0
30.11	0
30.12	0
30.14	0
30.16	0
30.17	1
30.19	0
30.20	0
30.22	0
30.24	0
30.25	0
30.27	0
30.28	0
30.30	0
30.31	0
30.33	0
30.35	0
30.36	0
30.38	0
30.39	0
30.41	0
30.43	0
30.44	0
30.46	0
30.47	0
30.49	0
30.50	0
30.52	0
30.54	0
30.55	0
30.57	0
30.58	0
30.60	0
30.62	0
30.63	0
30.65	0
30.66	0
30.68	0
30.69	0
30.71	0
30.73	0
30.74	0
30.76	0
30.77	0
30.79	0
30.81	0
30.82	0
30.84	0
30.85	0
30.87	0
30.88	0
30.90	0
30.92	0
30.93	0
30.95	0
30.96	0
30.98	0
31.00	0
31.01	0
31.03	0
31.04	0
31.06	0
31.07	0
31.09	1
31.11	0
31.12	0
31.14	0
31.15	0
31.17	0
31.18	0
31.20	0
31.22	0
31.23	0
31.25	0
31.26	0
31.28	0
31.30	0
31.31	0
31.33	0
31.34	1
31.36	0
31.37	0
31.39	1
31.41	0
31.42	0
31.44	0
31.45	0
31.47	0
31.49	0
31.50	0
31.52	0
31.53	0
31.55	0
31.56	0
31.58	0
31.60	0
31.61	0
31.63	0
31.64	0
31.66	0
31.68	0
31.69	0
31.71	0
31.72	0
31.74	0
31.75	0
31.77	0
31.79	0
31.80	0
31.82	0
31.83	0
31.85	0
31.87	0
31.88	0
31.90	0
31.91	0
31.93	0
31.94	0
31.96	0
31.98	0
31.99	0
32.01	0
32.02	0
32.04	0
32.06	0
32.07	0
32.09	0
32.10	0
32.12	0
32.13	0
32.15	0
32.17	0
32.18	0
32.20	0
32.21	0
32.23	0
32.24	0
32.26	0
32.28	0
32.29	0
32.31	0
32.32	0
32.34	0
32.36	0
32.37	0
32.39	0
32.40	0
32.42	0
32.43	-1
