Energy	Impulses
E/keV	Impulses/#

0.79	0
0.81	0
0.82	0
0.84	0
0.86	0
0.87	0
0.89	0
0.90	0
0.92	0
0.93	0
0.95	0
0.97	0
0.98	0
1.00	0
1.01	0
1.03	0
1.05	0
1.06	0
1.08	0
1.09	0
1.11	0
1.12	0
1.14	0
1.16	1
1.17	0
1.19	2
1.20	1
1.22	3
1.24	7
1.25	17
1.27	13
1.28	12
1.30	15
1.31	17
1.33	14
1.35	22
1.36	16
1.38	18
1.39	9
1.41	15
1.42	16
1.44	22
1.46	8
1.47	17
1.49	10
1.50	8
1.52	16
1.54	15
1.55	11
1.57	12
1.58	15
1.60	19
1.61	14
1.63	13
1.65	16
1.66	20
1.68	13
1.69	14
1.71	14
1.73	17
1.74	17
1.76	10
1.77	13
1.79	16
1.80	8
1.82	11
1.84	15
1.85	16
1.87	12
1.88	11
1.90	14
1.92	11
1.93	11
1.95	10
1.96	11
1.98	16
1.99	14
2.01	9
2.03	8
2.04	7
2.06	11
2.07	12
2.09	6
2.11	6
2.12	7
2.14	9
2.15	8
2.17	7
2.18	7
2.20	8
2.22	10
2.23	10
2.25	8
2.26	6
2.28	10
2.30	11
2.31	9
2.33	9
2.34	7
2.36	9
2.37	7
2.39	9
2.41	10
2.42	6
2.44	7
2.45	7
2.47	9
2.48	7
2.50	8
2.52	12
2.53	12
2.55	12
2.56	14
2.58	6
2.60	7
2.61	11
2.63	11
2.64	13
2.66	13
2.67	13
2.69	16
2.71	18
2.72	11
2.74	22
2.75	14
2.77	15
2.79	26
2.80	15
2.82	15
2.83	15
2.85	29
2.86	36
2.88	17
2.90	27
2.91	25
2.93	34
2.94	28
2.96	27
2.98	34
2.99	32
3.01	36
3.02	43
3.04	39
3.05	44
3.07	28
3.09	40
3.10	27
3.12	39
3.13	33
3.15	32
3.17	40
3.18	45
3.20	32
3.21	37
3.23	30
3.24	34
3.26	34
3.28	20
3.29	27
3.31	26
3.32	23
3.34	20
3.36	25
3.37	25
3.39	18
3.40	8
3.42	12
3.43	15
3.45	14
3.47	19
3.48	9
3.50	14
3.51	12
3.53	14
3.54	11
3.56	13
3.58	7
3.59	6
3.61	8
3.62	7
3.64	5
3.66	5
3.67	7
3.69	4
3.70	4
3.72	6
3.73	6
3.75	6
3.77	7
3.78	6
3.80	4
3.81	7
3.83	5
3.85	2
3.86	8
3.88	9
3.89	4
3.91	5
3.92	3
3.94	7
3.96	8
3.97	2
3.99	4
4.00	4
4.02	4
4.04	7
4.05	4
4.07	7
4.08	1
4.10	2
4.11	3
4.13	4
4.15	6
4.16	4
4.18	4
4.19	2
4.21	2
4.23	4
4.24	5
4.26	5
4.27	3
4.29	6
4.30	2
4.32	5
4.34	3
4.35	4
4.37	2
4.38	7
4.40	3
4.42	3
4.43	2
4.45	3
4.46	1
4.48	3
4.49	5
4.51	3
4.53	5
4.54	3
4.56	3
4.57	5
4.59	6
4.60	4
4.62	1
4.64	3
4.65	1
4.67	1
4.68	5
4.70	3
4.72	4
4.73	6
4.75	4
4.76	4
4.78	4
4.79	3
4.81	4
4.83	0
4.84	4
4.86	0
4.87	4
4.89	1
4.91	4
4.92	5
4.94	4
4.95	5
4.97	1
4.98	6
5.00	1
5.02	1
5.03	5
5.05	5
5.06	3
5.08	4
5.10	3
5.11	5
5.13	3
5.14	0
5.16	2
5.17	6
5.19	3
5.21	2
5.22	6
5.24	2
5.25	2
5.27	8
5.29	3
5.30	4
5.32	2
5.33	4
5.35	4
5.36	7
5.38	3
5.40	4
5.41	1
5.43	3
5.44	2
5.46	3
5.48	0
5.49	5
5.51	1
5.52	2
5.54	1
5.55	5
5.57	2
5.59	4
5.60	0
5.62	2
5.63	6
5.65	4
5.67	4
5.68	6
5.70	5
5.71	5
5.73	5
5.74	5
5.76	5
5.78	2
5.79	2
5.81	3
5.82	5
5.84	2
5.85	5
5.87	4
5.89	7
5.90	4
5.92	3
5.93	2
5.95	5
5.97	2
5.98	2
6.00	1
6.01	3
6.03	9
6.04	2
6.06	8
6.08	4
6.09	3
6.11	7
6.12	8
6.14	8
6.16	10
6.17	7
6.19	10
6.20	11
6.22	5
6.23	6
6.25	6
6.27	3
6.28	7
6.30	2
6.31	10
6.33	6
6.35	4
6.36	4
6.38	11
6.39	9
6.41	3
6.42	13
6.44	7
6.46	8
6.47	9
6.49	5
6.50	7
6.52	7
6.54	6
6.55	2
6.57	4
6.58	10
6.60	5
6.61	6
6.63	13
6.65	7
6.66	6
6.68	10
6.69	3
6.71	7
6.73	6
6.74	7
6.76	8
6.77	6
6.79	12
6.80	7
6.82	4
6.84	4
6.85	10
6.87	13
6.88	17
6.90	6
6.91	11
6.93	10
6.95	13
6.96	12
6.98	10
6.99	9
7.01	14
7.03	14
7.04	10
7.06	16
7.07	17
7.09	9
7.10	10
7.12	20
7.14	14
7.15	7
7.17	12
7.18	13
7.20	12
7.22	14
7.23	16
7.25	18
7.26	13
7.28	10
7.29	18
7.31	11
7.33	12
7.34	14
7.36	15
7.37	12
7.39	15
7.41	8
7.42	19
7.44	16
7.45	19
7.47	10
7.48	13
7.50	7
7.52	11
7.53	15
7.55	13
7.56	16
7.58	12
7.60	11
7.61	15
7.63	14
7.64	13
7.66	7
7.67	11
7.69	17
7.71	9
7.72	22
7.74	19
7.75	15
7.77	12
7.79	8
7.80	12
7.82	12
7.83	20
7.85	18
7.86	18
7.88	16
7.90	19
7.91	23
7.93	10
7.94	25
7.96	21
7.97	17
7.99	19
8.01	14
8.02	22
8.04	20
8.05	20
8.07	17
8.09	14
8.10	16
8.12	24
8.13	21
8.15	14
8.16	12
8.18	10
8.20	13
8.21	17
8.23	12
8.24	22
8.26	12
8.28	9
8.29	7
8.31	12
8.32	15
8.34	5
8.35	9
8.37	4
8.39	8
8.40	5
8.42	9
8.43	5
8.45	5
8.47	6
8.48	4
8.50	5
8.51	5
8.53	5
8.54	7
8.56	4
8.58	3
8.59	4
8.61	3
8.62	2
8.64	5
8.66	2
8.67	5
8.69	8
8.70	5
8.72	7
8.73	9
8.75	5
8.77	5
8.78	4
8.80	3
8.81	9
8.83	7
8.85	7
8.86	9
8.88	10
8.89	7
8.91	8
8.92	10
8.94	6
8.96	9
8.97	11
8.99	10
9.00	10
9.02	1
9.03	6
9.05	7
9.07	10
9.08	13
9.10	16
9.11	11
9.13	13
9.15	7
9.16	9
9.18	12
9.19	9
9.21	8
9.22	15
9.24	8
9.26	8
9.27	12
9.29	7
9.30	13
9.32	15
9.34	6
9.35	9
9.37	9
9.38	9
9.40	8
9.41	12
9.43	13
9.45	7
9.46	11
9.48	7
9.49	13
9.51	15
9.53	9
9.54	9
9.56	7
9.57	8
9.59	10
9.60	11
9.62	6
9.64	8
9.65	8
9.67	4
9.68	6
9.70	5
9.72	7
9.73	3
9.75	8
9.76	8
9.78	10
9.79	4
9.81	2
9.83	5
9.84	8
9.86	11
9.87	7
9.89	7
9.91	7
9.92	9
9.94	6
9.95	6
9.97	9
9.98	8
10.00	8
10.02	10
10.03	7
10.05	8
10.06	6
10.08	8
10.10	10
10.11	8
10.13	6
10.14	14
10.16	9
10.17	9
10.19	6
10.21	7
10.22	10
10.24	11
10.25	12
10.27	6
10.28	4
10.30	3
10.32	9
10.33	11
10.35	12
10.36	12
10.38	6
10.40	8
10.41	6
10.43	15
10.44	13
10.46	7
10.47	14
10.49	8
10.51	8
10.52	5
10.54	9
10.55	7
10.57	5
10.59	9
10.60	11
10.62	7
10.63	8
10.65	13
10.66	8
10.68	11
10.70	12
10.71	7
10.73	3
10.74	10
10.76	10
10.78	12
10.79	8
10.81	12
10.82	10
10.84	10
10.85	11
10.87	11
10.89	11
10.90	10
10.92	3
10.93	12
10.95	8
10.97	15
10.98	8
11.00	6
11.01	7
11.03	9
11.04	4
11.06	5
11.08	13
11.09	9
11.11	6
11.12	2
11.14	8
11.16	9
11.17	6
11.19	8
11.20	8
11.22	8
11.23	7
11.25	5
11.27	7
11.28	5
11.30	5
11.31	4
11.33	5
11.34	13
11.36	7
11.38	7
11.39	5
11.41	1
11.42	9
11.44	6
11.46	15
11.47	11
11.49	14
11.50	13
11.52	6
11.53	7
11.55	4
11.57	12
11.58	7
11.60	8
11.61	8
11.63	7
11.65	13
11.66	7
11.68	9
11.69	8
11.71	8
11.72	7
11.74	6
11.76	11
11.77	15
11.79	11
11.80	6
11.82	6
11.84	11
11.85	15
11.87	9
11.88	11
11.90	5
11.91	9
11.93	6
11.95	6
11.96	8
11.98	11
11.99	9
12.01	10
12.03	16
12.04	17
12.06	12
12.07	10
12.09	6
12.10	8
12.12	19
12.14	15
12.15	15
12.17	17
12.18	11
12.20	19
12.22	12
12.23	14
12.25	14
12.26	12
12.28	15
12.29	17
12.31	16
12.33	14
12.34	9
12.36	14
12.37	14
12.39	15
12.40	15
12.42	16
12.44	14
12.45	11
12.47	9
12.48	15
12.50	15
12.52	12
12.53	13
12.55	8
12.56	17
12.58	12
12.59	12
12.61	11
12.63	10
12.64	16
12.66	8
12.67	10
12.69	9
12.71	9
12.72	14
12.74	12
12.75	8
12.77	4
12.78	14
12.80	5
12.82	6
12.83	8
12.85	11
12.86	15
12.88	12
12.90	12
12.91	8
12.93	5
12.94	11
12.96	4
12.97	9
12.99	8
13.01	9
13.02	4
13.04	12
13.05	11
13.07	11
13.09	11
13.10	9
13.12	6
13.13	5
13.15	8
13.16	7
13.18	9
13.20	10
13.21	6
13.23	8
13.24	7
13.26	8
13.28	7
13.29	12
13.31	6
13.32	9
13.34	8
13.35	16
13.37	9
13.39	8
13.40	12
13.42	4
13.43	8
13.45	12
13.46	12
13.48	14
13.50	12
13.51	9
13.53	4
13.54	13
13.56	11
13.58	12
13.59	6
13.61	8
13.62	8
13.64	11
13.65	10
13.67	8
13.69	7
13.70	10
13.72	9
13.73	6
13.75	7
13.77	12
13.78	8
13.80	8
13.81	9
13.83	6
13.84	13
13.86	6
13.88	12
13.89	9
13.91	7
13.92	12
13.94	5
13.96	7
13.97	12
13.99	8
14.00	9
14.02	12
14.03	13
14.05	11
14.07	12
14.08	4
14.10	9
14.11	10
14.13	6
14.15	8
14.16	7
14.18	8
14.19	8
14.21	3
14.22	10
14.24	5
14.26	11
14.27	8
14.29	5
14.30	7
14.32	4
14.34	4
14.35	6
14.37	7
14.38	4
14.40	3
14.41	6
14.43	7
14.45	9
14.46	6
14.48	2
14.49	8
14.51	6
14.53	10
14.54	4
14.56	7
14.57	11
14.59	10
14.60	4
14.62	6
14.64	9
14.65	8
14.67	4
14.68	11
14.70	15
14.71	8
14.73	12
14.75	6
14.76	14
14.78	12
14.79	8
14.81	9
14.83	15
14.84	8
14.86	12
14.87	12
14.89	7
14.90	12
14.92	14
14.94	10
14.95	12
14.97	12
14.98	18
15.00	16
15.02	15
15.03	8
15.05	9
15.06	14
15.08	9
15.09	6
15.11	13
15.13	7
15.14	6
15.16	15
15.17	8
15.19	10
15.21	9
15.22	7
15.24	14
15.25	7
15.27	11
15.28	9
15.30	7
15.32	7
15.33	8
15.35	10
15.36	7
15.38	7
15.40	6
15.41	10
15.43	8
15.44	8
15.46	4
15.47	4
15.49	10
15.51	8
15.52	10
15.54	14
15.55	10
15.57	13
15.59	8
15.60	10
15.62	11
15.63	8
15.65	7
15.66	9
15.68	12
15.70	9
15.71	7
15.73	8
15.74	6
15.76	12
15.77	6
15.79	13
15.81	5
15.82	9
15.84	8
15.85	9
15.87	13
15.89	14
15.90	11
15.92	3
15.93	15
15.95	8
15.96	11
15.98	8
16.00	12
16.01	8
16.03	7
16.04	9
16.06	11
16.08	7
16.09	8
16.11	8
16.12	3
16.14	7
16.15	13
16.17	5
16.19	11
16.20	6
16.22	5
16.23	5
16.25	10
16.27	7
16.28	6
16.30	3
16.31	4
16.33	9
16.34	5
16.36	8
16.38	9
16.39	4
16.41	3
16.42	9
16.44	6
16.46	7
16.47	3
16.49	4
16.50	5
16.52	7
16.53	7
16.55	5
16.57	3
16.58	2
16.60	3
16.61	10
16.63	8
16.65	7
16.66	4
16.68	9
16.69	6
16.71	6
16.72	6
16.74	4
16.76	5
16.77	3
16.79	4
16.80	7
16.82	5
16.83	5
16.85	5
16.87	6
16.88	9
16.90	5
16.91	6
16.93	9
16.95	4
16.96	5
16.98	4
16.99	3
17.01	5
17.02	8
17.04	8
17.06	9
17.07	6
17.09	5
17.10	5
17.12	8
17.14	10
17.15	6
17.17	5
17.18	7
17.20	4
17.21	6
17.23	10
17.25	9
17.26	15
17.28	10
17.29	10
17.31	9
17.33	5
17.34	2
17.36	7
17.37	5
17.39	9
17.40	10
17.42	9
17.44	7
17.45	3
17.47	8
17.48	4
17.50	6
17.52	8
17.53	10
17.55	9
17.56	12
17.58	11
17.59	6
17.61	8
17.63	6
17.64	7
17.66	6
17.67	11
17.69	7
17.71	10
17.72	7
17.74	11
17.75	6
17.77	5
17.78	3
17.80	4
17.82	3
17.83	3
17.85	5
17.86	5
17.88	4
17.89	19
17.91	6
17.93	11
17.94	6
17.96	8
17.97	6
17.99	6
18.01	4
18.02	7
18.04	14
18.05	8
18.07	5
18.08	10
18.10	11
18.12	7
18.13	9
18.15	4
18.16	4
18.18	1
18.20	9
18.21	7
18.23	5
18.24	14
18.26	5
18.27	9
18.29	9
18.31	10
18.32	8
18.34	10
18.35	3
18.37	7
18.39	8
18.40	5
18.42	5
18.43	8
18.45	8
18.46	5
18.48	9
18.50	9
18.51	3
18.53	3
18.54	6
18.56	6
18.58	8
18.59	10
18.61	6
18.62	5
18.64	4
18.65	7
18.67	9
18.69	5
18.70	10
18.72	6
18.73	4
18.75	10
18.77	6
18.78	6
18.80	7
18.81	6
18.83	5
18.84	5
18.86	7
18.88	12
18.89	5
18.91	5
18.92	11
18.94	9
18.95	5
18.97	9
18.99	7
19.00	6
19.02	4
19.03	3
19.05	6
19.07	8
19.08	5
19.10	7
19.11	11
19.13	7
19.14	6
19.16	8
19.18	6
19.19	7
19.21	8
19.22	11
19.24	8
19.26	6
19.27	4
19.29	2
19.30	5
19.32	5
19.33	4
19.35	9
19.37	10
19.38	6
19.40	2
19.41	1
19.43	6
19.45	4
19.46	6
19.48	6
19.49	6
19.51	4
19.52	7
19.54	5
19.56	5
19.57	3
19.59	9
19.60	2
19.62	5
19.64	4
19.65	4
19.67	5
19.68	5
19.70	6
19.71	6
19.73	7
19.75	10
19.76	5
19.78	7
19.79	6
19.81	10
19.83	4
19.84	7
19.86	8
19.87	7
19.89	5
19.90	3
19.92	2
19.94	5
19.95	4
19.97	0
19.98	6
20.00	9
20.02	5
20.03	5
20.05	4
20.06	4
20.08	9
20.09	5
20.11	5
20.13	6
20.14	9
20.16	9
20.17	12
20.19	2
20.20	6
20.22	7
20.24	3
20.25	6
20.27	7
20.28	3
20.30	6
20.32	6
20.33	7
20.35	12
20.36	5
20.38	9
20.39	7
20.41	6
20.43	6
20.44	4
20.46	7
20.47	14
20.49	2
20.51	6
20.52	8
20.54	5
20.55	9
20.57	9
20.58	5
20.60	9
20.62	5
20.63	5
20.65	6
20.66	9
20.68	5
20.70	7
20.71	7
20.73	5
20.74	8
20.76	9
20.77	10
20.79	6
20.81	9
20.82	8
20.84	11
20.85	3
20.87	10
20.89	7
20.90	9
20.92	8
20.93	13
20.95	7
20.96	10
20.98	8
21.00	8
21.01	9
21.03	12
21.04	12
21.06	9
21.08	9
21.09	11
21.11	17
21.12	6
21.14	11
21.15	7
21.17	4
21.19	15
21.20	9
21.22	12
21.23	18
21.25	4
21.26	4
21.28	11
21.30	7
21.31	13
21.33	13
21.34	24
21.36	12
21.38	15
21.39	12
21.41	17
21.42	12
21.44	17
21.45	22
21.47	24
21.49	23
21.50	22
21.52	30
21.53	25
21.55	37
21.57	31
21.58	33
21.60	53
21.61	50
21.63	49
21.64	70
21.66	73
21.68	56
21.69	79
21.71	99
21.72	125
21.74	117
21.76	124
21.77	126
21.79	113
21.80	148
21.82	170
21.83	213
21.85	177
21.87	195
21.88	174
21.90	234
21.91	200
21.93	224
21.95	263
21.96	238
21.98	255
21.99	266
22.01	286
22.02	266
22.04	284
22.06	268
22.07	256
22.09	255
22.10	245
22.12	292
22.14	235
22.15	278
22.17	207
22.18	254
22.20	244
22.21	222
22.23	212
22.25	230
22.26	202
22.28	175
22.29	197
22.31	179
22.32	158
22.34	154
22.36	141
22.37	123
22.39	96
22.40	121
22.42	109
22.44	98
22.45	80
22.47	78
22.48	57
22.50	56
22.51	43
22.53	61
22.55	27
22.56	49
22.58	40
22.59	35
22.61	25
22.63	23
22.64	25
22.66	17
22.67	15
22.69	11
22.70	19
22.72	17
22.74	6
22.75	3
22.77	5
22.78	10
22.80	6
22.82	2
22.83	9
22.85	2
22.86	3
22.88	2
22.89	4
22.91	5
22.93	4
22.94	4
22.96	3
22.97	2
22.99	4
23.01	4
23.02	2
23.04	7
23.05	0
23.07	5
23.08	2
23.10	2
23.12	1
23.13	0
23.15	0
23.16	1
23.18	3
23.20	6
23.21	0
23.23	2
23.24	3
23.26	2
23.27	5
23.29	2
23.31	2
23.32	4
23.34	5
23.35	2
23.37	0
23.38	2
23.40	3
23.42	3
23.43	2
23.45	1
23.46	4
23.48	0
23.50	2
23.51	1
23.53	3
23.54	1
23.56	6
23.57	6
23.59	4
23.61	3
23.62	2
23.64	4
23.65	0
23.67	6
23.69	2
23.70	5
23.72	2
23.73	2
23.75	2
23.76	3
23.78	2
23.80	4
23.81	2
23.83	2
23.84	5
23.86	2
23.88	4
23.89	3
23.91	3
23.92	2
23.94	4
23.95	2
23.97	1
23.99	0
24.00	4
24.02	0
24.03	2
24.05	2
24.07	2
24.08	1
24.10	5
24.11	4
24.13	1
24.14	3
24.16	1
24.18	0
24.19	4
24.21	3
24.22	5
24.24	4
24.26	2
24.27	2
24.29	0
24.30	6
24.32	5
24.33	3
24.35	1
24.37	4
24.38	5
24.40	5
24.41	4
24.43	8
24.45	5
24.46	10
24.48	9
24.49	13
24.51	12
24.52	21
24.54	13
24.56	11
24.57	20
24.59	22
24.60	16
24.62	16
24.63	20
24.65	34
24.67	17
24.68	31
24.70	28
24.71	25
24.73	39
24.75	36
24.76	34
24.78	47
24.79	34
24.81	29
24.82	37
24.84	38
24.86	47
24.87	53
24.89	60
24.90	42
24.92	43
24.94	42
24.95	53
24.97	44
24.98	33
25.00	37
25.01	41
25.03	39
25.05	35
25.06	37
25.08	26
25.09	45
25.11	33
25.13	28
25.14	25
25.16	31
25.17	26
25.19	26
25.20	21
25.22	34
25.24	17
25.25	23
25.27	18
25.28	20
25.30	27
25.32	22
25.33	16
25.35	17
25.36	20
25.38	17
25.39	12
25.41	7
25.43	13
25.44	8
25.46	12
25.47	7
25.49	8
25.51	11
25.52	10
25.54	9
25.55	9
25.57	3
25.58	7
25.60	3
25.62	1
25.63	4
25.65	2
25.66	9
25.68	4
25.69	1
25.71	5
25.73	5
25.74	6
25.76	5
25.77	3
25.79	3
25.81	3
25.82	2
25.84	1
25.85	1
25.87	1
25.88	0
25.90	2
25.92	1
25.93	0
25.95	0
25.96	0
25.98	0
26.00	1
26.01	1
26.03	0
26.04	0
26.06	1
26.07	0
26.09	0
26.11	0
26.12	0
26.14	0
26.15	0
26.17	0
26.19	0
26.20	0
26.22	0
26.23	0
26.25	0
26.26	1
26.28	0
26.30	0
26.31	0
26.33	0
26.34	0
26.36	1
26.38	1
26.39	0
26.41	0
26.42	0
26.44	0
26.45	0
26.47	0
26.49	0
26.50	0
26.52	0
26.53	0
26.55	0
26.57	0
26.58	1
26.60	0
26.61	0
26.63	0
26.64	0
26.66	0
26.68	1
26.69	0
26.71	0
26.72	0
26.74	0
26.75	0
26.77	0
26.79	0
26.80	0
26.82	0
26.83	0
26.85	0
26.87	0
26.88	0
26.90	0
26.91	0
26.93	0
26.94	0
26.96	0
26.98	0
26.99	0
27.01	0
27.02	1
27.04	0
27.06	0
27.07	0
27.09	0
27.10	0
27.12	0
27.13	0
27.15	0
27.17	0
27.18	0
27.20	0
27.21	0
27.23	0
27.25	0
27.26	0
27.28	0
27.29	0
27.31	0
27.32	0
27.34	0
27.36	0
27.37	0
27.39	1
27.40	0
27.42	0
27.44	0
27.45	0
27.47	0
27.48	0
27.50	0
27.51	1
27.53	1
27.55	0
27.56	0
27.58	0
27.59	0
27.61	0
27.63	0
27.64	0
27.66	0
27.67	0
27.69	0
27.70	0
27.72	0
27.74	0
27.75	0
27.77	0
27.78	1
27.80	0
27.81	0
27.83	0
27.85	0
27.86	0
27.88	0
27.89	0
27.91	0
27.93	1
27.94	1
27.96	1
27.97	0
27.99	0
28.00	0
28.02	0
28.04	1
28.05	0
28.07	0
28.08	0
28.10	0
28.12	0
28.13	0
28.15	0
28.16	0
28.18	0
28.19	0
28.21	0
28.23	0
28.24	0
28.26	0
28.27	0
28.29	0
28.31	0
28.32	0
28.34	0
28.35	1
28.37	0
28.38	0
28.40	0
28.42	0
28.43	0
28.45	0
28.46	0
28.48	0
28.50	0
28.51	0
28.53	1
28.54	0
28.56	0
28.57	0
28.59	0
28.61	0
28.62	0
28.64	0
28.65	0
28.67	0
28.69	0
28.70	0
28.72	0
28.73	0
28.75	0
28.76	0
28.78	0
28.80	0
28.81	0
28.83	0
28.84	0
28.86	0
28.88	0
28.89	0
28.91	0
28.92	0
28.94	0
28.95	0
28.97	0
28.99	0
29.00	0
29.02	0
29.03	0
29.05	0
29.06	0
29.08	0
29.10	0
29.11	0
29.13	0
29.14	0
29.16	0
29.18	0
29.19	1
29.21	0
29.22	0
29.24	0
29.25	0
29.27	0
29.29	0
29.30	0
29.32	0
29.33	0
29.35	0
29.37	0
29.38	0
29.40	0
29.41	0
29.43	0
29.44	0
29.46	0
29.48	0
29.49	1
29.51	0
29.52	0
29.54	0
29.56	0
29.57	0
29.59	0
29.60	0
29.62	0
29.63	0
29.65	0
29.67	0
29.68	1
29.70	0
29.71	0
29.73	0
29.75	0
29.76	0
29.78	0
29.79	0
29.81	0
29.82	0
29.84	0
29.86	0
29.87	0
29.89	0
29.90	0
29.92	0
29.94	0
29.95	0
29.97	0
29.98	0
30.00	1
30.01	0
30.03	0
30.05	0
30.06	0
30.08	0
30.09	0
30.11	0
30.12	0
30.14	0
30.16	0
30.17	0
30.19	0
30.20	1
30.22	0
30.24	0
30.25	0
30.27	0
30.28	0
30.30	0
30.31	0
30.33	0
30.35	0
30.36	0
30.38	0
30.39	0
30.41	1
30.43	0
30.44	0
30.46	0
30.47	0
30.49	0
30.50	0
30.52	0
30.54	0
30.55	0
30.57	0
30.58	0
30.60	0
30.62	0
30.63	0
30.65	0
30.66	0
30.68	0
30.69	0
30.71	0
30.73	0
30.74	0
30.76	0
30.77	0
30.79	0
30.81	0
30.82	0
30.84	0
30.85	0
30.87	0
30.88	0
30.90	0
30.92	0
30.93	0
30.95	0
30.96	0
30.98	0
31.00	0
31.01	0
31.03	0
31.04	0
31.06	0
31.07	1
31.09	0
31.11	0
31.12	0
31.14	0
31.15	0
31.17	0
31.18	0
31.20	0
31.22	1
31.23	0
31.25	0
31.26	0
31.28	0
31.30	0
31.31	0
31.33	0
31.34	0
31.36	0
31.37	0
31.39	0
31.41	0
31.42	0
31.44	1
31.45	0
31.47	0
31.49	0
31.50	0
31.52	0
31.53	0
31.55	0
31.56	0
31.58	0
31.60	0
31.61	0
31.63	0
31.64	0
31.66	0
31.68	0
31.69	0
31.71	0
31.72	0
31.74	0
31.75	0
31.77	0
31.79	0
31.80	0
31.82	0
31.83	0
31.85	0
31.87	0
31.88	0
31.90	0
31.91	0
31.93	0
31.94	0
31.96	0
31.98	0
31.99	0
32.01	0
32.02	0
32.04	0
32.06	0
32.07	0
32.09	0
32.10	0
32.12	0
32.13	0
32.15	0
32.17	0
32.18	0
32.20	0
32.21	0
32.23	0
32.24	0
32.26	0
32.28	0
32.29	0
32.31	0
32.32	0
32.34	0
32.36	0
32.37	0
32.39	0
32.40	0
32.42	0
32.43	-1
