# exported by fityk 0.8.7
#3-Cu:x	3-Cu:y	3-Cu:s	3-Cu:F(x)	3-Cu:%_1(x)	3-Cu:%_2(x)	3-Cu:a
0.79	0	1	5.69221e-204	5.69221e-204	0	1
0.81	0	1	7.97246e-203	7.97246e-203	8.37491e-320	1
0.82	0	1	2.97546e-202	2.97546e-202	5.32934e-319	1
0.84	1	1	4.12183e-201	4.12183e-201	2.09482e-317	1
0.86	0	1	5.66815e-200	5.66815e-200	8.12716e-316	1
0.87	0	1	2.09615e-199	2.09615e-199	5.04459e-315	1
0.89	0	1	2.85101e-198	2.85101e-198	1.93032e-313	1
0.9	0	1	1.04856e-197	1.04856e-197	1.19e-312	1
0.92	0	1	1.41056e-196	1.41056e-196	4.49169e-311	1
0.93	0	1	5.15939e-196	5.15939e-196	2.75016e-310	1
0.95	0	1	6.8647e-195	6.8647e-195	1.02396e-308	1
0.97	0	1	9.06695e-194	9.06695e-194	3.7779e-307	1
0.98	0	1	3.28615e-193	3.28615e-193	2.28691e-306	1
1	0	1	4.2929e-192	4.2929e-192	8.32294e-305	1
1.01	0	1	1.54735e-191	1.54735e-191	5.00387e-304	1
1.03	0	1	1.99929e-190	1.99929e-190	1.79637e-302	1
1.05	0	1	2.56437e-189	2.56437e-189	6.39037e-301	1
1.06	0	1	9.1588e-189	9.1588e-189	3.79845e-300	1
1.08	0	1	1.16189e-187	1.16189e-187	1.3329e-298	1
1.09	0	1	4.12702e-187	4.12702e-187	7.86881e-298	1
1.11	0	1	5.17832e-186	5.17832e-186	2.72372e-296	1
1.12	0	1	1.82924e-185	1.82924e-185	1.597e-295	1
1.14	0	1	2.27011e-184	2.27011e-184	5.45278e-294	1
1.16	1	1	2.79665e-183	2.79665e-183	1.8449e-292	1
1.17	0	1	9.78905e-183	9.78905e-183	1.06946e-291	1
1.19	1	1	1.19277e-181	1.19277e-181	3.5693e-290	1
1.2	1	1	4.15213e-181	4.15213e-181	2.05497e-289	1
1.22	10	3.16228	5.00393e-180	5.00393e-180	6.76525e-288	1
1.24	18	4.24264	5.98642e-179	5.98642e-179	2.207e-286	1
1.25	35	5.91608	2.06491e-178	2.06491e-178	1.25625e-285	1
1.27	21	4.58258	2.44333e-177	2.44333e-177	4.04257e-284	1
1.28	38	6.16441	8.38162e-177	8.38162e-177	2.2854e-283	1
1.3	32	5.65685	9.80917e-176	9.80917e-176	7.25444e-282	1
1.31	29	5.38516	3.3465e-175	3.3465e-175	4.07324e-281	1
1.33	35	5.91608	3.87363e-174	3.87363e-174	1.27539e-279	1
1.35	30	5.47723	4.45106e-173	4.45106e-173	3.95718e-278	1
1.36	34	5.83095	1.50467e-172	1.50467e-172	2.19671e-277	1
1.38	31	5.56776	1.71005e-171	1.71005e-171	6.72323e-276	1
1.39	26	5.09902	5.7491e-171	5.7491e-171	3.70677e-275	1
1.41	38	6.16441	6.46238e-170	6.46238e-170	1.11908e-273	1
1.42	36	6	2.1607e-169	2.1607e-169	6.12788e-273	1
1.44	37	6.08276	2.40221e-168	2.40221e-168	1.82489e-271	1
1.46	31	5.56776	2.65121e-167	2.65121e-167	5.38525e-270	1
1.47	26	5.09902	8.78347e-167	8.78347e-167	2.91545e-269	1
1.49	32	5.65685	9.58788e-166	9.58788e-166	8.48663e-268	1
1.5	26	5.09902	3.15905e-165	3.15905e-165	4.56315e-267	1
1.52	32	5.65685	3.41065e-164	3.41065e-164	1.31026e-265	1
1.54	39	6.245	3.6554e-163	3.6554e-163	3.7281e-264	1
1.55	40	6.32456	1.19341e-162	1.19341e-162	1.98184e-263	1
1.57	31	5.56776	1.26506e-161	1.26506e-161	5.56241e-262	1
1.58	38	6.16441	4.10749e-161	4.10749e-161	2.9368e-261	1
1.6	29	5.38516	4.30646e-160	4.30646e-160	8.13072e-260	1
1.61	28	5.2915	1.39059e-159	1.39059e-159	4.26355e-259	1
1.63	33	5.74456	1.44201e-158	1.44201e-158	1.16436e-257	1
1.65	22	4.69042	1.48441e-157	1.48441e-157	3.15097e-256	1
1.66	44	6.63325	4.74954e-157	4.74954e-157	1.63357e-255	1
1.68	20	4.47214	4.83571e-156	4.83571e-156	4.3607e-254	1
1.69	31	5.56776	1.53876e-155	1.53876e-155	2.24533e-253	1
1.71	26	5.09902	1.54954e-154	1.54954e-154	5.91235e-252	1
1.73	28	5.2915	1.54901e-153	1.54901e-153	1.5427e-250	1
1.74	30	5.47723	4.88409e-153	4.88409e-153	7.85336e-250	1
1.76	37	6.08276	4.82899e-152	4.82899e-152	2.02133e-248	1
1.77	27	5.19615	1.51426e-151	1.51426e-151	1.02198e-247	1
1.79	28	5.2915	1.4808e-150	1.4808e-150	2.5947e-246	1
1.8	26	5.09902	4.61797e-150	4.61797e-150	1.30294e-245	1
1.82	32	5.65685	4.46655e-149	4.46655e-149	3.26308e-244	1
1.84	27	5.19615	4.28854e-148	4.28854e-148	8.0979e-243	1
1.85	31	5.56776	1.32521e-147	1.32521e-147	4.02032e-242	1
1.87	27	5.19615	1.25848e-146	1.25848e-146	9.84163e-241	1
1.88	30	5.47723	3.86751e-146	3.86751e-146	4.85272e-240	1
1.9	39	6.245	3.6326e-145	3.6326e-145	1.1718e-238	1
1.92	28	5.2915	3.38703e-144	3.38703e-144	2.8039e-237	1
1.93	21	4.58258	1.0314e-143	1.0314e-143	1.36688e-236	1
1.95	27	5.19615	9.51154e-143	9.51154e-143	3.22628e-235	1
1.96	34	5.83095	2.88051e-142	2.88051e-142	1.56208e-234	1
1.98	27	5.19615	2.62736e-141	2.62736e-141	3.63692e-233	1
1.99	27	5.19615	7.91316e-141	7.91316e-141	1.7489e-232	1
2.01	28	5.2915	7.13877e-140	7.13877e-140	4.01659e-231	1
2.03	19	4.3589	6.39312e-139	6.39312e-139	9.14093e-230	1
2.04	42	6.48074	1.90794e-138	1.90794e-138	4.34583e-229	1
2.06	31	5.56776	1.68996e-137	1.68996e-137	9.7559e-228	1
2.07	33	5.74456	5.0158e-137	5.0158e-137	4.6066e-227	1
2.09	23	4.79583	4.39418e-136	4.39418e-136	1.02009e-225	1
2.11	28	5.2915	3.82148e-135	3.82148e-135	2.23838e-224	1
2.12	22	4.69042	1.12387e-134	1.12387e-134	1.04495e-223	1
2.14	23	4.79583	9.66701e-134	9.66701e-134	2.26181e-222	1
2.15	28	5.2915	2.8274e-133	2.8274e-133	1.0487e-221	1
2.17	27	5.19615	2.40541e-132	2.40541e-132	2.23908e-220	1
2.18	24	4.89898	6.99674e-132	6.99674e-132	1.03109e-219	1
2.2	20	4.47214	5.88737e-131	5.88737e-131	2.17158e-218	1
2.22	29	5.38516	4.91772e-130	4.91772e-130	4.53209e-217	1
2.23	18	4.24264	1.41739e-129	1.41739e-129	2.06336e-216	1
2.25	26	5.09902	1.171e-128	1.171e-128	4.24774e-215	1
2.26	24	4.89898	3.35657e-128	3.35657e-128	1.92072e-214	1
2.28	29	5.38516	2.74274e-127	2.74274e-127	3.9004e-213	1
2.3	28	5.2915	2.2248e-126	2.2248e-126	7.84865e-212	1
2.31	22	4.69042	6.31903e-126	6.31903e-126	3.50875e-211	1
2.33	18	4.24264	5.06968e-125	5.06968e-125	6.96466e-210	1
2.34	34	5.83095	1.43203e-124	1.43203e-124	3.09235e-209	1
2.36	27	5.19615	1.13633e-123	1.13633e-123	6.05475e-208	1
2.37	20	4.47214	3.19219e-123	3.19219e-123	2.67003e-207	1
2.39	22	4.69042	2.50534e-122	2.50534e-122	5.15686e-206	1
2.41	24	4.89898	1.95192e-121	1.95192e-121	9.86951e-205	1
2.42	21	4.58258	5.43331e-121	5.43331e-121	4.30295e-204	1
2.44	20	4.47214	4.1868e-120	4.1868e-120	8.1234e-203	1
2.45	21	4.58258	1.15904e-119	1.15904e-119	3.51754e-202	1
2.47	22	4.69042	8.83365e-119	8.83365e-119	6.55046e-201	1
2.48	26	5.09902	2.43202e-118	2.43202e-118	2.81711e-200	1
2.5	30	5.47723	1.8333e-117	1.8333e-117	5.17485e-199	1
2.52	25	5	1.37188e-116	1.37188e-116	9.41962e-198	1
2.53	34	5.83095	3.74251e-116	3.74251e-116	4.00513e-197	1
2.55	32	5.65685	2.76994e-115	2.76994e-115	7.19139e-196	1
2.56	23	4.79583	7.515e-115	7.515e-115	3.03687e-195	1
2.58	21	4.58258	5.50122e-114	5.50122e-114	5.37878e-194	1
2.6	28	5.2915	3.99766e-113	3.99766e-113	9.44024e-193	1
2.61	21	4.58258	1.07469e-112	1.07469e-112	3.94137e-192	1
2.63	15	3.87298	7.72424e-112	7.72424e-112	6.82351e-191	1
2.64	27	5.19615	2.06513e-111	2.06513e-111	2.82946e-190	1
2.66	25	5	1.46805e-110	1.46805e-110	4.83197e-189	1
2.67	13	3.60555	3.90342e-110	3.90342e-110	1.98999e-188	1
2.69	28	5.2915	2.7445e-109	2.7445e-109	3.35222e-187	1
2.71	25	5	1.91557e-108	1.91557e-108	5.59573e-186	1
2.72	25	5	5.04687e-108	5.04687e-108	2.27842e-185	1
2.74	27	5.19615	3.48402e-107	3.48402e-107	3.75162e-184	1
2.75	23	4.79583	9.12885e-107	9.12885e-107	1.51714e-183	1
2.77	36	6	6.23303e-106	6.23303e-106	2.46418e-182	1
2.79	19	4.3589	4.22472e-105	4.22472e-105	3.96606e-181	1
2.8	21	4.58258	1.09687e-104	1.09687e-104	1.58569e-180	1
2.82	15	3.87298	7.3532e-104	7.3532e-104	2.51749e-179	1
2.83	21	4.58258	1.89864e-103	1.89864e-103	9.9967e-179	1
2.85	17	4.12311	1.2589e-102	1.2589e-102	1.56555e-177	1
2.86	19	4.3589	3.23274e-102	3.23274e-102	6.17428e-177	1
2.88	27	5.19615	2.12003e-101	2.12003e-101	9.53801e-176	1
2.9	27	5.19615	1.38016e-100	1.38016e-100	1.46006e-174	1
2.91	21	4.58258	3.51178e-100	3.51178e-100	5.693e-174	1
2.93	29	5.38516	2.2612e-099	2.2612e-099	8.59635e-173	1
2.94	16	4	5.72203e-099	5.72203e-099	3.32902e-172	1
2.96	31	5.56776	3.64406e-098	3.64406e-098	4.95851e-171	1
2.98	23	4.79583	2.30376e-097	2.30376e-097	7.31857e-170	1
2.99	19	4.3589	5.77655e-097	5.77655e-097	2.80207e-169	1
3.01	21	4.58258	3.61197e-096	3.61197e-096	4.07959e-168	1
3.02	31	5.56776	9.00715e-096	9.00715e-096	1.55132e-167	1
3.04	21	4.58258	5.5704e-095	5.5704e-095	2.22791e-166	1
3.05	32	5.65685	1.38147e-094	1.38147e-094	8.4142e-166	1
3.07	24	4.89898	8.45017e-094	8.45017e-094	1.19199e-164	1
3.09	27	5.19615	5.13104e-093	5.13104e-093	1.67329e-163	1
3.1	21	4.58258	1.2609e-092	1.2609e-092	6.24796e-163	1
3.12	28	5.2915	7.57258e-092	7.57258e-092	8.65166e-162	1
3.13	25	5	1.85068e-091	1.85068e-091	3.20845e-161	1
3.15	33	5.74456	1.09931e-090	1.09931e-090	4.38247e-160	1
3.17	22	4.69042	6.48221e-090	6.48221e-090	5.93175e-159	1
3.18	24	4.89898	1.56975e-089	1.56975e-089	2.17485e-158	1
3.2	19	4.3589	9.155e-089	9.155e-089	2.90372e-157	1
3.21	18	4.24264	2.20484e-088	2.20484e-088	1.05739e-156	1
3.23	29	5.38516	1.27183e-087	1.27183e-087	1.39258e-155	1
3.24	29	5.38516	3.04622e-087	3.04622e-087	5.03649e-155	1
3.26	13	3.60555	1.73795e-086	1.73795e-086	6.54299e-154	1
3.28	20	4.47214	9.84303e-086	9.84303e-086	8.42296e-153	1
3.29	24	4.89898	2.33604e-085	2.33604e-085	3.01179e-152	1
3.31	28	5.2915	1.30857e-084	1.30857e-084	3.8245e-151	1
3.32	18	4.24264	3.08859e-084	3.08859e-084	1.3582e-150	1
3.34	34	5.83095	1.7112e-083	1.7112e-083	1.70128e-149	1
3.36	27	5.19615	9.41144e-083	9.41144e-083	2.11168e-148	1
3.37	30	5.47723	2.2011e-082	2.2011e-082	7.4143e-148	1
3.39	22	4.69042	1.19735e-081	1.19735e-081	9.07787e-147	1
3.4	23	4.79583	2.78494e-081	2.78494e-081	3.1656e-146	1
3.42	27	5.19615	1.49837e-080	1.49837e-080	3.82324e-145	1
3.43	24	4.89898	3.46599e-080	3.46599e-080	1.32414e-144	1
3.45	19	4.3589	1.8444e-079	1.8444e-079	1.5775e-143	1
3.47	17	4.12311	9.74316e-079	9.74316e-079	1.86229e-142	1
3.48	22	4.69042	2.2332e-078	2.2332e-078	6.37678e-142	1
3.5	23	4.79583	1.1668e-077	1.1668e-077	7.42574e-141	1
3.51	24	4.89898	2.65972e-077	2.65972e-077	2.52537e-140	1
3.53	28	5.2915	1.37445e-076	1.37445e-076	2.90084e-139	1
3.54	21	4.58258	3.11588e-076	3.11588e-076	9.79804e-139	1
3.56	26	5.09902	1.59256e-075	1.59256e-075	1.1102e-137	1
3.58	18	4.24264	8.08032e-075	8.08032e-075	1.24653e-136	1
3.59	23	4.79583	1.8151e-074	1.8151e-074	4.16264e-136	1
3.61	23	4.79583	9.10872e-074	9.10872e-074	4.61033e-135	1
3.62	31	5.56776	2.03489e-073	2.03489e-073	1.52908e-134	1
3.64	24	4.89898	1.01e-072	1.01e-072	1.67053e-133	1
3.66	22	4.69042	4.97643e-072	4.97643e-072	1.8085e-132	1
3.67	19	4.3589	1.1016e-071	1.1016e-071	5.93017e-132	1
3.69	22	4.69042	5.36837e-071	5.36837e-071	6.33278e-131	1
3.7	23	4.79583	1.18184e-070	1.18184e-070	2.0624e-130	1
3.72	14	3.74166	5.69644e-070	5.69644e-070	2.17251e-129	1
3.73	22	4.69042	1.24719e-069	1.24719e-069	7.02701e-129	1
3.75	18	4.24264	5.94566e-069	5.94566e-069	7.30163e-128	1
3.77	27	5.19615	2.81374e-068	2.81374e-068	7.51814e-127	1
3.78	29	5.38516	6.10426e-068	6.10426e-068	2.4042e-126	1
3.8	26	5.09902	2.85721e-067	2.85721e-067	2.44187e-125	1
3.81	31	5.56776	6.16456e-067	6.16456e-067	7.75557e-125	1
3.83	18	4.24264	2.85387e-066	2.85387e-066	7.77011e-124	1
3.85	23	4.79583	1.31155e-065	1.31155e-065	7.71402e-123	1
3.86	32	5.65685	2.80391e-065	2.80391e-065	2.42227e-122	1
3.88	30	5.47723	1.27449e-064	1.27449e-064	2.37213e-121	1
3.89	31	5.56776	2.70975e-064	2.70975e-064	7.39795e-121	1
3.91	28	5.2915	1.21822e-063	1.21822e-063	7.14641e-120	1
3.92	29	5.38516	2.57591e-063	2.57591e-063	2.21356e-119	1
3.94	32	5.65685	1.14538e-062	1.14538e-062	2.10926e-118	1
3.96	45	6.7082	5.05577e-062	5.05577e-062	1.99163e-117	1
3.97	34	5.83095	1.05928e-061	1.05928e-061	6.09906e-117	1
3.99	34	5.83095	4.62459e-061	4.62459e-061	5.68072e-116	1
4	26	5.09902	9.63628e-061	9.63628e-061	1.72778e-115	1
4.02	37	6.08276	4.16097e-060	4.16097e-060	1.58741e-114	1
4.04	39	6.245	1.78359e-059	1.78359e-059	1.44521e-113	1
4.05	34	5.83095	3.68258e-059	3.68258e-059	4.34579e-113	1
4.07	48	6.9282	1.56127e-058	1.56127e-058	3.90277e-112	1
4.08	38	6.16441	3.20587e-058	3.20587e-058	1.16557e-111	1
4.1	37	6.08276	1.3443e-057	1.3443e-057	1.03253e-110	1
4.11	56	7.48331	2.74521e-057	2.74521e-057	3.06269e-110	1
4.13	55	7.4162	1.13854e-056	1.13854e-056	2.67626e-109	1
4.15	46	6.78233	4.68746e-056	4.68746e-056	2.31737e-108	1
4.16	57	7.54983	9.48502e-056	9.48502e-056	6.79587e-108	1
4.18	45	6.7082	3.86235e-055	3.86235e-055	5.80462e-107	1
4.19	51	7.14143	7.77256e-055	7.77256e-055	1.69065e-106	1
4.21	49	7	3.13041e-054	3.13041e-054	1.42444e-105	1
4.23	50	7.07107	1.25157e-053	1.25157e-053	1.18925e-104	1
4.24	30	5.47723	2.49567e-053	2.49567e-053	3.42456e-104	1
4.26	49	7	9.86882e-053	9.86882e-053	2.82031e-103	1
4.27	47	6.85565	1.95709e-052	1.95709e-052	8.06599e-103	1
4.29	41	6.40312	7.6544e-052	7.6544e-052	6.55256e-102	1
4.3	57	7.54983	1.50962e-051	1.50962e-051	1.86124e-101	1
4.32	54	7.34847	5.83974e-051	5.83974e-051	1.49148e-100	1
4.34	27	5.19615	2.24251e-050	2.24251e-050	1.18433e-099	1
4.35	38	6.16441	4.3824e-050	4.3824e-050	3.32596e-099	1
4.37	56	7.48331	1.66448e-049	1.66448e-049	2.60515e-098	1
4.38	52	7.2111	3.23494e-049	3.23494e-049	7.2662e-098	1
4.4	41	6.40312	1.21522e-048	1.21522e-048	5.61417e-097	1
4.42	31	5.56776	4.5317e-048	4.5317e-048	4.29838e-096	1
4.43	52	7.2111	8.72711e-048	8.72711e-048	1.1853e-095	1
4.45	39	6.245	3.21885e-047	3.21885e-047	8.95179e-095	1
4.46	41	6.40312	6.16483e-047	6.16483e-047	2.45169e-094	1
4.48	45	6.7082	2.24892e-046	2.24892e-046	1.82645e-093	1
4.49	46	6.78233	4.28359e-046	4.28359e-046	4.96813e-093	1
4.51	33	5.74456	1.54556e-045	1.54556e-045	3.65087e-092	1
4.53	31	5.56776	5.53579e-045	5.53579e-045	2.65852e-091	1
4.54	24	4.89898	1.0448e-044	1.0448e-044	7.14953e-091	1
4.56	31	5.56776	3.70126e-044	3.70126e-044	5.1355e-090	1
4.57	47	6.85565	6.94729e-044	6.94729e-044	1.37167e-089	1
4.59	30	5.47723	2.4342e-043	2.4342e-043	9.71891e-089	1
4.6	25	5	4.54396e-043	4.54396e-043	2.5782e-088	1
4.62	35	5.91608	1.57471e-042	1.57471e-042	1.80196e-087	1
4.64	24	4.89898	5.41729e-042	5.41729e-042	1.248e-086	1
4.65	32	5.65685	1.00203e-041	1.00203e-041	3.27313e-086	1
4.67	26	5.09902	3.40946e-041	3.40946e-041	2.23611e-085	1
4.68	31	5.56776	6.27183e-041	6.27183e-041	5.8247e-085	1
4.7	36	6	2.11069e-040	2.11069e-040	3.92523e-084	1
4.72	35	5.91608	7.05133e-040	7.05133e-040	2.62118e-083	1
4.73	32	5.65685	1.28529e-039	1.28529e-039	6.75039e-083	1
4.75	25	5	4.24688e-039	4.24688e-039	4.44654e-082	1
4.76	23	4.79583	7.69859e-039	7.69859e-039	1.13733e-081	1
4.78	21	4.58258	2.51597e-038	2.51597e-038	7.38992e-081	1
4.79	35	5.91608	4.53585e-038	4.53585e-038	1.87729e-080	1
4.81	35	5.91608	1.46615e-037	1.46615e-037	1.20323e-079	1
4.83	34	5.83095	4.70448e-037	4.70448e-037	7.64198e-079	1
4.84	24	4.89898	8.40397e-037	8.40397e-037	1.91933e-078	1
4.86	33	5.74456	2.66712e-036	2.66712e-036	1.20245e-077	1
4.87	27	5.19615	4.73836e-036	4.73836e-036	2.99946e-077	1
4.89	35	5.91608	1.48734e-035	1.48734e-035	1.85363e-076	1
4.91	28	5.2915	4.63457e-035	4.63457e-035	1.13513e-075	1
4.92	20	4.47214	8.15858e-035	8.15858e-035	2.79943e-075	1
4.94	23	4.79583	2.51442e-034	2.51442e-034	1.69103e-074	1
4.95	34	5.83095	4.40204e-034	4.40204e-034	4.14198e-074	1
4.97	30	5.47723	1.34184e-033	1.34184e-033	2.46804e-073	1
4.98	17	4.12311	2.33631e-033	2.33631e-033	6.00397e-073	1
5	31	5.56776	7.0437e-033	7.0437e-033	3.52893e-072	1
5.02	29	5.38516	2.10808e-032	2.10808e-032	2.05536e-071	1
5.03	27	5.19615	3.63695e-032	3.63695e-032	4.94341e-071	1
5.05	18	4.24264	1.07658e-031	1.07658e-031	2.8401e-070	1
5.06	25	5	1.84718e-031	1.84718e-031	6.78426e-070	1
5.08	37	6.08276	5.40809e-031	5.40809e-031	3.84477e-069	1
5.1	22	4.69042	1.57179e-030	1.57179e-030	2.15914e-068	1
5.11	22	4.69042	2.67225e-030	2.67225e-030	5.09918e-068	1
5.13	30	5.47723	7.68159e-030	7.68159e-030	2.82469e-067	1
5.14	21	4.58258	1.29881e-029	1.29881e-029	6.62554e-067	1
5.16	29	5.38516	3.6927e-029	3.6927e-029	3.62037e-066	1
5.17	35	5.91608	6.20939e-029	6.20939e-029	8.43401e-066	1
5.19	39	6.245	1.74611e-028	1.74611e-028	4.54598e-065	1
5.21	23	4.79583	4.87429e-028	4.87429e-028	2.42807e-064	1
5.22	21	4.58258	8.12151e-028	8.12151e-028	5.59234e-064	1
5.24	20	4.47214	2.24233e-027	2.24233e-027	2.94638e-063	1
5.25	27	5.19615	3.71567e-027	3.71567e-027	6.73988e-063	1
5.27	29	5.38516	1.01467e-026	1.01467e-026	3.50275e-062	1
5.29	26	5.09902	2.7506e-026	2.7506e-026	1.80387e-061	1
5.3	26	5.09902	4.51633e-026	4.51633e-026	4.07962e-061	1
5.32	27	5.19615	1.21091e-025	1.21091e-025	2.07243e-060	1
5.33	25	5	1.97734e-025	1.97734e-025	4.65504e-060	1
5.35	20	4.47214	5.24365e-025	5.24365e-025	2.33262e-059	1
5.36	34	5.83095	8.5156e-025	8.5156e-025	5.20379e-059	1
5.38	32	5.65685	2.23352e-024	2.23352e-024	2.57218e-058	1
5.4	22	4.69042	5.81543e-024	5.81543e-024	1.25986e-057	1
5.41	26	5.09902	9.35801e-024	9.35801e-024	2.77875e-057	1
5.43	19	4.3589	2.4099e-023	2.4099e-023	1.34256e-056	1
5.44	34	5.83095	3.85667e-023	3.85667e-023	2.94097e-056	1
5.46	33	5.74456	9.82318e-023	9.82318e-023	1.40164e-055	1
5.48	27	5.19615	2.48375e-022	2.48375e-022	6.61945e-055	1
5.49	37	6.08276	3.93859e-022	3.93859e-022	1.43361e-054	1
5.51	20	4.47214	9.84965e-022	9.84965e-022	6.67848e-054	1
5.52	27	5.19615	1.55334e-021	1.55334e-021	1.43654e-053	1
5.54	21	4.58258	3.84211e-021	3.84211e-021	6.60123e-053	1
5.55	20	4.47214	6.02598e-021	6.02598e-021	1.41025e-052	1
5.57	25	5	1.4742e-020	1.4742e-020	6.39241e-052	1
5.59	17	4.12311	3.58013e-020	3.58013e-020	2.87128e-051	1
5.6	26	5.09902	5.56387e-020	5.56387e-020	6.06451e-051	1
5.62	25	5	1.33643e-019	1.33643e-019	2.687e-050	1
5.63	25	5	2.06555e-019	2.06555e-019	5.63663e-050	1
5.65	17	4.12311	4.90712e-019	4.90712e-019	2.4635e-049	1
5.67	29	5.38516	1.15727e-018	1.15727e-018	1.06691e-048	1
5.68	24	4.89898	1.77233e-018	1.77233e-018	2.21274e-048	1
5.7	36	6	4.13406e-018	4.13406e-018	9.45291e-048	1
5.71	34	5.83095	6.29649e-018	6.29649e-018	1.94715e-047	1
5.73	32	5.65685	1.45263e-017	1.45263e-017	8.20532e-047	1
5.74	23	4.79583	2.20033e-017	2.20033e-017	1.67865e-046	1
5.76	34	5.83095	5.02074e-017	5.02074e-017	6.97779e-046	1
5.78	27	5.19615	1.13727e-016	1.13727e-016	2.8742e-045	1
5.79	22	4.69042	1.70694e-016	1.70694e-016	5.81342e-045	1
5.81	40	6.32456	3.82418e-016	3.82418e-016	2.36207e-044	1
5.82	22	4.69042	5.70827e-016	5.70827e-016	4.74502e-044	1
5.84	41	6.40312	1.26488e-015	1.26488e-015	1.90178e-043	1
5.85	29	5.38516	1.8777e-015	1.8777e-015	3.79434e-043	1
5.87	32	5.65685	4.11523e-015	4.11523e-015	1.5001e-042	1
5.89	36	6	8.95321e-015	8.95321e-015	5.87683e-042	1
5.9	44	6.63325	1.31697e-014	1.31697e-014	1.15923e-041	1
5.92	36	6	2.8339e-014	2.8339e-014	4.47977e-041	1
5.93	33	5.74456	4.14568e-014	4.14568e-014	8.77635e-041	1
5.95	27	5.19615	8.82323e-014	8.82323e-014	3.3455e-040	1
5.97	32	5.65685	1.86413e-013	1.86413e-013	1.26371e-039	1
5.98	34	5.83095	2.70213e-013	2.70213e-013	2.4477e-039	1
6	47	6.85565	5.64649e-013	5.64649e-013	9.12024e-039	1
6.01	29	5.38516	8.13993e-013	8.13993e-013	1.75447e-038	1
6.03	39	6.245	1.68235e-012	1.68235e-012	6.44847e-038	1
6.04	36	6	2.41197e-012	2.41197e-012	1.23205e-037	1
6.06	30	5.47723	4.93051e-012	4.93051e-012	4.46682e-037	1
6.08	35	5.91608	1.00053e-011	1.00053e-011	1.60476e-036	1
6.09	55	7.4162	1.42136e-011	1.42136e-011	3.03132e-036	1
6.11	32	5.65685	2.85275e-011	2.85275e-011	1.07425e-035	1
6.12	47	6.85565	4.03041e-011	4.03041e-011	2.01539e-035	1
6.14	46	6.78233	8.00082e-011	8.00082e-011	7.0452e-035	1
6.16	28	5.2915	1.57665e-010	1.57665e-010	2.44045e-034	1
6.17	55	7.4162	2.2072e-010	2.2072e-010	4.52661e-034	1
6.19	34	5.83095	4.30196e-010	4.30196e-010	1.54671e-033	1
6.2	54	7.34847	5.98941e-010	5.98941e-010	2.84934e-033	1
6.22	51	7.14143	1.1546e-009	1.1546e-009	9.60379e-033	1
6.23	44	6.63325	1.59869e-009	1.59869e-009	1.75714e-032	1
6.25	46	6.78233	3.04815e-009	3.04815e-009	5.84208e-032	1
6.27	52	7.2111	5.76933e-009	5.76933e-009	1.92472e-031	1
6.28	46	6.78233	7.91545e-009	7.91545e-009	3.48164e-031	1
6.3	36	6	1.4818e-008	1.4818e-008	1.13148e-030	1
6.31	51	7.14143	2.02186e-008	2.02186e-008	2.03279e-030	1
6.33	35	5.91608	3.74359e-008	3.74359e-008	6.51652e-030	1
6.35	54	7.34847	6.88083e-008	6.88083e-008	2.07005e-029	1
6.36	36	6	9.30301e-008	9.30301e-008	3.67687e-029	1
6.38	44	6.63325	1.69122e-007	1.69122e-007	1.15214e-028	1
6.39	56	7.48331	2.27402e-007	2.27402e-007	2.03251e-028	1
6.41	55	7.4162	4.0888e-007	4.0888e-007	6.2823e-028	1
6.42	40	6.32456	5.46768e-007	5.46768e-007	1.10072e-027	1
6.44	53	7.28011	9.72362e-007	9.72362e-007	3.35603e-027	1
6.46	57	7.54983	1.7166e-006	1.7166e-006	1.01395e-026	1
6.47	39	6.245	2.27455e-006	2.27455e-006	1.75641e-026	1
6.49	48	6.9282	3.97156e-006	3.97156e-006	5.2345e-026	1
6.5	62	7.87401	5.23359e-006	5.23359e-006	9.00567e-026	1
6.52	52	7.2111	9.03834e-006	9.03834e-006	2.64745e-025	1
6.54	34	5.83095	1.54951e-005	1.54951e-005	7.71224e-025	1
6.55	50	7.07107	2.02327e-005	2.02327e-005	1.31181e-024	1
6.57	36	6	3.4307e-005	3.4307e-005	3.76952e-024	1
6.58	49	7	4.45505e-005	4.45505e-005	6.36809e-024	1
6.6	44	6.63325	7.47148e-005	7.47148e-005	1.80503e-023	1
6.61	38	6.16441	9.64915e-005	9.64915e-005	3.02857e-023	1
6.63	55	7.4162	0.000160054	0.000160054	8.46787e-023	1
6.65	61	7.81025	0.000263548	0.000263548	2.34613e-022	1
6.66	38	6.16441	0.000337258	0.000337258	3.89185e-022	1
6.68	55	7.4162	0.000549263	0.000549263	1.06364e-021	1
6.69	49	7	0.000699029	0.000699029	1.75239e-021	1
6.71	46	6.78233	0.001126	0.001126	4.72422e-021	1
6.73	58	7.61577	0.00180051	0.00180051	1.26203e-020	1
6.74	36	6	0.00227054	0.00227054	2.05569e-020	1
6.76	46	6.78233	0.00359096	0.00359096	5.41701e-020	1
6.77	49	7	0.00450358	0.00450358	8.76347e-020	1
6.79	61	7.81025	0.00704472	0.00704472	2.27793e-019	1
6.8	38	6.16441	0.00878663	0.00878663	3.66005e-019	1
6.82	48	6.9282	0.0135942	0.0135942	9.38452e-019	1
6.84	42	6.48074	0.0208784	0.0208784	2.3844e-018	1
6.85	67	8.18535	0.0258034	0.0258034	3.78771e-018	1
6.87	36	6	0.0391965	0.0391965	9.49301e-018	1
6.88	64	8	0.0481768	0.0481768	1.49773e-017	1
6.9	40	6.32456	0.0723822	0.0723822	3.70273e-017	1
6.91	48	6.9282	0.0884779	0.0884779	5.80205e-017	1
6.93	52	7.2111	0.131478	0.131478	1.41492e-016	1
6.95	49	7	0.193949	0.193949	3.41918e-016	1
6.96	58	7.61577	0.234915	0.234915	5.29704e-016	1
6.98	38	6.16441	0.342743	0.342743	1.26266e-015	1
6.99	48	6.9282	0.41286	0.41286	1.94279e-015	1
7.01	58	7.61577	0.595779	0.595779	4.56815e-015	1
7.03	55	7.4162	0.85346	0.85346	1.06437e-014	1
7.04	57	7.54983	1.01868	1.01868	1.61915e-014	1
7.06	42	6.48074	1.44331	1.44331	3.72137e-014	1
7.07	58	7.61577	1.71328	1.71328	5.62245e-014	1
7.09	50	7.07107	2.4009	2.4009	1.27469e-013	1
7.1	63	7.93725	2.83435	2.83435	1.91274e-013	1
7.12	52	7.2111	3.92847	3.92847	4.27755e-013	1
7.14	48	6.9282	5.40518	5.40518	9.47926e-013	1
7.15	59	7.68115	6.32279	6.32279	1.4063e-012	1
7.17	70	8.3666	8.60438	8.60438	3.07411e-012	1
7.18	68	8.24621	10.0099	10.0099	4.52956e-012	1
7.2	61	7.81025	13.473	13.473	9.76692e-012	1
7.22	75	8.66025	18.0018	18.0018	2.08689e-011	1
7.23	63	7.93725	20.7514	20.7514	3.04009e-011	1
7.25	81	9	27.4234	27.4234	6.40754e-011	1
7.26	88	9.38083	31.4387	31.4387	9.27062e-011	1
7.28	102	10.0995	41.0926	41.0926	1.92741e-010	1
7.29	108	10.3923	46.851	46.851	2.76963e-010	1
7.31	107	10.3441	60.5677	60.5677	5.68001e-010	1
7.33	131	11.4455	77.7284	77.7284	1.15429e-009	1
7.34	132	11.4891	87.8123	87.8123	1.63989e-009	1
7.36	164	12.8062	111.46	111.46	3.28734e-009	1
7.37	159	12.6095	125.229	125.229	4.63847e-009	1
7.39	184	13.5647	157.214	157.214	9.17202e-009	1
7.41	240	15.4919	195.927	195.927	1.7972e-008	1
7.42	234	15.2971	218.124	218.124	2.50713e-008	1
7.44	299	17.2916	268.862	268.862	4.84584e-008	1
7.45	322	17.9444	297.679	297.679	6.714e-008	1
7.47	376	19.3907	362.911	362.911	1.28007e-007	1
7.48	451	21.2368	399.605	399.605	1.76148e-007	1
7.5	423	20.567	481.844	481.844	3.31278e-007	1
7.52	588	24.2487	576.763	576.763	6.17374e-007	1
7.53	598	24.454	629.287	629.287	8.39927e-007	1
7.55	737	27.1477	745.013	745.013	1.54404e-006	1
7.56	832	28.8444	808.402	808.402	2.08633e-006	1
7.58	877	29.6142	946.6	946.6	3.78322e-006	1
7.6	978	31.273	1100.33	1100.33	6.798e-006	1
7.61	1242	35.242	1183.06	1183.06	9.08148e-006	1
7.63	1237	35.171	1360.14	1360.14	1.60967e-005	1
7.64	1368	36.9865	1454.39	1454.39	2.13571e-005	1
7.66	1516	38.9358	1653.8	1653.8	3.7341e-005	1
7.67	1771	42.0833	1758.7	1758.7	4.92064e-005	1
7.69	1857	43.0929	1977.96	1977.96	8.48644e-005	1
7.71	2076	45.5631	2208.32	2208.32	0.000145034	1
7.72	2436	49.3559	2326.96	2326.96	0.000188955	1
7.74	2508	50.0799	2569.55	2569.55	0.000318539	1
7.75	2436	49.3559	2692.75	2692.75	0.000412175	1
7.77	3043	55.1634	2940.95	2940.95	0.000685407	1
7.79	2956	54.3691	3188.57	3188.56	0.00112942	1
7.8	3350	57.8792	3310.97	3310.97	0.00144486	1
7.82	3450	58.7367	3550.48	3550.47	0.00234852	1
7.83	3586	59.8832	3666.56	3666.55	0.00298397	1
7.85	3837	61.9435	3888.79	3888.78	0.00478438	1
7.86	4552	67.4685	3993.91	3993.9	0.00603749	1
7.88	3669	60.5723	4189.65	4189.64	0.00954879	1
7.9	4345	65.9166	4362.89	4362.88	0.0149652	1
7.91	4399	66.325	4439.95	4439.94	0.0186708	1
7.93	4583	67.6979	4572.98	4572.95	0.028864	1
7.94	4834	69.527	4628.24	4628.2	0.0357659	1
7.96	4593	67.7717	4714.78	4714.72	0.0545412	1
7.97	5028	70.9084	4745.59	4745.52	0.0671225	1
7.99	4800	69.282	4781.46	4781.36	0.100968	1
8.01	4648	68.1762	4782.44	4782.29	0.150502	1
8.02	5091	71.3512	4769.8	4769.62	0.18312	1
8.04	4614	67.9264	4718.63	4718.36	0.26925	1
8.05	4643	68.1396	4680.39	4680.06	0.325372	1
8.07	4859	69.7065	4579.61	4579.13	0.471912	1
8.09	4617	67.9485	4448.34	4447.66	0.678238	1
8.1	4520	67.2309	4372.12	4371.31	0.810323	1
8.12	4881	69.8642	4200.51	4199.36	1.14879	1
8.13	3780	61.4817	4106.01	4104.64	1.36316	1
8.15	4029	63.4744	3901.97	3900.06	1.9063	1
8.16	3903	62.474	3793.44	3791.19	2.24661	1
8.18	3872	62.2254	3565.93	3562.84	3.09909	1
8.2	3410	58.3952	3328.01	3323.78	4.23623	1
8.21	3084	55.5338	3206.45	3201.52	4.93592	1
8.23	3154	56.1605	2960.69	2954.04	6.65542	1
8.24	2736	52.3068	2837.48	2829.78	7.70184	1
8.26	2621	51.1957	2592.72	2582.48	10.2439	1
8.28	2470	49.6991	2353.08	2339.58	13.5012	1
8.29	2182	46.7119	2236.16	2220.72	15.447	1
8.31	2117	46.0109	2009.92	1989.84	20.0823	1
8.32	1817	42.6263	1901.21	1878.39	22.82	1
8.34	1677	40.9512	1693.96	1664.69	29.2649	1
8.35	1535	39.1791	1595.87	1562.84	33.0277	1
8.37	1368	36.9865	1411.67	1369.89	41.7804	1
8.39	1033	32.1403	1244.37	1192	52.3729	1
8.4	1066	32.6497	1167.29	1108.86	58.4372	1
8.42	1019	31.9218	1026.56	954.307	72.2579	1
8.43	870	29.4958	962.953	882.878	80.0753	1
8.45	867	29.4449	849.183	751.514	97.6687	1
8.47	683	26.1343	753.07	635.023	118.047	1
8.48	681	26.096	711.468	582.133	129.336	1
8.5	615	24.7992	640.715	486.518	154.197	1
8.51	595	24.3926	611.343	443.551	167.792	1
8.53	576	24	563.973	366.643	197.33	1
8.54	475	21.7945	545.694	332.43	213.264	1
8.56	470	21.6795	519.185	271.785	247.4	1
8.58	509	22.561	504.976	220.58	284.396	1
8.59	526	22.9347	502.051	198.172	303.879	1
8.61	536	23.1517	503.652	159.077	344.575	1
8.62	585	24.1868	507.805	142.133	365.672	1
8.64	531	23.0434	521.859	112.846	409.013	1
8.66	569	23.8537	542.278	88.9384	453.34	1
8.67	561	23.6854	554.385	78.7405	475.644	1
8.69	595	24.3926	581.412	61.38	520.032	1
8.7	648	25.4558	595.944	54.044	541.9	1
8.72	597	24.4336	626.092	41.6678	584.424	1
8.73	676	26	641.337	36.4866	604.851	1
8.75	735	27.1109	671.279	27.8234	643.455	1
8.77	627	25.04	699.375	21.0622	678.312	1
8.78	766	27.6767	712.341	18.2749	694.066	1
8.8	759	27.55	735.41	13.6827	721.728	1
8.81	768	27.7128	745.264	11.807	733.457	1
8.83	767	27.6948	761.074	8.74338	752.331	1
8.85	756	27.4955	771.114	6.42742	764.687	1
8.86	760	27.5681	773.805	5.49568	768.31	1
8.88	904	30.0666	774.318	3.99579	770.322	1
8.89	613	24.7588	772.096	3.39781	768.698	1
8.91	768	27.7128	762.688	2.44346	760.245	1
8.92	724	26.9072	755.539	2.06639	753.472	1
8.94	760	27.5681	736.535	1.46975	735.066	1
8.96	736	27.1293	711.639	1.03774	710.601	1
8.97	661	25.7099	697.161	0.869595	696.291	1
8.99	677	26.0192	664.583	0.607277	663.975	1
9	642	25.3377	646.678	0.506089	646.172	1
9.02	561	23.6854	608.163	0.349559	607.813	1
9.03	603	24.5561	587.774	0.289717	587.485	1
9.05	533	23.0868	545.303	0.197921	545.105	1
9.07	492	22.1811	501.327	0.134222	501.193	1
9.08	484	22	479.052	0.110229	478.941	1
9.1	414	20.347	434.452	0.0739359	434.378	1
9.11	375	19.3649	412.325	0.0603866	412.265	1
9.13	415	20.3715	368.868	0.040061	368.828	1
9.15	315	17.7482	326.999	0.0263827	326.973	1
9.16	336	18.3303	306.832	0.0213513	306.811	1
9.18	289	17	268.314	0.0139074	268.3	1
9.19	256	16	250.052	0.0111934	250.041	1
9.21	221	14.8661	215.693	0.00721124	215.686	1
9.22	193	13.8924	199.643	0.00577216	199.637	1
9.24	195	13.9642	169.873	0.00367797	169.869	1
9.26	144	12	143.23	0.00232645	143.228	1
9.27	127	11.2694	131.07	0.0018452	131.069	1
9.29	118	10.8628	109.013	0.00115439	109.012	1
9.3	90	9.48683	99.0785	0.000910573	99.0775	1
9.32	83	9.11043	81.2856	0.000563441	81.2851	1
9.34	79	8.88819	66.083	0.000346098	66.0826	1
9.35	59	7.68115	59.3804	0.000270508	59.3801	1
9.37	48	6.9282	47.619	0.000164344	47.6188	1
9.38	59	7.68115	42.4976	0.000127746	42.4974	1
9.4	25	5	33.6173	7.67619e-005	33.6172	1
9.41	20	4.47214	29.7974	5.93404e-005	29.7973	1
9.43	31	5.56776	23.2508	3.52674e-005	23.2508	1
9.45	15	3.87298	17.9779	2.08071e-005	17.9779	1
9.46	15	3.87298	15.7545	1.59381e-005	15.7545	1
9.48	8	2.82843	12.0162	9.30034e-006	12.0162	1
9.49	14	3.74166	10.4584	7.08494e-006	10.4584	1
9.51	8	2.82843	7.86843	4.08905e-006	7.86842	1
9.53	9	3	5.86614	2.34274e-006	5.86614	1
9.54	7	2.64575	5.04778	1.76841e-006	5.04778	1
9.56	5	2.23607	3.71216	1.00209e-006	3.71216	1
9.57	3	1.73205	3.17252	7.52277e-007	3.17252	1
9.59	4	2	2.3014	4.21627e-007	2.3014	1
9.6	3	1.73205	1.95345	3.14782e-007	1.95345	1
9.62	3	1.73205	1.39782	1.74496e-007	1.39782	1
9.64	3	1.73205	0.991151	9.6023e-008	0.991151	1
9.65	2	1.41421	0.831764	7.10357e-008	0.831764	1
9.67	3	1.73205	0.58177	3.86626e-008	0.58177	1
9.68	1	1	0.484889	2.84449e-008	0.484889	1
9.7	2	1.41421	0.334545	1.53124e-008	0.334545	1
9.72	3	1.73205	0.228722	8.18273e-009	0.228722	1
9.73	0	1	0.188473	5.96529e-009	0.188473	1
9.75	3	1.73205	0.127105	3.1529e-009	0.127105	1
9.76	3	1.73205	0.104025	2.28589e-009	0.104025	1
9.78	4	2	0.069201	1.19497e-009	0.069201	1
9.79	0	1	0.0562491	8.61621e-010	0.0562491	1
9.81	1	1	0.0369108	4.45495e-010	0.0369108	1
9.83	2	1.41421	0.0240011	2.28658e-010	0.0240011	1
9.84	1	1	0.0192879	1.63367e-010	0.0192879	1
9.86	3	1.73205	0.0123716	8.29336e-011	0.0123716	1
9.87	2	1.41421	0.00987438	5.89278e-011	0.00987438	1
9.89	6	2.44949	0.00624756	2.95877e-011	0.00624756	1
9.91	3	1.73205	0.00391699	1.47475e-011	0.00391699	1
9.92	0	1	0.00309093	1.03831e-011	0.00309093	1
9.94	4	2	0.00191158	5.11869e-012	0.00191158	1
9.95	2	1.41421	0.00149816	3.58411e-012	0.00149816	1
9.97	3	1.73205	0.00091395	1.74758e-012	0.00091395	1
9.98	3	1.73205	0.00071141	1.21694e-012	0.00071141	1
10	1	1	0.0004281	5.86879e-013	0.0004281	1
10.02	1	1	0.000255277	2.8096e-013	0.000255277	1
10.03	2	1.41421	0.000196454	1.93864e-013	0.000196454	1
10.05	4	2	0.000115555	9.17946e-014	0.000115555	1
10.06	1	1	8.83218e-005	6.29916e-014	8.83218e-005	1
10.08	4	2	5.12456e-005	2.95003e-014	5.12456e-005	1
10.1	2	1.41421	2.94637e-005	1.37147e-014	2.94637e-005	1
10.11	4	2	2.22647e-005	9.32549e-015	2.22647e-005	1
10.13	4	2	1.26272e-005	4.288e-015	1.26272e-005	1
10.14	3	1.73205	9.47697e-006	2.8997e-015	9.47697e-006	1
10.16	5	2.23607	5.30179e-006	1.31874e-015	5.30179e-006	1
10.17	6	2.44949	3.95197e-006	8.86891e-016	3.95197e-006	1
10.19	3	1.73205	2.18086e-006	3.98935e-016	2.18086e-006	1
10.21	5	2.23607	1.19257e-006	1.78135e-016	1.19257e-006	1
10.22	5	2.23607	8.78872e-007	1.18708e-016	8.78872e-007	1
10.24	3	1.73205	4.74069e-007	5.24265e-017	4.74069e-007	1
10.25	2	1.41421	3.46989e-007	3.4745e-017	3.46989e-007	1
10.27	5	2.23607	1.84626e-007	1.51771e-017	1.84626e-007	1
10.28	4	2	1.34214e-007	1.00033e-017	1.34214e-007	1
10.3	3	1.73205	7.04426e-008	4.32177e-018	7.04426e-008	1
10.32	5	2.23607	3.66366e-008	1.85352e-018	3.66366e-008	1
10.33	5	2.23607	2.63312e-008	1.21052e-018	2.63312e-008	1
10.35	1	1	1.35086e-008	5.1349e-019	1.35086e-008	1
10.36	4	2	9.64267e-009	3.33517e-019	9.64267e-009	1
10.38	8	2.82843	4.87978e-009	1.39927e-019	4.87978e-009	1
10.4	4	2	2.44705e-009	5.82776e-020	2.44705e-009	1
10.41	9	3	1.72695e-009	3.75066e-020	1.72695e-009	1
10.43	3	1.73205	8.5425e-010	1.54501e-020	8.5425e-010	1
10.44	2	1.41421	5.98759e-010	9.88894e-021	5.98759e-010	1
10.46	3	1.73205	2.92158e-010	4.029e-021	2.92158e-010	1
10.47	1	1	2.03384e-010	2.56465e-021	2.03384e-010	1
10.49	3	1.73205	9.78912e-011	1.03347e-021	9.78912e-011	1
10.51	4	2	4.66887e-011	4.13417e-022	4.66887e-011	1
10.52	9	3	3.21337e-011	2.60758e-022	3.21337e-011	1
10.54	3	1.73205	1.51179e-011	1.03169e-022	1.51179e-011	1
10.55	3	1.73205	1.03341e-011	6.47161e-023	1.03341e-011	1
10.57	2	1.41421	4.79581e-012	2.5325e-023	4.79581e-012	1
10.59	8	2.82843	2.20543e-012	9.83787e-024	2.20543e-012	1
10.6	4	2	1.49047e-012	6.11481e-024	1.49047e-012	1
10.62	4	2	6.7611e-013	2.34941e-024	6.7611e-013	1
10.63	6	2.44949	4.53815e-013	1.45229e-024	4.53815e-013	1
10.65	2	1.41421	2.03064e-013	5.51892e-025	2.03064e-013	1
10.66	3	1.73205	1.35371e-013	3.39282e-025	1.35371e-013	1
10.68	3	1.73205	5.97505e-014	1.27522e-025	5.97505e-014	1
10.7	2	1.41421	2.61335e-014	4.75801e-026	2.61335e-014	1
10.71	4	2	1.72243e-014	2.89835e-026	1.72243e-014	1
10.73	3	1.73205	7.43121e-015	1.06959e-026	7.43121e-015	1
10.74	4	2	4.86445e-015	6.47969e-027	4.86445e-015	1
10.76	6	2.44949	2.0702e-015	2.36506e-027	2.0702e-015	1
10.78	6	2.44949	8.73038e-016	8.56934e-028	8.73038e-016	1
10.79	5	2.23607	5.65013e-016	5.14406e-028	5.65013e-016	1
10.81	5	2.23607	2.35039e-016	1.84346e-028	2.35039e-016	1
10.82	3	1.73205	1.51076e-016	1.10054e-028	1.51076e-016	1
10.84	2	1.41421	6.19924e-017	3.90083e-029	6.19924e-017	1
10.85	2	1.41421	3.95754e-017	2.31601e-029	3.95754e-017	1
10.87	1	1	1.60188e-017	8.11926e-030	1.60188e-017	1
10.89	4	2	6.42502e-018	2.82559e-030	6.42502e-018	1
10.9	3	1.73205	4.0552e-018	1.66231e-030	4.0552e-018	1
10.92	2	1.41421	1.60442e-018	5.72175e-031	1.60442e-018	1
10.93	1	1	1.00574e-018	3.34767e-031	1.00574e-018	1
10.95	6	2.44949	3.92513e-019	1.13968e-031	3.92513e-019	1
10.97	2	1.41421	1.51797e-019	3.8516e-032	1.51797e-019	1
10.98	5	2.23607	9.40768e-020	2.23293e-032	9.40768e-020	1
11	2	1.41421	3.58882e-020	7.46374e-033	3.58882e-020	1
11.01	1	1	2.20903e-020	4.30331e-033	2.20903e-020	1
11.03	1	1	8.31253e-021	1.42268e-033	8.31253e-021	1
11.04	1	1	5.08176e-021	8.15768e-034	5.08176e-021	1
11.06	4	2	1.88628e-021	2.66745e-034	1.88628e-021	1
11.08	4	2	6.93809e-022	8.65846e-035	6.93809e-022	1
11.09	0	1	4.19346e-022	4.91948e-035	4.19346e-022	1
11.11	4	2	1.52148e-022	1.57939e-035	1.52148e-022	1
11.12	2	1.41421	9.13333e-023	8.9244e-036	9.13333e-023	1
11.14	1	1	3.26878e-023	2.83382e-036	3.26878e-023	1
11.16	4	2	1.15926e-023	8.93268e-037	1.15926e-023	1
11.17	2	1.41421	6.88012e-024	5.00141e-037	6.88012e-024	1
11.19	3	1.73205	2.40688e-024	1.55929e-037	2.40688e-024	1
11.2	6	2.44949	1.41873e-024	8.68257e-038	1.41873e-024	1
11.22	1	1	4.89574e-025	2.67735e-038	4.89574e-025	1
11.23	0	1	2.86611e-025	1.48266e-038	2.86611e-025	1
11.25	1	1	9.75605e-026	4.52191e-039	9.75605e-026	1
11.27	5	2.23607	3.29075e-026	1.36905e-039	3.29075e-026	1
11.28	2	1.41421	1.90468e-026	7.51232e-040	1.90468e-026	1
11.3	3	1.73205	6.33731e-027	2.24955e-040	6.33731e-027	1
11.31	3	1.73205	3.64302e-027	1.22762e-040	3.64302e-027	1
11.33	3	1.73205	1.19566e-027	3.63587e-041	1.19566e-027	1
11.34	2	1.41421	6.82643e-028	1.97327e-041	6.82643e-028	1
11.36	1	1	2.21003e-028	5.78038e-042	2.21003e-028	1
11.38	3	1.73205	7.08999e-029	1.6809e-042	7.08999e-029	1
11.39	3	1.73205	4.00207e-029	9.03942e-043	4.00207e-029	1
11.41	5	2.23607	1.26646e-029	2.59986e-043	1.26646e-029	1
11.42	4	2	7.10005e-030	1.39047e-043	7.10005e-030	1
11.44	2	1.41421	2.21631e-030	3.95544e-044	2.21631e-030	1
11.46	4	2	6.85553e-031	1.11698e-044	6.85553e-031	1
11.47	5	2.23607	3.7998e-031	5.91937e-045	3.7998e-031	1
11.49	4	2	1.1594e-031	1.65329e-045	1.1594e-031	1
11.5	0	1	6.38239e-032	8.7135e-046	6.38239e-032	1
11.52	4	2	1.92095e-032	2.40708e-046	1.92095e-032	1
11.53	2	1.41421	1.05026e-032	1.26167e-046	1.05026e-032	1
11.55	8	2.82843	3.11811e-033	3.44721e-047	3.11811e-033	1
11.57	1	1	9.17333e-034	9.34986e-048	9.17333e-034	1
11.58	2	1.41421	4.95861e-034	4.85602e-048	4.95861e-034	1
11.6	5	2.23607	1.43898e-034	1.30269e-048	1.43898e-034	1
11.61	4	2	7.72538e-035	6.72867e-049	7.72538e-035	1
11.63	2	1.41421	2.21145e-035	1.78532e-049	2.21145e-035	1
11.65	1	1	6.27301e-036	4.70238e-050	6.27301e-036	1
11.66	3	1.73205	3.32959e-036	2.40671e-050	3.32959e-036	1
11.68	2	1.41421	9.31644e-037	6.26976e-051	9.31644e-037	1
11.69	3	1.73205	4.91129e-037	3.19132e-051	4.91129e-037	1
11.71	5	2.23607	1.35555e-037	8.22281e-052	1.35555e-037	1
11.72	3	1.73205	7.09729e-038	4.16247e-052	7.09729e-038	1
11.74	1	1	1.9323e-038	1.06078e-052	1.9323e-038	1
11.76	5	2.23607	5.21313e-039	2.68359e-053	5.21313e-039	1
11.77	1	1	2.69852e-039	1.34607e-053	2.69852e-039	1
11.79	3	1.73205	7.18141e-040	3.36807e-054	7.18141e-040	1
11.8	4	2	3.69205e-040	1.68014e-054	3.69205e-040	1
11.82	2	1.41421	9.692e-041	4.15799e-055	9.692e-041	1
11.84	4	2	2.52116e-041	1.0215e-055	2.52116e-041	1
11.85	4	2	1.28147e-041	5.04918e-056	1.28147e-041	1
11.87	1	1	3.28819e-042	1.22687e-056	3.28819e-042	1
11.88	3	1.73205	1.65996e-042	6.03107e-057	1.65996e-042	1
11.9	2	1.41421	4.20152e-043	1.44943e-057	4.20152e-043	1
11.91	2	1.41421	2.10657e-043	7.08605e-058	2.10657e-043	1
11.93	4	2	5.25953e-044	1.68434e-058	5.25953e-044	1
11.95	0	1	1.30124e-044	3.97442e-059	1.30124e-044	1
11.96	3	1.73205	6.4503e-045	1.92531e-059	6.4503e-045	1
11.98	3	1.73205	1.57418e-045	4.49332e-060	1.57418e-045	1
11.99	3	1.73205	7.75006e-046	2.16475e-060	7.75006e-046	1
12.01	2	1.41421	1.86569e-046	4.99686e-061	1.86569e-046	1
12.03	2	1.41421	4.45056e-047	1.145e-061	4.45056e-047	1
12.04	3	1.73205	2.1663e-047	5.46592e-062	2.1663e-047	1
12.06	4	2	5.09747e-048	1.23878e-062	5.09747e-048	1
12.07	3	1.73205	2.46427e-048	5.8812e-063	2.46427e-048	1
12.09	0	1	5.71987e-049	1.31832e-063	5.71987e-049	1
12.1	4	2	2.74631e-049	6.2245e-064	2.74631e-049	1
12.12	4	2	6.28796e-050	1.38001e-064	6.28796e-050	1
12.14	1	1	1.42662e-050	3.03723e-065	1.42662e-050	1
12.15	4	2	6.77213e-051	1.42096e-065	6.77213e-051	1
12.17	2	1.41421	1.51561e-051	3.09315e-066	1.51561e-051	1
12.18	2	1.41421	7.1455e-052	1.43918e-066	7.1455e-052	1
12.2	1	1	1.57745e-052	3.09855e-067	1.57745e-052	1
12.22	3	1.73205	3.45079e-053	6.62244e-068	3.45079e-053	1
12.23	4	2	1.60848e-053	3.05319e-068	1.60848e-053	1
12.25	1	1	3.47089e-054	6.45412e-069	3.47089e-054	1
12.26	4	2	1.60683e-054	2.95927e-069	1.60683e-054	1
12.28	4	2	3.42023e-055	6.18717e-070	3.42023e-055	1
12.29	3	1.73205	1.57258e-055	2.82131e-070	1.57258e-055	1
12.31	5	2.23607	3.30188e-056	5.83422e-071	3.30188e-056	1
12.33	0	1	6.86989e-057	1.19765e-071	6.86989e-057	1
12.34	0	1	3.12291e-057	5.4114e-072	3.12291e-057	1
12.36	3	1.73205	6.40928e-058	1.0987e-072	6.40928e-058	1
12.37	4	2	2.89367e-058	4.93711e-073	2.89367e-058	1
12.39	6	2.44949	5.85815e-059	9.91443e-074	5.85815e-059	1
12.4	1	1	2.62683e-059	4.43069e-074	2.62683e-059	1
12.42	5	2.23607	5.24571e-060	8.80017e-075	5.24571e-060	1
12.44	2	1.41421	1.03805e-060	1.73511e-075	1.03805e-060	1
12.45	1	1	4.60193e-061	7.68334e-076	4.60193e-061	1
12.47	2	1.41421	8.98285e-062	1.49834e-076	8.98285e-062	1
12.48	3	1.73205	3.95519e-062	6.59851e-077	3.95519e-062	1
12.5	3	1.73205	7.61558e-063	1.27271e-077	7.61558e-063	1
12.52	4	2	1.45305e-063	2.43685e-078	1.45305e-063	1
12.53	1	1	6.32534e-064	1.06337e-078	6.32534e-064	1
12.55	2	1.41421	1.19048e-064	2.01376e-079	1.19048e-064	1
12.56	1	1	5.14703e-065	8.73929e-080	5.14703e-065	1
12.58	2	1.41421	9.55556e-066	1.63691e-080	9.55556e-066	1
12.59	4	2	4.10319e-066	7.06486e-081	4.10319e-066	1
12.61	3	1.73205	7.51419e-067	1.30881e-081	7.51419e-067	1
12.63	2	1.41421	1.36359e-067	2.40693e-082	1.36359e-067	1
12.64	3	1.73205	5.78895e-068	1.02935e-082	5.78895e-068	1
12.66	0	1	1.03625e-068	1.8723e-083	1.03625e-068	1
12.67	4	2	4.36928e-069	7.96319e-084	4.36928e-069	1
12.69	5	2.23607	7.71497e-070	1.43259e-084	7.71497e-070	1
12.71	2	1.41421	1.34989e-070	2.55844e-085	1.34989e-070	1
12.72	2	1.41421	5.62727e-071	1.07822e-085	5.62727e-071	1
12.74	0	1	9.71235e-072	1.90451e-086	9.71235e-072	1
12.75	1	1	4.02118e-072	7.98228e-087	4.02118e-072	1
12.77	1	1	6.84606e-073	1.39453e-087	6.84606e-073	1
12.78	5	2.23607	2.81514e-073	5.81277e-088	2.81514e-073	1
12.8	1	1	4.7277e-074	1.0044e-088	4.7277e-074	1
12.82	2	1.41421	7.86755e-075	1.72285e-089	7.86755e-075	1
12.83	3	1.73205	3.19853e-075	7.11579e-090	3.19853e-075	1
12.85	2	1.41421	5.25051e-076	1.20722e-090	5.25051e-076	1
12.86	2	1.41421	2.12003e-076	4.95879e-091	2.12003e-076	1
12.88	3	1.73205	3.43286e-077	8.32077e-092	3.43286e-077	1
12.9	5	2.23607	5.50819e-078	1.38602e-092	5.50819e-078	1
12.91	2	1.41421	2.19888e-078	5.64126e-093	2.19888e-078	1
12.93	8	2.82843	3.4803e-079	9.29404e-094	3.4803e-079	1
12.94	2	1.41421	1.37987e-079	3.76205e-094	1.37987e-079	1
12.96	2	1.41421	2.15435e-080	6.13023e-095	2.15435e-080	1
12.97	1	1	8.48338e-081	2.4678e-095	8.48338e-081	1
12.99	1	1	1.30649e-081	3.97727e-096	1.30649e-081	1
13.01	2	1.41421	1.99382e-082	6.36324e-097	1.99382e-082	1
13.02	2	1.41421	7.76229e-083	2.53823e-097	7.76229e-083	1
13.04	2	1.41421	1.1685e-083	4.01649e-098	1.1685e-083	1
13.05	3	1.73205	4.5182e-084	1.59335e-098	4.5182e-084	1
13.07	5	2.23607	6.70913e-085	2.49374e-099	6.70913e-085	1
13.09	1	1	9.87208e-086	3.87443e-100	9.87208e-086	1
13.1	1	1	3.77394e-086	1.52297e-100	3.77394e-086	1
13.12	7	2.64575	5.4777e-087	2.34031e-101	5.4777e-087	1
13.13	1	1	2.07977e-087	9.14891e-102	2.07977e-087	1
13.15	3	1.73205	2.97769e-088	1.39051e-102	2.97769e-088	1
13.16	1	1	1.12287e-088	5.40608e-103	1.12287e-088	1
13.18	1	1	1.58582e-089	8.12664e-104	1.58582e-089	1
13.2	3	1.73205	2.21932e-090	1.21271e-104	2.21932e-090	1
13.21	6	2.44949	8.27408e-091	4.6718e-105	8.27408e-091	1
13.23	2	1.41421	1.14222e-091	6.8953e-106	1.14222e-091	1
13.24	1	1	4.22939e-092	2.64176e-106	4.22939e-092	1
13.26	2	1.41421	5.75926e-093	3.85644e-107	5.75926e-093	1
13.28	4	2	7.77137e-094	5.5885e-108	7.77137e-094	1
13.29	7	2.64575	2.84497e-094	2.12156e-108	2.84497e-094	1
13.31	5	2.23607	3.78678e-095	3.04081e-109	3.78678e-095	1
13.32	2	1.41421	1.37683e-095	1.14805e-109	1.37683e-095	1
13.34	4	2	1.80773e-096	1.62749e-110	1.80773e-096	1
13.35	1	1	6.52794e-097	6.11087e-111	6.52794e-097	1
13.37	4	2	8.45455e-098	8.56809e-112	8.45455e-098	1
13.39	2	1.41421	1.08504e-098	1.19256e-112	1.08504e-098	1
13.4	2	1.41421	3.87382e-099	4.43696e-113	3.87382e-099	1
13.42	0	1	4.90406e-100	6.10811e-114	4.90406e-100	1
13.43	2	1.41421	1.73892e-100	2.26008e-114	1.73892e-100	1
13.45	1	1	2.17149e-101	3.07729e-115	2.17149e-101	1
13.46	3	1.73205	7.64736e-102	1.13239e-115	7.64736e-102	1
13.48	3	1.73205	9.42e-103	1.52499e-116	9.42e-103	1
13.5	5	2.23607	1.14982e-103	2.03869e-117	1.14982e-103	1
13.51	6	2.44949	4.00347e-104	7.43362e-118	4.00347e-104	1
13.53	2	1.41421	4.82034e-105	9.82901e-119	4.82034e-105	1
13.54	3	1.73205	1.66692e-105	3.56427e-119	1.66692e-105	1
13.56	4	2	1.97978e-106	4.66127e-120	1.97978e-106	1
13.58	3	1.73205	2.33003e-107	6.05137e-121	2.33003e-107	1
13.59	2	1.41421	7.96614e-108	2.17437e-121	7.96614e-108	1
13.61	4	2	9.24811e-109	2.79195e-122	9.24811e-109	1
13.62	1	1	3.1403e-109	9.97701e-123	3.1403e-109	1
13.64	3	1.73205	3.59615e-110	1.26706e-123	3.59615e-110	1
13.65	5	2.23607	1.21279e-110	4.50301e-124	1.21279e-110	1
13.67	2	1.41421	1.36998e-111	5.65619e-125	1.36998e-111	1
13.69	4	2	1.53349e-112	7.05281e-126	1.53349e-112	1
13.7	4	2	5.11307e-113	2.48363e-126	5.11307e-113	1
13.72	3	1.73205	5.64562e-114	3.06301e-127	5.64562e-114	1
13.73	9	3	1.86957e-114	1.07272e-127	1.86957e-114	1
13.75	3	1.73205	2.03626e-115	1.30849e-128	2.03626e-115	1
13.77	4	2	2.19768e-116	1.58443e-129	2.19768e-116	1
13.78	1	1	7.19527e-117	5.49831e-130	7.19527e-117	1
13.8	5	2.23607	7.6602e-118	6.58499e-131	7.6602e-118	1
13.81	2	1.41421	2.49088e-118	2.27261e-131	2.49088e-118	1
13.83	3	1.73205	2.61582e-119	2.69199e-132	2.61582e-119	1
13.84	4	2	8.44792e-120	9.23964e-133	8.44792e-120	1
13.86	2	1.41421	8.75117e-121	1.0825e-133	8.75117e-121	1
13.88	9	3	8.98303e-122	1.25898e-134	8.98303e-122	1
13.89	3	1.73205	2.86825e-122	4.28174e-135	2.86825e-122	1
13.91	4	2	2.90426e-123	4.92531e-136	2.90426e-123	1
13.92	2	1.41421	9.21e-124	1.66589e-136	9.21e-124	1
13.94	6	2.44949	9.19897e-125	1.89533e-137	9.19897e-125	1
13.96	7	2.64575	9.10458e-126	2.14062e-138	9.10458e-126	1
13.97	4	2	2.85453e-126	7.17418e-139	2.85453e-126	1
13.99	8	2.82843	2.78687e-127	8.01402e-140	2.78687e-127	1
14	3	1.73205	8.67808e-128	2.67113e-140	8.67808e-128	1
14.02	3	1.73205	8.35731e-129	2.95119e-141	8.35731e-129	1
14.03	4	2	2.58466e-129	9.78261e-142	2.58466e-129	1
14.05	3	1.73205	2.45532e-130	1.06901e-142	2.45532e-130	1
14.07	4	2	2.31128e-131	1.15964e-143	2.31128e-131	1
14.08	2	1.41421	7.0671e-132	3.80891e-144	7.0671e-132	1
14.1	6	2.44949	6.56218e-133	4.08664e-145	6.56218e-133	1
14.11	6	2.44949	1.99281e-133	1.33492e-145	1.99281e-133	1
14.13	2	1.41421	1.8253e-134	1.4166e-146	1.8253e-134	1
14.15	3	1.73205	1.6567e-135	1.49229e-147	1.6567e-135	1
14.16	7	2.64575	4.97409e-136	4.83016e-148	4.97409e-136	1
14.18	1	1	4.45332e-137	5.0326e-149	4.45332e-137	1
14.19	3	1.73205	1.32796e-137	1.61999e-149	1.32796e-137	1
14.21	3	1.73205	1.17278e-138	1.66943e-150	1.17278e-138	1
14.22	5	2.23607	3.47334e-139	5.34443e-151	3.47334e-139	1
14.24	1	1	3.0258e-140	5.44728e-152	3.0258e-140	1
14.26	5	2.23607	2.612e-141	5.51156e-153	2.612e-141	1
14.27	2	1.41421	7.64814e-142	1.74835e-153	7.64814e-142	1
14.29	0	1	6.51255e-143	1.74963e-154	6.51255e-143	1
14.3	4	2	1.89393e-143	5.51965e-155	1.89393e-143	1
14.32	4	2	1.59082e-144	5.46329e-156	1.59082e-144	1
14.34	2	1.41421	1.32409e-145	5.36801e-157	1.32409e-145	1
14.35	2	1.41421	3.80699e-146	1.67803e-157	3.80699e-146	1
14.37	3	1.73205	3.12565e-147	1.63073e-158	3.12565e-147	1
14.38	4	2	8.92555e-148	5.06966e-159	8.92555e-148	1
14.4	1	1	7.22861e-149	4.87288e-160	7.22861e-149	1
14.41	3	1.73205	2.05012e-149	1.50659e-160	2.05012e-149	1
14.43	5	2.23607	1.6378e-150	1.43227e-161	1.6378e-150	1
14.45	1	1	1.29653e-151	1.35168e-162	1.29653e-151	1
14.46	3	1.73205	3.63547e-152	4.14097e-163	3.63547e-152	1
14.48	3	1.73205	2.83886e-153	3.86521e-164	2.83886e-153	1
14.49	4	2	7.90589e-154	1.17765e-164	7.90589e-154	1
14.51	1	1	6.08969e-155	1.0872e-165	6.08969e-155	1
14.53	5	2.23607	4.64816e-156	9.96371e-167	4.64816e-156	1
14.54	5	2.23607	1.27979e-156	3.00803e-167	1.27979e-156	1
14.56	4	2	9.63577e-158	2.72658e-168	9.63577e-158	1
14.57	3	1.73205	2.63497e-158	8.18637e-169	2.63497e-158	1
14.59	0	1	1.95697e-159	7.33923e-170	1.95697e-159	1
14.6	5	2.23607	5.315e-160	2.19147e-170	5.315e-160	1
14.62	1	1	3.89379e-161	1.94321e-171	3.89379e-161	1
14.64	1	1	2.82672e-162	1.71048e-172	2.82672e-162	1
14.65	2	1.41421	7.59021e-163	5.06086e-173	7.59021e-163	1
14.67	1	1	5.43533e-164	4.40603e-174	5.43533e-164	1
14.68	5	2.23607	1.44953e-164	1.29648e-174	1.44953e-164	1
14.7	2	1.41421	1.02391e-165	1.11638e-175	1.02391e-165	1
14.71	1	1	2.71202e-166	3.26695e-176	2.71202e-166	1
14.73	3	1.73205	1.88967e-167	2.78236e-177	1.88967e-167	1
14.75	3	1.73205	1.30473e-168	2.35235e-178	1.30473e-168	1
14.76	6	2.44949	3.41669e-169	6.82104e-179	3.41669e-169	1
14.78	4	2	2.32703e-170	5.70377e-180	2.32703e-170	1
14.79	0	1	6.05223e-171	1.64484e-180	6.05223e-171	1
14.81	2	1.41421	4.06606e-172	1.36038e-181	4.06606e-172	1
14.83	2	1.41421	2.7069e-173	1.11689e-182	2.7069e-173	1
14.84	2	1.41421	6.96045e-174	3.19149e-183	6.96045e-174	1
14.86	2	1.41421	4.57086e-175	2.5916e-184	4.57086e-175	1
14.87	2	1.41421	1.16733e-175	7.36483e-185	1.16733e-175	1
14.89	3	1.73205	7.56162e-177	5.9151e-186	7.56162e-177	1
14.9	4	2	1.91797e-177	1.67174e-186	1.91797e-177	1
14.92	4	2	1.22553e-178	1.32798e-187	1.22553e-178	1
14.94	2	1.41421	7.75975e-180	1.0472e-188	7.75975e-180	1
14.95	3	1.73205	1.94592e-180	2.93263e-189	1.94592e-180	1
14.97	1	1	1.21537e-181	2.28729e-190	1.21537e-181	1
14.98	3	1.73205	3.02704e-182	6.37029e-191	3.02704e-182	1
15	2	1.41421	1.86494e-183	4.91414e-192	1.86494e-183	1
15.02	3	1.73205	1.13855e-184	3.76315e-193	1.13855e-184	1
15.03	2	1.41421	2.80357e-185	1.03851e-193	2.80357e-185	1
15.05	8	2.82843	1.68834e-186	7.86569e-195	1.68834e-186	1
15.06	3	1.73205	4.12904e-187	2.15877e-195	4.12904e-187	1
15.08	1	1	2.45278e-188	1.61718e-196	2.45278e-188	1
15.09	3	1.73205	5.95771e-189	4.41409e-197	5.95771e-189	1
15.11	3	1.73205	3.49101e-190	3.27052e-198	3.49101e-190	1
15.13	4	2	2.02704e-191	2.40552e-199	2.02704e-191	1
15.14	2	1.41421	4.86782e-192	6.50596e-200	4.86782e-192	1
15.16	3	1.73205	2.7881e-193	4.7329e-201	2.7881e-193	1
15.17	2	1.41421	6.64982e-194	1.27304e-201	6.64982e-194	1
15.19	7	2.64575	3.75703e-195	9.15971e-203	3.75703e-195	1
15.21	3	1.73205	2.10339e-196	6.54241e-204	2.10339e-196	1
15.22	3	1.73205	4.95991e-197	1.7437e-204	4.95991e-197	1
15.24	4	2	2.73912e-198	1.23183e-205	2.73912e-198	1
15.25	5	2.23607	6.41497e-199	3.26511e-206	6.41497e-199	1
15.27	4	2	3.49457e-200	2.28141e-207	3.49457e-200	1
15.28	4	2	8.12845e-201	6.01397e-208	8.12845e-201	1
15.3	3	1.73205	4.36785e-202	4.15613e-209	4.36785e-202	1
15.32	1	1	2.32578e-203	2.85124e-210	2.32578e-203	1
15.33	8	2.82843	5.34852e-204	7.44753e-211	5.34852e-204	1
15.35	3	1.73205	2.80928e-205	5.05336e-212	2.80928e-205	1
15.36	1	1	6.41641e-206	1.31272e-212	6.41641e-206	1
15.38	2	1.41421	3.32442e-207	8.80974e-214	3.32442e-207	1
15.4	5	2.23607	1.70679e-208	5.8691e-215	1.70679e-208	1
15.41	2	1.41421	3.85414e-209	1.51071e-215	3.85413e-209	1
15.43	3	1.73205	1.95188e-210	9.95439e-217	1.95188e-210	1
15.44	1	1	4.37754e-211	2.54822e-217	4.37754e-211	1
15.46	3	1.73205	2.18684e-212	1.66071e-218	2.18684e-212	1
15.47	2	1.41421	4.87109e-213	4.22793e-219	4.87109e-213	1
15.49	5	2.23607	2.40035e-214	2.72527e-220	2.40035e-214	1
15.51	3	1.73205	1.1721e-215	1.74384e-221	1.1721e-215	1
15.52	4	2	2.58121e-216	4.39906e-222	2.58121e-216	1
15.54	4	2	1.24329e-217	2.78407e-223	1.24329e-217	1
15.55	2	1.41421	2.71935e-218	6.98469e-224	2.71934e-218	1
15.57	5	2.23607	1.29204e-219	4.37212e-225	1.29204e-219	1
15.59	3	1.73205	6.08317e-221	2.71677e-226	6.08314e-221	1
15.6	2	1.41421	1.31544e-221	6.75366e-227	1.31543e-221	1
15.62	2	1.41421	6.10923e-223	4.15073e-228	6.10918e-223	1
15.63	1	1	1.31208e-223	1.02618e-228	1.31207e-223	1
15.65	1	1	6.01084e-225	6.23781e-230	6.01078e-225	1
15.66	7	2.64575	1.28215e-225	1.53371e-230	1.28213e-225	1
15.68	2	1.41421	5.79398e-227	9.22094e-232	5.79389e-227	1
15.7	4	2	2.59452e-228	5.50332e-233	2.59446e-228	1
15.71	2	1.41421	5.47157e-229	1.34077e-233	5.47144e-229	1
15.73	2	1.41421	2.41688e-230	7.91459e-235	2.4168e-230	1
15.74	3	1.73205	5.06222e-231	1.91766e-235	5.06203e-231	1
15.76	3	1.73205	2.2057e-232	1.11961e-236	2.20559e-232	1
15.77	10	3.16228	4.58845e-233	2.69788e-237	4.58818e-233	1
15.79	2	1.41421	1.97213e-234	1.55792e-238	1.97198e-234	1
15.81	1	1	8.39943e-236	8.93061e-240	8.39854e-236	1
15.82	2	1.41421	1.72752e-236	2.13234e-240	1.72731e-236	1
15.84	5	2.23607	7.25782e-238	1.20897e-241	7.25661e-238	1
15.85	5	2.23607	1.48257e-238	2.8708e-242	1.48228e-238	1
15.87	1	1	6.14426e-240	1.60986e-243	6.14265e-240	1
15.89	4	2	2.52334e-241	8.9617e-245	2.52245e-241	1
15.9	5	2.23607	5.09624e-242	2.10861e-245	5.09413e-242	1
15.92	6	2.44949	2.06463e-243	1.16097e-246	2.06346e-243	1
15.93	1	1	4.14153e-244	2.7167e-247	4.13881e-244	1
15.95	3	1.73205	1.65521e-245	1.47942e-248	1.65373e-245	1
15.96	2	1.41421	3.29782e-246	3.44288e-249	3.29438e-246	1
15.98	1	1	1.3003e-247	1.85436e-250	1.29845e-247	1
16	5	2.23607	5.08116e-249	9.91482e-252	5.07124e-249	1
16.01	5	2.23607	1.00108e-249	2.28631e-252	9.98792e-250	1
16.03	2	1.41421	3.86002e-251	1.20906e-253	3.84793e-251	1
16.04	2	1.41421	7.55466e-252	2.77276e-254	7.52694e-252	1
16.06	2	1.41421	2.87493e-253	1.45027e-255	2.86043e-253	1
16.08	1	1	1.0847e-254	7.53015e-257	1.07717e-254	1
16.09	3	1.73205	2.1003e-255	1.71114e-257	2.08319e-255	1
16.11	3	1.73205	7.82614e-257	8.78748e-259	7.73827e-257	1
16.12	2	1.41421	1.50619e-257	1.98591e-259	1.48633e-257	1
16.14	2	1.41421	5.54707e-259	1.0087e-260	5.4462e-259	1
16.15	3	1.73205	1.06163e-259	2.26709e-261	1.03896e-259	1
16.17	3	1.73205	3.86911e-261	1.13892e-262	3.75522e-261	1
16.19	2	1.41421	1.40177e-262	5.67983e-264	1.34498e-262	1
16.2	2	1.41421	2.66319e-263	1.26492e-264	2.5367e-263	1
16.22	3	1.73205	9.58602e-265	6.2392e-266	8.9621e-265	1
16.23	0	1	1.81697e-265	1.38187e-266	1.67879e-265	1
16.25	5	2.23607	6.5247e-267	6.74152e-268	5.85055e-267	1
16.27	4	2	2.34689e-268	3.26485e-269	2.02041e-268	1
16.28	1	1	4.45827e-269	7.16511e-270	3.74176e-269	1
16.3	1	1	1.61782e-270	3.43204e-271	1.27462e-270	1
16.31	1	1	3.09356e-271	7.49073e-272	2.34448e-271	1
16.33	3	1.73205	1.14267e-272	3.54877e-273	7.87794e-273	1
16.34	2	1.41421	2.20947e-273	7.70302e-274	1.43916e-273	1
16.36	0	1	8.37964e-275	3.60944e-275	4.7702e-275	1
16.38	3	1.73205	3.2457e-276	1.67893e-276	1.56677e-276	1
16.39	2	1.41421	6.44086e-277	3.61108e-277	2.82978e-277	1
16.41	3	1.73205	2.57814e-278	1.66133e-278	9.16816e-279	1
16.42	3	1.73205	5.19822e-279	3.55361e-279	1.64461e-279	1
16.44	3	1.73205	2.14261e-280	1.61701e-280	5.25596e-281	1
16.46	0	1	8.96867e-282	7.30417e-282	1.6645e-282	1
16.47	1	1	1.84332e-282	1.54813e-282	2.95198e-283	1
16.49	3	1.73205	7.8387e-284	6.91654e-284	9.22159e-285	1
16.5	3	1.73205	1.62036e-284	1.45793e-284	1.6243e-285	1
16.52	1	1	6.94284e-286	6.44232e-286	5.0052e-287	1
16.53	2	1.41421	1.43808e-286	1.35052e-286	8.75615e-288	1
16.55	1	1	6.1686e-288	5.90245e-288	2.66151e-289	1
16.57	2	1.41421	2.64098e-289	2.56082e-289	8.01648e-291	1
16.58	0	1	5.458e-290	5.31934e-290	1.38652e-291	1
16.6	0	1	2.32379e-291	2.28259e-291	4.1195e-293	1
16.61	3	1.73205	4.78618e-292	4.71542e-292	7.0765e-294	1
16.63	2	1.41421	2.02205e-293	2.00131e-293	2.07394e-295	1
16.65	2	1.41421	8.49213e-295	8.4319e-295	6.02304e-297	1
16.66	2	1.41421	1.73621e-295	1.72598e-295	1.02292e-297	1
16.68	2	1.41421	7.22167e-297	7.19236e-297	2.93036e-299	1
16.69	3	1.73205	1.46912e-297	1.46418e-297	4.94285e-300	1
16.71	3	1.73205	6.04864e-299	6.03467e-299	1.39675e-301	1
16.72	3	1.73205	1.22411e-299	1.22177e-299	2.33995e-302	1
16.74	1	1	4.98701e-301	4.98049e-301	6.52242e-304	1
16.76	1	1	2.01725e-302	2.01545e-302	1.80158e-305	1
16.77	2	1.41421	4.0462e-303	4.04321e-303	2.98394e-306	1
16.79	4	2	1.61908e-304	1.61826e-304	8.13011e-308	1
16.8	0	1	3.22996e-305	3.22862e-305	1.33741e-308	1
16.82	3	1.73205	1.27846e-306	1.2781e-306	3.59444e-310	1
16.83	3	1.73205	2.53655e-307	2.53597e-307	5.87259e-311	1
16.85	2	1.41421	9.93076e-309	9.92921e-309	1.55689e-312	1
16.87	3	1.73205	3.85965e-310	3.85924e-310	4.09004e-314	1
16.88	4	2	7.5882e-311	7.58754e-311	6.60658e-315	1
16.9	4	2	2.91701e-312	2.91684e-312	1.71198e-316	1
16.91	1	1	5.70354e-313	5.70327e-313	2.74652e-317	1
16.93	3	1.73205	2.16857e-314	2.1685e-314	7.00432e-319	1
16.95	3	1.73205	8.18488e-316	8.18473e-316	1.52271e-320	1
16.96	2	1.41421	1.58577e-316	1.58577e-316	0	1
16.98	1	1	5.91177e-318	5.91177e-318	0	1
16.99	3	1.73205	1.13506e-318	1.13506e-318	0	1
17.01	1	1	2.3646e-320	2.3646e-320	0	1
17.02	0	1	0	0	0	1
17.04	4	2	0	0	0	1
17.06	1	1	0	0	0	1
17.07	2	1.41421	0	0	0	1
17.09	1	1	0	0	0	1
17.1	2	1.41421	0	0	0	1
17.12	0	1	0	0	0	1
17.14	3	1.73205	0	0	0	1
17.15	1	1	0	0	0	1
17.17	5	2.23607	0	0	0	1
17.18	2	1.41421	0	0	0	1
17.2	1	1	0	0	0	1
17.21	2	1.41421	0	0	0	1
17.23	5	2.23607	0	0	0	1
17.25	2	1.41421	0	0	0	1
17.26	4	2	0	0	0	1
17.28	3	1.73205	0	0	0	1
17.29	4	2	0	0	0	1
17.31	1	1	0	0	0	1
17.33	3	1.73205	0	0	0	1
17.34	1	1	0	0	0	1
17.36	5	2.23607	0	0	0	1
17.37	2	1.41421	0	0	0	1
17.39	2	1.41421	0	0	0	1
17.4	0	1	0	0	0	1
17.42	2	1.41421	0	0	0	1
17.44	2	1.41421	0	0	0	1
17.45	2	1.41421	0	0	0	1
17.47	3	1.73205	0	0	0	1
17.48	0	1	0	0	0	1
17.5	2	1.41421	0	0	0	1
17.52	2	1.41421	0	0	0	1
17.53	4	2	0	0	0	1
17.55	2	1.41421	0	0	0	1
17.56	2	1.41421	0	0	0	1
17.58	5	2.23607	0	0	0	1
17.59	2	1.41421	0	0	0	1
17.61	1	1	0	0	0	1
17.63	3	1.73205	0	0	0	1
17.64	3	1.73205	0	0	0	1
17.66	4	2	0	0	0	1
17.67	2	1.41421	0	0	0	1
17.69	0	1	0	0	0	1
17.71	4	2	0	0	0	1
17.72	2	1.41421	0	0	0	1
17.74	1	1	0	0	0	1
17.75	1	1	0	0	0	1
17.77	2	1.41421	0	0	0	1
17.78	1	1	0	0	0	1
17.8	3	1.73205	0	0	0	1
17.82	1	1	0	0	0	1
17.83	1	1	0	0	0	1
17.85	4	2	0	0	0	1
17.86	2	1.41421	0	0	0	1
17.88	3	1.73205	0	0	0	1
17.89	3	1.73205	0	0	0	1
17.91	0	1	0	0	0	1
17.93	1	1	0	0	0	1
17.94	0	1	0	0	0	1
17.96	3	1.73205	0	0	0	1
17.97	1	1	0	0	0	1
17.99	0	1	0	0	0	1
18.01	1	1	0	0	0	1
18.02	1	1	0	0	0	1
18.04	3	1.73205	0	0	0	1
18.05	2	1.41421	0	0	0	1
18.07	0	1	0	0	0	1
18.08	2	1.41421	0	0	0	1
18.1	1	1	0	0	0	1
18.12	0	1	0	0	0	1
18.13	0	1	0	0	0	1
18.15	2	1.41421	0	0	0	1
18.16	0	1	0	0	0	1
18.18	5	2.23607	0	0	0	1
18.2	6	2.44949	0	0	0	1
18.21	3	1.73205	0	0	0	1
18.23	3	1.73205	0	0	0	1
18.24	0	1	0	0	0	1
18.26	1	1	0	0	0	1
18.27	2	1.41421	0	0	0	1
18.29	1	1	0	0	0	1
18.31	0	1	0	0	0	1
18.32	1	1	0	0	0	1
18.34	0	1	0	0	0	1
18.35	3	1.73205	0	0	0	1
18.37	1	1	0	0	0	1
18.39	0	1	0	0	0	1
18.4	1	1	0	0	0	1
18.42	1	1	0	0	0	1
18.43	1	1	0	0	0	1
18.45	0	1	0	0	0	1
18.46	0	1	0	0	0	1
18.48	1	1	0	0	0	1
18.5	0	1	0	0	0	1
18.51	4	2	0	0	0	1
18.53	1	1	0	0	0	1
18.54	0	1	0	0	0	1
18.56	3	1.73205	0	0	0	1
18.58	3	1.73205	0	0	0	1
18.59	1	1	0	0	0	1
18.61	1	1	0	0	0	1
18.62	0	1	0	0	0	1
18.64	3	1.73205	0	0	0	1
18.65	2	1.41421	0	0	0	1
18.67	0	1	0	0	0	1
18.69	2	1.41421	0	0	0	1
18.7	1	1	0	0	0	1
18.72	1	1	0	0	0	1
18.73	2	1.41421	0	0	0	1
18.75	1	1	0	0	0	1
18.77	2	1.41421	0	0	0	1
18.78	2	1.41421	0	0	0	1
18.8	0	1	0	0	0	1
18.81	1	1	0	0	0	1
18.83	1	1	0	0	0	1
18.84	2	1.41421	0	0	0	1
18.86	2	1.41421	0	0	0	1
18.88	2	1.41421	0	0	0	1
18.89	0	1	0	0	0	1
18.91	0	1	0	0	0	1
18.92	1	1	0	0	0	1
18.94	0	1	0	0	0	1
18.95	2	1.41421	0	0	0	1
18.97	1	1	0	0	0	1
18.99	1	1	0	0	0	1
19	1	1	0	0	0	1
19.02	2	1.41421	0	0	0	1
19.03	1	1	0	0	0	1
19.05	2	1.41421	0	0	0	1
19.07	0	1	0	0	0	1
19.08	4	2	0	0	0	1
19.1	0	1	0	0	0	1
19.11	4	2	0	0	0	1
19.13	1	1	0	0	0	1
19.14	2	1.41421	0	0	0	1
19.16	3	1.73205	0	0	0	1
19.18	3	1.73205	0	0	0	1
19.19	1	1	0	0	0	1
19.21	0	1	0	0	0	1
19.22	1	1	0	0	0	1
19.24	1	1	0	0	0	1
19.26	1	1	0	0	0	1
19.27	4	2	0	0	0	1
19.29	2	1.41421	0	0	0	1
19.3	4	2	0	0	0	1
19.32	0	1	0	0	0	1
19.33	3	1.73205	0	0	0	1
19.35	5	2.23607	0	0	0	1
19.37	3	1.73205	0	0	0	1
19.38	0	1	0	0	0	1
19.4	2	1.41421	0	0	0	1
19.41	2	1.41421	0	0	0	1
19.43	0	1	0	0	0	1
19.45	1	1	0	0	0	1
19.46	4	2	0	0	0	1
19.48	1	1	0	0	0	1
19.49	2	1.41421	0	0	0	1
19.51	3	1.73205	0	0	0	1
19.52	3	1.73205	0	0	0	1
19.54	0	1	0	0	0	1
19.56	3	1.73205	0	0	0	1
19.57	0	1	0	0	0	1
19.59	0	1	0	0	0	1
19.6	1	1	0	0	0	1
19.62	0	1	0	0	0	1
19.64	0	1	0	0	0	1
19.65	0	1	0	0	0	1
19.67	0	1	0	0	0	1
19.68	2	1.41421	0	0	0	1
19.7	2	1.41421	0	0	0	1
19.71	4	2	0	0	0	1
19.73	1	1	0	0	0	1
19.75	2	1.41421	0	0	0	1
19.76	0	1	0	0	0	1
19.78	1	1	0	0	0	1
19.79	3	1.73205	0	0	0	1
19.81	0	1	0	0	0	1
19.83	0	1	0	0	0	1
19.84	3	1.73205	0	0	0	1
19.86	0	1	0	0	0	1
19.87	3	1.73205	0	0	0	1
19.89	3	1.73205	0	0	0	1
19.9	0	1	0	0	0	1
19.92	2	1.41421	0	0	0	1
19.94	2	1.41421	0	0	0	1
19.95	1	1	0	0	0	1
19.97	2	1.41421	0	0	0	1
19.98	2	1.41421	0	0	0	1
20	2	1.41421	0	0	0	1
20.02	0	1	0	0	0	1
20.03	1	1	0	0	0	1
20.05	1	1	0	0	0	1
20.06	3	1.73205	0	0	0	1
20.08	3	1.73205	0	0	0	1
20.09	2	1.41421	0	0	0	1
20.11	3	1.73205	0	0	0	1
20.13	2	1.41421	0	0	0	1
20.14	2	1.41421	0	0	0	1
20.16	3	1.73205	0	0	0	1
20.17	0	1	0	0	0	1
20.19	3	1.73205	0	0	0	1
20.2	3	1.73205	0	0	0	1
20.22	4	2	0	0	0	1
20.24	2	1.41421	0	0	0	1
20.25	3	1.73205	0	0	0	1
20.27	1	1	0	0	0	1
20.28	0	1	0	0	0	1
20.3	1	1	0	0	0	1
20.32	1	1	0	0	0	1
20.33	0	1	0	0	0	1
20.35	0	1	0	0	0	1
20.36	0	1	0	0	0	1
20.38	1	1	0	0	0	1
20.39	2	1.41421	0	0	0	1
20.41	0	1	0	0	0	1
20.43	0	1	0	0	0	1
20.44	3	1.73205	0	0	0	1
20.46	2	1.41421	0	0	0	1
20.47	0	1	0	0	0	1
20.49	0	1	0	0	0	1
20.51	3	1.73205	0	0	0	1
20.52	2	1.41421	0	0	0	1
20.54	0	1	0	0	0	1
20.55	2	1.41421	0	0	0	1
20.57	2	1.41421	0	0	0	1
20.58	4	2	0	0	0	1
20.6	0	1	0	0	0	1
20.62	1	1	0	0	0	1
20.63	2	1.41421	0	0	0	1
20.65	3	1.73205	0	0	0	1
20.66	0	1	0	0	0	1
20.68	1	1	0	0	0	1
20.7	1	1	0	0	0	1
20.71	1	1	0	0	0	1
20.73	0	1	0	0	0	1
20.74	2	1.41421	0	0	0	1
20.76	2	1.41421	0	0	0	1
20.77	0	1	0	0	0	1
20.79	0	1	0	0	0	1
20.81	0	1	0	0	0	1
20.82	0	1	0	0	0	1
20.84	1	1	0	0	0	1
20.85	3	1.73205	0	0	0	1
20.87	0	1	0	0	0	1
20.89	0	1	0	0	0	1
20.9	1	1	0	0	0	1
20.92	2	1.41421	0	0	0	1
20.93	2	1.41421	0	0	0	1
20.95	0	1	0	0	0	1
20.96	2	1.41421	0	0	0	1
20.98	2	1.41421	0	0	0	1
21	1	1	0	0	0	1
21.01	1	1	0	0	0	1
21.03	1	1	0	0	0	1
21.04	0	1	0	0	0	1
21.06	1	1	0	0	0	1
21.08	0	1	0	0	0	1
21.09	0	1	0	0	0	1
21.11	1	1	0	0	0	1
21.12	2	1.41421	0	0	0	1
21.14	1	1	0	0	0	1
21.15	0	1	0	0	0	1
21.17	1	1	0	0	0	1
21.19	2	1.41421	0	0	0	1
21.2	1	1	0	0	0	1
21.22	0	1	0	0	0	1
21.23	2	1.41421	0	0	0	1
21.25	0	1	0	0	0	1
21.26	1	1	0	0	0	1
21.28	1	1	0	0	0	1
21.3	1	1	0	0	0	1
21.31	0	1	0	0	0	1
21.33	8	2.82843	0	0	0	1
21.34	0	1	0	0	0	1
21.36	2	1.41421	0	0	0	1
21.38	1	1	0	0	0	1
21.39	0	1	0	0	0	1
21.41	1	1	0	0	0	1
21.42	2	1.41421	0	0	0	1
21.44	0	1	0	0	0	1
21.45	1	1	0	0	0	1
21.47	4	2	0	0	0	1
21.49	1	1	0	0	0	1
21.5	0	1	0	0	0	1
21.52	0	1	0	0	0	1
21.53	0	1	0	0	0	1
21.55	1	1	0	0	0	1
21.57	1	1	0	0	0	1
21.58	2	1.41421	0	0	0	1
21.6	0	1	0	0	0	1
21.61	2	1.41421	0	0	0	1
21.63	0	1	0	0	0	1
21.64	1	1	0	0	0	1
21.66	0	1	0	0	0	1
21.68	2	1.41421	0	0	0	1
21.69	5	2.23607	0	0	0	1
21.71	0	1	0	0	0	1
21.72	1	1	0	0	0	1
21.74	2	1.41421	0	0	0	1
21.76	0	1	0	0	0	1
21.77	1	1	0	0	0	1
21.79	0	1	0	0	0	1
21.8	4	2	0	0	0	1
21.82	0	1	0	0	0	1
21.83	0	1	0	0	0	1
21.85	3	1.73205	0	0	0	1
21.87	2	1.41421	0	0	0	1
21.88	0	1	0	0	0	1
21.9	0	1	0	0	0	1
21.91	0	1	0	0	0	1
21.93	0	1	0	0	0	1
21.95	1	1	0	0	0	1
21.96	1	1	0	0	0	1
21.98	0	1	0	0	0	1
21.99	1	1	0	0	0	1
22.01	1	1	0	0	0	1
22.02	1	1	0	0	0	1
22.04	0	1	0	0	0	1
22.06	1	1	0	0	0	1
22.07	1	1	0	0	0	1
22.09	1	1	0	0	0	1
22.1	1	1	0	0	0	1
22.12	1	1	0	0	0	1
22.14	2	1.41421	0	0	0	1
22.15	0	1	0	0	0	1
22.17	3	1.73205	0	0	0	1
22.18	0	1	0	0	0	1
22.2	1	1	0	0	0	1
22.21	1	1	0	0	0	1
22.23	2	1.41421	0	0	0	1
22.25	1	1	0	0	0	1
22.26	0	1	0	0	0	1
22.28	0	1	0	0	0	1
22.29	1	1	0	0	0	1
22.31	1	1	0	0	0	1
22.32	3	1.73205	0	0	0	1
22.34	2	1.41421	0	0	0	1
22.36	1	1	0	0	0	1
22.37	0	1	0	0	0	1
22.39	1	1	0	0	0	1
22.4	1	1	0	0	0	1
22.42	1	1	0	0	0	1
22.44	0	1	0	0	0	1
22.45	0	1	0	0	0	1
22.47	1	1	0	0	0	1
22.48	2	1.41421	0	0	0	1
22.5	1	1	0	0	0	1
22.51	0	1	0	0	0	1
22.53	0	1	0	0	0	1
22.55	0	1	0	0	0	1
22.56	1	1	0	0	0	1
22.58	2	1.41421	0	0	0	1
22.59	1	1	0	0	0	1
22.61	0	1	0	0	0	1
22.63	0	1	0	0	0	1
22.64	2	1.41421	0	0	0	1
22.66	0	1	0	0	0	1
22.67	1	1	0	0	0	1
22.69	0	1	0	0	0	1
22.7	2	1.41421	0	0	0	1
22.72	1	1	0	0	0	1
22.74	0	1	0	0	0	1
22.75	0	1	0	0	0	1
22.77	2	1.41421	0	0	0	1
22.78	0	1	0	0	0	1
22.8	1	1	0	0	0	1
22.82	2	1.41421	0	0	0	1
22.83	0	1	0	0	0	1
22.85	0	1	0	0	0	1
22.86	1	1	0	0	0	1
22.88	2	1.41421	0	0	0	1
22.89	0	1	0	0	0	1
22.91	2	1.41421	0	0	0	1
22.93	0	1	0	0	0	1
22.94	1	1	0	0	0	1
22.96	0	1	0	0	0	1
22.97	1	1	0	0	0	1
22.99	1	1	0	0	0	1
23.01	1	1	0	0	0	1
23.02	1	1	0	0	0	1
23.04	2	1.41421	0	0	0	1
23.05	0	1	0	0	0	1
23.07	0	1	0	0	0	1
23.08	0	1	0	0	0	1
23.1	0	1	0	0	0	1
23.12	0	1	0	0	0	1
23.13	1	1	0	0	0	1
23.15	0	1	0	0	0	1
23.16	0	1	0	0	0	1
23.18	1	1	0	0	0	1
23.2	1	1	0	0	0	1
23.21	3	1.73205	0	0	0	1
23.23	2	1.41421	0	0	0	1
23.24	0	1	0	0	0	1
23.26	1	1	0	0	0	1
23.27	0	1	0	0	0	1
23.29	0	1	0	0	0	1
23.31	0	1	0	0	0	1
23.32	2	1.41421	0	0	0	1
23.34	2	1.41421	0	0	0	1
23.35	1	1	0	0	0	1
23.37	4	2	0	0	0	1
23.38	3	1.73205	0	0	0	1
23.4	0	1	0	0	0	1
23.42	0	1	0	0	0	1
23.43	1	1	0	0	0	1
23.45	1	1	0	0	0	1
23.46	1	1	0	0	0	1
23.48	0	1	0	0	0	1
23.5	1	1	0	0	0	1
23.51	0	1	0	0	0	1
23.53	0	1	0	0	0	1
23.54	0	1	0	0	0	1
23.56	0	1	0	0	0	1
23.57	0	1	0	0	0	1
23.59	4	2	0	0	0	1
23.61	0	1	0	0	0	1
23.62	0	1	0	0	0	1
23.64	0	1	0	0	0	1
23.65	1	1	0	0	0	1
23.67	1	1	0	0	0	1
23.69	0	1	0	0	0	1
23.7	1	1	0	0	0	1
23.72	1	1	0	0	0	1
23.73	0	1	0	0	0	1
23.75	3	1.73205	0	0	0	1
23.76	1	1	0	0	0	1
23.78	1	1	0	0	0	1
23.8	1	1	0	0	0	1
23.81	2	1.41421	0	0	0	1
23.83	0	1	0	0	0	1
23.84	1	1	0	0	0	1
23.86	0	1	0	0	0	1
23.88	1	1	0	0	0	1
23.89	1	1	0	0	0	1
23.91	0	1	0	0	0	1
23.92	2	1.41421	0	0	0	1
23.94	3	1.73205	0	0	0	1
23.95	0	1	0	0	0	1
23.97	0	1	0	0	0	1
23.99	0	1	0	0	0	1
24	0	1	0	0	0	1
24.02	2	1.41421	0	0	0	1
24.03	0	1	0	0	0	1
24.05	0	1	0	0	0	1
24.07	1	1	0	0	0	1
24.08	1	1	0	0	0	1
24.1	0	1	0	0	0	1
24.11	0	1	0	0	0	1
24.13	0	1	0	0	0	1
24.14	1	1	0	0	0	1
24.16	0	1	0	0	0	1
24.18	2	1.41421	0	0	0	1
24.19	0	1	0	0	0	1
24.21	2	1.41421	0	0	0	1
24.22	0	1	0	0	0	1
24.24	1	1	0	0	0	1
24.26	1	1	0	0	0	1
24.27	0	1	0	0	0	1
24.29	0	1	0	0	0	1
24.3	1	1	0	0	0	1
24.32	0	1	0	0	0	1
24.33	0	1	0	0	0	1
24.35	0	1	0	0	0	1
24.37	0	1	0	0	0	1
24.38	2	1.41421	0	0	0	1
24.4	0	1	0	0	0	1
24.41	2	1.41421	0	0	0	1
24.43	0	1	0	0	0	1
24.45	0	1	0	0	0	1
24.46	0	1	0	0	0	1
24.48	0	1	0	0	0	1
24.49	0	1	0	0	0	1
24.51	0	1	0	0	0	1
24.52	0	1	0	0	0	1
24.54	0	1	0	0	0	1
24.56	1	1	0	0	0	1
24.57	0	1	0	0	0	1
24.59	0	1	0	0	0	1
24.6	0	1	0	0	0	1
24.62	0	1	0	0	0	1
24.63	3	1.73205	0	0	0	1
24.65	0	1	0	0	0	1
24.67	0	1	0	0	0	1
24.68	0	1	0	0	0	1
24.7	0	1	0	0	0	1
24.71	0	1	0	0	0	1
24.73	0	1	0	0	0	1
24.75	0	1	0	0	0	1
24.76	1	1	0	0	0	1
24.78	0	1	0	0	0	1
24.79	0	1	0	0	0	1
24.81	1	1	0	0	0	1
24.82	0	1	0	0	0	1
24.84	2	1.41421	0	0	0	1
24.86	0	1	0	0	0	1
24.87	0	1	0	0	0	1
24.89	2	1.41421	0	0	0	1
24.9	1	1	0	0	0	1
24.92	0	1	0	0	0	1
24.94	1	1	0	0	0	1
24.95	0	1	0	0	0	1
24.97	0	1	0	0	0	1
24.98	0	1	0	0	0	1
25	0	1	0	0	0	1
25.01	0	1	0	0	0	1
25.03	2	1.41421	0	0	0	1
25.05	0	1	0	0	0	1
25.06	0	1	0	0	0	1
25.08	0	1	0	0	0	1
25.09	1	1	0	0	0	1
25.11	0	1	0	0	0	1
25.13	2	1.41421	0	0	0	1
25.14	0	1	0	0	0	1
25.16	0	1	0	0	0	1
25.17	1	1	0	0	0	1
25.19	1	1	0	0	0	1
25.2	0	1	0	0	0	1
25.22	0	1	0	0	0	1
25.24	0	1	0	0	0	1
25.25	0	1	0	0	0	1
25.27	0	1	0	0	0	1
25.28	1	1	0	0	0	1
25.3	0	1	0	0	0	1
25.32	1	1	0	0	0	1
25.33	0	1	0	0	0	1
25.35	0	1	0	0	0	1
25.36	1	1	0	0	0	1
25.38	0	1	0	0	0	1
25.39	1	1	0	0	0	1
25.41	1	1	0	0	0	1
25.43	0	1	0	0	0	1
25.44	0	1	0	0	0	1
25.46	1	1	0	0	0	1
25.47	1	1	0	0	0	1
25.49	2	1.41421	0	0	0	1
25.51	0	1	0	0	0	1
25.52	1	1	0	0	0	1
25.54	0	1	0	0	0	1
25.55	0	1	0	0	0	1
25.57	1	1	0	0	0	1
25.58	0	1	0	0	0	1
25.6	1	1	0	0	0	1
25.62	2	1.41421	0	0	0	1
25.63	1	1	0	0	0	1
25.65	1	1	0	0	0	1
25.66	0	1	0	0	0	1
25.68	0	1	0	0	0	1
25.69	1	1	0	0	0	1
25.71	1	1	0	0	0	1
25.73	0	1	0	0	0	1
25.74	0	1	0	0	0	1
25.76	0	1	0	0	0	1
25.77	0	1	0	0	0	1
25.79	0	1	0	0	0	1
25.81	3	1.73205	0	0	0	1
25.82	0	1	0	0	0	1
25.84	2	1.41421	0	0	0	1
25.85	1	1	0	0	0	1
25.87	1	1	0	0	0	1
25.88	0	1	0	0	0	1
25.9	0	1	0	0	0	1
25.92	0	1	0	0	0	1
25.93	0	1	0	0	0	1
25.95	1	1	0	0	0	1
25.96	1	1	0	0	0	1
25.98	0	1	0	0	0	1
26	0	1	0	0	0	1
26.01	0	1	0	0	0	1
26.03	0	1	0	0	0	1
26.04	0	1	0	0	0	1
26.06	0	1	0	0	0	1
26.07	0	1	0	0	0	1
26.09	0	1	0	0	0	1
26.11	0	1	0	0	0	1
26.12	0	1	0	0	0	1
26.14	1	1	0	0	0	1
26.15	0	1	0	0	0	1
26.17	0	1	0	0	0	1
26.19	0	1	0	0	0	1
26.2	1	1	0	0	0	1
26.22	0	1	0	0	0	1
26.23	0	1	0	0	0	1
26.25	1	1	0	0	0	1
26.26	0	1	0	0	0	1
26.28	0	1	0	0	0	1
26.3	0	1	0	0	0	1
26.31	0	1	0	0	0	1
26.33	1	1	0	0	0	1
26.34	2	1.41421	0	0	0	1
26.36	1	1	0	0	0	1
26.38	0	1	0	0	0	1
26.39	0	1	0	0	0	1
26.41	1	1	0	0	0	1
26.42	0	1	0	0	0	1
26.44	0	1	0	0	0	1
26.45	0	1	0	0	0	1
26.47	0	1	0	0	0	1
26.49	1	1	0	0	0	1
26.5	0	1	0	0	0	1
26.52	1	1	0	0	0	1
26.53	0	1	0	0	0	1
26.55	0	1	0	0	0	1
26.57	0	1	0	0	0	1
26.58	0	1	0	0	0	1
26.6	1	1	0	0	0	1
26.61	0	1	0	0	0	1
26.63	0	1	0	0	0	1
26.64	2	1.41421	0	0	0	1
26.66	0	1	0	0	0	1
26.68	1	1	0	0	0	1
26.69	0	1	0	0	0	1
26.71	1	1	0	0	0	1
26.72	0	1	0	0	0	1
26.74	0	1	0	0	0	1
26.75	0	1	0	0	0	1
26.77	0	1	0	0	0	1
26.79	0	1	0	0	0	1
26.8	1	1	0	0	0	1
26.82	0	1	0	0	0	1
26.83	0	1	0	0	0	1
26.85	0	1	0	0	0	1
26.87	0	1	0	0	0	1
26.88	0	1	0	0	0	1
26.9	0	1	0	0	0	1
26.91	0	1	0	0	0	1
26.93	1	1	0	0	0	1
26.94	0	1	0	0	0	1
26.96	1	1	0	0	0	1
26.98	0	1	0	0	0	1
26.99	0	1	0	0	0	1
27.01	0	1	0	0	0	1
27.02	0	1	0	0	0	1
27.04	0	1	0	0	0	1
27.06	0	1	0	0	0	1
27.07	0	1	0	0	0	1
27.09	0	1	0	0	0	1
27.1	0	1	0	0	0	1
27.12	0	1	0	0	0	1
27.13	1	1	0	0	0	1
27.15	0	1	0	0	0	1
27.17	0	1	0	0	0	1
27.18	0	1	0	0	0	1
27.2	0	1	0	0	0	1
27.21	0	1	0	0	0	1
27.23	0	1	0	0	0	1
27.25	1	1	0	0	0	1
27.26	1	1	0	0	0	1
27.28	0	1	0	0	0	1
27.29	0	1	0	0	0	1
27.31	0	1	0	0	0	1
27.32	1	1	0	0	0	1
27.34	0	1	0	0	0	1
27.36	0	1	0	0	0	1
27.37	0	1	0	0	0	1
27.39	0	1	0	0	0	1
27.4	0	1	0	0	0	1
27.42	0	1	0	0	0	1
27.44	0	1	0	0	0	1
27.45	0	1	0	0	0	1
27.47	2	1.41421	0	0	0	1
27.48	0	1	0	0	0	1
27.5	1	1	0	0	0	1
27.51	0	1	0	0	0	1
27.53	0	1	0	0	0	1
27.55	0	1	0	0	0	1
27.56	2	1.41421	0	0	0	1
27.58	1	1	0	0	0	1
27.59	0	1	0	0	0	1
27.61	0	1	0	0	0	1
27.63	1	1	0	0	0	1
27.64	0	1	0	0	0	1
27.66	0	1	0	0	0	1
27.67	1	1	0	0	0	1
27.69	1	1	0	0	0	1
27.7	0	1	0	0	0	1
27.72	0	1	0	0	0	1
27.74	0	1	0	0	0	1
27.75	0	1	0	0	0	1
27.77	0	1	0	0	0	1
27.78	0	1	0	0	0	1
27.8	0	1	0	0	0	1
27.81	0	1	0	0	0	1
27.83	0	1	0	0	0	1
27.85	0	1	0	0	0	1
27.86	0	1	0	0	0	1
27.88	0	1	0	0	0	1
27.89	0	1	0	0	0	1
27.91	0	1	0	0	0	1
27.93	0	1	0	0	0	1
27.94	0	1	0	0	0	1
27.96	1	1	0	0	0	1
27.97	0	1	0	0	0	1
27.99	0	1	0	0	0	1
28	0	1	0	0	0	1
28.02	0	1	0	0	0	1
28.04	1	1	0	0	0	1
28.05	1	1	0	0	0	1
28.07	0	1	0	0	0	1
28.08	0	1	0	0	0	1
28.1	0	1	0	0	0	1
28.12	2	1.41421	0	0	0	1
28.13	0	1	0	0	0	1
28.15	0	1	0	0	0	1
28.16	1	1	0	0	0	1
28.18	0	1	0	0	0	1
28.19	0	1	0	0	0	1
28.21	0	1	0	0	0	1
28.23	0	1	0	0	0	1
28.24	0	1	0	0	0	1
28.26	0	1	0	0	0	1
28.27	0	1	0	0	0	1
28.29	0	1	0	0	0	1
28.31	0	1	0	0	0	1
28.32	1	1	0	0	0	1
28.34	1	1	0	0	0	1
28.35	0	1	0	0	0	1
28.37	1	1	0	0	0	1
28.38	0	1	0	0	0	1
28.4	0	1	0	0	0	1
28.42	1	1	0	0	0	1
28.43	0	1	0	0	0	1
28.45	0	1	0	0	0	1
28.46	0	1	0	0	0	1
28.48	1	1	0	0	0	1
28.5	0	1	0	0	0	1
28.51	0	1	0	0	0	1
28.53	0	1	0	0	0	1
28.54	0	1	0	0	0	1
28.56	1	1	0	0	0	1
28.57	0	1	0	0	0	1
28.59	0	1	0	0	0	1
28.61	1	1	0	0	0	1
28.62	0	1	0	0	0	1
28.64	1	1	0	0	0	1
28.65	0	1	0	0	0	1
28.67	0	1	0	0	0	1
28.69	1	1	0	0	0	1
28.7	0	1	0	0	0	1
28.72	0	1	0	0	0	1
28.73	0	1	0	0	0	1
28.75	1	1	0	0	0	1
28.76	0	1	0	0	0	1
28.78	0	1	0	0	0	1
28.8	0	1	0	0	0	1
28.81	0	1	0	0	0	1
28.83	0	1	0	0	0	1
28.84	0	1	0	0	0	1
28.86	0	1	0	0	0	1
28.88	0	1	0	0	0	1
28.89	0	1	0	0	0	1
28.91	0	1	0	0	0	1
28.92	0	1	0	0	0	1
28.94	0	1	0	0	0	1
28.95	0	1	0	0	0	1
28.97	0	1	0	0	0	1
28.99	0	1	0	0	0	1
29	0	1	0	0	0	1
29.02	0	1	0	0	0	1
29.03	0	1	0	0	0	1
29.05	1	1	0	0	0	1
29.06	0	1	0	0	0	1
29.08	0	1	0	0	0	1
29.1	0	1	0	0	0	1
29.11	0	1	0	0	0	1
29.13	0	1	0	0	0	1
29.14	1	1	0	0	0	1
29.16	0	1	0	0	0	1
29.18	1	1	0	0	0	1
29.19	1	1	0	0	0	1
29.21	0	1	0	0	0	1
29.22	1	1	0	0	0	1
29.24	0	1	0	0	0	1
29.25	0	1	0	0	0	1
29.27	0	1	0	0	0	1
29.29	0	1	0	0	0	1
29.3	0	1	0	0	0	1
29.32	0	1	0	0	0	1
29.33	0	1	0	0	0	1
29.35	0	1	0	0	0	1
29.37	0	1	0	0	0	1
29.38	0	1	0	0	0	1
29.4	0	1	0	0	0	1
29.41	1	1	0	0	0	1
29.43	0	1	0	0	0	1
29.44	0	1	0	0	0	1
29.46	0	1	0	0	0	1
29.48	0	1	0	0	0	1
29.49	0	1	0	0	0	1
29.51	0	1	0	0	0	1
29.52	0	1	0	0	0	1
29.54	1	1	0	0	0	1
29.56	0	1	0	0	0	1
29.57	1	1	0	0	0	1
29.59	0	1	0	0	0	1
29.6	0	1	0	0	0	1
29.62	0	1	0	0	0	1
29.63	1	1	0	0	0	1
29.65	0	1	0	0	0	1
29.67	1	1	0	0	0	1
29.68	0	1	0	0	0	1
29.7	0	1	0	0	0	1
29.71	0	1	0	0	0	1
29.73	0	1	0	0	0	1
29.75	0	1	0	0	0	1
29.76	0	1	0	0	0	1
29.78	0	1	0	0	0	1
29.79	0	1	0	0	0	1
29.81	1	1	0	0	0	1
29.82	0	1	0	0	0	1
29.84	0	1	0	0	0	1
29.86	0	1	0	0	0	1
29.87	0	1	0	0	0	1
29.89	0	1	0	0	0	1
29.9	1	1	0	0	0	1
29.92	0	1	0	0	0	1
29.94	0	1	0	0	0	1
29.95	0	1	0	0	0	1
29.97	0	1	0	0	0	1
29.98	0	1	0	0	0	1
30	0	1	0	0	0	1
30.01	0	1	0	0	0	1
30.03	0	1	0	0	0	1
30.05	0	1	0	0	0	1
30.06	0	1	0	0	0	1
30.08	0	1	0	0	0	1
30.09	0	1	0	0	0	1
30.11	0	1	0	0	0	1
30.12	0	1	0	0	0	1
30.14	0	1	0	0	0	1
30.16	0	1	0	0	0	1
30.17	0	1	0	0	0	1
30.19	0	1	0	0	0	1
30.2	0	1	0	0	0	1
30.22	0	1	0	0	0	1
30.24	0	1	0	0	0	1
30.25	0	1	0	0	0	1
30.27	0	1	0	0	0	1
30.28	0	1	0	0	0	1
30.3	0	1	0	0	0	1
30.31	0	1	0	0	0	1
30.33	0	1	0	0	0	1
30.35	0	1	0	0	0	1
30.36	0	1	0	0	0	1
30.38	0	1	0	0	0	1
30.39	0	1	0	0	0	1
30.41	0	1	0	0	0	1
30.43	0	1	0	0	0	1
30.44	0	1	0	0	0	1
30.46	0	1	0	0	0	1
30.47	0	1	0	0	0	1
30.49	0	1	0	0	0	1
30.5	0	1	0	0	0	1
30.52	0	1	0	0	0	1
30.54	1	1	0	0	0	1
30.55	0	1	0	0	0	1
30.57	0	1	0	0	0	1
30.58	0	1	0	0	0	1
30.6	0	1	0	0	0	1
30.62	0	1	0	0	0	1
30.63	0	1	0	0	0	1
30.65	0	1	0	0	0	1
30.66	0	1	0	0	0	1
30.68	0	1	0	0	0	1
30.69	1	1	0	0	0	1
30.71	0	1	0	0	0	1
30.73	0	1	0	0	0	1
30.74	0	1	0	0	0	1
30.76	0	1	0	0	0	1
30.77	1	1	0	0	0	1
30.79	0	1	0	0	0	1
30.81	0	1	0	0	0	1
30.82	0	1	0	0	0	1
30.84	0	1	0	0	0	1
30.85	0	1	0	0	0	1
30.87	1	1	0	0	0	1
30.88	0	1	0	0	0	1
30.9	0	1	0	0	0	1
30.92	0	1	0	0	0	1
30.93	0	1	0	0	0	1
30.95	0	1	0	0	0	1
30.96	0	1	0	0	0	1
30.98	0	1	0	0	0	1
31	0	1	0	0	0	1
31.01	0	1	0	0	0	1
31.03	0	1	0	0	0	1
31.04	0	1	0	0	0	1
31.06	0	1	0	0	0	1
31.07	0	1	0	0	0	1
31.09	0	1	0	0	0	1
31.11	0	1	0	0	0	1
31.12	0	1	0	0	0	1
31.14	0	1	0	0	0	1
31.15	0	1	0	0	0	1
31.17	0	1	0	0	0	1
31.18	0	1	0	0	0	1
31.2	0	1	0	0	0	1
31.22	0	1	0	0	0	1
31.23	0	1	0	0	0	1
31.25	0	1	0	0	0	1
31.26	0	1	0	0	0	1
31.28	0	1	0	0	0	1
31.3	1	1	0	0	0	1
31.31	0	1	0	0	0	1
31.33	0	1	0	0	0	1
31.34	0	1	0	0	0	1
31.36	0	1	0	0	0	1
31.37	0	1	0	0	0	1
31.39	0	1	0	0	0	1
31.41	0	1	0	0	0	1
31.42	0	1	0	0	0	1
31.44	0	1	0	0	0	1
31.45	0	1	0	0	0	1
31.47	0	1	0	0	0	1
31.49	0	1	0	0	0	1
31.5	1	1	0	0	0	1
31.52	0	1	0	0	0	1
31.53	0	1	0	0	0	1
31.55	0	1	0	0	0	1
31.56	0	1	0	0	0	1
31.58	0	1	0	0	0	1
31.6	0	1	0	0	0	1
31.61	0	1	0	0	0	1
31.63	0	1	0	0	0	1
31.64	0	1	0	0	0	1
31.66	0	1	0	0	0	1
31.68	0	1	0	0	0	1
31.69	0	1	0	0	0	1
31.71	0	1	0	0	0	1
31.72	0	1	0	0	0	1
31.74	0	1	0	0	0	1
31.75	0	1	0	0	0	1
31.77	0	1	0	0	0	1
31.79	0	1	0	0	0	1
31.8	0	1	0	0	0	1
31.82	1	1	0	0	0	1
31.83	0	1	0	0	0	1
31.85	0	1	0	0	0	1
31.87	0	1	0	0	0	1
31.88	0	1	0	0	0	1
31.9	0	1	0	0	0	1
31.91	0	1	0	0	0	1
31.93	0	1	0	0	0	1
31.94	0	1	0	0	0	1
31.96	0	1	0	0	0	1
31.98	0	1	0	0	0	1
31.99	0	1	0	0	0	1
32.01	0	1	0	0	0	1
32.02	0	1	0	0	0	1
32.04	0	1	0	0	0	1
32.06	0	1	0	0	0	1
32.07	0	1	0	0	0	1
32.09	0	1	0	0	0	1
32.1	0	1	0	0	0	1
32.12	0	1	0	0	0	1
32.13	0	1	0	0	0	1
32.15	0	1	0	0	0	1
32.17	0	1	0	0	0	1
32.18	0	1	0	0	0	1
32.2	0	1	0	0	0	1
32.21	0	1	0	0	0	1
32.23	0	1	0	0	0	1
32.24	0	1	0	0	0	1
32.26	0	1	0	0	0	1
32.28	0	1	0	0	0	1
32.29	0	1	0	0	0	1
32.31	0	1	0	0	0	1
32.32	0	1	0	0	0	1
32.34	0	1	0	0	0	1
32.36	0	1	0	0	0	1
32.37	0	1	0	0	0	1
32.39	0	1	0	0	0	1
32.4	0	1	0	0	0	1
32.42	0	1	0	0	0	1
32.43	-1	1	0	0	0	1
