Energy	Impulses
E/keV	Impulses/#

0.79	0
0.81	0
0.82	0
0.84	0
0.86	0
0.87	0
0.89	0
0.90	0
0.92	0
0.93	0
0.95	0
0.97	0
0.98	0
1.00	0
1.01	0
1.03	0
1.05	0
1.06	0
1.08	0
1.09	0
1.11	0
1.12	0
1.14	1
1.16	1
1.17	0
1.19	0
1.20	4
1.22	5
1.24	10
1.25	24
1.27	33
1.28	33
1.30	30
1.31	39
1.33	26
1.35	29
1.36	29
1.38	30
1.39	32
1.41	32
1.42	27
1.44	25
1.46	20
1.47	34
1.49	29
1.50	26
1.52	28
1.54	26
1.55	36
1.57	29
1.58	26
1.60	22
1.61	17
1.63	23
1.65	38
1.66	20
1.68	26
1.69	17
1.71	20
1.73	26
1.74	26
1.76	20
1.77	29
1.79	37
1.80	24
1.82	22
1.84	22
1.85	23
1.87	28
1.88	29
1.90	19
1.92	30
1.93	24
1.95	35
1.96	23
1.98	30
1.99	18
2.01	21
2.03	21
2.04	25
2.06	21
2.07	27
2.09	28
2.11	26
2.12	26
2.14	23
2.15	31
2.17	31
2.18	21
2.20	26
2.22	23
2.23	24
2.25	13
2.26	11
2.28	21
2.30	11
2.31	15
2.33	21
2.34	20
2.36	19
2.37	23
2.39	16
2.41	19
2.42	18
2.44	23
2.45	21
2.47	19
2.48	29
2.50	25
2.52	20
2.53	21
2.55	24
2.56	22
2.58	29
2.60	25
2.61	18
2.63	21
2.64	18
2.66	19
2.67	26
2.69	22
2.71	20
2.72	23
2.74	28
2.75	23
2.77	23
2.79	26
2.80	25
2.82	14
2.83	15
2.85	16
2.86	15
2.88	20
2.90	17
2.91	21
2.93	14
2.94	26
2.96	20
2.98	18
2.99	22
3.01	26
3.02	13
3.04	12
3.05	23
3.07	18
3.09	30
3.10	25
3.12	19
3.13	11
3.15	19
3.17	18
3.18	21
3.20	20
3.21	27
3.23	22
3.24	16
3.26	14
3.28	17
3.29	15
3.31	18
3.32	12
3.34	11
3.36	24
3.37	19
3.39	19
3.40	24
3.42	19
3.43	28
3.45	15
3.47	29
3.48	20
3.50	17
3.51	12
3.53	11
3.54	17
3.56	18
3.58	27
3.59	19
3.61	22
3.62	23
3.64	14
3.66	28
3.67	24
3.69	28
3.70	21
3.72	25
3.73	30
3.75	23
3.77	31
3.78	15
3.80	23
3.81	17
3.83	16
3.85	20
3.86	27
3.88	17
3.89	21
3.91	28
3.92	14
3.94	24
3.96	22
3.97	30
3.99	15
4.00	17
4.02	18
4.04	25
4.05	12
4.07	25
4.08	9
4.10	15
4.11	15
4.13	17
4.15	27
4.16	19
4.18	23
4.19	15
4.21	17
4.23	28
4.24	17
4.26	17
4.27	19
4.29	22
4.30	7
4.32	17
4.34	15
4.35	20
4.37	13
4.38	21
4.40	18
4.42	18
4.43	12
4.45	27
4.46	19
4.48	22
4.49	19
4.51	17
4.53	21
4.54	19
4.56	13
4.57	21
4.59	19
4.60	14
4.62	18
4.64	20
4.65	18
4.67	20
4.68	13
4.70	30
4.72	12
4.73	20
4.75	16
4.76	19
4.78	16
4.79	20
4.81	13
4.83	20
4.84	11
4.86	12
4.87	15
4.89	23
4.91	16
4.92	16
4.94	28
4.95	22
4.97	20
4.98	16
5.00	22
5.02	21
5.03	18
5.05	26
5.06	21
5.08	26
5.10	20
5.11	20
5.13	14
5.14	21
5.16	17
5.17	15
5.19	23
5.21	12
5.22	21
5.24	19
5.25	21
5.27	27
5.29	31
5.30	20
5.32	22
5.33	22
5.35	17
5.36	18
5.38	18
5.40	11
5.41	15
5.43	23
5.44	23
5.46	23
5.48	23
5.49	29
5.51	12
5.52	23
5.54	25
5.55	25
5.57	17
5.59	34
5.60	23
5.62	30
5.63	28
5.65	32
5.67	20
5.68	15
5.70	20
5.71	14
5.73	12
5.74	32
5.76	24
5.78	15
5.79	25
5.81	21
5.82	20
5.84	29
5.85	25
5.87	31
5.89	37
5.90	33
5.92	31
5.93	29
5.95	31
5.97	30
5.98	32
6.00	41
6.01	42
6.03	29
6.04	32
6.06	34
6.08	40
6.09	49
6.11	38
6.12	33
6.14	36
6.16	43
6.17	38
6.19	49
6.20	50
6.22	59
6.23	42
6.25	41
6.27	44
6.28	48
6.30	56
6.31	50
6.33	44
6.35	64
6.36	42
6.38	29
6.39	40
6.41	48
6.42	50
6.44	41
6.46	57
6.47	46
6.49	35
6.50	46
6.52	38
6.54	57
6.55	37
6.57	57
6.58	41
6.60	39
6.61	42
6.63	33
6.65	39
6.66	42
6.68	33
6.69	36
6.71	35
6.73	41
6.74	35
6.76	37
6.77	36
6.79	38
6.80	44
6.82	39
6.84	38
6.85	48
6.87	24
6.88	49
6.90	40
6.91	38
6.93	38
6.95	38
6.96	32
6.98	38
6.99	34
7.01	49
7.03	41
7.04	32
7.06	41
7.07	37
7.09	42
7.10	48
7.12	52
7.14	59
7.15	47
7.17	40
7.18	53
7.20	47
7.22	62
7.23	61
7.25	67
7.26	59
7.28	85
7.29	73
7.31	76
7.33	95
7.34	88
7.36	143
7.37	122
7.39	166
7.41	163
7.42	216
7.44	228
7.45	243
7.47	338
7.48	349
7.50	384
7.52	463
7.53	498
7.55	590
7.56	676
7.58	735
7.60	857
7.61	1108
7.63	1061
7.64	1213
7.66	1377
7.67	1577
7.69	1663
7.71	1746
7.72	2068
7.74	2295
7.75	2203
7.77	2573
7.79	2581
7.80	2953
7.82	2984
7.83	3365
7.85	3381
7.86	3962
7.88	3303
7.90	3804
7.91	3939
7.93	3974
7.94	4207
7.96	3952
7.97	4308
7.99	4206
8.01	4091
8.02	4277
8.04	3956
8.05	3896
8.07	3988
8.09	3758
8.10	3694
8.12	3858
8.13	3042
8.15	3131
8.16	3024
8.18	2923
8.20	2655
8.21	2215
8.23	2352
8.24	2128
8.26	1997
8.28	1846
8.29	1571
8.31	1548
8.32	1395
8.34	1272
8.35	1158
8.37	1195
8.39	915
8.40	969
8.42	947
8.43	812
8.45	769
8.47	696
8.48	789
8.50	736
8.51	633
8.53	687
8.54	714
8.56	753
8.58	742
8.59	719
8.61	758
8.62	820
8.64	755
8.66	734
8.67	773
8.69	834
8.70	812
8.72	762
8.73	860
8.75	795
8.77	759
8.78	862
8.80	817
8.81	882
8.83	754
8.85	772
8.86	715
8.88	879
8.89	569
8.91	659
8.92	657
8.94	646
8.96	617
8.97	565
8.99	629
9.00	539
9.02	472
9.03	522
9.05	422
9.07	404
9.08	396
9.10	356
9.11	275
9.13	299
9.15	218
9.16	239
9.18	212
9.19	165
9.21	145
9.22	147
9.24	124
9.26	112
9.27	92
9.29	93
9.30	80
9.32	63
9.34	69
9.35	48
9.37	40
9.38	38
9.40	30
9.41	33
9.43	26
9.45	36
9.46	22
9.48	26
9.49	25
9.51	18
9.53	19
9.54	20
9.56	14
9.57	23
9.59	25
9.60	16
9.62	18
9.64	19
9.65	13
9.67	19
9.68	13
9.70	10
9.72	16
9.73	7
9.75	13
9.76	16
9.78	5
9.79	7
9.81	10
9.83	6
9.84	7
9.86	5
9.87	4
9.89	6
9.91	9
9.92	3
9.94	2
9.95	8
9.97	4
9.98	2
10.00	5
10.02	7
10.03	3
10.05	6
10.06	2
10.08	3
10.10	5
10.11	2
10.13	4
10.14	0
10.16	6
10.17	8
10.19	4
10.21	5
10.22	5
10.24	2
10.25	5
10.27	3
10.28	3
10.30	4
10.32	1
10.33	3
10.35	5
10.36	2
10.38	3
10.40	2
10.41	4
10.43	4
10.44	3
10.46	6
10.47	4
10.49	1
10.51	8
10.52	2
10.54	3
10.55	5
10.57	2
10.59	3
10.60	5
10.62	4
10.63	3
10.65	3
10.66	1
10.68	2
10.70	3
10.71	1
10.73	2
10.74	1
10.76	5
10.78	3
10.79	0
10.81	2
10.82	0
10.84	0
10.85	2
10.87	0
10.89	3
10.90	2
10.92	3
10.93	1
10.95	1
10.97	1
10.98	5
11.00	2
11.01	3
11.03	2
11.04	4
11.06	3
11.08	6
11.09	5
11.11	2
11.12	5
11.14	2
11.16	0
11.17	4
11.19	2
11.20	5
11.22	3
11.23	1
11.25	2
11.27	3
11.28	3
11.30	3
11.31	3
11.33	1
11.34	4
11.36	5
11.38	2
11.39	2
11.41	6
11.42	2
11.44	4
11.46	2
11.47	4
11.49	1
11.50	1
11.52	4
11.53	7
11.55	3
11.57	7
11.58	1
11.60	1
11.61	2
11.63	5
11.65	6
11.66	3
11.68	4
11.69	1
11.71	2
11.72	0
11.74	3
11.76	1
11.77	4
11.79	1
11.80	2
11.82	8
11.84	2
11.85	1
11.87	1
11.88	1
11.90	2
11.91	1
11.93	6
11.95	2
11.96	3
11.98	2
11.99	4
12.01	3
12.03	3
12.04	4
12.06	2
12.07	1
12.09	1
12.10	2
12.12	3
12.14	1
12.15	2
12.17	2
12.18	4
12.20	1
12.22	1
12.23	5
12.25	4
12.26	3
12.28	3
12.29	2
12.31	2
12.33	3
12.34	1
12.36	1
12.37	3
12.39	1
12.40	3
12.42	4
12.44	4
12.45	1
12.47	0
12.48	1
12.50	1
12.52	6
12.53	4
12.55	2
12.56	1
12.58	0
12.59	3
12.61	2
12.63	3
12.64	5
12.66	2
12.67	3
12.69	1
12.71	3
12.72	2
12.74	1
12.75	4
12.77	2
12.78	5
12.80	2
12.82	0
12.83	2
12.85	2
12.86	2
12.88	2
12.90	2
12.91	0
12.93	5
12.94	1
12.96	4
12.97	3
12.99	2
13.01	2
13.02	5
13.04	1
13.05	2
13.07	0
13.09	2
13.10	3
13.12	3
13.13	2
13.15	2
13.16	3
13.18	4
13.20	1
13.21	2
13.23	3
13.24	2
13.26	3
13.28	1
13.29	3
13.31	3
13.32	3
13.34	1
13.35	4
13.37	3
13.39	4
13.40	3
13.42	3
13.43	4
13.45	0
13.46	3
13.48	5
13.50	1
13.51	3
13.53	6
13.54	7
13.56	5
13.58	1
13.59	3
13.61	2
13.62	3
13.64	3
13.65	4
13.67	6
13.69	7
13.70	4
13.72	5
13.73	8
13.75	3
13.77	5
13.78	3
13.80	4
13.81	8
13.83	3
13.84	4
13.86	3
13.88	3
13.89	0
13.91	5
13.92	4
13.94	2
13.96	2
13.97	4
13.99	3
14.00	7
14.02	4
14.03	3
14.05	5
14.07	5
14.08	7
14.10	4
14.11	2
14.13	0
14.15	4
14.16	5
14.18	2
14.19	1
14.21	2
14.22	3
14.24	3
14.26	4
14.27	4
14.29	2
14.30	6
14.32	4
14.34	2
14.35	2
14.37	3
14.38	2
14.40	1
14.41	1
14.43	3
14.45	1
14.46	4
14.48	2
14.49	4
14.51	5
14.53	2
14.54	2
14.56	2
14.57	0
14.59	3
14.60	3
14.62	5
14.64	4
14.65	0
14.67	2
14.68	3
14.70	2
14.71	2
14.73	1
14.75	1
14.76	3
14.78	0
14.79	1
14.81	0
14.83	2
14.84	4
14.86	1
14.87	2
14.89	4
14.90	1
14.92	3
14.94	2
14.95	4
14.97	3
14.98	3
15.00	1
15.02	6
15.03	4
15.05	2
15.06	2
15.08	2
15.09	3
15.11	4
15.13	3
15.14	5
15.16	3
15.17	1
15.19	4
15.21	0
15.22	1
15.24	1
15.25	4
15.27	3
15.28	1
15.30	6
15.32	5
15.33	3
15.35	3
15.36	2
15.38	1
15.40	6
15.41	1
15.43	3
15.44	5
15.46	1
15.47	3
15.49	0
15.51	4
15.52	2
15.54	1
15.55	3
15.57	2
15.59	2
15.60	5
15.62	2
15.63	2
15.65	2
15.66	3
15.68	2
15.70	3
15.71	1
15.73	5
15.74	3
15.76	3
15.77	1
15.79	3
15.81	3
15.82	0
15.84	1
15.85	1
15.87	1
15.89	2
15.90	2
15.92	1
15.93	1
15.95	5
15.96	2
15.98	2
16.00	2
16.01	1
16.03	3
16.04	4
16.06	3
16.08	1
16.09	4
16.11	1
16.12	3
16.14	1
16.15	3
16.17	3
16.19	4
16.20	0
16.22	3
16.23	0
16.25	3
16.27	1
16.28	5
16.30	2
16.31	3
16.33	3
16.34	0
16.36	1
16.38	2
16.39	2
16.41	3
16.42	2
16.44	2
16.46	2
16.47	1
16.49	2
16.50	2
16.52	1
16.53	0
16.55	1
16.57	2
16.58	3
16.60	5
16.61	2
16.63	3
16.65	1
16.66	2
16.68	4
16.69	1
16.71	2
16.72	1
16.74	1
16.76	4
16.77	4
16.79	1
16.80	2
16.82	3
16.83	2
16.85	5
16.87	6
16.88	4
16.90	2
16.91	2
16.93	1
16.95	5
16.96	0
16.98	3
16.99	3
17.01	2
17.02	3
17.04	3
17.06	3
17.07	2
17.09	4
17.10	4
17.12	1
17.14	2
17.15	3
17.17	0
17.18	1
17.20	1
17.21	3
17.23	1
17.25	0
17.26	4
17.28	1
17.29	1
17.31	4
17.33	1
17.34	3
17.36	0
17.37	3
17.39	2
17.40	1
17.42	2
17.44	2
17.45	5
17.47	4
17.48	0
17.50	1
17.52	1
17.53	0
17.55	3
17.56	3
17.58	2
17.59	1
17.61	1
17.63	3
17.64	1
17.66	0
17.67	0
17.69	0
17.71	1
17.72	1
17.74	0
17.75	0
17.77	1
17.78	3
17.80	6
17.82	1
17.83	2
17.85	3
17.86	0
17.88	1
17.89	1
17.91	1
17.93	3
17.94	5
17.96	1
17.97	4
17.99	3
18.01	2
18.02	2
18.04	0
18.05	3
18.07	4
18.08	2
18.10	2
18.12	1
18.13	0
18.15	3
18.16	2
18.18	2
18.20	1
18.21	2
18.23	2
18.24	0
18.26	4
18.27	0
18.29	2
18.31	3
18.32	2
18.34	1
18.35	1
18.37	0
18.39	0
18.40	2
18.42	1
18.43	1
18.45	2
18.46	0
18.48	1
18.50	0
18.51	2
18.53	1
18.54	1
18.56	1
18.58	0
18.59	0
18.61	0
18.62	0
18.64	0
18.65	2
18.67	1
18.69	0
18.70	1
18.72	1
18.73	3
18.75	1
18.77	2
18.78	0
18.80	0
18.81	0
18.83	2
18.84	0
18.86	2
18.88	0
18.89	1
18.91	1
18.92	1
18.94	4
18.95	0
18.97	0
18.99	1
19.00	2
19.02	3
19.03	0
19.05	0
19.07	0
19.08	0
19.10	0
19.11	1
19.13	1
19.14	1
19.16	0
19.18	0
19.19	1
19.21	2
19.22	3
19.24	1
19.26	1
19.27	2
19.29	2
19.30	3
19.32	3
19.33	1
19.35	0
19.37	2
19.38	3
19.40	1
19.41	2
19.43	0
19.45	0
19.46	1
19.48	0
19.49	1
19.51	2
19.52	1
19.54	0
19.56	1
19.57	1
19.59	0
19.60	1
19.62	1
19.64	0
19.65	1
19.67	2
19.68	3
19.70	1
19.71	2
19.73	1
19.75	1
19.76	1
19.78	1
19.79	1
19.81	1
19.83	2
19.84	4
19.86	1
19.87	1
19.89	0
19.90	0
19.92	4
19.94	1
19.95	2
19.97	2
19.98	1
20.00	1
20.02	2
20.03	2
20.05	1
20.06	1
20.08	0
20.09	0
20.11	1
20.13	3
20.14	2
20.16	0
20.17	1
20.19	0
20.20	4
20.22	0
20.24	2
20.25	2
20.27	2
20.28	3
20.30	2
20.32	3
20.33	0
20.35	2
20.36	0
20.38	0
20.39	1
20.41	2
20.43	1
20.44	1
20.46	1
20.47	0
20.49	1
20.51	4
20.52	2
20.54	0
20.55	0
20.57	0
20.58	2
20.60	1
20.62	0
20.63	1
20.65	0
20.66	0
20.68	2
20.70	0
20.71	0
20.73	3
20.74	2
20.76	1
20.77	0
20.79	2
20.81	1
20.82	2
20.84	3
20.85	1
20.87	0
20.89	3
20.90	2
20.92	2
20.93	0
20.95	2
20.96	4
20.98	2
21.00	1
21.01	2
21.03	0
21.04	2
21.06	0
21.08	0
21.09	1
21.11	1
21.12	1
21.14	1
21.15	1
21.17	1
21.19	0
21.20	1
21.22	1
21.23	0
21.25	0
21.26	2
21.28	0
21.30	1
21.31	0
21.33	1
21.34	2
21.36	0
21.38	3
21.39	0
21.41	0
21.42	1
21.44	2
21.45	1
21.47	0
21.49	1
21.50	1
21.52	1
21.53	0
21.55	1
21.57	0
21.58	1
21.60	1
21.61	0
21.63	2
21.64	1
21.66	1
21.68	0
21.69	0
21.71	3
21.72	0
21.74	2
21.76	1
21.77	3
21.79	0
21.80	1
21.82	1
21.83	0
21.85	0
21.87	1
21.88	3
21.90	5
21.91	2
21.93	0
21.95	0
21.96	1
21.98	2
21.99	2
22.01	0
22.02	1
22.04	0
22.06	0
22.07	1
22.09	1
22.10	1
22.12	1
22.14	0
22.15	3
22.17	0
22.18	1
22.20	0
22.21	1
22.23	0
22.25	0
22.26	1
22.28	0
22.29	1
22.31	0
22.32	1
22.34	3
22.36	1
22.37	1
22.39	2
22.40	1
22.42	0
22.44	0
22.45	1
22.47	0
22.48	1
22.50	1
22.51	1
22.53	0
22.55	1
22.56	0
22.58	1
22.59	0
22.61	0
22.63	0
22.64	1
22.66	1
22.67	0
22.69	2
22.70	2
22.72	0
22.74	0
22.75	0
22.77	4
22.78	0
22.80	1
22.82	1
22.83	0
22.85	0
22.86	1
22.88	1
22.89	0
22.91	2
22.93	1
22.94	0
22.96	1
22.97	0
22.99	0
23.01	0
23.02	1
23.04	2
23.05	3
23.07	1
23.08	1
23.10	0
23.12	0
23.13	1
23.15	0
23.16	1
23.18	0
23.20	1
23.21	0
23.23	0
23.24	0
23.26	0
23.27	0
23.29	1
23.31	0
23.32	0
23.34	3
23.35	0
23.37	1
23.38	0
23.40	0
23.42	1
23.43	2
23.45	1
23.46	0
23.48	1
23.50	2
23.51	4
23.53	0
23.54	1
23.56	0
23.57	1
23.59	0
23.61	0
23.62	1
23.64	0
23.65	1
23.67	0
23.69	1
23.70	2
23.72	0
23.73	0
23.75	0
23.76	0
23.78	1
23.80	0
23.81	1
23.83	0
23.84	1
23.86	1
23.88	1
23.89	1
23.91	0
23.92	0
23.94	3
23.95	1
23.97	4
23.99	2
24.00	0
24.02	0
24.03	1
24.05	2
24.07	0
24.08	1
24.10	2
24.11	0
24.13	0
24.14	0
24.16	3
24.18	1
24.19	0
24.21	1
24.22	1
24.24	1
24.26	0
24.27	1
24.29	0
24.30	2
24.32	0
24.33	1
24.35	1
24.37	1
24.38	0
24.40	0
24.41	0
24.43	2
24.45	0
24.46	0
24.48	0
24.49	1
24.51	1
24.52	1
24.54	0
24.56	0
24.57	2
24.59	0
24.60	1
24.62	3
24.63	0
24.65	2
24.67	0
24.68	0
24.70	0
24.71	1
24.73	2
24.75	0
24.76	1
24.78	0
24.79	1
24.81	0
24.82	1
24.84	0
24.86	2
24.87	0
24.89	2
24.90	3
24.92	0
24.94	1
24.95	0
24.97	2
24.98	4
25.00	2
25.01	1
25.03	1
25.05	2
25.06	1
25.08	1
25.09	5
25.11	1
25.13	0
25.14	1
25.16	0
25.17	1
25.19	3
25.20	0
25.22	0
25.24	1
25.25	1
25.27	0
25.28	3
25.30	1
25.32	2
25.33	1
25.35	2
25.36	1
25.38	2
25.39	1
25.41	3
25.43	1
25.44	3
25.46	0
25.47	0
25.49	0
25.51	0
25.52	1
25.54	1
25.55	0
25.57	1
25.58	0
25.60	0
25.62	1
25.63	0
25.65	0
25.66	0
25.68	0
25.69	0
25.71	1
25.73	1
25.74	0
25.76	1
25.77	1
25.79	0
25.81	0
25.82	0
25.84	0
25.85	0
25.87	0
25.88	0
25.90	0
25.92	0
25.93	0
25.95	0
25.96	1
25.98	0
26.00	1
26.01	0
26.03	1
26.04	0
26.06	2
26.07	0
26.09	1
26.11	0
26.12	0
26.14	0
26.15	0
26.17	1
26.19	2
26.20	1
26.22	3
26.23	0
26.25	0
26.26	0
26.28	1
26.30	1
26.31	2
26.33	0
26.34	1
26.36	1
26.38	0
26.39	0
26.41	0
26.42	0
26.44	0
26.45	1
26.47	0
26.49	0
26.50	0
26.52	0
26.53	1
26.55	2
26.57	0
26.58	1
26.60	0
26.61	0
26.63	0
26.64	1
26.66	0
26.68	0
26.69	0
26.71	0
26.72	0
26.74	0
26.75	0
26.77	0
26.79	0
26.80	1
26.82	0
26.83	0
26.85	0
26.87	2
26.88	0
26.90	1
26.91	1
26.93	1
26.94	0
26.96	0
26.98	1
26.99	0
27.01	0
27.02	0
27.04	0
27.06	1
27.07	0
27.09	0
27.10	0
27.12	1
27.13	0
27.15	1
27.17	0
27.18	0
27.20	0
27.21	0
27.23	0
27.25	1
27.26	0
27.28	0
27.29	0
27.31	0
27.32	0
27.34	0
27.36	0
27.37	1
27.39	0
27.40	1
27.42	0
27.44	0
27.45	0
27.47	1
27.48	0
27.50	0
27.51	0
27.53	0
27.55	0
27.56	0
27.58	0
27.59	0
27.61	1
27.63	0
27.64	0
27.66	1
27.67	2
27.69	0
27.70	0
27.72	0
27.74	2
27.75	2
27.77	0
27.78	0
27.80	0
27.81	0
27.83	0
27.85	0
27.86	0
27.88	0
27.89	1
27.91	0
27.93	0
27.94	0
27.96	0
27.97	0
27.99	0
28.00	1
28.02	0
28.04	0
28.05	2
28.07	0
28.08	0
28.10	0
28.12	0
28.13	0
28.15	0
28.16	0
28.18	0
28.19	1
28.21	0
28.23	0
28.24	0
28.26	1
28.27	1
28.29	0
28.31	0
28.32	0
28.34	2
28.35	3
28.37	0
28.38	1
28.40	0
28.42	0
28.43	2
28.45	0
28.46	0
28.48	0
28.50	1
28.51	0
28.53	0
28.54	0
28.56	0
28.57	0
28.59	0
28.61	1
28.62	1
28.64	0
28.65	0
28.67	0
28.69	0
28.70	0
28.72	0
28.73	0
28.75	0
28.76	0
28.78	0
28.80	0
28.81	1
28.83	0
28.84	0
28.86	0
28.88	0
28.89	0
28.91	0
28.92	0
28.94	0
28.95	1
28.97	1
28.99	0
29.00	0
29.02	1
29.03	1
29.05	0
29.06	0
29.08	1
29.10	0
29.11	0
29.13	0
29.14	0
29.16	0
29.18	0
29.19	0
29.21	0
29.22	0
29.24	0
29.25	0
29.27	1
29.29	0
29.30	0
29.32	1
29.33	0
29.35	0
29.37	0
29.38	0
29.40	0
29.41	0
29.43	0
29.44	0
29.46	0
29.48	0
29.49	0
29.51	0
29.52	0
29.54	0
29.56	0
29.57	0
29.59	0
29.60	0
29.62	1
29.63	0
29.65	0
29.67	0
29.68	0
29.70	0
29.71	0
29.73	0
29.75	0
29.76	0
29.78	0
29.79	1
29.81	0
29.82	0
29.84	0
29.86	0
29.87	0
29.89	0
29.90	0
29.92	0
29.94	0
29.95	0
29.97	0
29.98	0
30.00	0
30.01	0
30.03	0
30.05	0
30.06	0
30.08	0
30.09	0
30.11	0
30.12	0
30.14	0
30.16	1
30.17	0
30.19	1
30.20	0
30.22	0
30.24	0
30.25	0
30.27	0
30.28	0
30.30	0
30.31	0
30.33	0
30.35	0
30.36	1
30.38	0
30.39	0
30.41	0
30.43	0
30.44	0
30.46	0
30.47	0
30.49	0
30.50	1
30.52	0
30.54	0
30.55	0
30.57	0
30.58	0
30.60	0
30.62	0
30.63	0
30.65	0
30.66	0
30.68	0
30.69	0
30.71	0
30.73	0
30.74	0
30.76	0
30.77	0
30.79	0
30.81	0
30.82	0
30.84	0
30.85	0
30.87	0
30.88	0
30.90	0
30.92	0
30.93	0
30.95	0
30.96	0
30.98	0
31.00	0
31.01	0
31.03	0
31.04	0
31.06	0
31.07	0
31.09	0
31.11	0
31.12	0
31.14	0
31.15	0
31.17	0
31.18	0
31.20	0
31.22	0
31.23	0
31.25	0
31.26	0
31.28	0
31.30	0
31.31	0
31.33	0
31.34	0
31.36	0
31.37	0
31.39	0
31.41	0
31.42	0
31.44	0
31.45	0
31.47	0
31.49	0
31.50	0
31.52	0
31.53	0
31.55	0
31.56	0
31.58	0
31.60	0
31.61	0
31.63	0
31.64	0
31.66	0
31.68	0
31.69	0
31.71	0
31.72	0
31.74	0
31.75	0
31.77	0
31.79	0
31.80	0
31.82	0
31.83	0
31.85	0
31.87	0
31.88	0
31.90	0
31.91	0
31.93	1
31.94	0
31.96	0
31.98	0
31.99	0
32.01	0
32.02	0
32.04	0
32.06	0
32.07	0
32.09	0
32.10	0
32.12	0
32.13	0
32.15	0
32.17	0
32.18	0
32.20	0
32.21	0
32.23	0
32.24	0
32.26	0
32.28	0
32.29	0
32.31	0
32.32	0
32.34	0
32.36	0
32.37	0
32.39	0
32.40	0
32.42	0
32.43	-1
