Energy	Impulses
E/keV	Impulses/#

0.79	0
0.81	0
0.82	0
0.84	0
0.86	0
0.87	0
0.89	0
0.90	0
0.92	0
0.93	0
0.95	0
0.97	0
0.98	0
1.00	0
1.01	0
1.03	0
1.05	0
1.06	0
1.08	0
1.09	0
1.11	0
1.12	1
1.14	1
1.16	2
1.17	3
1.19	2
1.20	4
1.22	20
1.24	23
1.25	42
1.27	38
1.28	45
1.30	54
1.31	51
1.33	42
1.35	50
1.36	47
1.38	50
1.39	51
1.41	48
1.42	50
1.44	55
1.46	32
1.47	45
1.49	54
1.50	42
1.52	45
1.54	59
1.55	32
1.57	43
1.58	37
1.60	39
1.61	47
1.63	42
1.65	31
1.66	44
1.68	24
1.69	39
1.71	34
1.73	36
1.74	34
1.76	40
1.77	38
1.79	46
1.80	23
1.82	34
1.84	33
1.85	22
1.87	21
1.88	29
1.90	18
1.92	30
1.93	29
1.95	26
1.96	24
1.98	26
1.99	26
2.01	29
2.03	44
2.04	40
2.06	31
2.07	31
2.09	28
2.11	34
2.12	21
2.14	35
2.15	23
2.17	24
2.18	26
2.20	21
2.22	28
2.23	28
2.25	22
2.26	24
2.28	25
2.30	25
2.31	25
2.33	25
2.34	30
2.36	23
2.37	26
2.39	25
2.41	34
2.42	30
2.44	22
2.45	31
2.47	23
2.48	16
2.50	36
2.52	22
2.53	28
2.55	37
2.56	17
2.58	19
2.60	29
2.61	28
2.63	17
2.64	22
2.66	32
2.67	30
2.69	22
2.71	29
2.72	28
2.74	25
2.75	23
2.77	37
2.79	27
2.80	42
2.82	32
2.83	25
2.85	25
2.86	28
2.88	24
2.90	19
2.91	22
2.93	32
2.94	31
2.96	27
2.98	28
2.99	28
3.01	27
3.02	14
3.04	27
3.05	30
3.07	28
3.09	26
3.10	22
3.12	29
3.13	35
3.15	23
3.17	33
3.18	29
3.20	34
3.21	22
3.23	24
3.24	29
3.26	21
3.28	24
3.29	28
3.31	33
3.32	25
3.34	31
3.36	29
3.37	25
3.39	20
3.40	30
3.42	24
3.43	28
3.45	29
3.47	28
3.48	21
3.50	12
3.51	23
3.53	25
3.54	27
3.56	26
3.58	30
3.59	21
3.61	35
3.62	31
3.64	24
3.66	26
3.67	31
3.69	31
3.70	20
3.72	22
3.73	20
3.75	25
3.77	24
3.78	28
3.80	17
3.81	27
3.83	24
3.85	27
3.86	18
3.88	21
3.89	30
3.91	33
3.92	30
3.94	30
3.96	23
3.97	33
3.99	28
4.00	18
4.02	30
4.04	26
4.05	26
4.07	24
4.08	25
4.10	28
4.11	25
4.13	30
4.15	41
4.16	27
4.18	33
4.19	26
4.21	29
4.23	41
4.24	38
4.26	40
4.27	33
4.29	49
4.30	30
4.32	38
4.34	34
4.35	35
4.37	33
4.38	36
4.40	41
4.42	34
4.43	37
4.45	45
4.46	41
4.48	58
4.49	45
4.51	43
4.53	38
4.54	43
4.56	44
4.57	37
4.59	35
4.60	32
4.62	32
4.64	35
4.65	40
4.67	33
4.68	34
4.70	36
4.72	36
4.73	46
4.75	38
4.76	39
4.78	33
4.79	37
4.81	27
4.83	27
4.84	28
4.86	33
4.87	28
4.89	29
4.91	29
4.92	30
4.94	32
4.95	32
4.97	24
4.98	35
5.00	30
5.02	23
5.03	39
5.05	27
5.06	22
5.08	31
5.10	17
5.11	23
5.13	23
5.14	35
5.16	24
5.17	22
5.19	20
5.21	21
5.22	25
5.24	18
5.25	18
5.27	28
5.29	19
5.30	21
5.32	27
5.33	32
5.35	29
5.36	31
5.38	33
5.40	16
5.41	44
5.43	11
5.44	33
5.46	34
5.48	27
5.49	32
5.51	33
5.52	26
5.54	24
5.55	33
5.57	32
5.59	37
5.60	32
5.62	27
5.63	33
5.65	35
5.67	28
5.68	45
5.70	46
5.71	43
5.73	46
5.74	43
5.76	44
5.78	58
5.79	57
5.81	69
5.82	60
5.84	97
5.85	58
5.87	85
5.89	97
5.90	101
5.92	95
5.93	95
5.95	122
5.97	147
5.98	130
6.00	155
6.01	153
6.03	177
6.04	216
6.06	247
6.08	236
6.09	246
6.11	211
6.12	258
6.14	303
6.16	340
6.17	340
6.19	386
6.20	410
6.22	357
6.23	359
6.25	421
6.27	383
6.28	451
6.30	438
6.31	451
6.33	431
6.35	500
6.36	475
6.38	443
6.39	420
6.41	468
6.42	497
6.44	431
6.46	419
6.47	473
6.49	385
6.50	443
6.52	397
6.54	359
6.55	408
6.57	354
6.58	313
6.60	346
6.61	270
6.63	282
6.65	248
6.66	252
6.68	242
6.69	201
6.71	219
6.73	216
6.74	186
6.76	180
6.77	150
6.79	146
6.80	159
6.82	122
6.84	117
6.85	166
6.87	107
6.88	109
6.90	115
6.91	111
6.93	98
6.95	95
6.96	95
6.98	101
6.99	88
7.01	106
7.03	88
7.04	90
7.06	93
7.07	85
7.09	82
7.10	90
7.12	70
7.14	89
7.15	95
7.17	81
7.18	55
7.20	75
7.22	47
7.23	76
7.25	63
7.26	66
7.28	65
7.29	57
7.31	58
7.33	59
7.34	52
7.36	64
7.37	51
7.39	48
7.41	58
7.42	63
7.44	47
7.45	49
7.47	51
7.48	53
7.50	47
7.52	57
7.53	45
7.55	51
7.56	50
7.58	52
7.60	48
7.61	48
7.63	55
7.64	50
7.66	47
7.67	70
7.69	41
7.71	54
7.72	64
7.74	63
7.75	66
7.77	75
7.79	67
7.80	78
7.82	72
7.83	92
7.85	94
7.86	135
7.88	122
7.90	131
7.91	157
7.93	171
7.94	195
7.96	231
7.97	266
7.99	288
8.01	320
8.02	354
8.04	374
8.05	501
8.07	523
8.09	556
8.10	637
8.12	825
8.13	761
8.15	927
8.16	949
8.18	1083
8.20	1172
8.21	1304
8.23	1549
8.24	1492
8.26	1626
8.28	1937
8.29	1856
8.31	2278
8.32	2232
8.34	2466
8.35	2518
8.37	2888
8.39	2730
8.40	3018
8.42	3206
8.43	3301
8.45	3652
8.47	3311
8.48	3774
8.50	3768
8.51	3484
8.53	4004
8.54	3781
8.56	3891
8.58	4298
8.59	3993
8.61	3994
8.62	4362
8.64	3677
8.66	3913
8.67	3731
8.69	3788
8.70	3610
8.72	3328
8.73	3630
8.75	3158
8.77	3011
8.78	3023
8.80	2693
8.81	2741
8.83	2420
8.85	2336
8.86	2137
8.88	2361
8.89	1359
8.91	1692
8.92	1505
8.94	1458
8.96	1274
8.97	1056
8.99	1109
9.00	997
9.02	771
9.03	825
9.05	621
9.07	641
9.08	593
9.10	537
9.11	484
9.13	536
9.15	394
9.16	409
9.18	400
9.19	436
9.21	382
9.22	379
9.24	407
9.26	426
9.27	372
9.29	461
9.30	465
9.32	488
9.34	460
9.35	493
9.37	475
9.38	588
9.40	481
9.41	552
9.43	576
9.45	567
9.46	581
9.48	575
9.49	657
9.51	631
9.53	553
9.54	609
9.56	544
9.57	574
9.59	594
9.60	604
9.62	539
9.64	607
9.65	478
9.67	468
9.68	474
9.70	471
9.72	461
9.73	444
9.75	426
9.76	391
9.78	313
9.79	354
9.81	267
9.83	281
9.84	274
9.86	246
9.87	198
9.89	230
9.91	150
9.92	150
9.94	137
9.95	104
9.97	102
9.98	82
10.00	71
10.02	70
10.03	50
10.05	47
10.06	42
10.08	55
10.10	29
10.11	31
10.13	17
10.14	22
10.16	16
10.17	14
10.19	10
10.21	4
10.22	6
10.24	13
10.25	5
10.27	6
10.28	2
10.30	7
10.32	8
10.33	7
10.35	2
10.36	2
10.38	3
10.40	5
10.41	2
10.43	3
10.44	4
10.46	2
10.47	1
10.49	4
10.51	7
10.52	3
10.54	3
10.55	6
10.57	4
10.59	0
10.60	5
10.62	2
10.63	3
10.65	1
10.66	2
10.68	2
10.70	3
10.71	5
10.73	3
10.74	4
10.76	3
10.78	2
10.79	7
10.81	3
10.82	4
10.84	4
10.85	1
10.87	0
10.89	3
10.90	6
10.92	1
10.93	1
10.95	1
10.97	1
10.98	4
11.00	3
11.01	6
11.03	1
11.04	4
11.06	3
11.08	7
11.09	1
11.11	3
11.12	1
11.14	0
11.16	4
11.17	4
11.19	2
11.20	2
11.22	1
11.23	2
11.25	2
11.27	2
11.28	2
11.30	3
11.31	6
11.33	0
11.34	3
11.36	3
11.38	2
11.39	3
11.41	7
11.42	3
11.44	4
11.46	3
11.47	4
11.49	7
11.50	2
11.52	3
11.53	3
11.55	3
11.57	4
11.58	1
11.60	2
11.61	3
11.63	1
11.65	1
11.66	1
11.68	3
11.69	3
11.71	2
11.72	5
11.74	4
11.76	0
11.77	4
11.79	3
11.80	1
11.82	3
11.84	4
11.85	3
11.87	2
11.88	5
11.90	4
11.91	2
11.93	6
11.95	3
11.96	4
11.98	5
11.99	2
12.01	4
12.03	1
12.04	2
12.06	2
12.07	2
12.09	1
12.10	3
12.12	3
12.14	3
12.15	3
12.17	1
12.18	1
12.20	2
12.22	2
12.23	3
12.25	1
12.26	2
12.28	1
12.29	3
12.31	2
12.33	0
12.34	2
12.36	1
12.37	5
12.39	2
12.40	4
12.42	4
12.44	1
12.45	3
12.47	3
12.48	4
12.50	10
12.52	2
12.53	4
12.55	5
12.56	1
12.58	1
12.59	2
12.61	2
12.63	4
12.64	4
12.66	3
12.67	4
12.69	1
12.71	5
12.72	2
12.74	8
12.75	3
12.77	1
12.78	1
12.80	2
12.82	1
12.83	5
12.85	3
12.86	4
12.88	1
12.90	2
12.91	3
12.93	3
12.94	4
12.96	3
12.97	1
12.99	1
13.01	2
13.02	3
13.04	2
13.05	1
13.07	3
13.09	1
13.10	3
13.12	5
13.13	4
13.15	0
13.16	3
13.18	2
13.20	6
13.21	4
13.23	1
13.24	3
13.26	3
13.28	1
13.29	2
13.31	6
13.32	3
13.34	9
13.35	0
13.37	2
13.39	4
13.40	2
13.42	3
13.43	6
13.45	2
13.46	3
13.48	4
13.50	2
13.51	3
13.53	2
13.54	2
13.56	3
13.58	1
13.59	3
13.61	2
13.62	2
13.64	3
13.65	3
13.67	2
13.69	2
13.70	2
13.72	2
13.73	2
13.75	5
13.77	6
13.78	5
13.80	2
13.81	2
13.83	2
13.84	2
13.86	2
13.88	3
13.89	2
13.91	3
13.92	5
13.94	5
13.96	4
13.97	1
13.99	6
14.00	0
14.02	3
14.03	5
14.05	2
14.07	1
14.08	7
14.10	0
14.11	2
14.13	1
14.15	1
14.16	1
14.18	1
14.19	4
14.21	3
14.22	1
14.24	7
14.26	2
14.27	5
14.29	0
14.30	1
14.32	1
14.34	3
14.35	4
14.37	2
14.38	3
14.40	1
14.41	1
14.43	1
14.45	1
14.46	1
14.48	4
14.49	4
14.51	1
14.53	0
14.54	4
14.56	1
14.57	2
14.59	2
14.60	2
14.62	0
14.64	2
14.65	6
14.67	1
14.68	3
14.70	6
14.71	4
14.73	5
14.75	0
14.76	6
14.78	1
14.79	1
14.81	1
14.83	3
14.84	3
14.86	2
14.87	3
14.89	2
14.90	2
14.92	2
14.94	4
14.95	4
14.97	2
14.98	5
15.00	1
15.02	5
15.03	1
15.05	2
15.06	2
15.08	0
15.09	5
15.11	6
15.13	2
15.14	2
15.16	3
15.17	4
15.19	1
15.21	2
15.22	7
15.24	6
15.25	1
15.27	6
15.28	1
15.30	3
15.32	2
15.33	1
15.35	5
15.36	2
15.38	4
15.40	1
15.41	4
15.43	5
15.44	2
15.46	1
15.47	2
15.49	1
15.51	1
15.52	5
15.54	3
15.55	6
15.57	5
15.59	4
15.60	1
15.62	2
15.63	1
15.65	6
15.66	4
15.68	2
15.70	0
15.71	4
15.73	4
15.74	2
15.76	2
15.77	1
15.79	3
15.81	4
15.82	3
15.84	2
15.85	2
15.87	2
15.89	1
15.90	2
15.92	3
15.93	3
15.95	5
15.96	5
15.98	7
16.00	2
16.01	2
16.03	7
16.04	4
16.06	2
16.08	3
16.09	3
16.11	1
16.12	0
16.14	2
16.15	4
16.17	0
16.19	1
16.20	0
16.22	4
16.23	2
16.25	2
16.27	0
16.28	3
16.30	4
16.31	2
16.33	7
16.34	2
16.36	0
16.38	3
16.39	5
16.41	2
16.42	4
16.44	3
16.46	4
16.47	3
16.49	3
16.50	2
16.52	1
16.53	2
16.55	5
16.57	6
16.58	4
16.60	3
16.61	3
16.63	1
16.65	0
16.66	2
16.68	4
16.69	1
16.71	1
16.72	4
16.74	3
16.76	0
16.77	5
16.79	2
16.80	3
16.82	4
16.83	1
16.85	4
16.87	3
16.88	2
16.90	0
16.91	0
16.93	4
16.95	4
16.96	2
16.98	0
16.99	1
17.01	0
17.02	2
17.04	1
17.06	3
17.07	6
17.09	3
17.10	3
17.12	3
17.14	2
17.15	2
17.17	4
17.18	3
17.20	3
17.21	6
17.23	1
17.25	6
17.26	1
17.28	2
17.29	3
17.31	4
17.33	3
17.34	4
17.36	4
17.37	4
17.39	4
17.40	0
17.42	0
17.44	1
17.45	0
17.47	2
17.48	1
17.50	5
17.52	3
17.53	5
17.55	1
17.56	3
17.58	2
17.59	0
17.61	1
17.63	3
17.64	0
17.66	1
17.67	3
17.69	1
17.71	3
17.72	1
17.74	1
17.75	1
17.77	2
17.78	1
17.80	2
17.82	1
17.83	1
17.85	1
17.86	0
17.88	2
17.89	2
17.91	2
17.93	1
17.94	6
17.96	1
17.97	3
17.99	2
18.01	4
18.02	1
18.04	0
18.05	0
18.07	1
18.08	2
18.10	1
18.12	1
18.13	4
18.15	4
18.16	0
18.18	3
18.20	1
18.21	1
18.23	0
18.24	4
18.26	1
18.27	0
18.29	0
18.31	3
18.32	4
18.34	4
18.35	0
18.37	1
18.39	1
18.40	1
18.42	1
18.43	1
18.45	1
18.46	1
18.48	1
18.50	1
18.51	1
18.53	3
18.54	2
18.56	2
18.58	2
18.59	0
18.61	3
18.62	3
18.64	2
18.65	1
18.67	0
18.69	1
18.70	0
18.72	1
18.73	1
18.75	3
18.77	2
18.78	2
18.80	3
18.81	0
18.83	0
18.84	0
18.86	3
18.88	1
18.89	3
18.91	1
18.92	4
18.94	2
18.95	3
18.97	1
18.99	2
19.00	3
19.02	1
19.03	0
19.05	0
19.07	0
19.08	0
19.10	2
19.11	0
19.13	1
19.14	1
19.16	3
19.18	2
19.19	2
19.21	4
19.22	1
19.24	3
19.26	3
19.27	1
19.29	0
19.30	2
19.32	2
19.33	2
19.35	0
19.37	0
19.38	3
19.40	1
19.41	3
19.43	1
19.45	2
19.46	1
19.48	0
19.49	1
19.51	1
19.52	2
19.54	1
19.56	1
19.57	1
19.59	0
19.60	1
19.62	0
19.64	1
19.65	1
19.67	0
19.68	0
19.70	1
19.71	0
19.73	1
19.75	2
19.76	2
19.78	1
19.79	2
19.81	2
19.83	2
19.84	4
19.86	0
19.87	0
19.89	0
19.90	2
19.92	1
19.94	0
19.95	1
19.97	3
19.98	4
20.00	0
20.02	0
20.03	0
20.05	2
20.06	2
20.08	3
20.09	1
20.11	0
20.13	2
20.14	1
20.16	0
20.17	1
20.19	1
20.20	1
20.22	3
20.24	1
20.25	1
20.27	1
20.28	1
20.30	2
20.32	0
20.33	1
20.35	1
20.36	1
20.38	2
20.39	0
20.41	1
20.43	0
20.44	1
20.46	2
20.47	1
20.49	3
20.51	1
20.52	1
20.54	0
20.55	0
20.57	2
20.58	0
20.60	3
20.62	2
20.63	1
20.65	2
20.66	2
20.68	0
20.70	2
20.71	0
20.73	0
20.74	2
20.76	2
20.77	1
20.79	2
20.81	0
20.82	2
20.84	1
20.85	2
20.87	1
20.89	1
20.90	1
20.92	1
20.93	2
20.95	3
20.96	2
20.98	1
21.00	3
21.01	0
21.03	2
21.04	2
21.06	2
21.08	4
21.09	2
21.11	0
21.12	1
21.14	0
21.15	0
21.17	2
21.19	3
21.20	2
21.22	1
21.23	1
21.25	0
21.26	1
21.28	1
21.30	3
21.31	1
21.33	1
21.34	2
21.36	1
21.38	1
21.39	0
21.41	0
21.42	3
21.44	0
21.45	1
21.47	1
21.49	1
21.50	0
21.52	1
21.53	0
21.55	0
21.57	0
21.58	0
21.60	0
21.61	0
21.63	0
21.64	0
21.66	0
21.68	1
21.69	1
21.71	1
21.72	0
21.74	0
21.76	1
21.77	0
21.79	0
21.80	0
21.82	1
21.83	1
21.85	0
21.87	1
21.88	0
21.90	0
21.91	2
21.93	0
21.95	2
21.96	1
21.98	2
21.99	1
22.01	1
22.02	0
22.04	2
22.06	0
22.07	2
22.09	1
22.10	0
22.12	2
22.14	2
22.15	1
22.17	1
22.18	1
22.20	1
22.21	0
22.23	2
22.25	0
22.26	3
22.28	1
22.29	2
22.31	2
22.32	0
22.34	0
22.36	0
22.37	1
22.39	0
22.40	1
22.42	2
22.44	1
22.45	0
22.47	0
22.48	1
22.50	1
22.51	1
22.53	0
22.55	1
22.56	0
22.58	1
22.59	1
22.61	1
22.63	1
22.64	0
22.66	0
22.67	0
22.69	1
22.70	2
22.72	1
22.74	2
22.75	1
22.77	2
22.78	1
22.80	1
22.82	1
22.83	1
22.85	0
22.86	1
22.88	2
22.89	0
22.91	1
22.93	0
22.94	1
22.96	1
22.97	1
22.99	2
23.01	0
23.02	1
23.04	0
23.05	1
23.07	1
23.08	0
23.10	2
23.12	0
23.13	1
23.15	0
23.16	0
23.18	0
23.20	0
23.21	3
23.23	0
23.24	1
23.26	0
23.27	1
23.29	0
23.31	0
23.32	0
23.34	1
23.35	2
23.37	1
23.38	0
23.40	0
23.42	1
23.43	1
23.45	0
23.46	1
23.48	1
23.50	0
23.51	2
23.53	0
23.54	0
23.56	0
23.57	1
23.59	0
23.61	1
23.62	0
23.64	1
23.65	1
23.67	0
23.69	1
23.70	0
23.72	0
23.73	0
23.75	1
23.76	2
23.78	0
23.80	0
23.81	0
23.83	0
23.84	0
23.86	0
23.88	1
23.89	0
23.91	1
23.92	1
23.94	0
23.95	0
23.97	0
23.99	1
24.00	0
24.02	0
24.03	0
24.05	2
24.07	0
24.08	0
24.10	0
24.11	0
24.13	0
24.14	0
24.16	2
24.18	2
24.19	0
24.21	2
24.22	0
24.24	1
24.26	0
24.27	1
24.29	0
24.30	1
24.32	4
24.33	1
24.35	0
24.37	0
24.38	1
24.40	0
24.41	0
24.43	2
24.45	2
24.46	0
24.48	0
24.49	0
24.51	0
24.52	1
24.54	0
24.56	0
24.57	1
24.59	2
24.60	0
24.62	1
24.63	0
24.65	0
24.67	1
24.68	1
24.70	1
24.71	0
24.73	1
24.75	0
24.76	1
24.78	0
24.79	1
24.81	1
24.82	0
24.84	0
24.86	0
24.87	2
24.89	0
24.90	1
24.92	1
24.94	2
24.95	0
24.97	1
24.98	1
25.00	2
25.01	1
25.03	2
25.05	2
25.06	2
25.08	0
25.09	1
25.11	0
25.13	0
25.14	0
25.16	2
25.17	0
25.19	1
25.20	0
25.22	1
25.24	1
25.25	0
25.27	1
25.28	1
25.30	0
25.32	1
25.33	0
25.35	0
25.36	0
25.38	0
25.39	1
25.41	0
25.43	0
25.44	1
25.46	1
25.47	0
25.49	1
25.51	1
25.52	0
25.54	0
25.55	0
25.57	1
25.58	1
25.60	0
25.62	1
25.63	0
25.65	0
25.66	0
25.68	1
25.69	0
25.71	0
25.73	0
25.74	0
25.76	1
25.77	0
25.79	2
25.81	0
25.82	0
25.84	0
25.85	1
25.87	1
25.88	1
25.90	0
25.92	1
25.93	1
25.95	0
25.96	0
25.98	1
26.00	1
26.01	0
26.03	2
26.04	0
26.06	0
26.07	1
26.09	0
26.11	0
26.12	2
26.14	0
26.15	0
26.17	0
26.19	0
26.20	1
26.22	1
26.23	0
26.25	2
26.26	0
26.28	2
26.30	0
26.31	1
26.33	0
26.34	1
26.36	0
26.38	0
26.39	1
26.41	1
26.42	1
26.44	0
26.45	0
26.47	0
26.49	0
26.50	0
26.52	1
26.53	0
26.55	1
26.57	1
26.58	0
26.60	1
26.61	0
26.63	0
26.64	1
26.66	0
26.68	0
26.69	0
26.71	0
26.72	0
26.74	0
26.75	1
26.77	0
26.79	0
26.80	0
26.82	0
26.83	0
26.85	0
26.87	0
26.88	1
26.90	0
26.91	0
26.93	0
26.94	1
26.96	1
26.98	1
26.99	0
27.01	0
27.02	0
27.04	1
27.06	0
27.07	0
27.09	2
27.10	1
27.12	1
27.13	1
27.15	0
27.17	0
27.18	0
27.20	0
27.21	0
27.23	0
27.25	1
27.26	0
27.28	0
27.29	0
27.31	0
27.32	0
27.34	1
27.36	0
27.37	1
27.39	1
27.40	1
27.42	1
27.44	2
27.45	0
27.47	0
27.48	1
27.50	0
27.51	0
27.53	0
27.55	1
27.56	0
27.58	0
27.59	1
27.61	0
27.63	0
27.64	1
27.66	0
27.67	0
27.69	0
27.70	0
27.72	1
27.74	0
27.75	1
27.77	0
27.78	0
27.80	0
27.81	0
27.83	1
27.85	0
27.86	0
27.88	0
27.89	0
27.91	0
27.93	1
27.94	0
27.96	0
27.97	0
27.99	0
28.00	2
28.02	0
28.04	0
28.05	1
28.07	0
28.08	0
28.10	1
28.12	0
28.13	0
28.15	0
28.16	0
28.18	0
28.19	1
28.21	1
28.23	1
28.24	0
28.26	0
28.27	0
28.29	0
28.31	0
28.32	0
28.34	1
28.35	0
28.37	0
28.38	1
28.40	0
28.42	0
28.43	1
28.45	0
28.46	0
28.48	2
28.50	0
28.51	1
28.53	0
28.54	0
28.56	1
28.57	1
28.59	0
28.61	2
28.62	0
28.64	0
28.65	0
28.67	0
28.69	0
28.70	0
28.72	0
28.73	0
28.75	0
28.76	1
28.78	1
28.80	0
28.81	0
28.83	2
28.84	0
28.86	0
28.88	0
28.89	0
28.91	0
28.92	0
28.94	0
28.95	0
28.97	0
28.99	1
29.00	0
29.02	0
29.03	0
29.05	1
29.06	0
29.08	0
29.10	0
29.11	0
29.13	1
29.14	0
29.16	0
29.18	0
29.19	1
29.21	0
29.22	0
29.24	0
29.25	0
29.27	0
29.29	0
29.30	0
29.32	0
29.33	0
29.35	0
29.37	0
29.38	0
29.40	0
29.41	0
29.43	1
29.44	1
29.46	0
29.48	0
29.49	1
29.51	0
29.52	0
29.54	0
29.56	0
29.57	0
29.59	0
29.60	1
29.62	0
29.63	0
29.65	1
29.67	0
29.68	0
29.70	1
29.71	0
29.73	0
29.75	0
29.76	1
29.78	0
29.79	0
29.81	0
29.82	0
29.84	0
29.86	0
29.87	0
29.89	0
29.90	1
29.92	0
29.94	0
29.95	0
29.97	0
29.98	0
30.00	0
30.01	0
30.03	1
30.05	0
30.06	0
30.08	0
30.09	0
30.11	0
30.12	0
30.14	0
30.16	1
30.17	0
30.19	0
30.20	0
30.22	0
30.24	0
30.25	0
30.27	0
30.28	0
30.30	0
30.31	0
30.33	0
30.35	0
30.36	0
30.38	0
30.39	0
30.41	0
30.43	0
30.44	0
30.46	0
30.47	0
30.49	0
30.50	0
30.52	0
30.54	0
30.55	0
30.57	0
30.58	1
30.60	0
30.62	0
30.63	0
30.65	0
30.66	0
30.68	0
30.69	0
30.71	0
30.73	1
30.74	0
30.76	0
30.77	0
30.79	0
30.81	0
30.82	1
30.84	0
30.85	0
30.87	1
30.88	0
30.90	0
30.92	0
30.93	0
30.95	0
30.96	0
30.98	0
31.00	0
31.01	1
31.03	0
31.04	0
31.06	0
31.07	0
31.09	0
31.11	0
31.12	0
31.14	0
31.15	0
31.17	0
31.18	0
31.20	0
31.22	0
31.23	0
31.25	1
31.26	0
31.28	0
31.30	0
31.31	0
31.33	0
31.34	0
31.36	0
31.37	0
31.39	0
31.41	0
31.42	0
31.44	0
31.45	0
31.47	0
31.49	0
31.50	0
31.52	0
31.53	0
31.55	0
31.56	0
31.58	0
31.60	0
31.61	0
31.63	0
31.64	0
31.66	0
31.68	0
31.69	0
31.71	0
31.72	0
31.74	0
31.75	0
31.77	0
31.79	0
31.80	0
31.82	0
31.83	0
31.85	0
31.87	0
31.88	0
31.90	0
31.91	0
31.93	0
31.94	0
31.96	0
31.98	0
31.99	0
32.01	0
32.02	0
32.04	0
32.06	0
32.07	0
32.09	0
32.10	0
32.12	0
32.13	0
32.15	0
32.17	0
32.18	0
32.20	0
32.21	0
32.23	0
32.24	0
32.26	0
32.28	0
32.29	0
32.31	0
32.32	0
32.34	0
32.36	0
32.37	0
32.39	0
32.40	0
32.42	0
32.43	-1
