       0
       0
       0
       0
       0
       0
       0
       0
       0
       0
       0
       0
       0
       0
       0
       0
       0
       0
       0
       0
       0
       0
       0
       0
       0
       0
       0
       0
       0
       0
       0
       0
       0
       0
       0
       0
       0
       0
       0
       0
       0
       0
       0
       0
       0
       0
       0
       0
       0
       0
       0
       0
       0
       0
       0
       0
       0
       0
       0
       0
       0
       0
       0
       0
       0
       0
       0
       0
       0
       0
       0
       0
       0
       0
       0
       0
       0
       0
       0
       0
       3
      48
     124
     136
     117
     108
     134
     127
     147
     117
     123
      98
     118
     118
     131
     138
     133
     132
     134
     116
     115
      97
     123
     125
     123
     130
     122
     138
     107
     140
     116
     112
     123
     132
     131
     134
     112
     114
     122
     131
     122
     136
     123
     120
     119
     122
     130
     103
     126
     128
     128
     109
     115
     121
     120
     126
     117
     129
     130
     127
     117
     118
     130
     132
     117
     128
     111
     120
     140
     134
     147
     124
     128
     111
     123
     128
     136
     141
     131
     106
     108
     108
     125
     118
     106
     114
     115
     124
     128
     120
     107
     131
     117
     131
     108
     133
     112
     137
     114
     115
     132
     135
     134
     106
     125
     127
     108
     114
     121
     125
     140
     112
     141
     114
     117
     129
     115
     108
     124
     133
     118
     121
     137
     130
     133
     121
     133
     149
     104
     128
     105
     118
     124
     127
     127
     140
     112
     131
     109
     118
     111
     119
     144
     114
     125
     124
     130
     109
     117
     111
     120
     122
     150
     126
     119
     116
     110
     132
     122
     135
     124
     138
     106
     135
     108
     131
     138
     142
     113
     123
     131
     101
     154
     108
     127
     130
     114
     123
     105
     128
     126
     118
     119
     134
     113
     134
     104
     120
     126
     135
     110
     114
     112
     137
     108
     106
     131
     131
     104
     115
     128
     133
     118
     118
     128
     146
     128
     132
     116
     145
     116
     123
     119
     119
     124
     125
     123
     126
     155
     112
     125
     124
     132
     128
     131
     122
     116
     138
     130
     140
     124
     134
     119
     115
     118
     130
     129
     123
      92
     133
     111
     136
     126
     113
     120
     113
     114
     102
     118
     150
     118
     130
     111
     123
     116
     112
     100
     139
     118
     152
     135
     122
     119
     114
     109
     115
     114
     119
     119
     130
     106
     113
     115
     120
     128
     105
     126
     120
     119
     123
     122
     110
     125
     144
     127
     111
     128
     125
     141
     118
     128
     103
     120
     119
     106
     123
     133
     150
     137
     132
     112
     146
     104
     119
     130
     138
     119
     128
     118
     115
     116
     131
     122
     128
     111
     120
      96
     137
     113
     123
     132
     119
     144
     133
     122
     118
     124
     135
     129
     127
     112
     121
     134
     120
     121
     122
     135
     122
     137
     106
     124
     116
     122
     122
     129
     121
     125
     119
     125
     122
     124
     138
     129
     110
     125
     115
     136
     123
     127
     128
     112
     132
     118
     123
     120
     124
     125
     146
     127
     112
     117
     117
     131
     137
     124
     151
     126
     117
     112
     113
     129
     108
     118
     128
     127
     127
     119
     118
     136
     133
     139
     119
     123
     109
     132
     105
     128
     127
     135
     115
     131
     134
     131
     136
     114
     127
     121
     119
     123
     117
     105
     126
     125
     116
     128
     109
     103
     120
     103
     114
     114
     136
     128
     120
     120
     143
     142
     120
     107
     135
     149
     127
     126
     129
     127
     158
     123
     120
     118
     113
     132
     126
     125
     105
     117
     117
     140
     118
     130
     121
     130
     119
     131
     121
     126
     130
     137
     132
     123
     113
     131
     108
     108
     141
     123
     147
     122
     125
     120
     110
     128
     121
     136
     116
     132
     116
     129
     127
     125
     102
     133
     124
     146
     125
     117
     120
     146
     128
     119
     144
     130
     132
     121
     130
     121
     125
     132
     119
     137
     123
     112
     139
     135
     106
     125
     146
     128
     128
     121
     118
     112
     120
     116
     124
     118
     135
     143
     119
     110
     133
     138
     134
     128
     128
     123
     119
     137
     127
     116
     113
     141
     122
     128
     126
     119
     122
     126
     132
     130
     104
     158
     134
     132
     141
     133
     116
     112
     134
     133
     140
     136
     134
     120
     128
     150
     148
     133
     135
     136
     122
     148
     110
     131
     136
     127
     127
     136
     142
     137
     114
     136
     135
     125
     129
     128
     111
     134
     127
     131
     139
     117
     121
     146
     118
     112
     127
     137
     144
     157
     117
     128
     119
     130
     123
     132
     128
     140
     123
     142
     131
     139
     133
     124
     130
     144
     140
     132
     148
     135
     137
     152
     132
     137
     130
     133
     144
     142
     141
     131
     131
     133
     130
     149
     132
     109
     120
     145
     121
     151
     162
     124
     131
     140
     103
     108
     135
     125
     151
     136
     129
     128
     139
     131
     144
     130
     116
     127
     167
     122
     131
     130
     136
     144
     127
     141
     132
     146
     129
     133
     120
     120
     154
     154
     142
     137
     130
     142
     129
     127
     152
     154
     117
     140
     148
     130
     126
     129
     120
     140
     146
     131
     129
     144
     132
     142
     130
     131
     148
     143
     157
     134
     137
     132
     130
     131
     140
     150
     151
     128
     115
     142
     129
     153
     133
     121
     138
     142
     125
     140
     128
     117
     145
     157
     131
     142
     121
     141
     123
     156
     127
     147
     131
     134
     139
     133
     152
     142
     140
     113
     143
     149
     125
     144
     143
     135
     169
     149
     139
     138
     126
     146
     120
     123
     155
     117
     129
     138
     144
     128
     158
     161
     122
     151
     117
     144
     146
     141
     136
     138
     141
     134
     152
     143
     129
     149
     142
     153
     142
     160
     149
     154
     148
     152
     130
     142
     158
     136
     163
     169
     150
     151
     134
     137
     169
     148
     153
     136
     138
     139
     137
     141
     155
     152
     135
     153
     141
     127
     167
     128
     138
     153
     148
     138
     152
     150
     140
     168
     150
     136
     137
     162
     133
     136
     166
     137
     146
     160
     152
     157
     148
     127
     146
     136
     137
     130
     149
     157
     172
     144
     138
     182
     162
     141
     175
     129
     176
     155
     131
     143
     152
     164
     172
     147
     167
     184
     146
     165
     152
     164
     157
     140
     161
     136
     151
     152
     136
     166
     192
     168
     157
     143
     165
     178
     150
     145
     145
     161
     144
     151
     144
     152
     162
     175
     186
     158
     156
     174
     171
     141
     156
     148
     178
     161
     146
     178
     157
     162
     184
     162
     146
     165
     171
     151
     167
     184
     169
     191
     168
     156
     176
     179
     182
     174
     146
     150
     184
     154
     165
     162
     170
     162
     171
     168
     190
     170
     140
     166
     168
     171
     169
     178
     201
     180
     151
     154
     186
     160
     169
     201
     165
     162
     198
     173
     173
     179
     178
     193
     185
     188
     176
     172
     190
     182
     167
     189
     164
     168
     191
     186
     169
     183
     182
     170
     157
     186
     168
     199
     180
     169
     158
     188
     190
     193
     183
     172
     185
     170
     192
     175
     174
     212
     148
     178
     196
     176
     195
     196
     180
     184
     201
     207
     156
     200
     170
     193
     198
     197
     198
     170
     198
     211
     182
     203
     210
     216
     201
     210
     209
     206
     199
     174
     179
     216
     205
     225
     211
     210
     194
     194
     214
     182
     193
     188
     212
     194
     210
     223
     203
     207
     197
     196
     209
     203
     193
     231
     193
     207
     200
     204
     202
     200
     203
     210
     183
     224
     198
     236
     232
     216
     210
     234
     229
     218
     213
     214
     208
     244
     221
     246
     213
     201
     221
     212
     224
     224
     236
     227
     220
     241
     220
     235
     267
     199
     239
     234
     216
     226
     229
     246
     246
     214
     214
     226
     226
     238
     221
     225
     239
     242
     209
     251
     214
     247
     261
     209
     254
     237
     251
     234
     224
     236
     233
     248
     226
     240
     243
     240
     237
     262
     254
     219
     223
     254
     245
     249
     260
     262
     241
     241
     267
     261
     266
     239
     229
     285
     274
     238
     277
     254
     261
     269
     259
     275
     246
     276
     254
     258
     254
     285
     278
     279
     274
     265
     260
     262
     307
     265
     269
     273
     268
     294
     290
     291
     259
     278
     272
     280
     242
     276
     294
     280
     279
     326
     312
     271
     293
     318
     312
     283
     303
     286
     304
     284
     297
     273
     292
     316
     338
     303
     312
     317
     306
     304
     314
     333
     300
     323
     317
     349
     334
     313
     317
     332
     359
     306
     356
     361
     323
     342
     334
     326
     338
     342
     335
     340
     379
     340
     339
     318
     309
     349
     357
     320
     370
     377
     341
     354
     355
     334
     331
     335
     365
     361
     377
     373
     347
     360
     348
     385
     349
     386
     370
     373
     335
     347
     360
     389
     355
     399
     366
     402
     384
     401
     396
     404
     357
     387
     392
     395
     396
     390
     391
     403
     417
     425
     407
     395
     417
     388
     431
     399
     409
     432
     390
     425
     466
     447
     408
     444
     439
     428
     434
     452
     439
     445
     422
     491
     436
     468
     454
     456
     448
     427
     440
     504
     457
     437
     466
     471
     465
     490
     450
     481
     464
     486
     483
     467
     505
     462
     492
     499
     505
     514
     501
     491
     482
     520
     495
     518
     508
     524
     542
     533
     533
     512
     524
     536
     520
     559
     543
     573
     533
     565
     548
     527
     544
     559
     517
     511
     551
     533
     534
     563
     580
     559
     554
     525
     568
     578
     547
     532
     544
     541
     564
     540
     601
     542
     521
     537
     537
     582
     550
     551
     584
     550
     525
     558
     516
     529
     534
     530
     523
     529
     534
     477
     531
     517
     510
     549
     490
     498
     496
     494
     480
     511
     531
     508
     488
     497
     497
     440
     472
     445
     488
     447
     478
     451
     438
     457
     427
     474
     435
     490
     424
     412
     429
     430
     445
     427
     451
     432
     421
     421
     416
     393
     389
     407
     432
     398
     386
     382
     413
     407
     378
     386
     398
     399
     395
     374
     383
     417
     430
     370
     401
     382
     341
     366
     368
     351
     385
     392
     395
     354
     379
     370
     405
     385
     336
     377
     375
     369
     344
     323
     316
     335
     345
     370
     324
     352
     315
     334
     321
     330
     344
     315
     351
     324
     329
     319
     351
     296
     309
     352
     283
     347
     320
     290
     316
     313
     310
     299
     343
     316
     284
     328
     323
     308
     309
     310
     319
     306
     292
     306
     303
     300
     311
     292
     279
     309
     316
     281
     279
     268
     300
     289
     292
     331
     291
     316
     325
     265
     304
     313
     259
     301
     282
     281
     276
     286
     281
     270
     274
     301
     278
     267
     291
     284
     269
     250
     246
     292
     267
     279
     295
     284
     257
     255
     279
     292
     280
     248
     270
     271
     267
     240
     292
     274
     237
     259
     271
     284
     244
     242
     256
     229
     220
     264
     250
     243
     262
     257
     258
     245
     229
     222
     234
     253
     249
     226
     232
     248
     254
     245
     214
     252
     246
     233
     248
     245
     256
     219
     228
     190
     225
     227
     226
     243
     244
     244
     205
     202
     221
     233
     206
     227
     209
     226
     215
     218
     237
     205
     216
     234
     210
     220
     214
     222
     188
     179
     217
     214
     231
     231
     223
     226
     229
     214
     234
     213
     195
     230
     205
     236
     210
     202
     217
     188
     228
     204
     207
     199
     216
     208
     166
     206
     199
     209
     221
     236
     237
     224
     217
     217
     178
     157
     182
     164
     169
     186
     208
     215
     196
     194
     188
     194
     224
     196
     225
     200
     226
     208
     202
     175
     202
     184
     178
     181
     205
     183
     210
     208
     211
     204
     205
     187
     180
     190
     173
     176
     144
     175
     186
     180
     204
     193
     206
     226
     197
     187
     158
     154
     157
     180
     186
     177
     196
     209
     200
     176
     180
     170
     167
     162
     166
     178
     162
     201
     183
     182
     214
     193
     185
     156
     178
     188
     173
     193
     148
     162
     172
     175
     186
     180
     198
     189
     161
     147
     157
     171
     157
     158
     167
     170
     188
     165
     165
     177
     202
     163
     131
     182
     201
     181
     169
     147
     163
     171
     152
     188
     148
     171
     144
     188
     160
     162
     153
     145
     151
     162
     169
     146
     175
     144
     169
     181
     154
     168
     148
     162
     135
     149
     181
     137
     159
     159
     157
     167
     167
     154
     158
     165
     147
     162
     180
     160
     169
     141
     145
     153
     185
     153
     130
     159
     148
     148
     137
     146
     175
     160
     145
     136
     162
     138
     147
     155
     173
     154
     147
     155
     136
     161
     162
     142
     165
     171
     140
     163
     154
     159
     181
     159
     150
     177
     167
     167
     151
     143
     141
     163
     147
     122
     131
     148
     153
     140
     162
     156
     158
     164
     153
     184
     143
     154
     137
     152
     135
     138
     152
     145
     134
     125
     155
     119
     134
     134
     159
     150
     147
     133
     146
     154
     139
     138
     146
     140
     124
     151
     141
     153
     130
     141
     150
     122
     138
     163
     148
     156
     153
     161
     128
     143
     145
     152
     144
     161
     147
     137
     112
     154
     173
     140
     131
     157
     139
     135
     147
     139
     139
     150
     158
     132
     174
     140
     159
     130
     133
     149
     137
     131
     155
     151
     144
     135
     137
     130
     157
     136
     138
     125
     128
     122
     136
     139
     149
     119
     133
     129
     131
     155
     126
     145
     134
     154
     139
     150
     152
     158
     133
     122
     153
     141
     138
     161
     158
     141
     137
     166
     143
     119
     149
     135
     118
     131
     141
     136
     136
     146
     136
     125
     121
     144
     128
     143
     150
     136
     137
     132
     119
     129
     139
     138
     132
     129
     134
     130
     126
     116
     123
     140
     152
     131
     128
     139
     117
     130
     139
     144
     112
     133
     144
     128
     130
     144
     154
     139
     142
     146
     118
     117
     139
     139
     146
     131
     138
     119
     140
     126
     130
     124
     131
     118
     134
     125
     154
     137
     130
     135
     133
     131
     133
     152
     108
     139
     134
     149
     160
     146
     128
     144
     131
     123
     147
     119
     117
     122
     117
     144
     162
     138
     114
     131
     110
     130
     107
     127
     122
     131
     140
     147
     138
     159
     143
     141
     113
     124
     127
     103
     114
     140
     123
     111
     108
     120
     128
     125
     127
     140
     138
     143
     143
     104
     135
     119
     132
     136
     129
     149
     148
     134
     124
     144
     157
     146
     140
      97
     122
     108
     119
     105
      98
     125
     116
     138
     130
     136
     130
     109
     143
     149
     121
     114
     116
     123
     119
     117
     123
     132
     161
     135
     125
     137
     140
     113
     128
     157
     150
     129
     130
     126
     143
     124
     147
     153
     111
     116
     132
     139
     140
     107
     125
     111
     100
     133
     118
     114
     124
     123
     130
     142
     141
     134
     134
     122
     119
     135
     132
     136
     134
     150
     107
     125
     116
     124
     111
     111
     122
     113
     114
     143
     131
     134
     134
     134
     122
     136
     118
     125
     114
     127
     117
     108
     150
     105
     138
     112
     125
     106
     125
     131
     123
     120
     149
     123
     105
     112
     124
     117
     131
     116
     134
     112
     116
     118
     123
     134
     161
     127
     136
     127
     147
     111
     112
     126
     135
     131
     128
     121
     124
     137
     139
     117
     109
     132
     123
     132
     116
     126
     145
     124
     112
     131
     135
     120
     154
     113
     127
     142
     133
     132
     133
     123
     126
     140
     123
     120
     142
     109
     124
     119
     135
     132
     140
     109
     136
     125
      96
     124
     115
     132
     115
     127
     133
     128
     127
     118
     133
     131
     118
     155
     138
     107
     124
     137
     131
     145
     117
     121
     146
     125
     139
     158
     147
     133
     115
     130
     127
     144
     134
     119
     114
     121
     138
     163
     143
     143
     140
     117
     130
     108
     134
     119
     126
     139
     123
     143
     138
     149
     124
     142
     134
     119
     128
     126
     112
     130
     134
     127
     126
     137
     143
     132
     126
     131
     112
     121
     111
     125
     132
     106
     139
     112
     142
     124
     129
     123
     118
     129
     106
     128
     125
     126
     136
     111
     124
     124
     122
     119
     112
     124
     156
     124
     119
     129
     107
     129
     130
     134
     133
     130
     121
     118
     127
     115
     139
     130
     142
     112
     135
     134
     124
     149
     136
      99
     129
     127
     126
     137
     108
     136
     136
     130
     110
     136
     106
     134
     114
     141
     107
     122
     129
     111
     127
     112
     125
     141
     132
     139
     139
     150
     123
     115
     115
     107
     110
     118
     125
     130
      96
     112
     128
     145
     126
     124
     121
     117
     120
     121
     131
     130
     126
     115
     110
     140
     110
     128
     103
     151
     126
     128
     131
     116
     156
     121
     126
      98
     128
     136
     128
     130
     145
     121
     108
     131
     116
     131
     127
     121
     122
     127
     134
     113
     110
     104
     123
     119
     113
     115
     126
     120
     126
      98
     141
     147
     126
     133
     123
     129
     132
     123
     128
     123
     114
     129
     124
     116
     135
     140
     106
      98
     117
     109
     135
     116
     133
     116
     106
     111
     121
     127
     128
     132
     120
     113
     121
     120
     119
     111
     133
     118
     110
     123
     110
     118
     137
     128
     123
     110
     121
     115
     124
     125
     141
     126
     132
     106
     104
     124
     111
     142
     123
     119
     130
     122
     110
     115
     119
     121
     117
     126
     123
     144
     146
     131
     105
     108
     115
     117
     112
     118
     138
     117
     140
     126
     132
     140
     124
     124
     138
     115
     121
     109
     123
     118
     138
     120
     131
     126
     125
     125
     129
     130
     106
     101
     125
     114
     123
     132
     124
     122
     112
     119
     117
     122
     113
     127
     140
     117
     127
     119
     122
     136
     134
     102
     124
     119
     133
     125
     130
     152
     126
     108
     105
     116
     114
     113
     117
     135
     117
     142
     134
     133
     136
     116
     121
     107
     117
     136
     131
     116
     123
     118
     138
     104
     127
     124
     125
     114
     124
     120
     125
     130
     128
     121
     121
     112
     126
     103
     136
     119
     119
     110
     118
     116
     108
     128
     125
     106
     106
     140
     140
     126
     122
     138
     125
     148
     112
     109
     133
     123
     120
     135
     105
     133
     119
     118
     124
     129
     127
     114
     123
     117
     122
     110
     130
     149
     102
     128
     117
     128
     117
     101
     126
     100
     142
     100
     126
     114
     138
     133
     123
     104
     127
     141
     120
     105
     117
     129
     136
     102
     121
     130
     141
     133
     130
     136
     129
     109
     115
     132
     131
     116
     119
     124
     123
     129
     138
     121
     133
     128
     124
     115
     128
     119
     112
     138
     135
     111
     105
     138
     110
     133
     123
     124
     121
     115
     124
     142
     135
     109
     136
     118
     129
     113
     129
     142
     132
     122
     148
     114
     118
     119
     128
     123
     116
     137
     135
     109
     124
     125
      92
     139
     136
     117
     124
     129
     130
     140
     134
     115
     122
     114
     123
     115
     119
     113
     129
     106
     119
     134
     136
     129
     121
     131
     128
     116
     115
     127
     128
     111
     135
     134
     130
     129
     124
     118
     109
     153
     131
     100
     140
      99
     137
     129
     119
     143
     117
     122
     124
     131
     125
     126
     119
     104
     123
     124
      99
     126
     145
     134
     138
     100
     133
     106
     119
     111
     118
     123
     128
     122
     144
     132
     122
     137
     118
     113
     126
     124
     138
     126
     110
     137
     136
     111
     132
     148
     113
     138
     118
     131
     135
     143
     119
     133
     119
     114
     121
     124
     140
     124
     145
     102
     130
     124
     128
      96
     139
     126
     130
     125
     120
     135
     107
     126
     123
     119
     101
     114
     118
     121
     120
     101
     123
     146
     147
     110
     116
     104
     127
     109
     129
     128
     136
     123
     146
     121
     116
     106
     116
     127
     116
     131
     128
     109
     103
     116
     127
     126
     123
     136
     111
     141
     123
     122
     139
     117
     115
     122
     141
     117
     124
     140
     122
     141
     116
     118
     122
     135
     106
     124
     115
     135
     144
     122
     116
     119
     127
     147
     117
     135
     133
     123
     106
     134
     113
     141
     111
     108
     105
     122
     118
     128
     119
     124
     130
     112
     114
     101
     117
     139
     131
     140
     132
     108
     116
     107
     119
     133
     115
     145
     147
     113
     131
     144
     122
     122
     126
     135
     122
     135
     129
     126
     120
     108
     125
     125
     116
     114
     122
     132
     142
     124
     113
     113
     112
     100
     115
     122
     104
     119
     119
     109
     133
     113
     114
     130
     122
     131
     114
     110
     123
     123
     112
     140
     124
     128
     113
     112
     108
     124
     126
     119
     128
     126
     125
     124
     106
     132
     138
     136
     106
     136
     125
     118
     146
     119
     147
     129
     125
     120
     146
     133
     130
     131
     126
     118
     116
     132
     140
     144
     100
     115
     113
     120
     110
     127
     108
     137
     140
     133
     118
     136
      95
     122
     125
     111
     121
     119
     136
     128
     145
     135
     136
     129
     121
     141
     130
     139
     112
     121
     124
     122
     123
     115
     129
     109
     117
     134
     126
     137
     126
     122
     119
     123
     103
     134
     129
     120
     124
     108
     114
     129
     122
     107
     126
     127
     123
      97
     113
     129
     134
     129
     122
     127
     134
     131
     133
     116
     101
      99
     132
     124
     137
     123
     119
     129
     116
     121
     131
     119
     139
     132
     115
     107
     119
     110
     120
     137
     109
     136
     132
     110
     105
     114
     134
     106
     127
     131
     143
     121
     114
     103
     122
     115
     132
     121
     113
     111
      97
     137
     127
     111
     142
     149
     134
     114
     121
     128
     130
     132
     121
     138
     109
     144
     116
     103
     121
     127
     107
     137
     125
     129
     122
     115
     129
     134
     127
     127
     104
     118
     124
     121
     119
     104
      93
     125
     109
     106
     124
     125
     121
     119
     138
     128
     131
     111
     126
     117
     144
     107
     130
     137
     112
     124
     108
     112
     124
     117
     119
     132
     120
     127
     112
     114
     109
     128
     105
     107
     131
     109
     126
     121
     145
     124
     126
     114
     102
     148
     117
     111
     134
     113
     116
     127
     108
     135
     135
     111
     126
     138
     106
     135
     125
     147
     113
     139
     130
     120
     115
     129
     128
     141
     138
     134
     133
     125
     131
     117
     130
     120
     141
     117
     116
     118
     130
     137
     112
     121
     100
     116
     133
     101
     135
     124
     111
     113
     113
     111
     113
     113
     100
     131
      93
     112
     115
     100
     107
     108
     119
     123
      99
     118
     138
     113
     135
     124
     144
     116
     119
      92
     129
     110
     145
     110
     121
     118
     110
     118
     106
     113
     128
     123
     137
     113
     118
     120
     127
     110
     110
     120
     122
     120
     126
     127
     125
     110
     131
     131
     144
     118
     119
     143
     123
     145
     111
     126
     123
     125
     122
     105
     118
     116
     127
     112
     114
     115
     126
     116
     142
     109
     104
     115
     128
     126
     121
     123
     128
     143
     126
     118
     129
     116
     102
     129
     120
     119
     126
     131
     148
     128
     126
     127
     114
     117
     140
     115
     116
     118
     142
     114
     130
     118
     112
     119
     123
     156
     109
     122
     119
     116
     149
     118
     113
     104
     121
     128
     132
     132
     112
     119
     111
     135
     135
     147
     118
     123
     149
     126
     102
     133
     122
     112
     117
     139
     131
     128
     139
     111
     123
     136
     134
     115
     130
     141
     116
     112
     141
     115
     118
     119
     132
     133
     135
     118
     125
     100
     114
     134
     132
     108
     113
     111
     138
     112
     107
     115
     122
     132
     130
     148
     103
     115
     123
     124
     133
     130
     131
     124
     124
     112
     128
     109
      99
     102
     156
     123
     119
     128
     123
     138
     111
     129
     123
     114
     105
     113
     138
     135
     124
     129
     122
     145
     125
     138
     120
     123
     129
     125
     126
     106
     119
     123
     124
     108
     114
     141
     119
     112
     126
     123
     122
     109
     121
     133
     137
     115
     145
     127
     128
     121
     113
     115
     116
     127
     126
     139
     129
     118
     128
     119
     141
     120
     113
     134
     104
     106
     110
     153
     123
     119
     128
     125
     135
     126
     126
     138
     130
     117
     133
     140
     129
     137
     113
     104
     123
     117
     130
     111
     121
     120
     135
     137
     108
     130
     122
     135
     122
     117
     109
     111
     124
     122
     108
     107
     109
     125
     120
     121
     118
     114
     109
     125
     131
     124
     119
     119
     132
     121
     122
     128
     122
     125
     111
     125
     114
     108
     129
     130
     116
     110
     104
     114
     114
     124
     134
     132
     124
     123
     153
     103
     138
     132
     139
     119
     121
     129
     134
     120
     109
     119
     105
     111
     128
     113
     108
     115
     143
     111
     113
     132
     135
     137
     123
     122
     119
     123
     120
     119
     126
     112
     129
     107
     111
     130
     137
     137
     141
     129
     116
     121
     128
     121
     140
     126
     117
     141
     142
     110
     115
     106
     146
     119
     121
     136
     145
     132
     107
     123
     116
     138
     133
     119
     133
     125
     119
     140
     137
     113
     118
     108
     124
     127
     138
     128
     120
     128
     120
     116
     141
     124
     119
     115
     100
     105
     124
     124
     125
     129
     138
     105
     121
     145
     126
     128
     117
     133
     120
     110
     130
     105
     124
     122
     131
     113
     132
     116
     124
     116
     111
     107
     125
     101
     127
     124
     120
     133
     112
     115
     121
     115
     120
     127
     100
     158
     119
     116
     112
     110
     122
     146
     125
     130
     113
     130
     112
     110
     113
     125
     105
     125
     119
     124
     112
     132
     137
     123
     127
     121
     117
     135
     122
     107
     111
     121
     139
     131
     109
     124
     134
     118
     123
     132
     117
     136
     129
     140
     120
     128
     124
     108
     126
     122
     121
     133
     125
     140
     103
     131
     131
     123
     128
     143
     129
     109
     111
     109
     116
     110
     138
     133
     115
     133
     106
     117
     136
     129
     132
     121
     122
     121
     137
     139
     137
     117
     115
     129
     112
     127
     126
     127
     109
     129
     157
     120
     124
     125
     119
     105
     119
     114
     117
     123
     111
     109
     123
     138
     128
     129
     139
     115
     115
     131
     106
     121
     123
     130
     141
     115
     135
     139
     130
     151
     127
     137
     120
     113
     115
      97
     137
     124
     123
     120
     134
     140
     109
     121
     130
      97
     128
     115
     113
     124
     129
     138
     129
     117
     104
     125
      98
     125
     100
     122
     113
     125
     113
     118
     105
     108
     108
     129
     116
     119
     131
     129
     129
     125
     133
     121
     128
     112
     122
     132
     131
     101
     109
     132
     124
     109
     109
     132
     134
     150
     122
     121
     127
     140
     125
     112
     120
     127
     112
     111
     105
     119
     114
     137
     118
     127
     114
     122
     129
     130
      95
     111
     118
     126
     140
     126
     127
     119
     109
     121
     122
     112
     109
     119
     119
     130
     101
     129
     130
     111
     122
     135
     125
     115
     118
     120
     114
     115
     123
     109
     116
     137
     107
     121
     124
     139
     120
     125
     128
     123
     143
     111
     114
     127
     119
     128
     112
     131
     106
     120
     113
     146
     121
     114
     113
     129
     124
     121
     150
     144
     128
     119
     121
     101
     122
     122
     105
     125
     111
     131
     112
     122
     143
     132
     130
     124
     129
     124
     114
     145
     103
     122
     119
     133
     105
     137
     114
     111
     132
     143
     127
      98
     126
     116
     112
     110
     123
     129
     119
     129
     111
     138
     112
     121
     122
     120
     127
     120
     128
     118
     115
     125
     120
     121
     120
     111
     118
     115
     117
     112
     128
     118
     129
     109
     153
     136
     111
     108
     137
     134
      87
     115
     125
     106
     129
     126
     125
     132
     101
     120
     120
     110
     120
     105
     129
     132
     110
     122
     119
     137
     117
     102
     135
     113
     133
     117
     130
     140
     123
     127
     140
     136
     133
     132
     106
     113
     124
     119
     113
     103
     128
     116
     129
     118
     131
     112
     118
     109
     123
     124
     130
     127
     120
     126
     106
     129
     138
     121
     107
     121
     122
     134
     125
     117
      98
     154
     104
     119
     130
     106
     120
     110
     116
     121
     121
     136
     153
     120
     111
     117
     120
     127
     110
     117
      99
     129
     124
     136
     112
     116
     112
     119
     120
     119
     119
     128
     115
     125
     110
     127
     131
     111
     120
     127
     108
     131
     127
     115
     103
     119
     113
     127
     150
     119
     131
     131
     120
     119
     110
     136
     120
     134
     109
     145
     108
     140
     106
     120
      99
     127
     125
     127
     112
     128
     135
     115
     119
     120
     134
     158
     113
     124
     131
     119
     114
     109
     110
     141
     119
     128
     110
     110
     124
     121
     121
     125
     108
     112
      96
     123
     115
     117
     128
     127
     134
     127
     127
     122
     124
     123
     117
     105
     126
     120
     116
     127
     126
     127
     112
     129
     107
     114
     138
     118
     113
     106
     120
     128
     125
     127
     147
     130
     111
     120
     120
     119
     125
     111
     135
     142
     126
     153
     113
     120
     115
     126
     108
     113
     133
     120
     110
     127
     112
     110
     110
     135
     149
     117
     112
     128
     119
     114
     127
     127
     129
     126
     105
     116
     125
     132
     135
     136
     132
     131
     123
     116
     133
     111
     137
     119
     119
      95
     139
     129
     124
     132
     125
     126
     130
     119
     135
     127
     118
     153
     125
     120
     104
     124
     119
     138
     105
     138
     130
     138
     108
     100
     117
     109
     104
     141
     114
     126
     105
     116
     130
     121
     127
     135
     132
     117
     112
     126
     120
     114
     124
     128
     121
     126
     129
     103
     129
     124
     108
     109
     104
     146
     116
     120
     115
     120
     121
     128
     141
     120
     135
     113
     127
     143
     102
     126
     131
     119
     121
     126
     126
     127
     127
     119
     140
     128
     121
     143
     106
     130
     127
     117
     109
     135
     119
     142
     133
     143
     119
     123
     126
     130
     120
     111
     138
     115
     119
     115
     127
     135
     149
     122
     131
     118
     126
     126
     132
     108
     141
     122
     132
     116
     121
     106
     116
     113
     102
     129
     119
     114
     130
     131
     112
     131
     116
     115
     117
     110
     115
     119
     106
     122
     112
     111
     136
     123
     121
     115
     129
     129
     116
     117
     120
     128
     128
     102
     113
     118
     123
     143
     128
     120
     113
     116
     123
     119
     134
     101
     117
     134
     119
     128
     143
     101
     124
     138
     123
     136
     117
     137
     139
     111
      90
     126
     132
     114
     117
     132
     115
     138
     120
     133
     126
     126
     144
     112
      94
     128
     126
     113
     120
     122
     108
     110
     121
     111
     124
     116
     119
     148
     114
     127
     121
     131
     114
     107
     132
     124
     121
     132
     127
     123
     116
     124
     127
     134
     123
     111
     123
     107
     117
     111
     111
     108
     125
     128
     125
     137
     126
     113
     119
     119
     139
     134
     131
     127
     124
     102
     110
     114
     126
     123
     117
     125
     136
     126
     121
     119
     130
     129
     122
     147
     113
     140
     130
     112
     117
     117
     139
     114
     133
     142
     141
     117
     134
     117
     126
     109
     113
     131
     114
     122
     123
     132
     116
     124
     118
     124
     116
     120
     122
     124
     141
     126
     121
     133
     123
     129
     132
     117
     142
     100
     141
     124
     130
     117
     116
     121
     128
     133
     129
     132
     136
     114
     101
     118
     121
     116
     126
     127
     146
     111
     126
     115
     131
     141
     110
     141
     110
     136
     112
     106
     106
     124
     118
     117
     131
     109
     133
     134
     137
     123
     113
     135
     135
     102
     126
     136
     126
     124
     122
     116
     123
     126
     115
     113
     115
     110
     135
     122
     125
     120
     134
     131
     124
     128
     132
     116
     118
     129
     133
     122
     133
     144
     133
     115
     119
     119
     118
     119
     151
     122
     121
     120
     137
     112
     123
     150
     131
     120
     109
     125
     120
     116
     112
     122
     117
     124
     116
     111
     107
     107
     134
     126
     135
     131
     120
     123
     127
     123
     112
     140
     117
     118
     136
     132
     126
     118
     103
     142
     120
     111
     112
     134
     131
     124
     108
     128
     108
     127
     114
     127
     130
     110
     116
     116
     128
     112
     116
      98
     110
     128
     142
     127
     129
     135
     110
     145
     120
     103
     121
     112
     104
     121
     125
     120
     131
     110
      98
     132
     122
     152
     123
     118
     113
     119
     118
     123
     120
     134
     119
     133
     137
     134
     136
     135
     122
     127
     119
     118
     130
     110
     120
     118
     137
     132
     119
     117
     127
     114
     104
     116
     135
     127
     136
     103
     122
     129
     142
     108
     128
     146
     121
     120
     125
     119
     127
     118
     105
     124
     133
     118
     133
     122
     120
     126
     112
     115
     106
     121
     119
     130
     138
     103
     125
     117
     114
     122
     138
     124
     125
     114
     127
     125
     120
     126
     110
     136
     112
     132
     129
     110
     115
     136
     124
     112
     112
     109
     129
     127
     103
      96
     129
     108
      93
     111
     114
     137
     133
      99
     108
     103
     113
     116
     124
     110
     135
     128
     125
     116
     112
     142
     119
     111
     137
     111
     142
     112
     114
     120
     115
     129
     130
     132
     115
     122
     129
     105
     122
     111
     133
     124
     114
     135
     123
     110
     124
     120
     117
     131
     129
     136
     124
     124
     114
     122
     123
     111
     114
     121
     132
     142
     125
     121
     145
     118
     116
     127
     129
     116
     118
     141
     131
     131
     107
     122
     115
     141
     129
     144
     122
     130
     124
     120
     103
     137
     110
     122
     145
     123
     130
      95
     114
     111
     122
     115
     124
     100
     136
     124
     131
     135
     121
     110
     125
     130
     111
     115
     122
     128
     128
     109
     124
     129
     117
     133
     125
     135
     157
     118
     127
     127
     123
     120
     130
     119
      87
     129
     136
     128
     122
     133
     135
     128
     121
     122
     118
     110
     123
     122
     133
     114
     120
     127
     108
     131
     102
     123
     142
     114
     114
     128
     125
     129
     133
     126
     146
     121
     129
     105
     125
     121
     125
     142
     121
     135
     110
     110
     119
     125
     121
     135
     128
     110
     133
     109
     126
     124
     130
     128
     136
     104
     121
     124
     103
     110
     128
     120
     145
     122
     136
     120
     120
     132
     134
     133
     112
     130
     103
     111
     131
     119
     118
     113
     113
     136
     108
     129
     120
     120
     125
     120
     124
     113
     123
     108
     127
     132
     113
     114
     125
     126
     122
     117
     128
     136
     135
     137
     129
     126
     113
     138
     133
     126
     120
     107
      89
     132
     113
     131
     120
     123
     128
     127
     125
     119
     132
     147
     126
     104
     124
     118
     109
     121
     107
     112
     118
     136
      94
     120
     118
     128
     117
     122
     112
     102
     128
     130
     106
     119
     133
     139
     125
     120
     108
     123
     131
     139
     137
     118
     115
     119
     126
     136
     123
     126
     139
     132
     141
     123
     118
     101
     123
     117
     135
     112
     137
     121
     130
     120
     117
     126
     122
     123
      98
     132
     136
     118
     123
     123
     131
     121
     121
     132
     112
     124
     116
     125
     120
     145
     111
     127
     111
     119
     135
     102
     133
     123
     121
     132
     140
     121
     135
     125
     135
     116
     126
     109
     106
     114
     119
     125
     113
     145
     123
     126
     102
     123
     120
     106
     122
     117
     111
     113
     115
     123
     117
     113
     128
     118
     136
     140
     141
     114
     118
     151
     123
     124
     134
     120
     136
     133
     129
     114
     126
     130
     103
     120
     117
     105
     137
     124
     135
     113
     106
     117
     126
     114
     125
     114
     110
     103
     126
     137
     117
     139
     107
     125
     142
     137
     131
     132
     118
     133
     115
     132
     119
     122
     135
     116
     133
     126
     125
     133
     104
     141
     109
      91
     122
     131
     131
     128
     113
     146
     104
     120
     119
     114
     107
     102
     131
     116
     120
     133
     118
     128
     130
     129
     111
     115
     123
     124
     127
     117
     122
     129
     117
     119
     127
     118
     123
     115
     134
     142
     134
     120
     126
     123
     109
     131
     122
     108
     107
      96
     124
     125
     101
     118
     119
     135
     120
     125
     116
     141
     126
     109
     116
     122
     119
     122
     134
     122
     139
     122
     125
     116
     124
     130
     138
     111
     127
     107
     104
     119
     125
     134
     112
     124
     127
     132
     135
     125
     123
     125
     108
     117
     126
     127
     112
     124
     131
     137
     112
     129
     114
     115
     116
     103
     122
     121
     113
     110
     123
     116
     137
     129
     156
     142
     130
     115
     127
     134
     112
     118
     126
     115
     111
     122
     137
     125
     119
     126
     122
     129
     125
     130
     124
     107
     122
     107
     100
     117
     109
     117
     103
     140
     116
     122
     134
     119
     115
     117
     126
     131
     123
     120
     124
     127
     116
     123
     130
     129
     122
     123
     126
     124
     128
     106
     138
     131
     125
     125
     131
     133
     154
     131
     105
     107
     115
     111
     107
     116
     140
     121
     114
     120
     132
     131
     125
     112
     110
     113
     112
     124
     134
     155
     105
     135
     124
     130
     136
     102
     114
     140
     134
     106
     140
     140
     130
     118
     118
     125
      93
     106
     109
     120
     113
     120
     108
     114
     127
     115
     124
     112
     133
     120
     119
     121
     140
      93
     118
     102
     121
     106
     116
     104
     126
     125
     140
     121
     135
     111
     124
     101
      95
     111
     113
     123
     127
     124
     114
     117
     117
     118
     118
     109
     116
     134
     108
     126
     123
     124
     120
     108
     129
     114
     121
     110
     137
     119
     113
     110
     122
     118
     130
     112
     116
     118
     117
     142
     111
     127
     116
     131
     124
     111
     125
     131
     123
     122
     141
     129
     115
     105
      99
     119
     108
     134
     113
     141
     122
     113
     131
     125
     128
     125
     126
     112
     122
     121
     125
     111
     122
     117
     138
     135
     107
     127
     111
     114
     125
     118
     122
     143
     117
     135
     113
     105
     120
     117
     124
     131
     141
     127
     118
     125
     133
     110
     144
     133
     113
     116
     134
     135
     106
     160
     111
     120
     131
     130
     121
     119
     120
     147
     138
     102
     109
     135
     119
     133
     121
     127
     125
     116
     121
     103
     133
     103
     119
     127
     104
     134
     104
     109
     127
     128
     110
     119
     120
     124
     111
     136
     136
     124
     126
     121
     122
     121
     138
     109
     105
     127
     135
     130
     104
     136
     121
     107
     113
     130
     121
     120
     128
     128
     122
     117
     126
     119
     139
     116
     128
     125
     103
     114
     127
     119
     128
     103
     109
     114
     125
     123
     128
     130
     129
     107
     116
     118
     132
     132
     124
     126
     123
     110
     113
     107
     115
      98
     122
     141
     107
     115
     114
     124
     124
     142
     113
     130
     132
     127
     127
     104
     119
     116
     129
     128
     120
     114
     123
     125
      99
     143
     132
     127
     107
     151
     108
     105
     126
     134
     111
     123
     130
     125
     106
     134
     116
     143
     130
     120
     143
     109
      87
     115
     107
     128
     137
     149
     147
     128
     115
     106
     120
     113
     122
     124
     122
     129
     109
     136
     133
     123
     119
     114
     128
     122
     120
     119
     113
     113
     121
     122
     111
     108
     132
     111
     120
     122
     125
     111
     114
     119
     102
     122
     104
     136
     120
     130
     125
     114
     121
     116
     133
     126
     111
     117
     104
     129
      97
     117
     117
     103
     120
     111
     115
     128
     104
     119
     120
     135
     141
     123
     121
     121
     112
     135
      96
     127
     131
     124
     125
     116
     113
     107
     118
     130
     125
     101
     127
     116
     142
     106
     122
     112
     135
     125
     118
     125
     113
      95
     128
     138
     139
     123
     121
     125
     105
     138
     122
     117
     130
     134
     130
     120
     127
     117
     130
     120
     122
     104
     117
     147
     115
     132
     124
     116
     107
     104
     132
     114
     120
     112
     130
     116
     119
     111
     108
     127
      96
     127
     114
     111
     141
     119
     135
     117
     109
     128
     124
     111
     120
     123
     143
     130
     131
     129
     126
     121
     117
     131
     117
     128
     117
     127
     118
     122
     114
     127
     132
     123
     126
     123
     121
     119
     130
     131
      91
     126
     120
     123
     121
      99
     121
     141
     142
     136
      97
     112
     135
     118
     115
     105
     120
     122
     133
     111
     121
     112
     119
     119
     127
     133
     135
     103
     129
     135
     133
     111
     120
     116
     111
     120
     121
     120
     101
     121
     148
     122
     117
     105
     114
     133
     107
     123
     124
      97
     127
     116
     114
     130
     117
     132
     116
     120
     129
     119
     122
     133
     117
     122
     133
     134
     126
     120
     136
     127
     131
     130
     120
     123
     119
     135
     138
     101
     108
     133
     120
     143
     141
     124
     109
     122
     124
     113
     137
     119
     123
     126
     108
     134
     106
     135
     141
     123
     133
     129
     124
     120
     114
     118
     131
     130
     136
     117
     132
     114
     127
     126
     115
     106
     125
     126
     123
     124
     116
     101
     132
     141
     119
     116
     119
     106
     113
     113
     111
     135
     136
     119
     129
     131
     123
     158
     128
     134
     112
     118
     134
     128
     106
     114
     108
     137
     112
     115
     130
     113
     135
     131
     135
     126
     137
     128
     109
     122
     123
     123
     129
     103
     119
     115
      92
     124
     133
     131
     114
     118
     114
     132
     114
     107
     125
     127
     114
     123
     129
     129
     124
     119
     130
     118
     130
     114
     119
     122
     105
     106
     128
     144
     113
     111
     116
     136
     108
     135
     117
     120
     131
     111
     126
     135
     135
     107
     135
     124
     111
     115
     125
     119
     132
     121
     123
     118
     137
     128
     135
     111
     122
     114
     136
     116
     117
     118
     132
     120
     123
     110
     111
     122
      88
     139
     119
     113
     119
     130
     128
     123
     120
     125
     137
     133
     133
     139
     139
     123
     121
     123
     138
     133
     157
     127
     132
     102
     118
     117
     116
     111
     129
     126
     134
     112
     153
     122
     126
     128
     119
     123
     130
     147
     112
     128
     106
     138
     121
     128
     149
     140
     119
     124
     120
      92
     100
     135
     131
     136
     135
     102
     121
     123
     121
     110
     122
     107
     113
     111
     128
     130
     123
     137
     121
     134
     124
     113
     120
     118
     123
     114
     126
     115
     145
     116
     123
     135
      96
     123
     125
     124
     139
     141
     116
     114
     121
     123
     107
     123
     134
     102
     130
     134
     118
     123
     125
     126
     138
     138
     122
     121
     148
     113
     123
     122
     131
     122
     118
     131
     122
     124
     134
     135
     117
     122
     110
     135
     123
     116
     150
     126
     122
     107
     129
     111
     110
     123
     120
     130
     141
     113
     122
     106
     112
     132
     141
     123
     120
     121
     128
     119
     110
     119
     134
     135
     119
     130
     115
     115
     110
     133
     119
     126
     140
     125
     130
     130
     103
     114
     119
     118
     120
     151
     114
     124
     122
     113
     117
     133
     115
     105
     127
     122
      97
     121
     124
     123
     137
     113
     110
     107
     119
     124
     120
     112
     115
     107
     136
     133
      95
     115
     117
     114
     127
     109
     124
     121
     133
     132
     115
     117
     123
     119
     126
     128
     125
     137
     131
     127
     130
     117
     130
     145
     110
     111
     127
     127
     117
     142
     117
     123
     139
     124
     125
     118
     126
     109
     126
     115
     124
     122
     123
     121
     120
     127
     123
     122
     107
     126
     127
     125
     107
     134
     105
     118
     131
     124
     127
     129
     128
     123
     106
     129
     110
     128
     118
     141
     109
     125
     109
     123
     125
     122
     142
     132
     119
     128
      99
     141
     130
     115
     126
     125
     127
     120
     112
     129
     134
     106
     126
     106
     111
     127
     117
     137
     111
     134
     112
     120
     109
     123
     119
     121
     121
     117
     118
     113
     128
     126
      93
     128
     129
     109
     127
     135
     125
     148
     118
     112
      93
     128
     143
     134
     129
     122
     124
     111
     111
     127
     132
     117
     135
     131
     119
     108
     142
     127
     123
     126
     112
     130
     120
     119
     133
     137
     140
     120
     132
     160
     124
     110
     120
     135
     136
     127
     122
     116
     116
     119
     119
     143
     126
     120
     122
     131
     119
     124
     117
     109
     131
     124
     116
     114
     119
     122
     120
     117
     142
     124
     110
     122
     110
     132
     115
      95
     119
     125
     122
     104
     140
     118
     116
      99
     130
     112
     107
     125
     108
     115
     110
      97
     132
     114
     137
     114
     131
     117
     122
     145
     131
     109
     128
     140
      89
     110
     129
     132
     133
     115
     120
     131
     135
     116
     112
     117
     123
     118
     102
     114
     113
     112
     136
     121
     101
     121
     113
     110
     125
     121
     137
     125
     121
     118
     107
     135
     115
     119
     111
     121
     101
     123
     144
     117
     112
     121
     122
     116
     112
     120
     124
     124
     125
     131
     119
     107
     110
     120
     124
      98
     114
     134
     115
     123
     113
     115
      98
     138
     114
     111
     115
     129
     117
     125
     125
     116
     112
     122
     134
     118
     137
     115
     132
     114
     119
     116
     112
     130
     136
     123
     119
     132
     129
     109
     118
     138
     110
     121
     118
     128
     144
     108
     124
     131
     118
     131
     106
     112
     111
     104
     114
     118
     120
      99
     120
     127
     101
     120
     137
     141
     112
     109
     131
     124
     123
     124
     106
     125
     139
     120
     122
     150
      94
     111
     107
     119
     126
     121
     131
     136
     119
     121
     146
     107
     113
     148
     149
     130
     132
     111
     119
     107
     130
     109
     114
     108
     124
     148
     111
     108
     138
     121
     122
     123
     113
     115
     149
     122
     113
     109
     127
     129
     122
     133
     106
     132
     133
     124
     135
     107
     140
      98
     110
     121
     111
     119
     106
     125
     136
     101
     136
     126
     101
     123
     124
     125
     119
      98
     118
     134
     131
     111
     125
     126
     108
     104
     118
     124
     115
      89
     127
     112
     121
     124
     126
     129
     125
     140
     129
     116
     101
     102
     133
     111
     126
     101
     106
     145
     119
     130
     121
     121
     119
     106
     140
     118
     111
     111
     107
     152
      97
     118
      95
     120
     109
     116
     120
     128
     130
     108
     132
     120
     107
     103
     119
     106
      95
     137
     104
     115
     137
     130
     100
     128
     113
     120
     120
     109
     115
     130
     127
     108
     140
     121
     120
     120
     133
     122
     118
     107
     122
     115
     116
     124
     144
     108
     122
     125
     105
     131
     118
     112
     119
     118
     129
     128
     116
     112
     117
     113
     103
     127
     109
     126
     114
     147
     125
     139
     126
     136
     134
     108
     113
     130
     141
     122
     136
     132
     118
     130
     127
     128
     125
     116
     113
     114
     137
     112
     127
     124
     134
     110
      93
     124
     114
     130
     125
     122
     104
     117
     120
     130
     136
     122
     134
     121
     118
     118
     124
     109
     105
     134
     142
     122
     102
     138
     134
     110
     119
     108
     129
     129
     125
     107
     142
     135
      96
     114
     127
     127
     119
     120
     135
     126
     106
     115
     112
     109
     132
     104
     128
     134
     130
     137
     142
     116
     121
      98
     122
     125
     125
     117
     118
     110
     129
     120
     127
     135
     120
     113
     110
     109
     113
     126
     118
     123
     104
     116
     104
     108
     113
     121
     129
     124
     111
     133
     124
     116
     120
     109
     114
     112
     119
     128
     126
     115
     121
     133
     125
     125
     125
     102
     127
     120
     131
     121
     121
     124
     112
     121
     123
     132
     102
     126
     116
     118
     123
     113
     147
     108
     117
     105
      98
     135
     110
     119
     120
      93
     134
     125
     140
     126
     108
     114
     124
     143
     128
     133
     110
     118
     130
     121
     140
     146
     121
     104
      97
     119
     134
     129
     101
     115
     108
     127
     124
     108
     119
     116
     138
     126
     142
     109
     131
     109
     103
     111
     117
     122
     133
     128
     134
     118
     110
     133
     121
     115
     128
     133
     113
     114
     133
     129
     117
     119
     108
     121
     131
     120
     109
     114
     118
     105
     117
     109
      99
     119
     129
     125
     118
     130
     105
     123
     132
     109
     125
     104
     103
     129
     117
     117
     112
     129
     111
     110
     119
     122
     122
     113
     139
     148
     107
     130
     110
     128
     117
     100
     113
     120
     126
     119
     112
     143
     148
     113
     141
     125
     141
     119
     135
     118
     130
     115
     135
     134
     131
     109
     126
     130
     124
     120
     122
     131
     119
     122
     124
     106
     110
     128
     118
     113
     136
      94
     122
     136
     118
     121
     129
     104
     103
     120
     116
     140
     129
     117
     116
     107
     118
     119
     120
     103
     123
     124
     154
     131
     130
     135
     134
     146
     123
     123
     110
     117
     109
     122
     127
     113
     124
     115
     132
      99
     113
     122
     126
     120
     126
     124
     119
     117
     117
     142
     121
     121
     134
     102
     103
     137
     138
     115
     118
     130
     120
     138
     126
     150
     138
     127
     114
     122
     134
     129
     112
     115
     147
     121
     104
     120
     121
     138
     129
     107
     104
     116
      95
     122
     118
     120
     115
     105
     139
     121
     127
     134
     133
     130
     131
     119
     123
     116
     124
     122
     100
     113
     130
     113
     132
     109
     118
     116
     106
     117
     135
     138
     142
     111
     132
     129
     118
     112
     135
     107
     124
     107
     116
     111
     133
     118
     107
     136
     130
      96
     119
     119
     130
     136
     114
     116
     133
     121
     121
     112
     115
     108
     100
     114
     114
     118
     123
     131
     129
     136
     136
     140
     142
     112
     106
     133
     116
     127
     104
     141
     118
     116
     104
     124
     116
     136
     119
     122
     119
     145
     110
     114
     120
     123
     119
     146
     115
     118
     127
     109
     133
     113
     112
     108
     121
     132
     124
     131
     141
     123
     115
     129
     111
     128
     122
     118
     132
     122
     129
     128
     115
     112
     129
     113
     111
     122
     120
     115
     112
      99
     121
     122
     138
     113
     127
     108
     126
     127
     130
     124
     122
     129
     105
     131
     129
     106
     139
     129
     119
     130
     138
     103
     138
     111
     149
     132
     115
     118
      88
      99
     125
     131
     137
     128
     119
     116
     114
     111
     124
     113
     138
     123
     117
     135
     134
     121
     121
     149
     125
     121
     121
     112
     100
     118
     129
     131
     126
     138
     120
     120
     114
     127
     127
     120
     120
     134
     151
     122
     127
     116
     123
     121
     121
     110
     138
     125
     127
     120
     130
     117
     119
     129
     122
     109
     113
     113
     108
     133
     156
     107
     133
     127
     137
     141
     124
     108
     130
     133
     117
     134
     132
     136
     128
     118
     140
     138
     124
     135
     136
     124
     128
     111
     105
     126
     123
     131
     108
     133
     135
     116
     136
     130
     119
     128
     125
     117
     121
     125
     129
     120
     116
     134
     112
     107
     132
     103
     112
     125
     117
     112
     108
     132
     112
     128
     123
     111
     136
     103
     141
     128
     131
     115
     125
     106
     116
     134
     131
     128
     124
      97
     128
     151
      95
     134
     126
     108
     110
     147
     139
     115
     119
     110
     118
     129
     116
     116
     126
     137
     111
     124
     120
     125
     131
     108
     114
     122
     137
     105
     124
     119
     123
     118
     110
     120
     125
     122
     124
     119
     123
     113
     127
     103
     106
     126
     131
     114
     109
     121
      98
      99
     104
     129
     137
     101
     103
     125
     126
     115
     130
     138
     136
     124
     111
     131
     117
     124
     114
     117
     116
     122
     127
     114
     122
     113
     112
     132
     125
     119
     126
     149
     109
     126
     119
     118
     126
     133
     117
     126
     117
     130
     111
     110
     114
     110
     142
     102
     119
     124
     103
     125
     115
     127
     121
     115
     122
     120
     121
     127
     124
     110
     115
     114
     138
     138
     124
     133
     140
     121
     128
     107
     101
     127
     120
     121
     109
     123
     126
     119
     106
     118
     156
     124
     121
     120
     114
     115
     124
     119
     111
     117
     117
     131
     109
     126
     128
     126
     122
     128
     113
     143
     120
     134
     113
     111
     129
     140
     151
     142
     139
     103
     132
     117
     124
     121
     118
     107
     126
     105
     127
     105
     126
     124
     148
     129
     140
     111
     118
     122
     123
     113
     120
     128
     110
     110
     114
     108
     109
     125
     128
     119
     114
     136
     121
     125
      97
     131
     128
     127
     128
     130
     135
     103
     110
     133
     116
     126
     122
     110
     102
     115
     117
     101
     129
     118
     123
     118
     132
     144
     119
     120
     115
     134
     119
     113
     121
     112
     126
     123
     127
     133
     140
     121
     123
     126
     127
     115
     126
     113
     119
     110
     110
     117
     103
     118
     130
     118
     111
     130
     127
     114
     134
     125
      99
     121
     132
     154
     128
     123
     119
     114
     127
     135
     110
     125
     110
     142
     138
     125
     116
     127
     105
     106
     108
      97
     139
     117
     115
     120
     131
     123
     134
     131
     127
     126
     109
     104
     111
     119
     118
     123
     128
     113
     121
     125
     124
     125
     123
     114
     129
     123
     140
     129
     128
     129
     133
     158
     121
     126
     127
     111
     132
     112
     104
     129
     128
     108
     106
     107
     101
     112
     131
     121
     120
     132
     150
     137
     105
     134
     115
     112
     127
     137
     109
     110
     117
     120
     149
     115
     134
     121
     136
     128
     134
     105
     122
     114
     142
     110
     117
     134
     129
     124
     142
     133
     136
     132
     115
      99
     114
     140
     124
     116
     127
     104
     129
     112
     124
     114
     122
     137
     109
     114
     124
     134
     115
     115
     123
     129
     124
     115
     145
     119
     120
     121
     119
     149
     110
     121
     134
     129
     122
     106
     119
     121
     129
     108
     125
     124
     123
     118
     108
     141
     132
     121
     115
     138
     137
     125
     138
     133
     138
     116
     102
     113
     111
     124
     109
     129
     115
     127
     133
     115
     120
     119
     116
     128
     118
     132
     110
     118
     119
     136
     122
     116
     122
     119
     115
     133
     127
     114
     125
     123
      95
     101
     105
     128
     105
     138
     105
     129
     141
     140
     122
     120
     122
     148
     137
     114
     137
     134
     123
     137
     110
     136
     125
     140
     133
     121
     120
     125
     128
     135
     115
     131
     128
     127
     127
     119
     133
     117
     128
     102
     138
     131
     113
     105
     126
     119
     144
     119
     123
      98
     121
     123
     108
     109
     115
     137
     134
     130
     132
     103
     112
     113
     136
     113
     128
     118
     128
     105
     129
     103
     120
     111
     118
       0
       0
       0
       0
       0
       0
       0
       0
       0
       0
       0
       0
       0
       0
       0
       0
       0
       0
       0
       0
       0
       0
       0
       0
       0
       0
       0
       0
       0
       0
       0
       0
       0
       0
       0
       0
       0
       0
       0
       0
       0
       0
       0
       0
       0
       0
       0
       0
       0
       0
       0
       0
       0
       0
       0
       0
       0
       0
       0
       0
       0
       0
       0
       0
       0
       0
       0
       0
       0
       0
       0
       0
       0
       0
       0
       0
       0
       0
       0
       0
       0
       0
       0
       0
       0
       0
       0
       0
       0
       0
       0
       0
       0
       0
       0
       0
       0
       0
       0
       0
       0
       0
       0
       0
       0
       0
       0
       0
       0
       0
       0
       0
       0
       0
       0
       0
       0
       0
       0
       0
       0
       0
       0
       0
       0
       0
       0
       0