# exported by fityk 0.8.7
#5-Zn-EdelStahl:x	5-Zn-EdelStahl:y	5-Zn-EdelStahl:s	5-Zn-EdelStahl:F(x)	5-Zn-EdelStahl:%_1(x)	5-Zn-EdelStahl:%_2(x)	5-Zn-EdelStahl:%_3(x)	5-Zn-EdelStahl:a
0.79	0	1	2.3643e-053	1.78706e-203	4.27469e-315	2.3643e-053	1
0.81	0	1	5.82728e-053	2.04457e-202	1.20132e-313	5.82728e-053	1
0.82	0	1	9.13744e-053	6.89945e-202	6.35025e-313	9.13744e-053	1
0.84	0	1	2.24128e-052	7.8198e-201	1.76429e-311	2.24128e-052	1
0.86	0	1	5.47989e-052	8.80755e-200	4.86441e-310	5.47989e-052	1
0.87	0	1	8.55827e-052	2.94893e-199	2.54693e-309	8.55827e-052	1
0.89	0	1	2.08242e-051	3.29034e-198	6.94232e-308	2.08242e-051	1
0.9	0	1	3.24442e-051	1.0965e-197	3.61413e-307	3.24442e-051	1
0.92	0	1	7.85646e-051	1.212e-196	9.73904e-306	7.85646e-051	1
0.93	0	1	1.22109e-050	4.02003e-196	5.04114e-305	1.22109e-050	1
0.95	0	1	2.9427e-050	4.4019e-195	1.34297e-303	2.9427e-050	1
0.97	0	1	7.06882e-050	4.78994e-194	3.55047e-302	7.06882e-050	1
0.98	0	1	1.09427e-049	1.57636e-193	1.82034e-301	1.09427e-049	1
1	0	1	2.61597e-049	1.69927e-192	4.75772e-300	2.61597e-049	1
1.01	0	1	4.03984e-049	5.56602e-192	2.42537e-299	4.03984e-049	1
1.03	0	1	9.61125e-049	5.94387e-191	6.26685e-298	9.61125e-049	1
1.05	0	1	2.27929e-048	6.30771e-190	1.60695e-296	2.27929e-048	1
1.06	0	1	3.5058e-048	2.04999e-189	8.11404e-296	3.5058e-048	1
1.08	0	1	8.27397e-048	2.15513e-188	2.05692e-294	8.27397e-048	1
1.09	0	1	1.26956e-047	6.97127e-188	1.03267e-293	1.26956e-047	1
1.11	0	1	2.98187e-047	7.26022e-187	2.58802e-292	2.98187e-047	1
1.12	1	1	4.56439e-047	2.33748e-186	1.29189e-291	4.56439e-047	1
1.14	1	1	1.0669e-046	2.41158e-185	3.20078e-290	1.0669e-046	1
1.16	2	1.41421	2.48582e-046	2.4725e-184	7.86991e-289	2.48582e-046	1
1.17	3	1.73205	3.78983e-046	7.89826e-184	3.89119e-288	3.78983e-046	1
1.19	2	1.41421	8.78765e-046	8.02199e-183	9.45849e-287	8.78765e-046	1
1.2	4	2	1.33652e-045	2.55057e-182	4.64994e-286	1.33652e-045	1
1.22	20	4.47214	3.08416e-045	2.56628e-181	1.11741e-284	3.08416e-045	1
1.24	23	4.79583	7.09416e-045	2.56596e-180	2.66476e-283	7.09416e-045	1
1.25	42	6.48074	1.07463e-044	8.09474e-180	1.29759e-282	1.07463e-044	1
1.27	38	6.16441	2.45998e-044	8.018e-179	3.05922e-281	2.45998e-044	1
1.28	45	6.7082	3.71744e-044	2.51754e-178	1.48116e-280	3.71744e-044	1
1.3	54	7.34847	8.46883e-044	2.47035e-177	3.45224e-279	8.46883e-044	1
1.31	51	7.14143	1.2767e-043	7.72018e-177	1.6619e-278	1.2767e-043	1
1.33	42	6.48074	2.89451e-043	7.50457e-176	3.82939e-277	2.89451e-043	1
1.35	50	7.07107	6.54133e-043	7.2494e-175	8.7566e-276	6.54133e-043	1
1.36	47	6.85565	9.82173e-043	2.24786e-174	4.17537e-275	9.82173e-043	1
1.38	50	7.07107	2.20895e-042	2.15111e-173	9.43901e-274	2.20895e-042	1
1.39	51	7.14143	3.30873e-042	6.6388e-173	4.47505e-273	3.30873e-042	1
1.41	48	6.9282	7.40569e-042	6.29362e-172	1.00013e-271	7.40569e-042	1
1.42	50	7.07107	1.10661e-041	1.93324e-171	4.71454e-271	1.10661e-041	1
1.44	55	7.4162	2.46494e-041	1.81557e-170	1.04165e-269	2.46494e-041	1
1.46	32	5.65685	5.47296e-041	1.69442e-169	2.28395e-268	5.47296e-041	1
1.47	45	6.7082	8.1453e-041	5.16421e-169	1.06641e-267	8.1453e-041	1
1.49	54	7.34847	1.79983e-040	4.7745e-168	2.31162e-266	1.79983e-040	1
1.5	42	6.48074	2.6722e-040	1.44834e-167	1.07317e-265	2.6722e-040	1
1.52	45	6.7082	5.87623e-040	1.32651e-166	2.29977e-264	5.87623e-040	1
1.54	59	7.68115	1.28805e-039	1.20734e-165	4.89083e-263	1.28805e-039	1
1.55	32	5.65685	1.90471e-039	3.63387e-165	2.249e-262	1.90471e-039	1
1.57	43	6.55744	4.15499e-039	3.27647e-164	4.72839e-261	4.15499e-039	1
1.58	37	6.08276	6.1294e-039	9.81532e-164	2.16188e-260	6.1294e-039	1
1.6	39	6.245	1.33066e-038	8.76716e-163	4.49346e-259	1.33066e-038	1
1.61	47	6.85565	1.95825e-038	2.61406e-162	2.04273e-258	1.95825e-038	1
1.63	42	6.48074	4.23082e-038	2.31306e-161	4.19746e-257	4.23082e-038	1
1.65	31	5.56776	9.1114e-038	2.03393e-160	8.55943e-256	9.1114e-038	1
1.66	44	6.63325	1.33549e-037	6.01716e-160	3.85416e-255	1.33549e-037	1
1.68	24	4.89898	2.86227e-037	5.24154e-159	7.76987e-254	2.86227e-037	1
1.69	39	6.245	4.18524e-037	1.54338e-158	3.47866e-253	4.18524e-037	1
1.71	34	5.83095	8.92679e-037	1.33185e-157	6.93298e-252	8.92679e-037	1
1.73	36	6	1.89791e-036	1.14214e-156	1.37124e-250	1.89791e-036	1
1.74	34	5.83095	2.76402e-036	3.3368e-156	6.08085e-250	2.76402e-036	1
1.76	40	6.32456	5.84827e-036	2.83472e-155	1.189e-248	5.84827e-036	1
1.77	38	6.16441	8.49665e-036	8.2429e-155	5.24259e-248	8.49665e-036	1
1.79	46	6.78233	1.78913e-035	6.9371e-154	1.01342e-246	1.78913e-035	1
1.8	23	4.79583	2.59307e-035	2.00773e-153	4.4429e-246	2.59307e-035	1
1.82	34	5.83095	5.43395e-035	1.67387e-152	8.49051e-245	5.43395e-035	1
1.84	33	5.74456	1.13506e-034	1.3868e-151	1.61022e-243	1.13506e-034	1
1.85	22	4.69042	1.63851e-034	3.98236e-151	6.99224e-243	1.63851e-034	1
1.87	21	4.58258	3.40614e-034	3.26852e-150	1.31097e-241	3.40614e-034	1
1.88	29	5.38516	4.90507e-034	9.34192e-150	5.66027e-241	4.90507e-034	1
1.9	18	4.24264	1.01476e-033	7.59563e-149	1.04915e-239	1.01476e-033	1
1.92	30	5.47723	2.09261e-033	6.1372e-148	1.92985e-238	2.09261e-033	1
1.93	29	5.38516	3.00142e-033	1.74042e-147	8.25319e-238	3.00142e-033	1
1.95	26	5.09902	6.15968e-033	1.39308e-146	1.50083e-236	6.15968e-033	1
1.96	24	4.89898	8.81353e-033	3.93204e-146	6.3818e-236	8.81353e-033	1
1.98	26	5.09902	1.80006e-032	3.11787e-145	1.1473e-234	1.80006e-032	1
1.99	26	5.09902	2.56941e-032	8.75908e-145	4.85067e-234	2.56941e-032	1
2.01	29	5.38516	5.2225e-032	6.88045e-144	8.6211e-233	5.2225e-032	1
2.03	44	6.63325	1.0581e-031	5.37098e-143	1.52057e-231	1.0581e-031	1
2.04	40	6.32456	1.50428e-031	1.4971e-142	6.36773e-231	1.50428e-031	1
2.06	31	5.56776	3.0331e-031	1.15772e-141	1.11033e-229	3.0331e-031	1
2.07	31	5.56776	4.30172e-031	3.2119e-141	4.62322e-229	4.30172e-031	1
2.09	28	5.2915	8.63188e-031	2.46055e-140	7.96964e-228	8.63188e-031	1
2.11	34	5.83095	1.72653e-030	1.87319e-139	1.36338e-226	1.72653e-030	1
2.12	21	4.58258	2.43885e-030	5.15628e-139	5.62291e-226	2.43885e-030	1
2.14	35	5.91608	4.85468e-030	3.88869e-138	9.50964e-225	4.85468e-030	1
2.15	23	4.79583	6.84108e-030	1.06541e-137	3.89961e-224	6.84108e-030	1
2.17	24	4.89898	1.35521e-029	7.95978e-137	6.52003e-223	1.35521e-029	1
2.18	26	5.09902	1.90513e-029	2.17056e-136	2.6584e-222	1.90513e-029	1
2.2	21	4.58258	3.75591e-029	1.60648e-135	4.39413e-221	3.75591e-029	1
2.22	28	5.2915	7.38089e-029	1.18155e-134	7.20792e-220	7.38089e-029	1
2.23	28	5.2915	1.03343e-028	3.19686e-134	2.91095e-219	1.03343e-028	1
2.25	22	4.69042	2.02108e-028	2.32927e-133	4.72059e-218	2.02108e-028	1
2.26	24	4.89898	2.823e-028	6.27261e-133	1.89554e-217	2.823e-028	1
2.28	25	5	5.49439e-028	4.52755e-132	3.03893e-216	5.49439e-028	1
2.3	25	5	1.06594e-027	3.24755e-131	4.83494e-215	1.06594e-027	1
2.31	25	5	1.48291e-027	8.67725e-131	1.92301e-214	1.48291e-027	1
2.33	25	5	2.86309e-027	6.16584e-130	3.02467e-213	2.86309e-027	1
2.34	30	5.47723	3.97349e-027	1.63975e-129	1.19614e-212	3.97349e-027	1
2.36	23	4.79583	7.63483e-027	1.15426e-128	1.85996e-211	7.63483e-027	1
2.37	26	5.09902	1.05704e-026	3.05525e-128	7.31341e-211	1.05704e-026	1
2.39	25	5	2.02127e-026	2.13055e-127	1.12426e-209	2.02127e-026	1
2.41	34	5.83095	3.85267e-026	1.47644e-126	1.71512e-208	3.85267e-026	1
2.42	30	5.47723	5.31261e-026	3.87754e-126	6.67984e-208	5.31261e-026	1
2.44	22	4.69042	1.00775e-025	2.66193e-125	1.00744e-206	1.00775e-025	1
2.45	31	5.56776	1.38629e-025	6.9582e-125	3.90126e-206	1.38629e-025	1
2.47	23	4.79583	2.61701e-025	4.73211e-124	5.8168e-205	2.61701e-025	1
2.48	16	4	3.59136e-025	1.23116e-123	2.23965e-204	3.59136e-025	1
2.5	36	6	6.74713e-025	8.29447e-123	3.30131e-203	6.74713e-025	1
2.52	22	4.69042	1.26352e-024	5.55318e-122	4.82919e-202	1.26352e-024	1
2.53	28	5.2915	1.727e-024	1.4335e-121	1.84172e-201	1.727e-024	1
2.55	37	6.08276	3.21858e-024	9.50756e-121	2.66341e-200	3.21858e-024	1
2.56	17	4.12311	4.3886e-024	2.44278e-120	1.00995e-199	4.3886e-024	1
2.58	19	4.3589	8.13963e-024	1.60499e-119	1.44391e-198	8.13963e-024	1
2.6	29	5.38516	1.50483e-023	1.04795e-118	2.04863e-197	1.50483e-023	1
2.61	28	5.2915	2.04365e-023	2.67148e-118	7.69449e-197	2.04365e-023	1
2.63	17	4.12311	3.76007e-023	1.72797e-117	1.07926e-195	3.76007e-023	1
2.64	22	4.69042	5.09411e-023	4.38436e-117	4.03049e-195	5.09411e-023	1
2.66	32	5.65685	9.3275e-023	2.80936e-116	5.58895e-194	9.3275e-023	1
2.67	30	5.47723	1.26064e-022	7.09476e-116	2.07526e-193	1.26064e-022	1
2.69	22	4.69042	2.29718e-022	4.50357e-115	2.84492e-192	2.29718e-022	1
2.71	29	5.38516	4.17257e-022	2.84088e-114	3.87037e-191	4.17257e-022	1
2.72	28	5.2915	5.61675e-022	7.11838e-114	1.42347e-190	5.61675e-022	1
2.74	25	5	1.01531e-021	4.44831e-113	1.9145e-189	1.01531e-021	1
2.75	23	4.79583	1.36344e-021	1.10938e-112	7.00108e-189	1.36344e-021	1
2.77	37	6.08276	2.45278e-021	6.86774e-112	9.30886e-188	2.45278e-021	1
2.79	27	5.19615	4.39831e-021	4.22497e-111	1.22832e-186	4.39831e-021	1
2.8	42	6.48074	5.8827e-021	1.04546e-110	4.44914e-186	5.8827e-021	1
2.82	32	5.65685	1.04981e-020	6.3714e-110	5.80385e-185	1.04981e-020	1
2.83	25	5	1.40073e-020	1.5692e-109	2.09022e-184	1.40073e-020	1
2.85	25	5	2.48769e-020	9.47376e-109	2.69562e-183	2.48769e-020	1
2.86	28	5.2915	3.31127e-020	2.32233e-108	9.65266e-183	3.31127e-020	1
2.88	24	4.89898	5.85252e-020	1.38895e-107	1.23066e-181	5.85252e-020	1
2.9	19	4.3589	1.03109e-019	8.25517e-107	1.55708e-180	1.03109e-019	1
2.91	22	4.69042	1.36694e-019	2.00782e-106	5.52275e-180	1.36694e-019	1
2.93	32	5.65685	2.39668e-019	1.18218e-105	6.90803e-179	2.39668e-019	1
2.94	31	5.56776	3.16969e-019	2.86181e-105	2.43619e-178	3.16969e-019	1
2.96	27	5.19615	5.53076e-019	1.66923e-104	3.01255e-177	5.53076e-019	1
2.98	28	5.2915	9.61959e-019	9.67541e-104	3.69694e-176	9.61959e-019	1
2.99	28	5.2915	1.26713e-018	2.32394e-103	1.29138e-175	1.26713e-018	1
3.01	27	5.19615	2.1933e-018	1.33443e-102	1.5667e-174	2.1933e-018	1
3.02	14	3.74166	2.88214e-018	3.19015e-102	5.44138e-174	2.88214e-018	1
3.04	27	5.19615	4.96479e-018	1.81467e-101	6.52631e-173	4.96479e-018	1
3.05	30	5.47723	6.50835e-018	4.31789e-101	2.25374e-172	6.50835e-018	1
3.07	28	5.2915	1.11574e-017	2.43319e-100	2.67231e-171	1.11574e-017	1
3.09	26	5.09902	1.90661e-017	1.36257e-099	3.14451e-170	1.90661e-017	1
3.1	22	4.69042	2.48936e-017	3.21685e-099	1.07558e-169	2.48936e-017	1
3.12	29	5.38516	4.23343e-017	1.78456e-098	1.25122e-168	4.23343e-017	1
3.13	35	5.91608	5.51406e-017	4.19336e-098	4.25537e-168	5.51406e-017	1
3.15	23	4.79583	9.33219e-017	2.30452e-097	4.8939e-167	9.33219e-017	1
3.17	33	5.74456	1.57435e-016	1.25857e-096	5.58542e-166	1.57435e-016	1
3.18	29	5.38516	2.04237e-016	2.9343e-096	1.88154e-165	2.04237e-016	1
3.2	34	5.83095	3.42893e-016	1.58752e-095	2.12294e-164	3.42893e-016	1
3.21	22	4.69042	4.43759e-016	3.68387e-095	7.11063e-164	4.43759e-016	1
3.23	24	4.89898	7.41443e-016	1.9744e-094	7.93157e-163	7.41443e-016	1
3.24	29	5.38516	9.57238e-016	4.56016e-094	2.64144e-162	9.57238e-016	1
3.26	21	4.58258	1.59169e-015	2.42119e-093	2.91284e-161	1.59169e-015	1
3.28	24	4.89898	2.63815e-015	1.27749e-092	3.1877e-160	2.63815e-015	1
3.29	28	5.2915	3.39233e-015	2.92751e-092	1.05151e-159	3.39233e-015	1
3.31	33	5.74456	5.59561e-015	1.53018e-091	1.13762e-158	5.59561e-015	1
3.32	25	5	7.17792e-015	3.49015e-091	3.73119e-158	7.17792e-015	1
3.34	31	5.56776	1.1783e-014	1.8072e-090	3.99077e-157	1.1783e-014	1
3.36	29	5.38516	1.92804e-014	9.2992e-090	4.23595e-156	1.92804e-014	1
3.37	25	5	2.46333e-014	2.10448e-089	1.37611e-155	2.46333e-014	1
3.39	20	4.47214	4.01136e-014	1.07276e-088	1.44402e-154	4.01136e-014	1
3.4	30	5.47723	5.11272e-014	2.41635e-088	4.66432e-154	5.11272e-014	1
3.42	24	4.89898	8.28566e-014	1.22021e-087	4.83874e-153	8.28566e-014	1
3.43	28	5.2915	1.05352e-013	2.73559e-087	1.55403e-152	1.05352e-013	1
3.45	29	5.38516	1.69912e-013	1.36849e-086	1.59379e-151	1.69912e-013	1
3.47	28	5.2915	2.73156e-013	6.80319e-086	1.62212e-150	2.73156e-013	1
3.48	21	4.58258	3.45924e-013	1.51331e-085	5.16018e-150	3.45924e-013	1
3.5	12	3.4641	5.53445e-013	7.45272e-085	5.1921e-149	5.53445e-013	1
3.51	23	4.79583	6.99194e-013	1.65001e-084	1.64225e-148	6.99194e-013	1
3.53	25	5	1.11327e-012	8.04994e-084	1.63358e-147	1.11327e-012	1
3.54	27	5.19615	1.40306e-012	1.77388e-083	5.13746e-147	1.40306e-012	1
3.56	26	5.09902	2.22323e-012	8.57327e-083	5.05216e-146	2.22323e-012	1
3.58	30	5.47723	3.51153e-012	4.11763e-082	4.93047e-145	3.51153e-012	1
3.59	21	4.58258	4.40788e-012	9.00278e-082	1.53586e-144	4.40788e-012	1
3.61	35	5.91608	6.92866e-012	4.28346e-081	1.48179e-143	6.92866e-012	1
3.62	31	5.56776	8.67632e-012	9.32143e-081	4.58947e-143	8.67632e-012	1
3.64	24	4.89898	1.35726e-011	4.39357e-080	4.37748e-142	1.35726e-011	1
3.66	26	5.09902	2.11638e-011	2.05793e-079	4.14352e-141	2.11638e-011	1
3.67	31	5.56776	2.63959e-011	4.44342e-079	1.27116e-140	2.63959e-011	1
3.69	31	5.56776	4.09613e-011	2.06181e-078	1.18951e-139	4.09613e-011	1
3.7	20	4.47214	5.09648e-011	4.43091e-078	3.62837e-139	5.09648e-011	1
3.72	22	4.69042	7.87074e-011	2.03676e-077	3.35666e-138	7.87074e-011	1
3.73	20	4.47214	9.76933e-011	4.35657e-077	1.01803e-137	9.76933e-011	1
3.75	25	5	1.50147e-010	1.98385e-076	9.31069e-137	1.50147e-010	1
3.77	24	4.89898	2.30025e-010	8.97746e-076	8.45058e-136	2.30025e-010	1
3.78	28	5.2915	2.84367e-010	1.90526e-075	2.5386e-135	2.84367e-010	1
3.8	17	4.12311	4.33554e-010	8.54114e-075	2.27785e-134	4.33554e-010	1
3.81	27	5.19615	5.3469e-010	1.80416e-074	6.80371e-134	5.3469e-010	1
3.83	24	4.89898	8.11285e-010	8.01224e-074	6.03532e-133	8.11285e-010	1
3.85	27	5.19615	1.22701e-009	3.53599e-073	5.31299e-132	1.22701e-009	1
3.86	18	4.24264	1.50718e-009	7.41086e-073	1.57186e-131	1.50718e-009	1
3.88	21	4.58258	2.26854e-009	3.23998e-072	1.36797e-130	2.26854e-009	1
3.89	30	5.47723	2.77981e-009	6.75864e-072	4.02407e-130	2.77981e-009	1
3.91	33	5.74456	4.16394e-009	2.92719e-071	3.46222e-129	4.16394e-009	1
3.92	30	5.47723	5.0901e-009	6.07751e-071	1.01264e-128	5.0901e-009	1
3.94	30	5.47723	7.58792e-009	2.60756e-070	8.61329e-128	7.58792e-009	1
3.96	23	4.79583	1.12752e-008	1.11179e-069	7.27053e-127	1.12752e-008	1
3.97	33	5.74456	1.37278e-008	2.29031e-069	2.1063e-126	1.37278e-008	1
3.99	28	5.2915	2.03007e-008	9.67384e-069	1.7577e-125	2.03007e-008	1
4	18	4.24264	2.46571e-008	1.98349e-068	5.06304e-125	2.46571e-008	1
4.02	30	5.47723	3.62875e-008	8.2995e-068	4.17695e-124	3.62875e-008	1
4.04	26	5.09902	5.32325e-008	3.45106e-067	3.41972e-123	5.32325e-008	1
4.05	26	5.09902	6.43968e-008	7.02072e-067	9.7569e-123	6.43968e-008	1
4.07	24	4.89898	9.40138e-008	2.892e-066	7.89711e-122	9.40138e-008	1
4.08	25	5	1.13457e-007	5.85581e-066	2.24028e-121	1.13457e-007	1
4.1	28	5.2915	1.64841e-007	2.38958e-065	1.7926e-120	1.64841e-007	1
4.11	25	5	1.98454e-007	4.8158e-065	5.05628e-120	1.98454e-007	1
4.13	30	5.47723	2.86947e-007	1.9468e-064	3.9998e-119	2.86947e-007	1
4.15	41	6.40312	4.13568e-007	7.82079e-064	3.13999e-118	4.13568e-007	1
4.16	27	5.19615	4.95903e-007	1.56385e-063	8.77262e-118	4.95903e-007	1
4.18	33	5.74456	7.11295e-007	6.22362e-063	6.80839e-117	7.11295e-007	1
4.19	26	5.09902	8.50851e-007	1.23864e-062	1.89129e-116	8.50851e-007	1
4.21	29	5.38516	1.21454e-006	4.88328e-062	1.45111e-115	1.21454e-006	1
4.23	41	6.40312	1.72814e-006	1.91317e-061	1.1049e-114	1.72814e-006	1
4.24	38	6.16441	2.05891e-006	3.77794e-061	3.04012e-114	2.05891e-006	1
4.26	40	6.32456	2.91547e-006	1.46628e-060	2.28844e-113	2.91547e-006	1
4.27	33	5.74456	3.46515e-006	2.88188e-060	6.26068e-113	3.46515e-006	1
4.29	49	7	4.88315e-006	1.10804e-059	4.65903e-112	4.88315e-006	1
4.3	30	5.47723	5.78984e-006	2.16757e-059	1.26733e-111	5.78984e-006	1
4.32	38	6.16441	8.11993e-006	8.25596e-059	9.3237e-111	8.11993e-006	1
4.34	34	5.83095	1.13512e-005	3.12494e-058	6.80725e-110	1.13512e-005	1
4.35	35	5.91608	1.34049e-005	6.06537e-058	1.83408e-109	1.34049e-005	1
4.37	33	5.74456	1.86493e-005	2.2743e-057	1.32382e-108	1.86493e-005	1
4.38	36	6	2.19704e-005	4.39363e-057	3.5464e-108	2.19704e-005	1
4.4	41	6.40312	3.04188e-005	1.63204e-056	2.53059e-107	3.04188e-005	1
4.42	34	5.83095	4.19809e-005	6.02447e-056	1.792e-106	4.19809e-005	1
4.43	37	6.08276	4.92587e-005	1.15476e-055	4.75502e-106	4.92587e-005	1
4.45	45	6.7082	6.76548e-005	4.22275e-055	3.32885e-105	6.76548e-005	1
4.46	41	6.40312	7.91924e-005	8.05613e-055	8.78257e-105	7.91924e-005	1
4.48	58	7.61577	0.000108245	2.91842e-054	6.07839e-104	0.000108245	1
4.49	45	6.7082	0.0001264	5.54163e-054	1.59452e-103	0.0001264	1
4.51	43	6.55744	0.000171939	1.98873e-053	1.09099e-102	0.000171939	1
4.53	38	6.16441	0.000233137	7.09241e-053	7.40793e-102	0.000233137	1
4.54	43	6.55744	0.000271147	1.33623e-052	1.92482e-101	0.000271147	1
4.56	44	6.63325	0.000365887	4.7208e-052	1.29209e-100	0.000365887	1
4.57	37	6.08276	0.000424516	8.85242e-052	3.3381e-100	0.000424516	1
4.59	35	5.91608	0.00057009	3.09823e-051	2.21526e-099	0.00057009	1
4.6	32	5.65685	0.000659849	5.78255e-051	5.69042e-099	0.000659849	1
4.62	32	5.65685	0.000881862	2.00488e-050	3.73332e-098	0.000881862	1
4.64	35	5.91608	0.00117479	6.90773e-050	2.43069e-097	0.00117479	1
4.65	40	6.32456	0.00135431	1.2792e-049	6.18449e-097	0.00135431	1
4.67	33	5.74456	0.0017955	4.36619e-049	3.98074e-096	0.0017955	1
4.68	34	5.83095	0.00206489	8.04757e-049	1.00705e-095	0.00206489	1
4.7	36	6	0.00272441	2.72111e-048	6.40819e-095	0.00272441	1
4.72	36	6	0.00358304	9.14339e-048	4.04673e-094	0.00358304	1
4.73	46	6.78233	0.0041041	1.67212e-047	1.01402e-093	0.0041041	1
4.75	38	6.16441	0.0053716	5.56601e-047	6.33051e-093	0.0053716	1
4.76	39	6.245	0.00613796	1.01312e-046	1.57722e-092	0.00613796	1
4.78	33	5.74456	0.00799498	3.34085e-046	9.73443e-092	0.00799498	1
4.79	37	6.08276	0.00911362	6.05249e-046	2.41144e-091	0.00911362	1
4.81	27	5.19615	0.0118139	1.97718e-045	1.47137e-090	0.0118139	1
4.83	27	5.19615	0.015265	6.41855e-045	8.90939e-090	0.015265	1
4.84	28	5.2915	0.0173311	1.15375e-044	2.18609e-089	0.0173311	1
4.86	33	5.74456	0.0222863	3.71039e-044	1.30864e-088	0.0222863	1
4.87	28	5.2915	0.0252418	6.63824e-044	3.19267e-088	0.0252418	1
4.89	29	5.38516	0.0323028	2.11484e-043	1.88943e-087	0.0323028	1
4.91	29	5.38516	0.0412064	6.69548e-043	1.10967e-086	0.0412064	1
4.92	30	5.47723	0.0464839	1.18854e-042	2.68152e-086	0.0464839	1
4.94	32	5.65685	0.0590111	3.72764e-042	1.55692e-085	0.0590111	1
4.95	32	5.65685	0.0664089	6.58603e-042	3.74082e-085	0.0664089	1
4.97	24	4.89898	0.0839004	2.04627e-041	2.14723e-084	0.0839004	1
4.98	35	5.91608	0.0941911	3.59841e-041	5.12968e-084	0.0941911	1
5	30	5.47723	0.118428	1.10756e-040	2.9109e-083	0.118428	1
5.02	23	4.79583	0.148424	3.38766e-040	1.63926e-082	0.148424	1
5.03	39	6.245	0.165961	5.9108e-040	3.87895e-082	0.165961	1
5.05	27	5.19615	0.206996	1.79101e-039	2.15953e-081	0.206996	1
5.06	22	4.69042	0.230897	3.1103e-039	5.08088e-081	0.230897	1
5.08	31	5.56776	0.286603	9.33623e-039	2.79647e-080	0.286603	1
5.1	17	4.12311	0.354609	2.78496e-038	1.52744e-079	0.354609	1
5.11	23	4.79583	0.393968	4.79867e-038	3.55957e-079	0.393968	1
5.13	23	4.79583	0.485105	1.41803e-037	1.92211e-078	0.485105	1
5.14	35	5.91608	0.537651	2.43191e-037	4.45372e-078	0.537651	1
5.16	24	4.89898	0.658845	7.11915e-037	2.37754e-077	0.658845	1
5.17	22	4.69042	0.728452	1.2152e-036	5.47755e-077	0.728452	1
5.19	20	4.47214	0.888363	3.52409e-036	2.89079e-076	0.888363	1
5.21	21	4.58258	1.0799	1.0156e-035	1.51401e-075	1.0799	1
5.22	25	5	1.18921	1.72006e-035	3.45496e-075	1.18921	1
5.24	18	4.24264	1.43866	4.91063e-035	1.78888e-074	1.43866	1
5.25	18	4.24264	1.58047	8.27778e-035	4.05888e-074	1.58047	1
5.27	28	5.2915	1.90281	2.34113e-034	2.07764e-073	1.90281	1
5.29	19	4.3589	2.28354	6.57985e-034	1.0554e-072	2.28354	1
5.3	21	4.58258	2.49857	1.1005e-033	2.3719e-072	2.49857	1
5.32	27	5.19615	2.98408	3.06407e-033	1.19116e-071	2.98408	1
5.33	32	5.65685	3.25722	5.10072e-033	2.66172e-071	3.25722	1
5.35	29	5.38516	3.87146	1.40688e-032	1.32148e-070	3.87146	1
5.36	31	5.56776	4.21565	2.33103e-032	2.93606e-070	4.21565	1
5.38	33	5.74456	4.98653	6.36928e-032	1.44108e-069	4.98653	1
5.4	16	4	5.87946	1.72946e-031	7.01929e-069	5.87946	1
5.41	44	6.63325	6.37652	2.84315e-031	1.54473e-068	6.37652	1
5.43	11	3.31662	7.4822	7.64783e-031	7.43847e-068	7.4822	1
5.44	33	5.74456	8.09522	1.25137e-030	1.62763e-067	8.09522	1
5.46	34	5.83095	9.45325	3.33458e-030	7.7484e-067	9.45325	1
5.48	27	5.19615	11.0037	8.83029e-030	3.6606e-066	11.0037	1
5.49	32	5.65685	11.8575	1.43358e-029	7.93375e-066	11.8575	1
5.51	33	5.74456	13.7359	3.76073e-029	3.70547e-065	13.7359	1
5.52	26	5.09902	14.7662	6.07683e-029	7.98513e-065	14.7662	1
5.54	24	4.89898	17.0231	1.57923e-028	3.68699e-064	17.0231	1
5.55	33	5.74456	18.2558	2.53985e-028	7.89994e-064	18.2558	1
5.57	32	5.65685	20.945	6.53874e-028	3.60611e-063	20.945	1
5.59	37	6.08276	23.9532	1.67285e-027	1.63357e-062	23.9532	1
5.6	32	5.65685	25.5847	2.66943e-027	3.46692e-062	25.5847	1
5.62	27	5.19615	29.1186	6.76551e-027	1.55263e-061	29.1186	1
5.63	33	5.74456	31.0272	1.07453e-026	3.27632e-061	31.0272	1
5.65	35	5.91608	35.1431	2.69786e-026	1.45056e-060	35.1431	1
5.67	28	5.2915	39.6773	6.73125e-026	6.37336e-060	39.6773	1
5.68	45	6.7082	42.1085	1.06075e-025	1.33211e-059	42.1085	1
5.7	46	6.78233	47.3128	2.62185e-025	5.78628e-059	47.3128	1
5.71	43	6.55744	50.091	4.11229e-025	1.2025e-058	50.091	1
5.73	46	6.78233	56.0113	1.00692e-024	5.16378e-058	56.0113	1
5.74	43	6.55744	59.1576	1.57192e-024	1.067e-057	59.1576	1
5.76	44	6.63325	65.8314	3.81294e-024	4.52975e-057	65.8314	1
5.78	58	7.61577	73.0232	9.19108e-024	1.90838e-056	73.0232	1
5.79	57	7.54983	76.8159	1.42364e-023	3.90587e-056	76.8159	1
5.81	69	8.30662	84.7981	3.39957e-023	1.6268e-055	84.7981	1
5.82	60	7.74597	88.9877	5.24102e-023	3.31055e-055	88.9877	1
5.84	97	9.84886	97.7623	1.23982e-022	1.36314e-054	97.7623	1
5.85	58	7.61577	102.346	1.90243e-022	2.75816e-054	102.346	1
5.87	85	9.21954	111.897	4.45828e-022	1.12276e-053	111.897	1
5.89	97	9.84886	121.947	1.03826e-021	4.53562e-053	121.947	1
5.9	101	10.0499	127.152	1.58071e-021	9.0901e-053	127.152	1
5.92	95	9.74679	137.907	3.64676e-021	3.63032e-052	137.907	1
5.93	95	9.74679	143.447	5.52604e-021	7.23418e-052	143.447	1
5.95	122	11.0454	154.831	1.26295e-020	2.85621e-051	154.831	1
5.97	147	12.1244	166.583	2.86838e-020	1.11912e-050	166.583	1
5.98	130	11.4018	172.581	4.31262e-020	2.20889e-050	172.581	1
6	155	12.4499	184.788	9.70307e-020	8.55624e-050	184.788	1
6.01	153	12.3693	190.981	1.45202e-019	1.67917e-049	190.981	1
6.03	177	13.3041	203.505	3.23636e-019	6.43027e-049	203.505	1
6.04	216	14.6969	209.819	4.82036e-019	1.25474e-048	209.819	1
6.06	247	15.7162	222.504	1.06434e-018	4.75021e-048	222.504	1
6.08	236	15.3623	235.199	2.33541e-018	1.78467e-047	235.199	1
6.09	246	15.6844	241.525	3.4513e-018	3.44933e-047	241.525	1
6.11	211	14.5258	254.078	7.50206e-018	1.28116e-046	254.078	1
6.12	258	16.0624	260.283	1.10347e-017	2.46204e-046	260.283	1
6.14	303	17.4069	272.495	2.37615e-017	9.04041e-046	272.495	1
6.16	340	18.4391	284.364	5.08473e-017	3.29432e-045	284.364	1
6.17	340	18.4391	290.141	7.42069e-017	6.27062e-045	290.141	1
6.19	386	19.6469	301.323	1.5731e-016	2.25899e-044	301.323	1
6.2	410	20.2485	306.705	2.28502e-016	4.27534e-044	306.705	1
6.22	357	18.8944	316.995	4.79865e-016	1.52265e-043	316.995	1
6.23	359	18.9473	321.88	6.93765e-016	2.86529e-043	321.88	1
6.25	421	20.5183	331.079	1.44331e-015	1.00884e-042	331.079	1
6.27	383	19.5704	339.449	2.98389e-015	3.52499e-042	339.449	1
6.28	451	21.2368	343.298	4.2803e-015	6.57027e-042	343.298	1
6.3	438	20.9284	350.285	8.76628e-015	2.26957e-041	350.285	1
6.31	451	21.2368	353.405	1.2516e-014	4.20612e-041	353.405	1
6.33	431	20.7605	358.863	2.53936e-014	1.43638e-040	358.863	1
6.35	500	22.3607	363.237	5.1199e-014	4.86787e-040	363.237	1
6.36	475	21.7945	365.004	7.25285e-014	8.93573e-040	365.004	1
6.38	443	21.0476	367.676	1.44865e-013	2.99382e-039	367.676	1
6.39	420	20.4939	368.575	2.04254e-013	5.46424e-039	368.575	1
6.41	468	21.6333	369.489	4.04149e-013	1.80988e-038	369.489	1
6.42	497	22.2935	369.501	5.67162e-013	3.28448e-038	369.501	1
6.44	431	20.7605	368.636	1.11172e-012	1.07551e-037	368.636	1
6.46	419	20.4695	366.593	2.16553e-012	3.49496e-037	366.593	1
6.47	473	21.7486	365.136	3.01527e-012	6.28221e-037	365.136	1
6.49	385	19.6214	361.367	5.8185e-012	2.01821e-036	361.367	1
6.5	443	21.0476	359.064	8.06367e-012	3.60704e-036	359.064	1
6.52	397	19.9249	353.649	1.54147e-011	1.14559e-035	353.649	1
6.54	359	18.9473	347.199	2.9283e-011	3.61072e-035	347.199	1
6.55	408	20.199	343.603	4.02657e-011	6.39192e-035	343.603	1
6.57	354	18.8149	335.714	7.57762e-011	1.99168e-034	335.714	1
6.58	313	17.6918	331.439	1.03708e-010	3.50566e-034	331.439	1
6.6	346	18.6011	322.272	1.93342e-010	1.0799e-033	322.272	1
6.61	270	16.4317	317.402	2.63368e-010	1.88993e-033	317.402	1
6.63	282	16.7929	307.14	4.86402e-010	5.75553e-033	307.14	1
6.65	248	15.748	296.256	8.92701e-010	1.73943e-032	296.256	1
6.66	252	15.8745	290.609	1.20654e-009	3.01526e-032	290.609	1
6.68	242	15.5563	278.964	2.19366e-009	9.0089e-032	278.964	1
6.69	201	14.1774	272.988	2.95095e-009	1.55275e-031	272.988	1
6.71	219	14.7986	260.789	5.31505e-009	4.58642e-031	260.789	1
6.73	216	14.6969	248.335	9.5133e-009	1.3444e-030	248.335	1
6.74	186	13.6382	242.042	1.26976e-008	2.29517e-030	242.042	1
6.76	180	13.4164	229.376	2.25145e-008	6.65113e-030	229.376	1
6.77	150	12.2474	223.025	2.99098e-008	1.129e-029	223.025	1
6.79	146	12.083	210.338	5.25378e-008	3.23444e-029	210.338	1
6.8	159	12.6095	204.021	6.94672e-008	5.45894e-029	204.021	1
6.82	122	11.0454	191.49	1.2088e-007	1.54611e-028	191.49	1
6.84	117	10.8167	179.152	2.09031e-007	4.34565e-028	179.152	1
6.85	166	12.8841	173.076	2.74231e-007	7.26471e-028	173.076	1
6.87	107	10.3441	161.146	4.69772e-007	2.01864e-027	161.146	1
6.88	109	10.4403	155.306	6.13412e-007	3.35533e-027	155.306	1
6.9	115	10.7238	143.906	1.04098e-006	9.21722e-027	143.906	1
6.91	111	10.5357	138.356	1.3529e-006	1.52331e-026	138.356	1
6.93	98	9.89949	127.584	2.27442e-006	4.13694e-026	127.584	1
6.95	95	9.74679	117.273	3.79975e-006	1.11494e-025	117.273	1
6.96	95	9.74679	112.299	4.89978e-006	1.82514e-025	112.299	1
6.98	101	10.0499	102.727	8.10921e-006	4.8629e-025	102.727	1
6.99	88	9.38083	98.1329	1.04078e-005	7.91501e-025	98.1329	1
7.01	106	10.2956	89.3367	1.70639e-005	2.08485e-024	89.3367	1
7.03	88	9.38083	81.0682	2.78019e-005	5.44984e-024	81.0681	1
7.04	90	9.48683	77.1325	3.54041e-005	8.78605e-024	77.1324	1
7.06	93	9.64365	69.657	5.71436e-005	2.27053e-023	69.6569	1
7.07	85	9.21954	66.1158	7.24276e-005	3.63956e-023	66.1157	1
7.09	82	9.05539	59.421	0.000115807	9.29838e-023	59.4209	1
7.1	90	9.48683	56.2644	0.000146094	1.48198e-022	56.2643	1
7.12	70	8.3666	50.3241	0.000231409	3.74305e-022	50.3239	1
7.14	89	9.43398	44.8666	0.000364258	9.38195e-022	44.8663	1
7.15	95	9.74679	42.3131	0.000455934	1.48109e-021	42.3126	1
7.17	81	9	37.5432	0.000710963	3.67007e-021	37.5425	1
7.18	55	7.4162	35.3213	0.000885725	5.76072e-021	35.3204	1
7.2	75	8.66025	31.1893	0.00136824	1.41122e-020	31.1879	1
7.22	47	6.85565	27.4526	0.0021004	3.43079e-020	27.4505	1
7.23	76	8.7178	25.7249	0.00259628	5.33398e-020	25.7223	1
7.25	63	7.93725	22.535	0.00394829	1.28197e-019	22.5311	1
7.26	66	8.12404	21.0666	0.00485755	1.98174e-019	21.0617	1
7.28	65	8.06226	18.3673	0.00731801	4.70866e-019	18.36	1
7.29	57	7.54983	17.1304	0.00896107	7.23734e-019	17.1214	1
7.31	58	7.61577	14.8667	0.0133737	1.70002e-018	14.8534	1
7.33	59	7.68115	12.8643	0.0198346	3.96291e-018	12.8444	1
7.34	52	7.2111	11.954	0.0240984	6.03324e-018	11.9299	1
7.36	64	8	10.3022	0.035406	1.39039e-017	10.2668	1
7.37	51	7.14143	9.55565	0.0428154	2.10467e-017	9.51284	1
7.39	48	6.9282	8.20963	0.0623169	4.79506e-017	8.14732	1
7.41	58	7.61577	7.04556	0.0901342	1.08414e-016	6.95543	1
7.42	63	7.93725	6.52696	0.108146	1.62551e-016	6.41882	1
7.44	47	6.85565	5.60841	0.154957	3.63336e-016	5.45345	1
7.45	49	7	5.20566	0.185051	5.41657e-016	5.02061	1
7.47	51	7.14143	4.50769	0.26267	1.19693e-015	4.24502	1
7.48	53	7.28011	4.21089	0.312212	1.77418e-015	3.89868	1
7.5	47	6.85565	3.71958	0.439021	3.87584e-015	3.28056	1
7.52	57	7.54983	3.36506	0.613479	8.40268e-015	2.75158	1
7.53	45	6.7082	3.24046	0.723496	1.23367e-014	2.51696	1
7.55	51	7.14143	3.10251	1.00154	2.6441e-014	2.10097	1
7.56	50	7.07107	3.09281	1.17561	3.85987e-014	1.9172	1
7.58	52	7.2111	3.20481	1.61217	8.17854e-014	1.59263	1
7.6	48	6.9282	3.51582	2.19705	1.71974e-013	1.31877	1
7.61	48	6.9282	3.75737	2.55878	2.48663e-013	1.1986	1
7.63	55	7.4162	4.44215	3.45443	5.1692e-013	0.987719	1
7.64	50	7.07107	4.89987	4.00432	7.43164e-013	0.895552	1
7.66	47	6.85565	6.08982	5.35538	1.52729e-012	0.734444	1
7.67	70	8.3666	6.84306	6.17875	2.18321e-012	0.664307	1
7.69	41	6.40312	8.72834	8.18615	4.43566e-012	0.54218	1
7.71	54	7.34847	11.2191	10.778	8.94341e-012	0.441086	1
7.72	64	8	12.7354	12.338	1.26629e-011	0.397365	1
7.74	63	7.93725	16.4141	16.0924	2.52408e-011	0.321718	1
7.75	66	8.12404	18.6244	18.3353	3.5534e-011	0.289132	1
7.77	75	8.66025	23.9238	23.6908	7.00228e-011	0.232964	1
7.79	67	8.18535	30.6065	30.4194	1.36936e-010	0.187106	1
7.8	78	8.83176	34.5561	34.3886	1.90948e-010	0.16748	1
7.82	72	8.48528	43.8763	43.7424	3.69164e-010	0.133865	1
7.83	92	9.59166	49.3378	49.2182	5.11832e-010	0.119536	1
7.85	94	9.69536	62.115	62.0199	9.78265e-010	0.0950846	1
7.86	135	11.619	69.5412	69.4565	1.34858e-009	0.0847018	1
7.88	122	11.0454	86.7704	86.7033	2.54819e-009	0.067052	1
7.9	131	11.4455	107.609	107.556	4.77827e-009	0.0529098	1
7.91	157	12.53	119.56	119.513	6.52448e-009	0.0469434	1
7.93	171	13.0767	146.907	146.87	1.20951e-008	0.0368643	1
7.94	195	13.9642	162.465	162.433	1.64209e-008	0.0326285	1
7.96	231	15.1987	197.772	197.746	3.00944e-008	0.0254997	1
7.97	266	16.3095	217.696	217.674	4.06243e-008	0.0225155	1
7.99	288	16.9706	262.535	262.518	7.36037e-008	0.0175116	1
8.01	320	17.8885	314.636	314.623	1.32342e-007	0.0135761	1
8.02	354	18.8149	343.637	343.625	1.7695e-007	0.0119393	1
8.04	374	19.3391	407.984	407.975	3.14538e-007	0.00921158	1
8.05	501	22.383	443.501	443.493	4.18159e-007	0.00808145	1
8.07	523	22.8692	521.625	521.618	7.34833e-007	0.00620516	1
8.09	556	23.5797	609.678	609.673	1.2815e-006	0.00474921	1
8.1	637	25.2389	657.584	657.58	1.68749e-006	0.00414985	1
8.12	825	28.7228	761.398	761.395	2.90936e-006	0.00316088	1
8.13	761	27.5862	817.375	817.373	3.80918e-006	0.00275532	1
8.15	927	30.4467	937.562	937.56	6.49251e-006	0.0020886	1
8.16	949	30.8058	1001.77	1001.77	8.45201e-006	0.00181624	1
8.18	1083	32.909	1138.32	1138.32	1.42418e-005	0.00137013	1
8.2	1172	34.2345	1285.4	1285.4	2.38153e-005	0.00103028	1
8.21	1304	36.1109	1362.72	1362.71	3.07084e-005	0.000892339	1
8.23	1549	39.3573	1524.39	1524.39	5.0766e-005	0.000667776	1
8.24	1492	38.6264	1608.5	1608.5	6.50858e-005	0.000576977	1
8.26	1626	40.3237	1782.51	1782.51	0.000106372	0.000429701	1
8.28	1937	44.0114	1962.99	1962.99	0.000172524	0.000318992	1
8.29	1856	43.0813	2055.14	2055.14	0.000219088	0.000274513	1
8.31	2278	47.7284	2242.06	2242.06	0.000351291	0.000202807	1
8.32	2232	47.244	2336.3	2336.3	0.000443556	0.000174108	1
8.34	2466	49.6588	2524.94	2524.94	0.000703109	0.000128011	1
8.35	2518	50.1797	2618.73	2618.73	0.000882705	0.000109632	1
8.37	2888	53.7401	2803.7	2803.69	0.0013833	8.02176e-005	1
8.39	2730	52.2494	2982.97	2982.97	0.00215128	5.85071e-005	1
8.4	3018	54.9363	3069.64	3069.63	0.00267513	4.99062e-005	1
8.42	3206	56.6216	3235.36	3235.35	0.00411295	3.62243e-005	1
8.43	3301	57.4543	3313.75	3313.74	0.00508527	3.08248e-005	1
8.45	3652	60.4318	3459.97	3459.96	0.00772942	2.22665e-005	1
8.47	3311	57.5413	3590.07	3590.06	0.0116591	1.60328e-005	1
8.48	3774	61.4329	3648.37	3648.35	0.0142783	1.35883e-005	1
8.5	3768	61.384	3750.14	3750.12	0.0212922	9.73709e-006	1
8.51	3484	59.0254	3793.16	3793.14	0.0259267	8.23262e-006	1
8.53	4004	63.2772	3862.5	3862.46	0.038222	5.87097e-006	1
8.54	3781	61.4898	3888.49	3888.44	0.0462757	4.9519e-006	1
8.56	3891	62.3779	3922.53	3922.46	0.0674444	3.51439e-006	1
8.58	4298	65.5591	3932.16	3932.06	0.0975486	2.48619e-006	1
8.59	3993	63.1902	3927.74	3927.62	0.116981	2.08858e-006	1
8.61	3994	63.1981	3900.56	3900.39	0.167269	1.47042e-006	1
8.62	4362	66.0454	3877.92	3877.72	0.199445	1.23229e-006	1
8.64	3677	60.6383	3815.09	3814.81	0.281935	8.63398e-007	1
8.66	3913	62.554	3729.86	3729.47	0.39551	6.02994e-007	1
8.67	3731	61.0819	3679.33	3678.86	0.46711	5.03316e-007	1
8.69	3788	61.5467	3563.56	3562.91	0.647819	3.49824e-007	1
8.7	3610	60.0833	3498.84	3498.08	0.760724	2.91293e-007	1
8.72	3328	57.6888	3357.17	3356.13	1.04301	2.01487e-007	1
8.73	3630	60.2495	3280.83	3279.61	1.21779	1.67371e-007	1
8.75	3158	56.1961	3118.73	3117.08	1.65066	1.15214e-007	1
8.77	3011	54.8726	2946.32	2944.1	2.22038	7.90553e-008	1
8.78	3023	54.9818	2857.1	2854.53	2.56783	6.54066e-008	1
8.8	2693	51.8941	2674.3	2670.89	3.41476	4.46639e-008	1
8.81	2741	52.3546	2581.41	2577.49	3.92657	3.68638e-008	1
8.83	2420	49.1935	2394.27	2389.11	5.16217	2.5052e-008	1
8.85	2336	48.3322	2207.39	2200.66	6.73495	1.69703e-008	1
8.86	2137	46.2277	2114.8	2107.13	7.67082	1.39504e-008	1
8.88	2361	48.5901	1932.66	1922.76	9.89394	9.40462e-009	1
8.89	1359	36.8646	1843.61	1832.41	11.2044	7.71249e-009	1
8.91	1692	41.1339	1670.72	1656.43	14.287	5.17434e-009	1
8.92	1505	38.7943	1587.28	1571.19	16.087	4.23313e-009	1
8.94	1458	38.1838	1427.3	1407.02	20.2793	2.82637e-009	1
8.96	1274	35.6931	1277.49	1252.12	25.3696	1.88105e-009	1
8.97	1056	32.4962	1206.71	1178.42	28.2944	1.53272e-009	1
8.99	1109	33.3017	1073.87	1038.88	34.9935	1.01518e-009	1
9	997	31.5753	1011.95	973.144	38.8049	8.25201e-010	1
9.02	771	27.7669	897.33	849.884	47.4458	5.43933e-010	1
9.03	825	28.7228	844.687	792.374	52.3131	4.41078e-010	1
9.05	621	24.9199	748.769	685.535	63.2335	2.8934e-010	1
9.07	641	25.318	665.249	589.397	75.852	1.89194e-010	1
9.08	593	24.3516	628.064	545.226	82.8388	1.52803e-010	1
9.1	537	23.1733	562.616	464.378	98.2379	9.94344e-011	1
9.11	484	22	534.235	427.562	106.674	8.01154e-011	1
9.13	536	23.1517	485.817	360.754	125.063	5.18833e-011	1
9.15	394	19.8494	447.991	302.484	145.507	3.34922e-011	1
9.16	409	20.2237	432.83	276.33	156.501	2.68769e-011	1
9.18	400	20	409.537	229.528	180.009	1.72664e-011	1
9.19	436	20.8806	401.203	208.698	192.505	1.38226e-011	1
9.21	382	19.5448	390.629	171.73	218.9	8.83735e-012	1
9.22	379	19.4679	388.171	155.413	232.758	7.05771e-012	1
9.24	407	20.1742	388.344	126.687	261.658	4.49057e-012	1
9.26	426	20.6398	394.533	102.625	291.909	2.84802e-012	1
9.27	372	19.2873	399.589	92.1492	307.439	2.26538e-012	1
9.29	461	21.4709	413.025	73.9487	339.077	1.42985e-012	1
9.3	465	21.5639	421.167	66.089	355.078	1.1346e-012	1
9.32	488	22.0907	439.696	52.5394	387.157	7.12687e-013	1
9.34	460	21.4476	460.429	41.5068	418.922	4.46231e-013	1
9.35	493	22.2036	471.329	36.8058	434.524	3.52669e-013	1
9.37	475	21.7945	493.626	28.805	464.821	2.19753e-013	1
9.38	588	24.2487	504.8	25.4228	479.378	1.73259e-013	1
9.4	481	21.9317	526.672	19.7102	506.962	1.07441e-013	1
9.41	552	23.4947	537.167	17.3143	519.852	8.45055e-014	1
9.43	576	24	556.802	13.2982	543.504	5.21515e-014	1
9.45	567	23.8118	574.058	10.1498	563.908	3.20814e-014	1
9.46	581	24.1039	581.6	8.84644	572.753	2.51318e-014	1
9.48	575	23.9792	594.176	6.68884	587.487	1.53857e-014	1
9.49	657	25.632	599.097	5.80258	593.295	1.20238e-014	1
9.51	631	25.1197	605.972	4.34631	601.626	7.32558e-015	1
9.53	553	23.516	608.669	3.23518	605.433	4.44885e-015	1
9.54	609	24.6779	608.394	2.78462	605.609	3.4628e-015	1
9.56	544	23.3238	604.554	2.05334	602.501	2.09286e-015	1
9.57	574	23.9583	600.993	1.75909	599.234	1.62507e-015	1
9.59	594	24.3721	590.653	1.28499	589.368	9.77444e-016	1
9.6	604	24.5764	583.92	1.09569	582.824	7.57144e-016	1
9.62	539	23.2164	567.492	0.792895	566.7	4.53216e-016	1
9.64	607	24.6374	547.399	0.570195	546.829	2.70418e-016	1
9.65	478	21.8632	536.103	0.482399	535.621	2.08631e-016	1
9.67	468	21.6333	511.297	0.343663	510.953	1.23884e-016	1
9.68	474	21.7715	497.911	0.289384	497.622	9.53482e-017	1
9.7	471	21.7025	469.502	0.204229	469.298	5.63453e-017	1
9.72	461	21.4709	439.362	0.143231	439.219	3.31901e-017	1
9.73	444	21.0713	423.815	0.119668	423.695	2.54425e-017	1
9.75	426	20.6398	392.106	0.0831411	392.023	1.49148e-017	1
9.76	391	19.7737	376.077	0.0691376	376.008	1.14057e-017	1
9.78	313	17.6918	343.985	0.047585	343.937	6.65405e-018	1
9.79	354	18.8149	328.042	0.0393847	328.003	5.07627e-018	1
9.81	267	16.3401	296.637	0.0268535	296.61	2.94724e-018	1
9.83	281	16.7631	266.199	0.018195	266.181	1.70566e-018	1
9.84	274	16.5529	251.452	0.0149419	251.437	1.296e-018	1
9.86	246	15.6844	223.082	0.0100294	223.072	7.46429e-019	1
9.87	198	14.0712	209.521	0.00819764	209.513	5.65792e-019	1
9.89	230	15.1658	183.766	0.00545098	183.761	3.243e-019	1
9.91	150	12.2474	159.951	0.00360196	159.948	1.85285e-019	1
9.92	150	12.2474	148.801	0.00292113	148.798	1.39883e-019	1
9.94	137	11.7047	128.042	0.00191219	128.04	7.95365e-020	1
9.95	104	10.198	118.436	0.00154348	118.435	5.99023e-020	1
9.97	102	10.0995	100.753	0.00100092	100.752	3.38963e-020	1
9.98	82	9.05539	92.6622	0.000804137	92.6614	2.54673e-020	1
10	71	8.42615	77.9296	0.00051659	77.9291	1.43416e-020	1
10.02	70	8.3666	65.0409	0.000329793	65.0405	8.05043e-021	1
10.03	50	7.07107	59.2495	0.000262886	59.2492	6.02429e-021	1
10.05	47	6.85565	48.887	0.000166257	48.8869	3.36537e-021	1
10.06	42	6.48074	44.2797	0.000131906	44.2795	2.51231e-021	1
10.08	55	7.4162	36.1193	8.26407e-005	36.1192	1.39671e-021	1
10.1	29	5.38516	29.2386	5.14519e-005	29.2386	7.7401e-022	1
10.11	31	5.56776	26.2314	4.05028e-005	26.2314	5.75497e-022	1
10.13	17	4.12311	20.9926	2.4981e-005	20.9925	3.17387e-022	1
10.14	22	4.69042	18.7259	1.95727e-005	18.7259	2.35417e-022	1
10.16	16	4	14.8153	1.1959e-005	14.8153	1.29209e-022	1
10.17	14	3.74166	13.1402	9.32597e-006	13.1402	9.56081e-023	1
10.19	10	3.16228	10.2777	5.64487e-006	10.2777	5.22221e-023	1
10.21	4	2	7.97762	3.39541e-006	7.97761	2.84328e-023	1
10.22	6	2.44949	7.00839	2.62718e-006	7.00838	2.09545e-023	1
10.24	13	3.60555	5.378	1.56547e-006	5.37799	1.1354e-023	1
10.25	5	2.23607	4.69762	1.2056e-006	4.69762	8.34762e-024	1
10.27	6	2.44949	3.56374	7.11664e-007	3.56374	4.50133e-024	1
10.28	2	1.41421	3.09511	5.45495e-007	3.09511	3.30147e-024	1
10.3	7	2.64575	2.32128	3.18992e-007	2.32128	1.77171e-024	1
10.32	8	2.82843	1.72768	1.85374e-007	1.72768	9.47727e-025	1
10.33	7	2.64575	1.48624	1.40981e-007	1.48624	6.92318e-025	1
10.35	2	1.41421	1.09358	8.1161e-008	1.09358	3.68555e-025	1
10.36	2	1.41421	0.935378	6.14356e-008	0.935378	2.68583e-025	1
10.38	3	1.73205	0.680415	3.50367e-008	0.680415	1.42293e-025	1
10.4	5	2.23607	0.491184	1.98566e-008	0.491184	7.51436e-026	1
10.41	2	1.41421	0.416136	1.49133e-008	0.416136	5.4541e-026	1
10.43	3	1.73205	0.296982	8.37283e-009	0.296982	2.86642e-026	1
10.44	4	2	0.25017	6.25894e-009	0.25017	2.07551e-026	1
10.46	2	1.41421	0.176504	3.4811e-009	0.176504	1.08554e-026	1
10.47	1	1	0.147833	2.59003e-009	0.147833	7.84126e-027	1
10.49	4	2	0.103114	1.42704e-009	0.103114	4.08146e-027	1
10.51	7	2.64575	0.071375	7.81356e-010	0.071375	2.11763e-027	1
10.52	3	1.73205	0.059213	5.76812e-010	0.059213	1.52351e-027	1
10.54	3	1.73205	0.0405201	3.12869e-010	0.0405201	7.8666e-028	1
10.55	6	2.44949	0.0334237	2.29883e-010	0.0334237	5.64592e-028	1
10.57	4	2	0.0226117	1.23524e-010	0.0226117	2.90124e-028	1
10.59	0	1	0.0151809	6.59595e-011	0.0151809	1.48606e-028	1
10.6	5	2.23607	0.0124032	4.8086e-011	0.0124032	1.06228e-028	1
10.62	2	1.41421	0.00823233	2.54367e-011	0.00823233	5.41504e-029	1
10.63	3	1.73205	0.00668764	1.8457e-011	0.00668764	3.86152e-029	1
10.65	1	1	0.0043882	9.67209e-012	0.0043882	1.95896e-029	1
10.66	2	1.41421	0.00354445	6.98521e-012	0.00354445	1.3936e-029	1
10.68	2	1.41421	0.00229926	3.62623e-012	0.00229926	7.03577e-030	1
10.7	3	1.73205	0.00148016	1.87073e-012	0.00148016	3.54071e-030	1
10.71	5	2.23607	0.0011842	1.3405e-012	0.0011842	2.50875e-030	1
10.73	3	1.73205	0.000753657	6.85077e-013	0.000753657	1.25645e-030	1
10.74	4	2	0.00059952	4.88602e-013	0.00059952	8.88104e-031	1
10.76	3	1.73205	0.000377203	2.47369e-013	0.000377203	4.42647e-031	1
10.78	2	1.41421	0.000235522	1.24455e-013	0.000235522	2.19915e-031	1
10.79	7	2.64575	0.000185573	8.80695e-014	0.000185573	1.54821e-031	1
10.81	3	1.73205	0.00011455	4.38946e-014	0.00011455	7.65484e-032	1
10.82	4	2	8.97415e-005	3.0916e-014	8.97415e-005	5.37608e-032	1
10.84	4	2	5.47645e-005	1.52646e-014	5.47645e-005	2.64532e-032	1
10.85	1	1	4.26588e-005	1.07008e-014	4.26588e-005	1.85336e-032	1
10.87	0	1	2.57359e-005	5.23403e-015	2.57359e-005	9.07569e-033	1
10.89	3	1.73205	1.54083e-005	2.5441e-015	1.54083e-005	4.43e-033	1
10.9	6	2.44949	1.18883e-005	1.76955e-015	1.18883e-005	3.09131e-033	1
10.92	1	1	7.03652e-006	8.52075e-016	7.03652e-006	1.50166e-033	1
10.93	1	1	5.39802e-006	5.89882e-016	5.39802e-006	1.04536e-033	1
10.95	1	1	3.15863e-006	2.81383e-016	3.15863e-006	5.05362e-034	1
10.97	1	1	1.83421e-006	1.33386e-016	1.83421e-006	2.43526e-034	1
10.98	4	2	1.39373e-006	9.16207e-017	1.39373e-006	1.68847e-034	1
11	3	1.73205	8.00115e-007	4.30251e-017	8.00115e-007	8.09736e-035	1
11.01	6	2.44949	6.04499e-007	2.94148e-017	6.04499e-007	5.60073e-035	1
11.03	1	1	3.43079e-007	1.3684e-017	3.43079e-007	2.67302e-035	1
11.04	4	2	2.57721e-007	9.31138e-018	2.57721e-007	1.84441e-035	1
11.06	3	1.73205	1.44602e-007	4.29118e-018	1.44602e-007	8.76032e-036	1
11.08	7	2.64575	8.05159e-008	1.96525e-018	8.05159e-008	4.14752e-036	1
11.09	1	1	5.9909e-008	1.32684e-018	5.9909e-008	2.85036e-036	1
11.11	3	1.73205	3.2978e-008	6.01973e-019	3.2978e-008	1.343e-036	1
11.12	1	1	2.43976e-008	4.04516e-019	2.43976e-008	9.20745e-037	1
11.14	0	1	1.32772e-008	1.81808e-019	1.32772e-008	4.31739e-037	1
11.16	4	2	7.17045e-009	8.1202e-020	7.17045e-009	2.01794e-037	1
11.17	4	2	5.2544e-009	5.41406e-020	5.2544e-009	1.37794e-037	1
11.19	2	1.41421	2.80537e-009	2.39549e-020	2.80537e-009	6.40948e-038	1
11.2	2	1.41421	2.04399e-009	1.58968e-020	2.04399e-009	4.36613e-038	1
11.22	1	1	1.07888e-009	6.96786e-021	1.07888e-009	2.02115e-038	1
11.23	2	1.41421	7.8158e-010	4.60228e-021	7.8158e-010	1.37349e-038	1
11.25	2	1.41421	4.0784e-010	1.99839e-021	4.0784e-010	6.32752e-039	1
11.27	2	1.41421	2.11198e-010	8.62312e-022	2.11198e-010	2.90567e-039	1
11.28	2	1.41421	1.51547e-010	5.65114e-022	1.51547e-010	1.96666e-039	1
11.3	3	1.73205	7.75841e-011	2.41567e-022	7.75841e-011	8.98771e-040	1
11.31	6	2.44949	5.53531e-011	1.57568e-022	5.53531e-011	6.06856e-040	1
11.33	0	1	2.80151e-011	6.67249e-023	2.80151e-011	2.76002e-040	1
11.34	3	1.73205	1.98735e-011	4.33189e-023	1.98735e-011	1.8591e-040	1
11.36	3	1.73205	9.94375e-012	1.81725e-023	9.94375e-012	8.41466e-041	1
11.38	2	1.41421	4.93753e-012	7.57581e-024	4.93753e-012	3.79643e-041	1
11.39	3	1.73205	3.46933e-012	4.87996e-024	3.46933e-012	2.54695e-041	1
11.41	7	2.64575	1.70306e-012	2.01534e-024	1.70306e-012	1.14358e-041	1
11.42	3	1.73205	1.18981e-012	1.29209e-024	1.18981e-012	7.65361e-042	1
11.44	4	2	5.77415e-013	5.2862e-025	5.77415e-013	3.41994e-042	1
11.46	3	1.73205	2.78088e-013	2.14918e-025	2.78088e-013	1.52327e-042	1
11.47	4	2	1.92435e-013	1.36715e-025	1.92435e-013	1.01539e-042	1
11.49	7	2.64575	9.16226e-014	5.50631e-026	9.16226e-014	4.50086e-043	1
11.5	2	1.41421	6.30403e-014	3.48628e-026	6.30403e-014	2.99299e-043	1
11.52	3	1.73205	2.9673e-014	1.39099e-026	2.9673e-014	1.32031e-043	1
11.53	3	1.73205	2.02997e-014	8.76569e-027	2.02997e-014	8.75868e-044	1
11.55	3	1.73205	9.44623e-015	3.46471e-027	9.44623e-015	3.84518e-044	1
11.57	4	2	4.36225e-015	1.3609e-027	4.36225e-015	1.68267e-044	1
11.58	1	1	2.95592e-015	8.50909e-028	2.95592e-015	1.11178e-044	1
11.6	2	1.41421	1.34949e-015	3.311e-028	1.34949e-015	4.84182e-045	1
11.61	3	1.73205	9.09213e-016	2.06052e-028	9.09213e-016	3.19139e-045	1
11.63	1	1	4.10363e-016	7.94272e-029	4.10363e-016	1.38318e-045	1
11.65	1	1	1.83804e-016	3.04257e-029	1.83804e-016	5.97557e-046	1
11.66	1	1	1.2266e-016	1.87869e-029	1.2266e-016	3.92289e-046	1
11.68	3	1.73205	5.43144e-017	7.12926e-030	5.43144e-017	1.68661e-046	1
11.69	3	1.73205	3.60393e-017	4.38145e-030	3.60393e-017	1.10458e-046	1
11.71	2	1.41421	1.57766e-017	1.64712e-030	1.57766e-017	4.7262e-047	1
11.72	5	2.23607	1.04085e-017	1.00753e-030	1.04085e-017	3.08779e-047	1
11.74	4	2	4.50453e-018	3.75215e-031	4.50453e-018	1.31483e-047	1
11.76	0	1	1.93461e-018	1.38861e-031	1.93461e-018	5.58081e-048	1
11.77	4	2	1.26422e-018	8.42775e-032	1.26422e-018	3.63152e-048	1
11.79	3	1.73205	5.36776e-019	3.0898e-032	5.36776e-019	1.53399e-048	1
11.8	1	1	3.48766e-019	1.86646e-032	3.48766e-019	9.95787e-049	1
11.82	3	1.73205	1.46396e-019	6.77885e-033	1.46396e-019	4.18609e-049	1
11.84	4	2	6.0983e-020	2.44664e-033	6.0983e-020	1.7541e-049	1
11.85	3	1.73205	3.92468e-020	1.46642e-033	3.92468e-020	1.13411e-049	1
11.87	2	1.41421	1.61625e-020	5.24312e-034	1.61625e-020	4.72942e-050	1
11.88	5	2.23607	1.03423e-020	3.12777e-034	1.03423e-020	3.05043e-050	1
11.9	4	2	4.21062e-021	1.10786e-034	4.21062e-021	1.26596e-050	1
11.91	2	1.41421	2.67897e-021	6.57791e-035	2.67897e-021	8.14569e-051	1
11.93	6	2.44949	1.07826e-021	2.3081e-035	1.07826e-021	3.36431e-051	1
11.95	3	1.73205	4.30685e-022	8.04822e-036	4.30685e-022	1.38506e-051	1
11.96	4	2	2.71416e-022	4.74135e-036	2.71416e-022	8.87626e-052	1
11.98	5	2.23607	1.07176e-022	1.63781e-036	1.07176e-022	3.63671e-052	1
11.99	2	1.41421	6.71561e-023	9.60339e-037	6.71561e-023	2.32501e-052	1
12.01	4	2	2.62164e-023	3.28628e-037	2.62164e-023	9.48007e-053	1
12.03	1	1	1.01565e-023	1.11754e-037	1.01565e-023	3.85303e-053	1
12.04	2	1.41421	6.30358e-024	6.50161e-038	6.30358e-024	2.45343e-053	1
12.06	2	1.41421	2.41426e-024	2.19026e-038	2.41426e-024	9.92366e-054	1
12.07	2	1.41421	1.48984e-024	1.26827e-038	1.48984e-024	6.30373e-054	1
12.09	1	1	5.64107e-025	4.23258e-039	5.64107e-025	2.53748e-054	1
12.1	3	1.73205	3.46122e-025	2.43939e-039	3.46122e-025	1.60798e-054	1
12.12	3	1.73205	1.29561e-025	8.06476e-040	1.29561e-025	6.44159e-055	1
12.14	3	1.73205	4.8129e-026	2.6496e-040	4.8129e-026	2.57223e-055	1
12.15	3	1.73205	2.92502e-026	1.51514e-040	2.92502e-026	1.62347e-055	1
12.17	1	1	1.0742e-026	4.93127e-041	1.0742e-026	6.45161e-056	1
12.18	1	1	6.4911e-027	2.80667e-041	6.4911e-027	4.06216e-056	1
12.2	2	1.41421	2.35667e-027	9.04928e-042	2.35667e-027	1.60652e-056	1
12.22	2	1.41421	8.4911e-028	2.89945e-042	8.4911e-028	6.33319e-057	1
12.23	3	1.73205	5.08221e-028	1.63736e-042	5.08221e-028	3.97161e-057	1
12.25	1	1	1.81026e-028	5.19713e-043	1.81026e-028	1.55815e-057	1
12.26	2	1.41421	1.07732e-028	2.92114e-043	1.07732e-028	9.74781e-058	1
12.28	1	1	3.79366e-029	9.1852e-044	3.79366e-029	3.80589e-058	1
12.29	3	1.73205	2.24477e-029	5.13849e-044	2.24477e-029	2.37524e-058	1
12.31	2	1.41421	7.81469e-030	1.60062e-044	7.81469e-030	9.2292e-059	1
12.33	0	1	2.69982e-030	4.95474e-045	2.69982e-030	3.57458e-059	1
12.34	2	1.41421	1.58235e-030	2.75021e-045	1.58235e-030	2.22194e-059	1
12.36	1	1	5.40446e-031	8.43364e-046	5.40446e-031	8.56446e-060	1
12.37	5	2.23607	3.14944e-031	4.65928e-046	3.14944e-031	5.31081e-060	1
12.39	2	1.41421	1.06342e-031	1.41542e-046	1.06342e-031	2.03721e-060	1
12.4	4	2	6.16169e-032	7.78301e-047	6.16169e-032	1.26023e-060	1
12.42	4	2	2.05683e-032	2.34224e-047	2.05683e-032	4.81097e-061	1
12.44	1	1	6.81368e-033	7.00476e-048	6.81368e-033	1.83071e-061	1
12.45	3	1.73205	3.91047e-033	3.82167e-048	3.91047e-033	1.12795e-061	1
12.47	3	1.73205	1.28067e-033	1.13223e-048	1.28067e-033	4.27152e-062	1
12.48	4	2	7.30798e-034	6.14825e-049	7.30798e-034	2.62547e-062	1
12.5	10	3.16228	2.36608e-034	1.80447e-049	2.36608e-034	9.8948e-063	1
12.52	2	1.41421	7.60232e-035	5.26288e-050	7.60232e-035	3.71717e-063	1
12.53	4	2	4.29696e-035	2.83557e-050	4.29696e-035	2.27558e-063	1
12.55	5	2.23607	1.3649e-035	8.1928e-051	1.3649e-035	8.50755e-064	1
12.56	1	1	7.6706e-036	4.39347e-051	7.6706e-036	5.19562e-064	1
12.58	1	1	2.40877e-036	1.25753e-051	2.40877e-036	1.93311e-064	1
12.59	2	1.41421	1.34597e-036	6.712e-052	1.34597e-036	1.17772e-064	1
12.61	2	1.41421	4.17857e-037	1.90318e-052	4.17857e-037	4.36084e-065	1
12.63	4	2	1.28737e-037	5.36271e-053	1.28737e-037	1.60954e-065	1
12.64	4	2	7.1252e-038	2.83998e-053	7.1252e-038	9.7666e-066	1
12.66	3	1.73205	2.17019e-038	7.92754e-054	2.17019e-038	3.58742e-066	1
12.67	4	2	1.19427e-038	4.17858e-054	1.19427e-038	2.17159e-066	1
12.69	1	1	3.59608e-039	1.1555e-054	3.59608e-039	7.93821e-067	1
12.71	5	2.23607	1.07458e-039	3.17532e-055	1.07458e-039	2.8925e-067	1
12.72	2	1.41421	5.85733e-040	1.66064e-055	5.85733e-040	1.74391e-067	1
12.74	8	2.82843	1.73035e-040	4.52076e-056	1.73035e-040	6.32385e-068	1
12.75	3	1.73205	9.37795e-041	2.3532e-056	9.37795e-041	3.80353e-068	1
12.77	1	1	2.73884e-041	6.34617e-057	2.73884e-041	1.37262e-068	1
12.78	1	1	1.47589e-041	3.28789e-057	1.47589e-041	8.23587e-069	1
12.8	2	1.41421	4.26126e-042	8.7839e-058	4.26126e-042	2.95788e-069	1
12.82	1	1	1.22097e-042	2.33204e-058	1.22097e-042	1.0589e-069	1
12.83	5	2.23607	6.51699e-043	1.19878e-058	6.51699e-043	6.32806e-070	1
12.85	3	1.73205	1.84604e-043	3.15287e-059	1.84604e-043	2.25452e-070	1
12.86	4	2	9.797e-044	1.61312e-059	9.797e-044	1.34407e-070	1
12.88	1	1	2.74354e-044	4.20292e-060	2.74354e-044	4.76553e-071	1
12.9	2	1.41421	7.62454e-045	1.08821e-060	7.62454e-045	1.68425e-071	1
12.91	3	1.73205	4.00794e-045	5.52424e-061	4.00794e-045	1.00007e-071	1
12.93	3	1.73205	1.10115e-045	1.41694e-061	1.10115e-045	3.51747e-072	1
12.94	4	2	5.7553e-046	7.1593e-062	5.7553e-046	2.08357e-072	1
12.96	3	1.73205	1.56322e-046	1.81914e-062	1.56322e-046	7.29318e-073	1
12.97	1	1	8.12368e-047	9.14838e-063	8.12368e-047	4.30971e-073	1
12.99	1	1	2.18138e-047	2.30281e-063	2.18138e-047	1.50129e-073	1
13.01	2	1.41421	5.81288e-048	5.76036e-064	5.81288e-048	5.21295e-074	1
13.02	3	1.73205	2.99212e-048	2.87425e-064	2.99212e-048	3.0681e-074	1
13.04	2	1.41421	7.88251e-049	7.12253e-065	7.88251e-049	1.06022e-074	1
13.05	1	1	4.03426e-049	3.53727e-065	4.03426e-049	6.22498e-075	1
13.07	3	1.73205	1.05069e-049	8.6835e-066	1.05069e-049	2.14078e-075	1
13.09	1	1	2.71563e-050	2.11836e-066	2.71563e-050	7.33856e-076	1
13.1	3	1.73205	1.37665e-050	1.04383e-066	1.37665e-050	4.29148e-076	1
13.12	5	2.23607	3.51758e-051	2.52263e-067	3.51758e-051	1.46404e-076	1
13.13	4	2	1.77301e-051	1.23721e-067	1.77301e-051	8.54088e-077	1
13.15	0	1	4.47874e-052	2.96199e-068	4.47874e-052	2.89972e-077	1
13.16	3	1.73205	2.24458e-052	1.44588e-068	2.24458e-052	1.68756e-077	1
13.18	2	1.41421	5.60538e-053	3.42917e-069	5.60538e-053	5.70189e-078	1
13.2	6	2.44949	1.38918e-053	8.08211e-070	1.38918e-053	1.92036e-078	1
13.21	4	2	6.89591e-054	3.91446e-070	6.89591e-054	1.11312e-078	1
13.23	1	1	1.68955e-054	9.13953e-071	1.68955e-054	3.7309e-079	1
13.24	3	1.73205	8.33905e-055	4.40585e-071	8.33905e-055	2.15738e-079	1
13.26	3	1.73205	2.01986e-055	1.01906e-071	2.01986e-055	7.19623e-080	1
13.28	1	1	4.85522e-056	2.34233e-072	4.85522e-056	2.3927e-080	1
13.29	2	1.41421	2.37361e-056	1.12034e-072	2.37361e-056	1.37802e-080	1
13.31	6	2.44949	5.64055e-057	2.55104e-073	5.64055e-057	4.55982e-081	1
13.32	3	1.73205	2.74179e-057	1.21445e-073	2.74179e-057	2.61981e-081	1
13.34	9	3	6.44128e-058	2.73944e-074	6.44128e-058	8.62714e-082	1
13.35	0	1	3.11313e-058	1.29802e-074	3.11313e-058	4.94473e-082	1
13.37	2	1.41421	7.23038e-059	2.90056e-075	7.23038e-059	1.62049e-082	1
13.39	4	2	1.66651e-059	6.44111e-076	1.66651e-059	5.29366e-083	1
13.4	2	1.41421	7.97787e-060	3.02816e-076	7.97787e-060	3.02195e-083	1
13.42	3	1.73205	1.81785e-060	6.66155e-077	1.81785e-060	9.82434e-084	1
13.43	6	2.44949	8.65269e-061	3.11711e-077	8.65269e-061	5.59485e-084	1
13.45	2	1.41421	1.94916e-061	6.79306e-078	1.94916e-061	1.81014e-084	1
13.46	3	1.73205	9.22472e-062	3.16375e-078	9.22472e-062	1.02837e-084	1
13.48	4	2	2.05435e-062	6.83018e-079	2.05435e-062	3.31116e-085	1
13.5	2	1.41421	4.54026e-063	1.46535e-079	4.54026e-063	1.06271e-085	1
13.51	3	1.73205	2.12834e-063	6.77134e-080	2.12834e-063	6.01324e-086	1
13.53	2	1.41421	4.65019e-064	1.43913e-080	4.65019e-064	1.92066e-086	1
13.54	2	1.41421	2.16742e-064	6.61901e-081	2.16742e-064	1.08417e-086	1
13.56	3	1.73205	4.68165e-065	1.3936e-081	4.68165e-065	3.44625e-087	1
13.58	1	1	1.00355e-065	2.91581e-082	1.00355e-065	1.09195e-087	1
13.59	3	1.73205	4.63302e-066	1.3306e-082	4.63302e-066	6.1391e-088	1
13.61	2	1.41421	9.81814e-067	2.75796e-083	9.81814e-067	1.93582e-088	1
13.62	2	1.41421	4.50679e-067	1.25267e-083	4.50679e-067	1.08573e-088	1
13.64	3	1.73205	9.44186e-068	2.57213e-084	9.44186e-068	3.40714e-089	1
13.65	3	1.73205	4.30932e-068	1.16279e-084	4.30932e-068	1.90634e-089	1
13.67	2	1.41421	8.92532e-069	2.36524e-085	8.92532e-069	5.95354e-090	1
13.69	2	1.41421	1.83452e-069	4.78109e-086	1.83452e-069	1.85334e-090	1
13.7	2	1.41421	8.29331e-070	2.14453e-086	8.29331e-070	1.03281e-090	1
13.72	2	1.41421	1.6852e-070	4.29439e-087	1.6852e-070	3.19968e-091	1
13.73	2	1.41421	7.57478e-071	1.91719e-087	7.57478e-071	1.7788e-091	1
13.75	5	2.23607	1.52166e-071	3.80323e-088	1.52166e-071	5.48429e-092	1
13.77	6	2.44949	3.03355e-072	7.49752e-089	3.03355e-072	1.68546e-092	1
13.78	5	2.23607	1.35059e-072	3.32108e-089	1.35059e-072	9.33242e-093	1
13.8	2	1.41421	2.66183e-073	6.48578e-090	2.66183e-073	2.8543e-093	1
13.81	2	1.41421	1.17833e-073	2.85945e-090	1.17833e-073	1.57663e-093	1
13.83	2	1.41421	2.29588e-074	5.532e-091	2.29588e-074	4.79889e-094	1
13.84	2	1.41421	1.01052e-074	2.42751e-091	1.01052e-074	2.64438e-094	1
13.86	2	1.41421	1.9465e-075	4.65242e-092	1.9465e-075	8.01019e-095	1
13.88	3	1.73205	3.72088e-076	8.86083e-093	3.72088e-076	2.41861e-095	1
13.89	2	1.41421	1.62217e-076	3.8579e-093	1.62217e-076	1.32741e-095	1
13.91	3	1.73205	3.06559e-077	7.27887e-094	3.06559e-077	3.98874e-096	1
13.92	5	2.23607	1.32886e-077	3.15428e-094	1.32886e-077	2.18388e-096	1
13.94	5	2.23607	2.48268e-078	5.89562e-095	2.48268e-078	6.5308e-097	1
13.96	4	2	4.60305e-079	1.09506e-095	4.60305e-079	1.94674e-097	1
13.97	1	1	1.97635e-079	4.70838e-096	1.97635e-079	1.06159e-097	1
13.99	6	2.44949	3.62255e-080	8.66358e-097	3.62255e-080	3.14924e-098	1
14	0	1	1.54649e-080	3.70757e-097	1.54649e-080	1.7132e-098	1
14.02	3	1.73205	2.80235e-081	6.75823e-098	2.80235e-081	5.05783e-099	1
14.03	5	2.23607	1.1895e-081	2.87862e-098	1.1895e-081	2.74486e-099	1
14.05	2	1.41421	2.13092e-082	5.19809e-099	2.13092e-082	8.0646e-100	1
14.07	1	1	3.78836e-083	9.32788e-100	3.78836e-083	2.36184e-100	1
14.08	7	2.64575	1.59276e-083	3.94214e-100	1.59276e-083	1.27662e-100	1
14.1	0	1	2.79936e-084	7.0079e-101	2.79936e-084	3.72081e-101	1
14.11	2	1.41421	1.17023e-084	2.94778e-101	1.17023e-084	2.00633e-101	1
14.13	1	1	2.03331e-085	5.19121e-102	2.03331e-085	5.81948e-102	1
14.15	1	1	3.50608e-086	9.0849e-103	3.50608e-086	1.68256e-102	1
14.16	1	1	1.45174e-086	3.79162e-103	1.45174e-086	9.03632e-103	1
14.18	1	1	2.47475e-087	6.57347e-104	2.47475e-087	2.60007e-103	1
14.19	4	2	1.01885e-087	2.7306e-104	1.01885e-087	1.39303e-103	1
14.21	3	1.73205	1.71703e-088	4.6897e-105	1.71703e-088	3.98897e-104	1
14.22	1	1	7.02858e-089	1.93895e-105	7.02858e-089	2.132e-104	1
14.24	7	2.64575	1.17101e-089	3.29891e-106	1.17101e-089	6.07569e-105	1
14.26	2	1.41421	1.93615e-090	5.57767e-107	1.93615e-090	1.72587e-105	1
14.27	5	2.23607	7.85024e-091	2.28809e-107	7.85024e-091	9.18738e-106	1
14.29	0	1	1.28317e-091	3.83242e-108	1.28317e-091	2.59724e-106	1
14.3	1	1	5.173e-092	1.56477e-108	5.173e-092	1.37927e-106	1
14.32	1	1	8.3593e-093	2.59638e-109	8.3593e-093	3.88039e-107	1
14.34	3	1.73205	1.34054e-093	4.28118e-110	1.34054e-093	1.08819e-107	1
14.35	4	2	5.35294e-094	1.73436e-110	5.35294e-094	5.75571e-108	1
14.37	2	1.41421	8.48649e-095	2.83304e-111	8.48649e-095	1.60634e-108	1
14.38	3	1.73205	3.3694e-095	1.14232e-111	3.3694e-095	8.47586e-109	1
14.4	1	1	5.28097e-096	1.84849e-112	5.28097e-096	2.35412e-109	1
14.41	1	1	2.08473e-096	7.41843e-113	2.08473e-096	1.23916e-109	1
14.43	1	1	3.23026e-097	1.18921e-113	3.23026e-097	3.42516e-110	1
14.45	1	1	4.96714e-098	1.89446e-114	4.96714e-098	9.4371e-111	1
14.46	1	1	1.94222e-098	7.54356e-115	1.94222e-098	4.94759e-111	1
14.48	4	2	2.95252e-099	1.19047e-115	2.95252e-099	1.35662e-111	1
14.49	4	2	1.14788e-099	4.71813e-116	1.14788e-099	7.09524e-112	1
14.51	1	1	1.72511e-100	7.37615e-117	1.72511e-100	1.93615e-112	1
14.53	0	1	2.57289e-101	1.14596e-117	2.57289e-101	5.26641e-113	1
14.54	4	2	9.90784e-102	4.50626e-118	9.90784e-102	2.74334e-113	1
14.56	1	1	1.46086e-102	6.93541e-119	1.46086e-102	7.42612e-114	1
14.57	2	1.41421	5.59343e-103	2.71444e-119	5.59343e-103	3.85905e-114	1
14.59	2	1.41421	8.15328e-104	4.13859e-120	8.15328e-104	1.03961e-114	1
14.6	2	1.41421	3.10396e-104	1.6122e-120	3.10396e-104	5.38942e-115	1
14.62	0	1	4.47296e-105	2.43505e-121	4.47296e-105	1.44491e-115	1
14.64	2	1.41421	6.39672e-106	3.65492e-122	6.39672e-106	3.86137e-116	1
14.65	6	2.44949	2.4121e-106	1.41267e-122	2.4121e-106	1.99374e-116	1
14.67	1	1	3.41023e-107	2.10052e-123	3.41023e-107	5.30246e-117	1
14.68	3	1.73205	1.2786e-107	8.08071e-124	1.2786e-107	2.73123e-117	1
14.7	6	2.44949	1.78709e-108	1.19029e-124	1.78709e-108	7.22894e-118	1
14.71	4	2	6.66207e-109	4.55757e-125	6.66207e-109	3.71457e-118	1
14.73	5	2.23607	9.2055e-110	6.6505e-126	9.2055e-110	9.78435e-119	1
14.75	0	1	1.26232e-110	9.64392e-127	1.26232e-110	2.56897e-119	1
14.76	6	2.44949	4.66108e-111	3.6638e-127	4.66108e-111	1.31477e-119	1
14.78	1	1	6.31878e-112	5.26318e-128	6.31878e-112	3.43546e-120	1
14.79	1	1	2.31987e-112	1.99015e-128	2.31987e-112	1.754e-120	1
14.81	1	1	3.1091e-113	2.83217e-129	3.1091e-113	4.5611e-121	1
14.83	3	1.73205	4.13514e-114	4.00527e-130	4.13514e-114	1.18227e-121	1
14.84	3	1.73205	1.50375e-114	1.50268e-130	1.50375e-114	6.01196e-122	1
14.86	2	1.41421	1.97722e-115	2.10521e-131	1.97722e-115	1.55085e-122	1
14.87	3	1.73205	7.14911e-116	7.86123e-132	7.1491e-116	7.86724e-123	1
14.89	2	1.41421	9.29304e-117	1.09103e-132	9.29303e-117	2.01968e-123	1
14.9	2	1.41421	3.34093e-117	4.05499e-133	3.34093e-117	1.02209e-123	1
14.92	2	1.41421	4.29337e-118	5.57511e-134	4.29336e-118	2.6113e-124	1
14.94	4	2	5.47536e-119	7.61721e-135	5.47536e-119	6.65011e-125	1
14.95	4	2	1.94974e-119	2.80897e-135	1.94974e-119	3.35191e-125	1
14.97	2	1.41421	2.4582e-120	3.80195e-136	2.45819e-120	8.49514e-126	1
14.98	5	2.23607	8.7035e-121	1.39545e-136	8.70345e-121	4.27156e-126	1
15	1	1	1.08483e-121	1.87108e-137	1.08482e-121	1.07739e-126	1
15.02	5	2.23607	1.34188e-122	2.49314e-138	1.34185e-122	2.70872e-127	1
15.03	1	1	4.70596e-123	9.07934e-139	4.70582e-123	1.35655e-127	1
15.05	2	1.41421	5.75486e-124	1.19847e-139	5.75452e-124	3.39417e-128	1
15.06	2	1.41421	2.00673e-124	4.34403e-140	2.00656e-124	1.69574e-128	1
15.08	0	1	2.4262e-125	5.68045e-141	2.42578e-125	4.22244e-129	1
15.09	5	2.23607	8.4123e-126	2.04931e-141	8.4102e-126	2.10447e-129	1
15.11	6	2.44949	1.00567e-126	2.65469e-142	1.00515e-126	5.21501e-130	1
15.13	2	1.41421	1.19346e-127	3.41743e-143	1.19217e-127	1.28816e-130	1
15.14	2	1.41421	4.10039e-128	1.22327e-143	4.094e-128	6.39449e-131	1
15.16	3	1.73205	4.81615e-129	1.56e-144	4.80043e-129	1.57192e-131	1
15.17	4	2	1.64687e-129	5.55783e-145	1.63909e-129	7.78428e-132	1
15.19	1	1	1.91907e-130	7.02144e-146	1.90003e-130	1.90436e-132	1
15.21	2	1.41421	2.23219e-131	8.81504e-147	2.18575e-131	4.64391e-133	1
15.22	7	2.64575	7.62132e-132	3.11604e-147	7.39228e-132	2.29049e-133	1
15.24	6	2.44949	8.96293e-133	3.87542e-148	8.40707e-133	5.55866e-134	1
15.25	1	1	3.10056e-133	1.3635e-148	2.82705e-133	2.73507e-134	1
15.27	6	2.44949	3.83909e-134	1.67992e-149	3.17852e-134	6.60568e-135	1
15.28	1	1	1.38698e-134	5.88282e-150	1.06274e-134	3.24242e-135	1
15.3	3	1.73205	1.96059e-135	7.18019e-151	1.18126e-135	7.79337e-136	1
15.32	2	1.41421	3.17018e-136	8.70893e-152	1.303e-136	1.86718e-136	1
15.33	1	1	1.34436e-136	3.02593e-152	4.3152e-137	9.12837e-137	1
15.35	5	2.23607	2.64708e-137	3.63584e-153	4.70572e-138	2.17651e-137	1
15.36	2	1.41421	1.21646e-137	1.25735e-153	1.54951e-138	1.0615e-137	1
15.38	4	2	2.68587e-138	1.49665e-154	1.6705e-139	2.51882e-138	1
15.4	1	1	6.13639e-139	1.77037e-155	1.78723e-140	5.95767e-139	1
15.41	4	2	2.95226e-139	6.07454e-156	5.82912e-141	2.89396e-139	1
15.43	5	2.23607	6.87374e-140	7.11824e-157	6.16541e-142	6.81208e-140	1
15.44	2	1.41421	3.32103e-140	2.43098e-157	1.99939e-142	3.30103e-140	1
15.46	1	1	7.75383e-141	2.82201e-158	2.09065e-143	7.73292e-141	1
15.47	2	1.41421	3.74498e-141	9.59236e-159	6.7411e-144	3.73824e-141	1
15.49	1	1	8.72198e-142	1.10311e-159	6.96852e-145	8.71501e-142	1
15.51	1	1	2.02594e-142	1.26064e-160	7.1488e-146	2.02523e-142	1
15.52	5	2.23607	9.75337e-143	4.25165e-161	2.28316e-146	9.75108e-143	1
15.54	3	1.73205	2.25533e-143	4.81334e-162	2.31555e-147	2.2551e-143	1
15.55	6	2.44949	1.08325e-143	1.61574e-162	7.35309e-148	1.08317e-143	1
15.57	5	2.23607	2.49305e-144	1.81208e-163	7.37247e-149	2.49297e-144	1
15.59	4	2	5.71936e-145	2.01959e-164	7.33567e-150	5.71929e-145	1
15.6	1	1	2.73612e-145	6.72643e-165	2.30733e-150	2.73609e-145	1
15.62	2	1.41421	6.24688e-146	7.42655e-166	2.26966e-151	6.24686e-146	1
15.63	1	1	2.9813e-146	2.46189e-166	7.09813e-152	2.98129e-146	1
15.65	6	2.44949	6.77396e-147	2.6927e-167	6.90273e-153	6.77396e-147	1
15.66	4	2	3.22507e-147	8.88438e-168	2.14643e-153	3.22506e-147	1
15.68	2	1.41421	7.29262e-148	9.62641e-169	2.06357e-154	7.29262e-148	1
15.7	0	1	1.64374e-148	1.03652e-169	1.96881e-155	1.64374e-148	1
15.71	4	2	7.79444e-149	3.39326e-170	6.06392e-156	7.79444e-149	1
15.73	4	2	1.7484e-149	3.61951e-171	5.71958e-157	1.7484e-149	1
15.74	2	1.41421	8.27079e-150	1.17936e-171	1.75156e-157	8.27079e-150	1
15.76	2	1.41421	1.84634e-150	1.24622e-172	1.63329e-158	1.84634e-150	1
15.77	1	1	8.71304e-151	4.04157e-173	4.97321e-159	8.71304e-151	1
15.79	3	1.73205	1.93571e-151	4.23075e-174	4.58456e-160	1.93571e-151	1
15.81	4	2	4.28663e-152	4.40112e-175	4.19414e-161	4.28663e-152	1
15.82	3	1.73205	2.0148e-152	1.41617e-175	1.26494e-161	2.0148e-152	1
15.84	2	1.41421	4.44031e-153	1.45942e-176	1.14404e-162	4.44031e-153	1
15.85	2	1.41421	2.082e-153	4.67401e-177	3.4307e-163	2.082e-153	1
15.87	2	1.41421	4.56637e-154	4.77167e-178	3.06745e-164	4.56637e-154	1
15.89	1	1	9.98311e-155	4.84093e-179	2.7218e-165	9.98311e-155	1
15.9	2	1.41421	4.66219e-155	1.53829e-179	8.08448e-166	4.66219e-155	1
15.92	3	1.73205	1.01436e-155	1.54602e-180	7.0918e-167	1.01436e-155	1
15.93	3	1.73205	4.72573e-156	4.88969e-181	2.09442e-167	4.72573e-156	1
15.95	5	2.23607	1.02324e-156	4.86827e-182	1.81632e-168	1.02324e-156	1
15.96	5	2.23607	4.75563e-157	1.5325e-182	5.33352e-169	4.75563e-157	1
15.98	7	2.64575	1.02476e-157	1.51151e-183	4.57265e-170	1.02476e-157	1
16	2	1.41421	2.20112e-158	1.4815e-184	3.89051e-171	2.20112e-158	1
16.01	2	1.41421	1.0189e-158	4.62727e-185	1.13157e-171	1.0189e-158	1
16.03	7	2.64575	2.178e-159	4.49295e-186	9.51796e-173	2.178e-159	1
16.04	4	2	1.00577e-159	1.39674e-186	2.75253e-173	1.00577e-159	1
16.06	2	1.41421	2.1396e-160	1.3435e-187	2.28886e-174	2.1396e-160	1
16.08	3	1.73205	4.53702e-161	1.28422e-188	1.88882e-175	4.53702e-161	1
16.09	3	1.73205	2.08673e-161	3.96114e-189	5.41045e-176	2.08673e-161	1
16.11	1	1	4.40365e-162	3.75094e-190	4.41398e-177	4.40365e-162	1
16.12	0	1	2.02052e-162	1.15154e-190	1.25714e-177	2.02052e-162	1
16.14	2	1.41421	4.24341e-163	1.08023e-191	1.01393e-178	4.24341e-163	1
16.15	4	2	1.94231e-163	3.30076e-192	2.87127e-179	1.94231e-163	1
16.17	0	1	4.05956e-164	3.06738e-193	2.28939e-180	4.05956e-164	1
16.19	1	1	8.45752e-165	2.8327e-194	1.81155e-181	8.45752e-165	1
16.2	0	1	3.85569e-165	8.58807e-195	5.08128e-182	3.85569e-165	1
16.22	4	2	7.99418e-166	7.8568e-196	3.97492e-183	7.99418e-166	1
16.23	2	1.41421	3.63569e-166	2.37083e-196	1.10857e-183	3.63569e-166	1
16.25	2	1.41421	7.50179e-167	2.14866e-197	8.57321e-185	7.50179e-167	1
16.27	0	1	1.54294e-167	1.93514e-198	6.57972e-186	1.54294e-167	1
16.28	3	1.73205	6.98903e-168	5.79381e-199	1.81759e-186	6.98903e-168	1
16.3	4	2	1.43056e-168	5.16925e-200	1.37907e-187	1.43056e-168	1
16.31	2	1.41421	6.46441e-169	1.54042e-200	3.7878e-188	6.46441e-169	1
16.33	7	2.64575	1.31682e-169	1.3615e-201	2.8412e-189	1.31682e-169	1
16.34	2	1.41421	5.93611e-170	4.0382e-202	7.75916e-190	5.93611e-170	1
16.36	0	1	1.20339e-170	3.53578e-203	5.7538e-191	1.20339e-170	1
16.38	3	1.73205	2.43173e-171	3.07653e-204	4.23427e-192	2.43173e-171	1
16.39	5	2.23607	1.09181e-171	9.05374e-205	1.14537e-192	1.09181e-171	1
16.41	2	1.41421	2.19565e-172	7.80407e-206	8.33287e-194	2.19565e-172	1
16.42	4	2	9.83439e-173	2.28585e-206	2.24117e-194	9.83439e-173	1
16.44	3	1.73205	1.96821e-173	1.9519e-207	1.61194e-195	1.96821e-173	1
16.46	4	2	3.92644e-174	1.65633e-208	1.15055e-196	3.92644e-174	1
16.47	3	1.73205	1.75162e-174	4.8136e-209	3.06507e-197	1.75162e-174	1
16.49	3	1.73205	3.47756e-175	4.04647e-210	2.16283e-198	3.47756e-175	1
16.5	2	1.41421	1.54763e-175	1.17046e-210	5.72889e-199	1.54763e-175	1
16.52	1	1	3.05781e-176	9.74724e-212	3.99648e-200	3.05781e-176	1
16.53	2	1.41421	1.35756e-176	2.80623e-212	1.05254e-200	1.35756e-176	1
16.55	5	2.23607	2.66936e-177	2.31507e-213	7.2589e-202	2.66936e-177	1
16.57	6	2.44949	5.23191e-178	1.89794e-214	4.96806e-203	5.23191e-178	1
16.58	4	2	2.31347e-178	5.42152e-215	1.29599e-203	2.31347e-178	1
16.6	3	1.73205	4.51257e-179	4.40309e-216	8.76885e-205	4.51257e-179	1
16.61	3	1.73205	1.99059e-179	1.25186e-216	2.27441e-205	1.99059e-179	1
16.63	1	1	3.86411e-180	1.00718e-217	1.52137e-206	3.86411e-180	1
16.65	0	1	7.47689e-181	8.05269e-219	1.00992e-207	7.47689e-181	1
16.66	2	1.41421	3.28499e-181	2.27162e-219	2.59458e-208	3.28499e-181	1
16.68	4	2	6.32577e-182	1.79923e-220	1.70272e-209	6.32577e-182	1
16.69	1	1	2.77255e-182	5.05173e-221	4.34947e-210	2.77255e-182	1
16.71	1	1	5.31332e-183	3.96375e-222	2.82187e-211	5.31332e-183	1
16.72	4	2	2.3232e-183	1.10769e-222	7.1671e-212	2.3232e-183	1
16.74	3	1.73205	4.43077e-184	8.61001e-224	4.59694e-213	4.43077e-184	1
16.76	0	1	8.42321e-185	6.65068e-225	2.92602e-214	8.42321e-185	1
16.77	5	2.23607	3.6682e-185	1.84407e-225	7.36103e-215	3.6682e-185	1
16.79	2	1.41421	6.93998e-186	1.41109e-226	4.63204e-216	6.93998e-186	1
16.8	3	1.73205	3.015e-186	3.89426e-227	1.15863e-216	3.015e-186	1
16.82	4	2	5.67675e-187	2.95204e-228	7.20784e-218	5.67675e-187	1
16.83	1	1	2.46027e-187	8.10868e-229	1.79263e-218	2.46027e-187	1
16.85	4	2	4.61001e-188	6.08926e-230	1.10249e-219	4.61001e-188	1
16.87	3	1.73205	8.61044e-189	4.5442e-231	6.7289e-221	8.61044e-189	1
16.88	2	1.41421	3.71676e-189	1.23846e-231	1.65762e-221	3.71676e-189	1
16.9	0	1	6.90868e-190	9.15573e-233	1.00018e-222	6.90868e-190	1
16.91	0	1	2.975e-190	2.48358e-233	2.4498e-223	2.975e-190	1
16.93	4	2	5.50332e-191	1.81888e-234	1.46133e-224	5.50332e-191	1
16.95	4	2	1.01477e-191	1.32376e-235	8.65068e-226	1.01477e-191	1
16.96	2	1.41421	4.35227e-192	3.56281e-236	2.09873e-226	4.35227e-192	1
16.98	0	1	7.98666e-193	2.56871e-237	1.22824e-227	7.98666e-193	1
16.99	1	1	3.41717e-193	6.88108e-238	2.96281e-228	3.41717e-193	1
17.01	0	1	6.24055e-194	4.9147e-239	1.71418e-229	6.24055e-194	1
17.02	2	1.41421	2.66366e-194	1.31038e-239	4.11139e-230	2.66366e-194	1
17.04	1	1	4.84107e-195	9.27159e-241	2.35162e-231	4.84107e-195	1
17.06	3	1.73205	8.77021e-196	6.51914e-242	1.33483e-232	8.77021e-196	1
17.07	6	2.44949	3.72839e-196	1.7246e-242	3.17113e-233	3.72839e-196	1
17.09	3	1.73205	6.72196e-197	1.20127e-243	1.77951e-234	6.72196e-197	1
17.1	3	1.73205	2.85076e-197	3.16298e-244	4.20338e-235	2.85076e-197	1
17.12	3	1.73205	5.11497e-198	2.18257e-245	2.3319e-236	5.11497e-198	1
17.14	2	1.41421	9.14808e-199	1.49664e-246	1.28382e-237	9.14808e-199	1
17.15	2	1.41421	3.86412e-199	3.90994e-247	3.00371e-238	3.86412e-199	1
17.17	4	2	6.87771e-200	2.65605e-248	1.63485e-239	6.87771e-200	1
17.18	3	1.73205	2.89813e-200	6.90636e-249	3.80316e-240	2.89813e-200	1
17.2	3	1.73205	5.13356e-201	4.64764e-250	2.0464e-241	5.13356e-201	1
17.21	6	2.44949	2.15797e-201	1.20283e-250	4.73335e-242	2.15797e-201	1
17.23	1	1	3.80412e-202	8.01872e-252	2.5179e-243	3.80412e-202	1
17.25	6	2.44949	6.68447e-203	5.31232e-253	1.32921e-244	6.68447e-203	1
17.26	1	1	2.79866e-203	1.36412e-253	3.04527e-245	2.79866e-203	1
17.28	2	1.41421	4.89407e-204	8.95262e-255	1.58929e-246	4.89407e-204	1
17.29	3	1.73205	2.04412e-204	2.28811e-255	3.62034e-247	2.04412e-204	1
17.31	4	2	3.55741e-205	1.48762e-256	1.8679e-248	3.55741e-205	1
17.33	3	1.73205	6.17113e-206	9.61134e-258	9.56404e-250	6.17113e-206	1
17.34	4	2	2.56719e-206	2.4373e-258	2.15795e-250	2.56719e-206	1
17.36	4	2	4.43196e-207	1.55998e-259	1.09233e-251	4.43196e-207	1
17.37	4	2	1.83925e-207	3.93734e-260	2.45057e-252	1.83925e-207	1
17.39	4	2	3.16e-208	2.49649e-261	1.22632e-253	3.16e-208	1
17.4	0	1	1.30824e-208	6.27152e-262	2.73546e-254	1.30824e-208	1
17.42	0	1	2.23686e-209	3.93928e-263	1.3533e-255	2.23686e-209	1
17.44	1	1	3.81238e-210	2.45889e-264	6.64414e-257	3.81238e-210	1
17.45	0	1	1.572e-210	6.12887e-265	1.46797e-257	1.572e-210	1
17.47	2	1.41421	2.66634e-211	3.78984e-266	7.12509e-259	2.66634e-211	1
17.48	1	1	1.09679e-211	9.40199e-267	1.56525e-259	1.09679e-211	1
17.5	5	2.23607	1.85138e-212	5.7594e-268	7.51068e-261	1.85138e-212	1
17.52	3	1.73205	3.1151e-213	3.50601e-269	3.57651e-262	3.1151e-213	1
17.53	5	2.23607	1.27625e-213	8.62998e-270	7.78226e-263	1.27625e-213	1
17.55	1	1	2.13708e-214	5.20431e-271	3.66363e-264	2.13708e-214	1
17.56	3	1.73205	8.73451e-215	1.27502e-271	7.9263e-265	8.73451e-215	1
17.58	2	1.41421	1.45555e-215	7.61709e-273	3.68894e-266	1.45555e-215	1
17.59	0	1	5.93472e-216	1.85739e-273	7.93547e-267	5.93472e-216	1
17.61	1	1	9.84231e-217	1.09924e-274	3.65114e-268	9.84231e-217	1
17.63	3	1.73205	1.62704e-217	6.46483e-276	1.66712e-269	1.62704e-217	1
17.64	0	1	6.60734e-218	1.56412e-276	3.55217e-270	6.60734e-218	1
17.66	1	1	1.08701e-218	9.11282e-278	1.60346e-271	1.08701e-218	1
17.67	3	1.73205	4.40369e-219	2.19444e-278	3.39701e-272	4.40369e-219	1
17.69	1	1	7.20995e-220	1.26656e-279	1.51596e-273	7.20995e-220	1
17.71	3	1.73205	1.17666e-220	7.26445e-281	6.71367e-275	1.17666e-220	1
17.72	1	1	4.74777e-221	1.73569e-281	1.40881e-275	4.74777e-221	1
17.74	1	1	7.71111e-222	9.86207e-283	6.16809e-277	7.71111e-222	1
17.75	1	1	3.1039e-222	2.34528e-283	1.28693e-277	3.1039e-222	1
17.77	2	1.41421	5.01698e-223	1.32011e-284	5.57032e-279	5.01698e-223	1
17.78	1	1	2.01459e-223	3.12461e-285	1.15557e-279	2.01459e-223	1
17.8	2	1.41421	3.24062e-224	1.74231e-286	4.94477e-281	3.24062e-224	1
17.82	1	1	5.19605e-225	9.65463e-288	2.0998e-282	5.19605e-225	1
17.83	1	1	2.07813e-225	2.26735e-288	4.3147e-283	2.07813e-225	1
17.85	1	1	3.31609e-226	1.24465e-289	1.81137e-284	3.31609e-226	1
17.86	0	1	1.32306e-226	2.9093e-290	3.70078e-285	1.32306e-226	1
17.88	2	1.41421	2.10107e-227	1.58209e-291	1.53595e-286	2.10107e-227	1
17.89	2	1.41421	8.36271e-228	3.68073e-292	3.12013e-287	8.36271e-228	1
17.91	2	1.41421	1.32164e-228	1.98287e-293	1.28021e-288	1.32164e-228	1
17.93	1	1	2.08203e-229	1.06154e-294	5.21281e-290	2.08203e-229	1
17.94	6	2.44949	8.25371e-230	2.45038e-295	1.04888e-290	8.25371e-230	1
17.96	1	1	1.29398e-230	1.29954e-296	4.22221e-292	1.29398e-230	1
17.97	3	1.73205	5.11734e-231	2.98572e-297	8.44704e-293	5.11734e-231	1
17.99	2	1.41421	7.98418e-232	1.56864e-298	3.3616e-294	7.98418e-232	1
18.01	4	2	1.24171e-232	8.18984e-300	1.32761e-295	1.24171e-232	1
18.02	1	1	4.89095e-233	1.86694e-300	2.63081e-296	4.89095e-233	1
18.04	0	1	7.56991e-234	9.65608e-302	1.02716e-297	7.56991e-234	1
18.05	0	1	2.97452e-234	2.19086e-302	2.02382e-298	2.97452e-234	1
18.07	1	1	4.58164e-235	1.12254e-303	7.81172e-300	4.58164e-235	1
18.08	2	1.41421	1.79597e-235	2.53498e-304	1.53035e-300	1.79597e-235	1
18.1	1	1	2.75304e-236	1.28671e-305	5.83971e-302	2.75304e-236	1
18.12	1	1	4.20657e-237	6.49027e-307	2.21144e-303	4.20657e-237	1
18.13	4	2	1.64234e-237	1.45423e-307	4.29115e-304	1.64234e-237	1
18.15	4	2	2.49739e-238	7.26664e-309	1.60651e-305	2.49739e-238	1
18.16	0	1	9.72692e-239	1.62055e-309	3.09951e-306	9.72692e-239	1
18.18	3	1.73205	1.47199e-239	8.02196e-311	1.14717e-307	1.47199e-239	1
18.2	1	1	2.22045e-240	3.94618e-312	4.21353e-309	2.22045e-240	1
18.21	1	1	8.61361e-241	8.7318e-313	8.05213e-310	8.61361e-241	1
18.23	0	1	1.29309e-241	4.25517e-314	2.92384e-311	1.29309e-241	1
18.24	4	2	5.00409e-242	9.37135e-315	5.55561e-312	5.00409e-242	1
18.26	1	1	7.47609e-243	4.52393e-316	1.99434e-313	7.47609e-243	1
18.27	0	1	2.8862e-243	9.91589e-317	3.76782e-314	2.8862e-243	1
18.29	0	1	4.29123e-244	4.74036e-318	1.33716e-315	4.29123e-244	1
18.31	3	1.73205	6.35979e-245	2.13703e-319	4.70922e-317	6.35979e-245	1
18.32	4	2	2.4454e-245	3.88533e-320	8.80978e-318	2.4454e-245	1
18.34	4	2	3.60677e-246	0	3.05229e-319	3.60677e-246	1
18.35	0	1	1.3835e-246	0	5.68571e-320	1.3835e-246	1
18.37	1	1	2.03074e-247	0	0	2.03074e-247	1
18.39	1	1	2.97121e-248	0	0	2.97121e-248	1
18.4	1	1	1.13514e-248	0	0	1.13514e-248	1
18.42	1	1	1.65286e-249	0	0	1.65286e-249	1
18.43	1	1	6.29951e-250	0	0	6.29951e-250	1
18.45	1	1	9.12852e-251	0	0	9.12852e-251	1
18.46	1	1	3.47075e-251	0	0	3.47075e-251	1
18.48	1	1	5.00524e-252	0	0	5.00524e-252	1
18.5	1	1	7.19499e-253	0	0	7.19499e-253	1
18.51	1	1	2.72464e-253	0	0	2.72464e-253	1
18.53	3	1.73205	3.89782e-254	0	0	3.89782e-254	1
18.54	2	1.41421	1.4725e-254	0	0	1.4725e-254	1
18.56	2	1.41421	2.0964e-255	0	0	2.0964e-255	1
18.58	2	1.41421	2.97508e-256	0	0	2.97508e-256	1
18.59	0	1	1.1194e-256	0	0	1.1194e-256	1
18.61	3	1.73205	1.58095e-257	0	0	1.58095e-257	1
18.62	3	1.73205	5.93418e-258	0	0	5.93418e-258	1
18.64	2	1.41421	8.34063e-259	0	0	8.34063e-259	1
18.65	1	1	3.12316e-259	0	0	3.12316e-259	1
18.67	0	1	4.36857e-260	0	0	4.36857e-260	1
18.69	1	1	6.09101e-261	0	0	6.09101e-261	1
18.7	0	1	2.27165e-261	0	0	2.27165e-261	1
18.72	1	1	3.15209e-262	0	0	3.15209e-262	1
18.73	1	1	1.17274e-262	0	0	1.17274e-262	1
18.75	3	1.73205	1.61945e-263	0	0	1.61945e-263	1
18.77	2	1.41421	2.22913e-264	0	0	2.22913e-264	1
18.78	2	1.41421	8.26032e-265	0	0	8.26032e-265	1
18.8	3	1.73205	1.13155e-265	0	0	1.13155e-265	1
18.81	0	1	4.18299e-266	0	0	4.18299e-266	1
18.83	0	1	5.70256e-267	0	0	5.70256e-267	1
18.84	0	1	2.10299e-267	0	0	2.10299e-267	1
18.86	3	1.73205	2.85317e-268	0	0	2.85317e-268	1
18.88	1	1	3.85853e-269	0	0	3.85853e-269	1
18.89	3	1.73205	1.41725e-269	0	0	1.41725e-269	1
18.91	1	1	1.90742e-270	0	0	1.90742e-270	1
18.92	4	2	6.98915e-271	0	0	6.98915e-271	1
18.94	2	1.41421	9.36123e-272	0	0	9.36123e-272	1
18.95	3	1.73205	3.42187e-272	0	0	3.42187e-272	1
18.97	1	1	4.5612e-273	0	0	4.5612e-273	1
18.99	2	1.41421	6.06037e-274	0	0	6.06037e-274	1
19	3	1.73205	2.20641e-274	0	0	2.20641e-274	1
19.02	1	1	2.91752e-275	0	0	2.91752e-275	1
19.03	0	1	1.05963e-275	0	0	1.05963e-275	1
19.05	0	1	1.3944e-276	0	0	1.3944e-276	1
19.07	0	1	1.82905e-277	0	0	1.82905e-277	1
19.08	0	1	6.61641e-278	0	0	6.61641e-278	1
19.1	2	1.41421	8.63711e-279	0	0	8.63711e-279	1
19.11	0	1	3.11687e-279	0	0	3.11687e-279	1
19.13	1	1	4.04922e-280	0	0	4.04922e-280	1
19.14	1	1	1.45772e-280	0	0	1.45772e-280	1
19.16	3	1.73205	1.88466e-281	0	0	1.88466e-281	1
19.18	2	1.41421	2.42884e-282	0	0	2.42884e-282	1
19.19	2	1.41421	8.70879e-283	0	0	8.70879e-283	1
19.21	4	2	1.11694e-283	0	0	1.11694e-283	1
19.22	1	1	3.99523e-284	0	0	3.99523e-284	1
19.24	3	1.73205	5.09942e-285	0	0	5.09942e-285	1
19.26	3	1.73205	6.4879e-286	0	0	6.4879e-286	1
19.27	1	1	2.31138e-286	0	0	2.31138e-286	1
19.29	0	1	2.92659e-287	0	0	2.92659e-287	1
19.3	2	1.41421	1.04012e-287	0	0	1.04012e-287	1
19.32	2	1.41421	1.31064e-288	0	0	1.31064e-288	1
19.33	2	1.41421	4.64683e-289	0	0	4.64683e-289	1
19.35	0	1	5.82722e-290	0	0	5.82722e-290	1
19.37	0	1	7.28401e-291	0	0	7.28401e-291	1
19.38	3	1.73205	2.57218e-291	0	0	2.57218e-291	1
19.4	1	1	3.19976e-292	0	0	3.19976e-292	1
19.41	3	1.73205	1.1272e-292	0	0	1.1272e-292	1
19.43	1	1	1.39549e-293	0	0	1.39549e-293	1
19.45	2	1.41421	1.72208e-294	0	0	1.72208e-294	1
19.46	1	1	6.04219e-295	0	0	6.04219e-295	1
19.48	0	1	7.42043e-296	0	0	7.42043e-296	1
19.49	1	1	2.59731e-296	0	0	2.59731e-296	1
19.51	1	1	3.17443e-297	0	0	3.17443e-297	1
19.52	2	1.41421	1.10844e-297	0	0	1.10844e-297	1
19.54	1	1	1.34822e-298	0	0	1.34822e-298	1
19.56	1	1	1.63461e-299	0	0	1.63461e-299	1
19.57	1	1	5.68485e-300	0	0	5.68485e-300	1
19.59	0	1	6.85929e-301	0	0	6.85929e-301	1
19.6	1	1	2.37978e-301	0	0	2.37978e-301	1
19.62	0	1	2.85762e-302	0	0	2.85762e-302	1
19.64	1	1	3.42039e-303	0	0	3.42039e-303	1
19.65	1	1	1.18192e-303	0	0	1.18192e-303	1
19.67	0	1	1.40789e-304	0	0	1.40789e-304	1
19.68	0	1	4.85327e-305	0	0	4.85327e-305	1
19.7	1	1	5.75335e-306	0	0	5.75335e-306	1
19.71	0	1	1.97852e-306	0	0	1.97852e-306	1
19.73	1	1	2.33418e-307	0	0	2.33418e-307	1
19.75	2	1.41421	2.74494e-308	0	0	2.74494e-308	1
19.76	2	1.41421	9.40173e-309	0	0	9.40173e-309	1
19.78	1	1	1.1003e-309	0	0	1.1003e-309	1
19.79	2	1.41421	3.75961e-310	0	0	3.75961e-310	1
19.81	2	1.41421	4.37879e-311	0	0	4.37879e-311	1
19.83	2	1.41421	5.0836e-312	0	0	5.0836e-312	1
19.84	4	2	1.73004e-312	0	0	1.73004e-312	1
19.86	0	1	1.99885e-313	0	0	1.99885e-313	1
19.87	0	1	6.78607e-314	0	0	6.78607e-314	1
19.89	0	1	7.80278e-315	0	0	7.80278e-315	1
19.9	2	1.41421	2.64266e-315	0	0	2.64266e-315	1
19.92	1	1	3.02398e-316	0	0	3.02398e-316	1
19.94	0	1	3.44917e-317	0	0	3.44917e-317	1
19.95	1	1	1.16336e-317	0	0	1.16336e-317	1
19.97	3	1.73205	1.32001e-318	0	0	1.32001e-318	1
19.98	4	2	4.43651e-319	0	0	4.43651e-319	1
20	0	1	4.92929e-320	0	0	4.92929e-320	1
20.02	0	1	5.47919e-321	0	0	5.47919e-321	1
20.03	0	1	1.82804e-321	0	0	1.82804e-321	1
20.05	2	1.41421	0	0	0	0	1
20.06	2	1.41421	0	0	0	0	1
20.08	3	1.73205	0	0	0	0	1
20.09	1	1	0	0	0	0	1
20.11	0	1	0	0	0	0	1
20.13	2	1.41421	0	0	0	0	1
20.14	1	1	0	0	0	0	1
20.16	0	1	0	0	0	0	1
20.17	1	1	0	0	0	0	1
20.19	1	1	0	0	0	0	1
20.2	1	1	0	0	0	0	1
20.22	3	1.73205	0	0	0	0	1
20.24	1	1	0	0	0	0	1
20.25	1	1	0	0	0	0	1
20.27	1	1	0	0	0	0	1
20.28	1	1	0	0	0	0	1
20.3	2	1.41421	0	0	0	0	1
20.32	0	1	0	0	0	0	1
20.33	1	1	0	0	0	0	1
20.35	1	1	0	0	0	0	1
20.36	1	1	0	0	0	0	1
20.38	2	1.41421	0	0	0	0	1
20.39	0	1	0	0	0	0	1
20.41	1	1	0	0	0	0	1
20.43	0	1	0	0	0	0	1
20.44	1	1	0	0	0	0	1
20.46	2	1.41421	0	0	0	0	1
20.47	1	1	0	0	0	0	1
20.49	3	1.73205	0	0	0	0	1
20.51	1	1	0	0	0	0	1
20.52	1	1	0	0	0	0	1
20.54	0	1	0	0	0	0	1
20.55	0	1	0	0	0	0	1
20.57	2	1.41421	0	0	0	0	1
20.58	0	1	0	0	0	0	1
20.6	3	1.73205	0	0	0	0	1
20.62	2	1.41421	0	0	0	0	1
20.63	1	1	0	0	0	0	1
20.65	2	1.41421	0	0	0	0	1
20.66	2	1.41421	0	0	0	0	1
20.68	0	1	0	0	0	0	1
20.7	2	1.41421	0	0	0	0	1
20.71	0	1	0	0	0	0	1
20.73	0	1	0	0	0	0	1
20.74	2	1.41421	0	0	0	0	1
20.76	2	1.41421	0	0	0	0	1
20.77	1	1	0	0	0	0	1
20.79	2	1.41421	0	0	0	0	1
20.81	0	1	0	0	0	0	1
20.82	2	1.41421	0	0	0	0	1
20.84	1	1	0	0	0	0	1
20.85	2	1.41421	0	0	0	0	1
20.87	1	1	0	0	0	0	1
20.89	1	1	0	0	0	0	1
20.9	1	1	0	0	0	0	1
20.92	1	1	0	0	0	0	1
20.93	2	1.41421	0	0	0	0	1
20.95	3	1.73205	0	0	0	0	1
20.96	2	1.41421	0	0	0	0	1
20.98	1	1	0	0	0	0	1
21	3	1.73205	0	0	0	0	1
21.01	0	1	0	0	0	0	1
21.03	2	1.41421	0	0	0	0	1
21.04	2	1.41421	0	0	0	0	1
21.06	2	1.41421	0	0	0	0	1
21.08	4	2	0	0	0	0	1
21.09	2	1.41421	0	0	0	0	1
21.11	0	1	0	0	0	0	1
21.12	1	1	0	0	0	0	1
21.14	0	1	0	0	0	0	1
21.15	0	1	0	0	0	0	1
21.17	2	1.41421	0	0	0	0	1
21.19	3	1.73205	0	0	0	0	1
21.2	2	1.41421	0	0	0	0	1
21.22	1	1	0	0	0	0	1
21.23	1	1	0	0	0	0	1
21.25	0	1	0	0	0	0	1
21.26	1	1	0	0	0	0	1
21.28	1	1	0	0	0	0	1
21.3	3	1.73205	0	0	0	0	1
21.31	1	1	0	0	0	0	1
21.33	1	1	0	0	0	0	1
21.34	2	1.41421	0	0	0	0	1
21.36	1	1	0	0	0	0	1
21.38	1	1	0	0	0	0	1
21.39	0	1	0	0	0	0	1
21.41	0	1	0	0	0	0	1
21.42	3	1.73205	0	0	0	0	1
21.44	0	1	0	0	0	0	1
21.45	1	1	0	0	0	0	1
21.47	1	1	0	0	0	0	1
21.49	1	1	0	0	0	0	1
21.5	0	1	0	0	0	0	1
21.52	1	1	0	0	0	0	1
21.53	0	1	0	0	0	0	1
21.55	0	1	0	0	0	0	1
21.57	0	1	0	0	0	0	1
21.58	0	1	0	0	0	0	1
21.6	0	1	0	0	0	0	1
21.61	0	1	0	0	0	0	1
21.63	0	1	0	0	0	0	1
21.64	0	1	0	0	0	0	1
21.66	0	1	0	0	0	0	1
21.68	1	1	0	0	0	0	1
21.69	1	1	0	0	0	0	1
21.71	1	1	0	0	0	0	1
21.72	0	1	0	0	0	0	1
21.74	0	1	0	0	0	0	1
21.76	1	1	0	0	0	0	1
21.77	0	1	0	0	0	0	1
21.79	0	1	0	0	0	0	1
21.8	0	1	0	0	0	0	1
21.82	1	1	0	0	0	0	1
21.83	1	1	0	0	0	0	1
21.85	0	1	0	0	0	0	1
21.87	1	1	0	0	0	0	1
21.88	0	1	0	0	0	0	1
21.9	0	1	0	0	0	0	1
21.91	2	1.41421	0	0	0	0	1
21.93	0	1	0	0	0	0	1
21.95	2	1.41421	0	0	0	0	1
21.96	1	1	0	0	0	0	1
21.98	2	1.41421	0	0	0	0	1
21.99	1	1	0	0	0	0	1
22.01	1	1	0	0	0	0	1
22.02	0	1	0	0	0	0	1
22.04	2	1.41421	0	0	0	0	1
22.06	0	1	0	0	0	0	1
22.07	2	1.41421	0	0	0	0	1
22.09	1	1	0	0	0	0	1
22.1	0	1	0	0	0	0	1
22.12	2	1.41421	0	0	0	0	1
22.14	2	1.41421	0	0	0	0	1
22.15	1	1	0	0	0	0	1
22.17	1	1	0	0	0	0	1
22.18	1	1	0	0	0	0	1
22.2	1	1	0	0	0	0	1
22.21	0	1	0	0	0	0	1
22.23	2	1.41421	0	0	0	0	1
22.25	0	1	0	0	0	0	1
22.26	3	1.73205	0	0	0	0	1
22.28	1	1	0	0	0	0	1
22.29	2	1.41421	0	0	0	0	1
22.31	2	1.41421	0	0	0	0	1
22.32	0	1	0	0	0	0	1
22.34	0	1	0	0	0	0	1
22.36	0	1	0	0	0	0	1
22.37	1	1	0	0	0	0	1
22.39	0	1	0	0	0	0	1
22.4	1	1	0	0	0	0	1
22.42	2	1.41421	0	0	0	0	1
22.44	1	1	0	0	0	0	1
22.45	0	1	0	0	0	0	1
22.47	0	1	0	0	0	0	1
22.48	1	1	0	0	0	0	1
22.5	1	1	0	0	0	0	1
22.51	1	1	0	0	0	0	1
22.53	0	1	0	0	0	0	1
22.55	1	1	0	0	0	0	1
22.56	0	1	0	0	0	0	1
22.58	1	1	0	0	0	0	1
22.59	1	1	0	0	0	0	1
22.61	1	1	0	0	0	0	1
22.63	1	1	0	0	0	0	1
22.64	0	1	0	0	0	0	1
22.66	0	1	0	0	0	0	1
22.67	0	1	0	0	0	0	1
22.69	1	1	0	0	0	0	1
22.7	2	1.41421	0	0	0	0	1
22.72	1	1	0	0	0	0	1
22.74	2	1.41421	0	0	0	0	1
22.75	1	1	0	0	0	0	1
22.77	2	1.41421	0	0	0	0	1
22.78	1	1	0	0	0	0	1
22.8	1	1	0	0	0	0	1
22.82	1	1	0	0	0	0	1
22.83	1	1	0	0	0	0	1
22.85	0	1	0	0	0	0	1
22.86	1	1	0	0	0	0	1
22.88	2	1.41421	0	0	0	0	1
22.89	0	1	0	0	0	0	1
22.91	1	1	0	0	0	0	1
22.93	0	1	0	0	0	0	1
22.94	1	1	0	0	0	0	1
22.96	1	1	0	0	0	0	1
22.97	1	1	0	0	0	0	1
22.99	2	1.41421	0	0	0	0	1
23.01	0	1	0	0	0	0	1
23.02	1	1	0	0	0	0	1
23.04	0	1	0	0	0	0	1
23.05	1	1	0	0	0	0	1
23.07	1	1	0	0	0	0	1
23.08	0	1	0	0	0	0	1
23.1	2	1.41421	0	0	0	0	1
23.12	0	1	0	0	0	0	1
23.13	1	1	0	0	0	0	1
23.15	0	1	0	0	0	0	1
23.16	0	1	0	0	0	0	1
23.18	0	1	0	0	0	0	1
23.2	0	1	0	0	0	0	1
23.21	3	1.73205	0	0	0	0	1
23.23	0	1	0	0	0	0	1
23.24	1	1	0	0	0	0	1
23.26	0	1	0	0	0	0	1
23.27	1	1	0	0	0	0	1
23.29	0	1	0	0	0	0	1
23.31	0	1	0	0	0	0	1
23.32	0	1	0	0	0	0	1
23.34	1	1	0	0	0	0	1
23.35	2	1.41421	0	0	0	0	1
23.37	1	1	0	0	0	0	1
23.38	0	1	0	0	0	0	1
23.4	0	1	0	0	0	0	1
23.42	1	1	0	0	0	0	1
23.43	1	1	0	0	0	0	1
23.45	0	1	0	0	0	0	1
23.46	1	1	0	0	0	0	1
23.48	1	1	0	0	0	0	1
23.5	0	1	0	0	0	0	1
23.51	2	1.41421	0	0	0	0	1
23.53	0	1	0	0	0	0	1
23.54	0	1	0	0	0	0	1
23.56	0	1	0	0	0	0	1
23.57	1	1	0	0	0	0	1
23.59	0	1	0	0	0	0	1
23.61	1	1	0	0	0	0	1
23.62	0	1	0	0	0	0	1
23.64	1	1	0	0	0	0	1
23.65	1	1	0	0	0	0	1
23.67	0	1	0	0	0	0	1
23.69	1	1	0	0	0	0	1
23.7	0	1	0	0	0	0	1
23.72	0	1	0	0	0	0	1
23.73	0	1	0	0	0	0	1
23.75	1	1	0	0	0	0	1
23.76	2	1.41421	0	0	0	0	1
23.78	0	1	0	0	0	0	1
23.8	0	1	0	0	0	0	1
23.81	0	1	0	0	0	0	1
23.83	0	1	0	0	0	0	1
23.84	0	1	0	0	0	0	1
23.86	0	1	0	0	0	0	1
23.88	1	1	0	0	0	0	1
23.89	0	1	0	0	0	0	1
23.91	1	1	0	0	0	0	1
23.92	1	1	0	0	0	0	1
23.94	0	1	0	0	0	0	1
23.95	0	1	0	0	0	0	1
23.97	0	1	0	0	0	0	1
23.99	1	1	0	0	0	0	1
24	0	1	0	0	0	0	1
24.02	0	1	0	0	0	0	1
24.03	0	1	0	0	0	0	1
24.05	2	1.41421	0	0	0	0	1
24.07	0	1	0	0	0	0	1
24.08	0	1	0	0	0	0	1
24.1	0	1	0	0	0	0	1
24.11	0	1	0	0	0	0	1
24.13	0	1	0	0	0	0	1
24.14	0	1	0	0	0	0	1
24.16	2	1.41421	0	0	0	0	1
24.18	2	1.41421	0	0	0	0	1
24.19	0	1	0	0	0	0	1
24.21	2	1.41421	0	0	0	0	1
24.22	0	1	0	0	0	0	1
24.24	1	1	0	0	0	0	1
24.26	0	1	0	0	0	0	1
24.27	1	1	0	0	0	0	1
24.29	0	1	0	0	0	0	1
24.3	1	1	0	0	0	0	1
24.32	4	2	0	0	0	0	1
24.33	1	1	0	0	0	0	1
24.35	0	1	0	0	0	0	1
24.37	0	1	0	0	0	0	1
24.38	1	1	0	0	0	0	1
24.4	0	1	0	0	0	0	1
24.41	0	1	0	0	0	0	1
24.43	2	1.41421	0	0	0	0	1
24.45	2	1.41421	0	0	0	0	1
24.46	0	1	0	0	0	0	1
24.48	0	1	0	0	0	0	1
24.49	0	1	0	0	0	0	1
24.51	0	1	0	0	0	0	1
24.52	1	1	0	0	0	0	1
24.54	0	1	0	0	0	0	1
24.56	0	1	0	0	0	0	1
24.57	1	1	0	0	0	0	1
24.59	2	1.41421	0	0	0	0	1
24.6	0	1	0	0	0	0	1
24.62	1	1	0	0	0	0	1
24.63	0	1	0	0	0	0	1
24.65	0	1	0	0	0	0	1
24.67	1	1	0	0	0	0	1
24.68	1	1	0	0	0	0	1
24.7	1	1	0	0	0	0	1
24.71	0	1	0	0	0	0	1
24.73	1	1	0	0	0	0	1
24.75	0	1	0	0	0	0	1
24.76	1	1	0	0	0	0	1
24.78	0	1	0	0	0	0	1
24.79	1	1	0	0	0	0	1
24.81	1	1	0	0	0	0	1
24.82	0	1	0	0	0	0	1
24.84	0	1	0	0	0	0	1
24.86	0	1	0	0	0	0	1
24.87	2	1.41421	0	0	0	0	1
24.89	0	1	0	0	0	0	1
24.9	1	1	0	0	0	0	1
24.92	1	1	0	0	0	0	1
24.94	2	1.41421	0	0	0	0	1
24.95	0	1	0	0	0	0	1
24.97	1	1	0	0	0	0	1
24.98	1	1	0	0	0	0	1
25	2	1.41421	0	0	0	0	1
25.01	1	1	0	0	0	0	1
25.03	2	1.41421	0	0	0	0	1
25.05	2	1.41421	0	0	0	0	1
25.06	2	1.41421	0	0	0	0	1
25.08	0	1	0	0	0	0	1
25.09	1	1	0	0	0	0	1
25.11	0	1	0	0	0	0	1
25.13	0	1	0	0	0	0	1
25.14	0	1	0	0	0	0	1
25.16	2	1.41421	0	0	0	0	1
25.17	0	1	0	0	0	0	1
25.19	1	1	0	0	0	0	1
25.2	0	1	0	0	0	0	1
25.22	1	1	0	0	0	0	1
25.24	1	1	0	0	0	0	1
25.25	0	1	0	0	0	0	1
25.27	1	1	0	0	0	0	1
25.28	1	1	0	0	0	0	1
25.3	0	1	0	0	0	0	1
25.32	1	1	0	0	0	0	1
25.33	0	1	0	0	0	0	1
25.35	0	1	0	0	0	0	1
25.36	0	1	0	0	0	0	1
25.38	0	1	0	0	0	0	1
25.39	1	1	0	0	0	0	1
25.41	0	1	0	0	0	0	1
25.43	0	1	0	0	0	0	1
25.44	1	1	0	0	0	0	1
25.46	1	1	0	0	0	0	1
25.47	0	1	0	0	0	0	1
25.49	1	1	0	0	0	0	1
25.51	1	1	0	0	0	0	1
25.52	0	1	0	0	0	0	1
25.54	0	1	0	0	0	0	1
25.55	0	1	0	0	0	0	1
25.57	1	1	0	0	0	0	1
25.58	1	1	0	0	0	0	1
25.6	0	1	0	0	0	0	1
25.62	1	1	0	0	0	0	1
25.63	0	1	0	0	0	0	1
25.65	0	1	0	0	0	0	1
25.66	0	1	0	0	0	0	1
25.68	1	1	0	0	0	0	1
25.69	0	1	0	0	0	0	1
25.71	0	1	0	0	0	0	1
25.73	0	1	0	0	0	0	1
25.74	0	1	0	0	0	0	1
25.76	1	1	0	0	0	0	1
25.77	0	1	0	0	0	0	1
25.79	2	1.41421	0	0	0	0	1
25.81	0	1	0	0	0	0	1
25.82	0	1	0	0	0	0	1
25.84	0	1	0	0	0	0	1
25.85	1	1	0	0	0	0	1
25.87	1	1	0	0	0	0	1
25.88	1	1	0	0	0	0	1
25.9	0	1	0	0	0	0	1
25.92	1	1	0	0	0	0	1
25.93	1	1	0	0	0	0	1
25.95	0	1	0	0	0	0	1
25.96	0	1	0	0	0	0	1
25.98	1	1	0	0	0	0	1
26	1	1	0	0	0	0	1
26.01	0	1	0	0	0	0	1
26.03	2	1.41421	0	0	0	0	1
26.04	0	1	0	0	0	0	1
26.06	0	1	0	0	0	0	1
26.07	1	1	0	0	0	0	1
26.09	0	1	0	0	0	0	1
26.11	0	1	0	0	0	0	1
26.12	2	1.41421	0	0	0	0	1
26.14	0	1	0	0	0	0	1
26.15	0	1	0	0	0	0	1
26.17	0	1	0	0	0	0	1
26.19	0	1	0	0	0	0	1
26.2	1	1	0	0	0	0	1
26.22	1	1	0	0	0	0	1
26.23	0	1	0	0	0	0	1
26.25	2	1.41421	0	0	0	0	1
26.26	0	1	0	0	0	0	1
26.28	2	1.41421	0	0	0	0	1
26.3	0	1	0	0	0	0	1
26.31	1	1	0	0	0	0	1
26.33	0	1	0	0	0	0	1
26.34	1	1	0	0	0	0	1
26.36	0	1	0	0	0	0	1
26.38	0	1	0	0	0	0	1
26.39	1	1	0	0	0	0	1
26.41	1	1	0	0	0	0	1
26.42	1	1	0	0	0	0	1
26.44	0	1	0	0	0	0	1
26.45	0	1	0	0	0	0	1
26.47	0	1	0	0	0	0	1
26.49	0	1	0	0	0	0	1
26.5	0	1	0	0	0	0	1
26.52	1	1	0	0	0	0	1
26.53	0	1	0	0	0	0	1
26.55	1	1	0	0	0	0	1
26.57	1	1	0	0	0	0	1
26.58	0	1	0	0	0	0	1
26.6	1	1	0	0	0	0	1
26.61	0	1	0	0	0	0	1
26.63	0	1	0	0	0	0	1
26.64	1	1	0	0	0	0	1
26.66	0	1	0	0	0	0	1
26.68	0	1	0	0	0	0	1
26.69	0	1	0	0	0	0	1
26.71	0	1	0	0	0	0	1
26.72	0	1	0	0	0	0	1
26.74	0	1	0	0	0	0	1
26.75	1	1	0	0	0	0	1
26.77	0	1	0	0	0	0	1
26.79	0	1	0	0	0	0	1
26.8	0	1	0	0	0	0	1
26.82	0	1	0	0	0	0	1
26.83	0	1	0	0	0	0	1
26.85	0	1	0	0	0	0	1
26.87	0	1	0	0	0	0	1
26.88	1	1	0	0	0	0	1
26.9	0	1	0	0	0	0	1
26.91	0	1	0	0	0	0	1
26.93	0	1	0	0	0	0	1
26.94	1	1	0	0	0	0	1
26.96	1	1	0	0	0	0	1
26.98	1	1	0	0	0	0	1
26.99	0	1	0	0	0	0	1
27.01	0	1	0	0	0	0	1
27.02	0	1	0	0	0	0	1
27.04	1	1	0	0	0	0	1
27.06	0	1	0	0	0	0	1
27.07	0	1	0	0	0	0	1
27.09	2	1.41421	0	0	0	0	1
27.1	1	1	0	0	0	0	1
27.12	1	1	0	0	0	0	1
27.13	1	1	0	0	0	0	1
27.15	0	1	0	0	0	0	1
27.17	0	1	0	0	0	0	1
27.18	0	1	0	0	0	0	1
27.2	0	1	0	0	0	0	1
27.21	0	1	0	0	0	0	1
27.23	0	1	0	0	0	0	1
27.25	1	1	0	0	0	0	1
27.26	0	1	0	0	0	0	1
27.28	0	1	0	0	0	0	1
27.29	0	1	0	0	0	0	1
27.31	0	1	0	0	0	0	1
27.32	0	1	0	0	0	0	1
27.34	1	1	0	0	0	0	1
27.36	0	1	0	0	0	0	1
27.37	1	1	0	0	0	0	1
27.39	1	1	0	0	0	0	1
27.4	1	1	0	0	0	0	1
27.42	1	1	0	0	0	0	1
27.44	2	1.41421	0	0	0	0	1
27.45	0	1	0	0	0	0	1
27.47	0	1	0	0	0	0	1
27.48	1	1	0	0	0	0	1
27.5	0	1	0	0	0	0	1
27.51	0	1	0	0	0	0	1
27.53	0	1	0	0	0	0	1
27.55	1	1	0	0	0	0	1
27.56	0	1	0	0	0	0	1
27.58	0	1	0	0	0	0	1
27.59	1	1	0	0	0	0	1
27.61	0	1	0	0	0	0	1
27.63	0	1	0	0	0	0	1
27.64	1	1	0	0	0	0	1
27.66	0	1	0	0	0	0	1
27.67	0	1	0	0	0	0	1
27.69	0	1	0	0	0	0	1
27.7	0	1	0	0	0	0	1
27.72	1	1	0	0	0	0	1
27.74	0	1	0	0	0	0	1
27.75	1	1	0	0	0	0	1
27.77	0	1	0	0	0	0	1
27.78	0	1	0	0	0	0	1
27.8	0	1	0	0	0	0	1
27.81	0	1	0	0	0	0	1
27.83	1	1	0	0	0	0	1
27.85	0	1	0	0	0	0	1
27.86	0	1	0	0	0	0	1
27.88	0	1	0	0	0	0	1
27.89	0	1	0	0	0	0	1
27.91	0	1	0	0	0	0	1
27.93	1	1	0	0	0	0	1
27.94	0	1	0	0	0	0	1
27.96	0	1	0	0	0	0	1
27.97	0	1	0	0	0	0	1
27.99	0	1	0	0	0	0	1
28	2	1.41421	0	0	0	0	1
28.02	0	1	0	0	0	0	1
28.04	0	1	0	0	0	0	1
28.05	1	1	0	0	0	0	1
28.07	0	1	0	0	0	0	1
28.08	0	1	0	0	0	0	1
28.1	1	1	0	0	0	0	1
28.12	0	1	0	0	0	0	1
28.13	0	1	0	0	0	0	1
28.15	0	1	0	0	0	0	1
28.16	0	1	0	0	0	0	1
28.18	0	1	0	0	0	0	1
28.19	1	1	0	0	0	0	1
28.21	1	1	0	0	0	0	1
28.23	1	1	0	0	0	0	1
28.24	0	1	0	0	0	0	1
28.26	0	1	0	0	0	0	1
28.27	0	1	0	0	0	0	1
28.29	0	1	0	0	0	0	1
28.31	0	1	0	0	0	0	1
28.32	0	1	0	0	0	0	1
28.34	1	1	0	0	0	0	1
28.35	0	1	0	0	0	0	1
28.37	0	1	0	0	0	0	1
28.38	1	1	0	0	0	0	1
28.4	0	1	0	0	0	0	1
28.42	0	1	0	0	0	0	1
28.43	1	1	0	0	0	0	1
28.45	0	1	0	0	0	0	1
28.46	0	1	0	0	0	0	1
28.48	2	1.41421	0	0	0	0	1
28.5	0	1	0	0	0	0	1
28.51	1	1	0	0	0	0	1
28.53	0	1	0	0	0	0	1
28.54	0	1	0	0	0	0	1
28.56	1	1	0	0	0	0	1
28.57	1	1	0	0	0	0	1
28.59	0	1	0	0	0	0	1
28.61	2	1.41421	0	0	0	0	1
28.62	0	1	0	0	0	0	1
28.64	0	1	0	0	0	0	1
28.65	0	1	0	0	0	0	1
28.67	0	1	0	0	0	0	1
28.69	0	1	0	0	0	0	1
28.7	0	1	0	0	0	0	1
28.72	0	1	0	0	0	0	1
28.73	0	1	0	0	0	0	1
28.75	0	1	0	0	0	0	1
28.76	1	1	0	0	0	0	1
28.78	1	1	0	0	0	0	1
28.8	0	1	0	0	0	0	1
28.81	0	1	0	0	0	0	1
28.83	2	1.41421	0	0	0	0	1
28.84	0	1	0	0	0	0	1
28.86	0	1	0	0	0	0	1
28.88	0	1	0	0	0	0	1
28.89	0	1	0	0	0	0	1
28.91	0	1	0	0	0	0	1
28.92	0	1	0	0	0	0	1
28.94	0	1	0	0	0	0	1
28.95	0	1	0	0	0	0	1
28.97	0	1	0	0	0	0	1
28.99	1	1	0	0	0	0	1
29	0	1	0	0	0	0	1
29.02	0	1	0	0	0	0	1
29.03	0	1	0	0	0	0	1
29.05	1	1	0	0	0	0	1
29.06	0	1	0	0	0	0	1
29.08	0	1	0	0	0	0	1
29.1	0	1	0	0	0	0	1
29.11	0	1	0	0	0	0	1
29.13	1	1	0	0	0	0	1
29.14	0	1	0	0	0	0	1
29.16	0	1	0	0	0	0	1
29.18	0	1	0	0	0	0	1
29.19	1	1	0	0	0	0	1
29.21	0	1	0	0	0	0	1
29.22	0	1	0	0	0	0	1
29.24	0	1	0	0	0	0	1
29.25	0	1	0	0	0	0	1
29.27	0	1	0	0	0	0	1
29.29	0	1	0	0	0	0	1
29.3	0	1	0	0	0	0	1
29.32	0	1	0	0	0	0	1
29.33	0	1	0	0	0	0	1
29.35	0	1	0	0	0	0	1
29.37	0	1	0	0	0	0	1
29.38	0	1	0	0	0	0	1
29.4	0	1	0	0	0	0	1
29.41	0	1	0	0	0	0	1
29.43	1	1	0	0	0	0	1
29.44	1	1	0	0	0	0	1
29.46	0	1	0	0	0	0	1
29.48	0	1	0	0	0	0	1
29.49	1	1	0	0	0	0	1
29.51	0	1	0	0	0	0	1
29.52	0	1	0	0	0	0	1
29.54	0	1	0	0	0	0	1
29.56	0	1	0	0	0	0	1
29.57	0	1	0	0	0	0	1
29.59	0	1	0	0	0	0	1
29.6	1	1	0	0	0	0	1
29.62	0	1	0	0	0	0	1
29.63	0	1	0	0	0	0	1
29.65	1	1	0	0	0	0	1
29.67	0	1	0	0	0	0	1
29.68	0	1	0	0	0	0	1
29.7	1	1	0	0	0	0	1
29.71	0	1	0	0	0	0	1
29.73	0	1	0	0	0	0	1
29.75	0	1	0	0	0	0	1
29.76	1	1	0	0	0	0	1
29.78	0	1	0	0	0	0	1
29.79	0	1	0	0	0	0	1
29.81	0	1	0	0	0	0	1
29.82	0	1	0	0	0	0	1
29.84	0	1	0	0	0	0	1
29.86	0	1	0	0	0	0	1
29.87	0	1	0	0	0	0	1
29.89	0	1	0	0	0	0	1
29.9	1	1	0	0	0	0	1
29.92	0	1	0	0	0	0	1
29.94	0	1	0	0	0	0	1
29.95	0	1	0	0	0	0	1
29.97	0	1	0	0	0	0	1
29.98	0	1	0	0	0	0	1
30	0	1	0	0	0	0	1
30.01	0	1	0	0	0	0	1
30.03	1	1	0	0	0	0	1
30.05	0	1	0	0	0	0	1
30.06	0	1	0	0	0	0	1
30.08	0	1	0	0	0	0	1
30.09	0	1	0	0	0	0	1
30.11	0	1	0	0	0	0	1
30.12	0	1	0	0	0	0	1
30.14	0	1	0	0	0	0	1
30.16	1	1	0	0	0	0	1
30.17	0	1	0	0	0	0	1
30.19	0	1	0	0	0	0	1
30.2	0	1	0	0	0	0	1
30.22	0	1	0	0	0	0	1
30.24	0	1	0	0	0	0	1
30.25	0	1	0	0	0	0	1
30.27	0	1	0	0	0	0	1
30.28	0	1	0	0	0	0	1
30.3	0	1	0	0	0	0	1
30.31	0	1	0	0	0	0	1
30.33	0	1	0	0	0	0	1
30.35	0	1	0	0	0	0	1
30.36	0	1	0	0	0	0	1
30.38	0	1	0	0	0	0	1
30.39	0	1	0	0	0	0	1
30.41	0	1	0	0	0	0	1
30.43	0	1	0	0	0	0	1
30.44	0	1	0	0	0	0	1
30.46	0	1	0	0	0	0	1
30.47	0	1	0	0	0	0	1
30.49	0	1	0	0	0	0	1
30.5	0	1	0	0	0	0	1
30.52	0	1	0	0	0	0	1
30.54	0	1	0	0	0	0	1
30.55	0	1	0	0	0	0	1
30.57	0	1	0	0	0	0	1
30.58	1	1	0	0	0	0	1
30.6	0	1	0	0	0	0	1
30.62	0	1	0	0	0	0	1
30.63	0	1	0	0	0	0	1
30.65	0	1	0	0	0	0	1
30.66	0	1	0	0	0	0	1
30.68	0	1	0	0	0	0	1
30.69	0	1	0	0	0	0	1
30.71	0	1	0	0	0	0	1
30.73	1	1	0	0	0	0	1
30.74	0	1	0	0	0	0	1
30.76	0	1	0	0	0	0	1
30.77	0	1	0	0	0	0	1
30.79	0	1	0	0	0	0	1
30.81	0	1	0	0	0	0	1
30.82	1	1	0	0	0	0	1
30.84	0	1	0	0	0	0	1
30.85	0	1	0	0	0	0	1
30.87	1	1	0	0	0	0	1
30.88	0	1	0	0	0	0	1
30.9	0	1	0	0	0	0	1
30.92	0	1	0	0	0	0	1
30.93	0	1	0	0	0	0	1
30.95	0	1	0	0	0	0	1
30.96	0	1	0	0	0	0	1
30.98	0	1	0	0	0	0	1
31	0	1	0	0	0	0	1
31.01	1	1	0	0	0	0	1
31.03	0	1	0	0	0	0	1
31.04	0	1	0	0	0	0	1
31.06	0	1	0	0	0	0	1
31.07	0	1	0	0	0	0	1
31.09	0	1	0	0	0	0	1
31.11	0	1	0	0	0	0	1
31.12	0	1	0	0	0	0	1
31.14	0	1	0	0	0	0	1
31.15	0	1	0	0	0	0	1
31.17	0	1	0	0	0	0	1
31.18	0	1	0	0	0	0	1
31.2	0	1	0	0	0	0	1
31.22	0	1	0	0	0	0	1
31.23	0	1	0	0	0	0	1
31.25	1	1	0	0	0	0	1
31.26	0	1	0	0	0	0	1
31.28	0	1	0	0	0	0	1
31.3	0	1	0	0	0	0	1
31.31	0	1	0	0	0	0	1
31.33	0	1	0	0	0	0	1
31.34	0	1	0	0	0	0	1
31.36	0	1	0	0	0	0	1
31.37	0	1	0	0	0	0	1
31.39	0	1	0	0	0	0	1
31.41	0	1	0	0	0	0	1
31.42	0	1	0	0	0	0	1
31.44	0	1	0	0	0	0	1
31.45	0	1	0	0	0	0	1
31.47	0	1	0	0	0	0	1
31.49	0	1	0	0	0	0	1
31.5	0	1	0	0	0	0	1
31.52	0	1	0	0	0	0	1
31.53	0	1	0	0	0	0	1
31.55	0	1	0	0	0	0	1
31.56	0	1	0	0	0	0	1
31.58	0	1	0	0	0	0	1
31.6	0	1	0	0	0	0	1
31.61	0	1	0	0	0	0	1
31.63	0	1	0	0	0	0	1
31.64	0	1	0	0	0	0	1
31.66	0	1	0	0	0	0	1
31.68	0	1	0	0	0	0	1
31.69	0	1	0	0	0	0	1
31.71	0	1	0	0	0	0	1
31.72	0	1	0	0	0	0	1
31.74	0	1	0	0	0	0	1
31.75	0	1	0	0	0	0	1
31.77	0	1	0	0	0	0	1
31.79	0	1	0	0	0	0	1
31.8	0	1	0	0	0	0	1
31.82	0	1	0	0	0	0	1
31.83	0	1	0	0	0	0	1
31.85	0	1	0	0	0	0	1
31.87	0	1	0	0	0	0	1
31.88	0	1	0	0	0	0	1
31.9	0	1	0	0	0	0	1
31.91	0	1	0	0	0	0	1
31.93	0	1	0	0	0	0	1
31.94	0	1	0	0	0	0	1
31.96	0	1	0	0	0	0	1
31.98	0	1	0	0	0	0	1
31.99	0	1	0	0	0	0	1
32.01	0	1	0	0	0	0	1
32.02	0	1	0	0	0	0	1
32.04	0	1	0	0	0	0	1
32.06	0	1	0	0	0	0	1
32.07	0	1	0	0	0	0	1
32.09	0	1	0	0	0	0	1
32.1	0	1	0	0	0	0	1
32.12	0	1	0	0	0	0	1
32.13	0	1	0	0	0	0	1
32.15	0	1	0	0	0	0	1
32.17	0	1	0	0	0	0	1
32.18	0	1	0	0	0	0	1
32.2	0	1	0	0	0	0	1
32.21	0	1	0	0	0	0	1
32.23	0	1	0	0	0	0	1
32.24	0	1	0	0	0	0	1
32.26	0	1	0	0	0	0	1
32.28	0	1	0	0	0	0	1
32.29	0	1	0	0	0	0	1
32.31	0	1	0	0	0	0	1
32.32	0	1	0	0	0	0	1
32.34	0	1	0	0	0	0	1
32.36	0	1	0	0	0	0	1
32.37	0	1	0	0	0	0	1
32.39	0	1	0	0	0	0	1
32.4	0	1	0	0	0	0	1
32.42	0	1	0	0	0	0	1
32.43	-1	1	0	0	0	0	1
