$SPEC_ID:
No sample description was entered.
$SPEC_REM:
DET# 2
DETDESC# PCKP26 MCB 129
AP# Maestro Version 7.01
$DATE_MEA:
04/08/2019 10:47:34
$MEAS_TIM:
684 694
$DATA:
0 8191
       0
       0
       0
       0
       0
       0
       0
       0
       0
       0
       0
       0
       0
       0
       0
       0
       0
       0
       0
       0
       0
       0
       0
       0
       0
       0
       0
       1
       0
       0
       0
       0
       1
       0
       0
       0
       0
       2
       0
       0
       1
       0
       2
       1
       0
       2
       1
       0
       3
       1
       1
       3
       1
       2
       1
       1
       1
       2
       3
       1
       1
       4
       2
       6
       1
       2
       4
       7
       3
       6
       4
       5
       7
       6
      10
      31
     150
     365
     431
     441
     448
     449
     452
     438
     441
     407
     436
     413
     417
     399
     422
     408
     431
     430
     443
     464
     421
     442
     439
     417
     452
     469
     460
     457
     510
     495
     508
     525
     560
     566
     591
     580
     597
     609
     593
     603
     595
     669
     639
     676
     722
     719
     735
     676
     718
     795
     790
     818
     826
     840
     895
     841
     874
     909
     952
     966
    1027
    1035
    1036
    1036
    1044
    1077
    1093
    1130
    1053
    1116
    1072
    1184
    1176
    1237
    1122
    1189
    1175
    1246
    1222
    1192
    1241
    1224
    1248
    1268
    1315
    1258
    1253
    1293
    1310
    1322
    1336
    1326
    1297
    1263
    1332
    1340
    1288
    1297
    1333
    1273
    1279
    1328
    1298
    1309
    1356
    1317
    1257
    1212
    1313
    1290
    1306
    1387
    1256
    1260
    1311
    1257
    1226
    1252
    1246
    1285
    1305
    1193
    1325
    1257
    1288
    1260
    1210
    1290
    1245
    1264
    1258
    1276
    1218
    1272
    1257
    1236
    1243
    1218
    1203
    1219
    1325
    1262
    1263
    1234
    1192
    1260
    1291
    1235
    1249
    1278
    1237
    1219
    1252
    1262
    1335
    1246
    1281
    1296
    1360
    1263
    1327
    1301
    1384
    1365
    1414
    1416
    1422
    1339
    1385
    1421
    1437
    1504
    1508
    1515
    1487
    1571
    1568
    1560
    1732
    1728
    1649
    1796
    1722
    1777
    1756
    1843
    1902
    1923
    1927
    1892
    2027
    1987
    2038
    2097
    2153
    2284
    2218
    2289
    2350
    2459
    2442
    2593
    2540
    2465
    2639
    2745
    2695
    2748
    2821
    2864
    2931
    3028
    3061
    2982
    3073
    3244
    3262
    3451
    3549
    3405
    3546
    3592
    3606
    3731
    3876
    3873
    4002
    3979
    4029
    4234
    4255
    4244
    4344
    4386
    4471
    4634
    4533
    4667
    4684
    4800
    4808
    4947
    5026
    5051
    5045
    5148
    5148
    5215
    5305
    5295
    5477
    5538
    5476
    5613
    5621
    5651
    5703
    5744
    5821
    5821
    5959
    5896
    5959
    5948
    5982
    6005
    6105
    6127
    6052
    6298
    6275
    6277
    6242
    6239
    6243
    6221
    6211
    6241
    6348
    6399
    6301
    6386
    6352
    6479
    6376
    6218
    6404
    6500
    6321
    6350
    6151
    6360
    6310
    6398
    6243
    6303
    6299
    6307
    6251
    6116
    6225
    6163
    6158
    5930
    5880
    6002
    6080
    5825
    5838
    5820
    5612
    5800
    5572
    5414
    5593
    5565
    5554
    5426
    5416
    5248
    5211
    5314
    5255
    5107
    5063
    5084
    4929
    4778
    4884
    4684
    4717
    4599
    4577
    4622
    4421
    4377
    4335
    4255
    4136
    4142
    4012
    4029
    3994
    3807
    3934
    3782
    3767
    3754
    3615
    3647
    3627
    3573
    3455
    3365
    3342
    3276
    3174
    3006
    3050
    3062
    2912
    2799
    2892
    2795
    2697
    2652
    2590
    2581
    2565
    2491
    2394
    2371
    2417
    2231
    2324
    2192
    2107
    2036
    2054
    2063
    2016
    1921
    1914
    1868
    1846
    1752
    1733
    1662
    1706
    1629
    1546
    1663
    1517
    1503
    1453
    1499
    1449
    1385
    1396
    1278
    1261
    1281
    1240
    1143
    1130
    1140
    1162
    1128
    1128
    1060
    1098
    1021
     947
     969
     934
     904
     896
     871
     901
     856
     836
     796
     820
     775
     781
     804
     760
     726
     780
     714
     698
     724
     668
     668
     706
     614
     650
     635
     638
     626
     594
     638
     582
     568
     561
     590
     553
     534
     577
     567
     530
     484
     521
     517
     539
     540
     485
     514
     484
     540
     479
     495
     489
     495
     449
     485
     452
     455
     427
     470
     434
     443
     400
     442
     461
     439
     439
     403
     431
     399
     426
     465
     416
     426
     411
     407
     454
     418
     416
     432
     414
     397
     414
     382
     399
     409
     400
     411
     413
     383
     410
     419
     388
     420
     416
     372
     428
     375
     368
     386
     386
     391
     409
     389
     401
     389
     363
     411
     374
     399
     425
     386
     405
     390
     443
     405
     373
     411
     420
     415
     382
     405
     383
     386
     414
     418
     397
     381
     377
     433
     382
     427
     384
     409
     365
     425
     384
     377
     393
     408
     383
     394
     416
     397
     414
     435
     392
     401
     405
     427
     394
     411
     400
     378
     378
     401
     367
     412
     378
     388
     389
     406
     404
     399
     392
     387
     369
     446
     389
     393
     431
     405
     397
     398
     417
     384
     398
     420
     448
     392
     383
     400
     406
     424
     423
     415
     421
     384
     399
     414
     376
     409
     372
     409
     404
     419
     360
     401
     457
     416
     398
     380
     410
     414
     417
     416
     427
     401
     398
     387
     423
     419
     402
     410
     426
     391
     388
     448
     439
     411
     429
     387
     408
     374
     397
     412
     397
     440
     418
     398
     423
     409
     391
     404
     440
     369
     404
     434
     422
     445
     386
     402
     430
     436
     381
     422
     409
     436
     384
     429
     423
     406
     417
     410
     422
     419
     400
     412
     420
     449
     438
     401
     423
     432
     451
     449
     434
     419
     440
     413
     432
     440
     420
     420
     433
     421
     458
     412
     443
     399
     460
     428
     437
     437
     429
     432
     430
     361
     432
     420
     444
     427
     403
     416
     411
     455
     429
     406
     407
     434
     407
     429
     434
     449
     423
     419
     444
     438
     446
     418
     462
     430
     427
     417
     434
     418
     436
     461
     430
     448
     439
     446
     437
     408
     448
     462
     403
     404
     434
     453
     439
     418
     460
     468
     400
     437
     418
     422
     418
     442
     397
     401
     448
     455
     427
     472
     462
     428
     452
     395
     437
     470
     447
     422
     443
     450
     430
     444
     454
     456
     476
     430
     468
     442
     442
     455
     406
     415
     429
     455
     427
     432
     450
     434
     442
     442
     453
     460
     415
     444
     412
     444
     424
     423
     424
     474
     469
     434
     428
     459
     393
     414
     436
     432
     459
     434
     424
     426
     442
     441
     417
     416
     471
     439
     406
     428
     408
     425
     426
     450
     415
     417
     470
     485
     443
     389
     419
     417
     432
     423
     462
     458
     457
     409
     414
     430
     409
     407
     431
     416
     428
     444
     487
     452
     419
     408
     450
     410
     416
     428
     385
     420
     430
     418
     461
     420
     412
     440
     430
     435
     398
     406
     386
     433
     456
     433
     406
     439
     421
     397
     462
     434
     455
     419
     410
     424
     433
     420
     415
     452
     417
     417
     405
     429
     392
     426
     427
     404
     436
     407
     386
     422
     451
     434
     386
     448
     452
     436
     421
     413
     402
     451
     400
     419
     408
     392
     397
     450
     413
     403
     406
     420
     398
     402
     444
     454
     383
     390
     449
     407
     393
     411
     440
     390
     429
     371
     447
     405
     415
     436
     408
     388
     358
     386
     374
     436
     417
     399
     428
     371
     388
     430
     428
     413
     381
     389
     404
     393
     431
     404
     393
     413
     407
     415
     418
     370
     414
     366
     381
     385
     433
     367
     372
     343
     407
     397
     391
     388
     435
     365
     354
     396
     416
     378
     403
     389
     390
     396
     384
     390
     413
     393
     424
     418
     424
     394
     366
     354
     418
     382
     399
     393
     387
     409
     390
     390
     358
     395
     410
     397
     385
     418
     428
     389
     394
     401
     388
     398
     361
     388
     422
     401
     374
     380
     414
     417
     374
     363
     373
     385
     383
     426
     416
     393
     361
     393
     370
     377
     386
     406
     385
     387
     348
     408
     358
     387
     404
     381
     376
     415
     339
     390
     420
     364
     404
     405
     381
     379
     357
     377
     408
     392
     392
     370
     387
     400
     384
     381
     387
     409
     428
     402
     385
     386
     383
     399
     372
     384
     383
     372
     356
     385
     376
     371
     343
     381
     403
     432
     367
     371
     388
     398
     353
     388
     364
     397
     360
     395
     358
     378
     326
     405
     358
     374
     350
     367
     344
     412
     364
     356
     367
     379
     357
     374
     362
     404
     362
     362
     359
     362
     389
     366
     378
     392
     357
     371
     342
     370
     376
     368
     402
     382
     362
     359
     336
     364
     381
     366
     378
     391
     372
     376
     368
     369
     340
     384
     386
     352
     372
     387
     374
     386
     369
     369
     336
     383
     363
     347
     365
     376
     365
     345
     377
     353
     397
     351
     410
     389
     361
     343
     387
     372
     354
     376
     343
     431
     346
     354
     345
     380
     405
     361
     378
     354
     385
     335
     389
     398
     336
     377
     359
     376
     384
     368
     348
     365
     373
     344
     351
     358
     365
     357
     366
     385
     383
     342
     322
     337
     392
     343
     359
     358
     362
     371
     340
     353
     325
     372
     331
     353
     359
     340
     365
     372
     347
     377
     359
     386
     367
     353
     369
     308
     373
     357
     326
     365
     338
     371
     342
     334
     332
     330
     311
     347
     343
     345
     352
     322
     338
     357
     336
     352
     350
     335
     330
     369
     301
     382
     348
     354
     339
     355
     316
     325
     358
     349
     315
     351
     324
     314
     342
     347
     328
     293
     350
     349
     321
     332
     341
     348
     350
     327
     350
     350
     302
     363
     333
     317
     335
     331
     327
     319
     305
     352
     322
     345
     308
     318
     338
     348
     303
     311
     321
     333
     302
     305
     317
     329
     323
     264
     275
     293
     333
     298
     323
     330
     320
     323
     294
     334
     316
     256
     289
     290
     327
     316
     286
     289
     323
     284
     306
     305
     273
     313
     301
     301
     294
     302
     311
     324
     313
     313
     319
     301
     300
     261
     306
     306
     290
     297
     286
     282
     286
     279
     333
     296
     307
     327
     289
     283
     269
     308
     276
     279
     292
     297
     275
     276
     296
     302
     273
     293
     258
     305
     277
     304
     289
     280
     279
     279
     278
     262
     299
     266
     245
     266
     257
     267
     267
     245
     294
     277
     264
     247
     265
     276
     260
     298
     250
     276
     254
     262
     235
     261
     264
     249
     268
     271
     214
     267
     230
     289
     271
     221
     250
     267
     259
     254
     265
     252
     243
     250
     237
     253
     223
     224
     235
     267
     272
     231
     244
     240
     255
     276
     241
     222
     219
     231
     224
     258
     244
     234
     237
     223
     205
     241
     233
     220
     205
     189
     242
     229
     227
     245
     237
     227
     246
     245
     216
     227
     214
     227
     204
     216
     228
     195
     204
     203
     202
     216
     220
     188
     220
     207
     203
     237
     204
     230
     211
     247
     192
     203
     225
     217
     206
     213
     220
     251
     206
     183
     188
     236
     214
     202
     191
     238
     225
     193
     226
     190
     208
     168
     217
     214
     207
     208
     192
     204
     203
     212
     166
     195
     219
     188
     182
     199
     189
     198
     203
     217
     197
     183
     189
     195
     195
     213
     195
     170
     205
     191
     218
     179
     195
     203
     199
     186
     180
     190
     167
     207
     187
     176
     172
     199
     179
     169
     190
     164
     191
     202
     169
     162
     195
     193
     155
     159
     167
     152
     199
     167
     171
     197
     195
     195
     198
     171
     161
     170
     175
     177
     161
     190
     170
     167
     162
     172
     168
     165
     193
     157
     171
     184
     162
     189
     176
     174
     157
     143
     184
     150
     169
     187
     174
     172
     180
     156
     169
     193
     184
     180
     178
     157
     152
     168
     159
     178
     170
     167
     157
     185
     194
     150
     156
     179
     152
     163
     160
     178
     166
     162
     172
     175
     167
     179
     169
     154
     154
     165
     166
     180
     141
     155
     176
     166
     164
     147
     171
     153
     162
     155
     167
     135
     156
     156
     193
     170
     153
     144
     138
     149
     147
     160
     146
     169
     157
     143
     163
     167
     164
     155
     147
     165
     174
     146
     144
     166
     155
     135
     149
     171
     167
     160
     162
     171
     170
     140
     159
     167
     170
     151
     179
     150
     163
     163
     163
     173
     151
     144
     156
     157
     167
     155
     164
     153
     163
     158
     146
     138
     160
     151
     176
     170
     137
     149
     149
     151
     156
     153
     140
     162
     167
     160
     140
     151
     143
     155
     168
     155
     152
     166
     156
     160
     178
     155
     159
     139
     149
     171
     150
     150
     161
     168
     144
     145
     165
     168
     166
     168
     154
     144
     160
     153
     172
     152
     141
     156
     151
     158
     127
     167
     154
     174
     152
     169
     156
     150
     156
     153
     175
     165
     192
     179
     156
     189
     174
     184
     169
     158
     164
     157
     164
     175
     175
     163
     152
     160
     173
     180
     164
     211
     192
     159
     213
     172
     189
     184
     173
     179
     193
     168
     172
     186
     169
     209
     155
     205
     176
     201
     158
     184
     193
     196
     210
     209
     179
     194
     176
     188
     182
     200
     202
     186
     186
     205
     189
     178
     213
     226
     188
     214
     238
     198
     198
     197
     221
     219
     196
     218
     236
     231
     219
     214
     220
     242
     223
     226
     237
     225
     204
     226
     216
     249
     225
     223
     208
     238
     251
     234
     219
     219
     241
     250
     262
     241
     225
     266
     221
     286
     258
     265
     265
     286
     264
     303
     283
     271
     278
     305
     263
     295
     281
     330
     270
     301
     283
     290
     307
     321
     271
     325
     280
     311
     285
     260
     349
     318
     328
     313
     319
     309
     354
     318
     334
     290
     319
     323
     322
     342
     358
     342
     374
     332
     351
     380
     329
     316
     345
     372
     367
     351
     326
     397
     387
     377
     376
     385
     418
     387
     396
     390
     391
     382
     391
     409
     392
     421
     403
     362
     399
     418
     414
     382
     414
     461
     435
     422
     474
     427
     433
     398
     448
     396
     478
     444
     429
     437
     494
     444
     466
     476
     450
     461
     473
     506
     526
     511
     465
     495
     485
     493
     502
     524
     508
     491
     521
     468
     516
     515
     503
     551
     589
     508
     543
     513
     535
     557
     547
     550
     556
     538
     582
     566
     579
     535
     579
     638
     572
     600
     570
     585
     608
     565
     567
     574
     661
     622
     629
     580
     566
     590
     631
     611
     621
     588
     632
     639
     641
     626
     619
     607
     596
     651
     644
     607
     618
     620
     649
     642
     641
     652
     633
     638
     622
     658
     680
     691
     642
     673
     653
     641
     671
     708
     651
     691
     664
     698
     720
     661
     728
     701
     717
     715
     721
     718
     730
     723
     688
     700
     696
     737
     642
     726
     653
     731
     755
     727
     717
     727
     743
     741
     741
     664
     731
     738
     713
     750
     745
     713
     729
     724
     750
     732
     719
     739
     737
     702
     796
     784
     786
     790
     757
     760
     751
     734
     769
     754
     709
     751
     713
     756
     786
     755
     773
     750
     786
     758
     747
     773
     762
     734
     712
     720
     769
     754
     770
     744
     820
     773
     798
     767
     764
     732
     732
     764
     733
     791
     765
     794
     754
     735
     761
     770
     748
     788
     726
     716
     756
     672
     726
     733
     737
     702
     745
     755
     754
     752
     750
     771
     741
     767
     752
     798
     785
     774
     744
     741
     772
     740
     742
     729
     758
     720
     741
     718
     765
     732
     726
     719
     696
     724
     707
     705
     706
     704
     673
     738
     723
     713
     718
     704
     717
     761
     698
     700
     688
     687
     714
     735
     694
     670
     665
     679
     670
     658
     679
     692
     667
     663
     644
     642
     684
     673
     679
     713
     599
     692
     648
     650
     577
     633
     718
     615
     657
     644
     646
     609
     646
     593
     637
     625
     620
     603
     642
     588
     599
     621
     606
     600
     546
     655
     607
     630
     570
     590
     622
     609
     571
     623
     641
     599
     549
     576
     550
     540
     563
     598
     620
     554
     512
     547
     552
     526
     546
     549
     580
     519
     572
     560
     536
     515
     517
     539
     514
     527
     517
     520
     491
     514
     530
     504
     548
     527
     534
     530
     521
     532
     482
     491
     472
     490
     463
     517
     511
     465
     448
     475
     466
     477
     457
     467
     496
     440
     435
     464
     449
     447
     424
     422
     412
     442
     458
     405
     406
     429
     470
     432
     414
     425
     389
     367
     438
     407
     415
     426
     422
     399
     384
     400
     381
     419
     405
     381
     369
     377
     383
     381
     398
     335
     354
     357
     391
     347
     376
     366
     379
     332
     346
     345
     386
     327
     342
     376
     362
     332
     308
     336
     318
     351
     327
     330
     315
     319
     326
     316
     331
     319
     334
     295
     312
     325
     316
     294
     295
     320
     311
     293
     356
     302
     312
     309
     319
     259
     300
     291
     286
     302
     254
     322
     294
     257
     291
     275
     281
     268
     264
     258
     271
     302
     255
     271
     245
     266
     275
     257
     245
     234
     213
     262
     309
     255
     246
     252
     255
     225
     218
     283
     230
     230
     209
     223
     201
     213
     240
     249
     237
     201
     244
     225
     236
     230
     220
     223
     227
     225
     241
     209
     213
     235
     211
     220
     195
     211
     204
     201
     201
     185
     227
     216
     192
     194
     199
     218
     184
     178
     221
     183
     234
     212
     176
     201
     192
     187
     183
     191
     176
     189
     172
     165
     193
     164
     174
     169
     192
     168
     162
     180
     177
     194
     165
     187
     170
     162
     171
     152
     173
     185
     153
     138
     162
     177
     157
     174
     168
     141
     154
     148
     136
     146
     157
     187
     153
     167
     164
     154
     165
     165
     142
     164
     167
     166
     162
     139
     148
     143
     144
     166
     161
     139
     135
     146
     136
     137
     134
     136
     145
     150
     134
     145
     130
     135
     122
     126
     148
     136
     124
     117
     134
     135
     134
     138
     126
     129
     119
     130
     137
     141
     141
     138
     132
     120
     119
     140
     119
     132
     139
     146
     140
     139
     120
     137
     146
     112
     101
     133
     115
     126
     144
     114
     118
     112
     120
     113
     104
     124
     109
     119
     123
     116
     113
     112
     143
     145
     123
     107
     109
     141
     129
     105
     112
     120
     123
     102
     114
      89
     127
     116
     120
     105
     106
     112
     110
     117
     118
     106
     109
     122
     100
     106
      99
     117
     128
      92
     113
     117
      99
     116
     103
     108
      93
     112
      92
     117
     117
      99
     110
      94
     100
     118
     121
     119
      99
     121
      94
     112
      95
     112
     120
     101
      98
     114
      88
      98
     106
     103
     106
     102
     104
      81
      90
     106
     110
     107
      99
      87
      94
     110
      74
     120
      97
     103
      95
     104
     111
     106
     105
      87
     114
     101
     119
     101
      93
     102
      89
     103
     102
     100
      96
     109
     108
      94
      92
     108
      96
      95
     103
      87
      91
      88
      94
     105
      90
     102
      83
      87
     125
      99
      82
     100
      95
      89
     109
      71
      92
     104
     100
      92
      88
      96
      92
      91
      83
      78
      91
      95
     110
     103
     100
      89
     102
     103
      86
      87
      95
     102
     103
      79
      82
      88
      91
      88
     107
      96
      89
      94
      93
     105
     100
      98
      83
     105
      78
      83
     100
      82
      98
      78
      89
      97
      87
     112
      76
      95
     108
      85
      92
      88
      94
     107
      98
     104
      92
      82
      89
     127
     109
      97
      80
     106
      81
      86
      75
      77
      92
     103
      94
      95
      97
      84
      79
      97
     105
      95
      91
      85
      91
      96
      98
      83
      79
      72
      82
      83
      83
      87
      74
      86
      89
      81
      74
      82
      86
      88
     107
      88
      84
      91
      76
      85
      87
      85
      81
      95
     107
      92
      91
      75
      79
      78
      73
      94
      87
      79
      97
      91
     103
      95
      93
      86
      89
     107
      95
      93
      96
      90
      88
      84
      88
      83
      89
      78
      83
      82
      92
      79
      90
      94
      73
      95
      78
     104
     105
      80
      78
      96
      85
      80
      90
      93
     103
     103
      71
      79
      87
      71
      77
      87
      86
     110
      99
      90
      82
      88
     112
      98
      86
      89
      85
      95
      79
      84
      95
     109
      86
      91
     102
      77
      70
      89
      81
      86
      72
      97
      77
      94
      88
      92
      75
      84
      92
      73
      93
      90
      72
      68
      76
      81
     106
      80
      89
      87
      94
      82
      84
      77
      85
      88
      87
      82
      93
      93
      96
      87
      88
      80
      78
      93
      72
      96
     109
      85
      85
      90
      97
      77
      87
      86
      77
      73
      75
      87
      95
      93
      82
      79
      79
      94
      94
      88
      93
      97
      82
      78
      80
     103
      94
      84
      83
      81
      77
      76
      82
      99
      90
      87
      70
      98
      91
      87
      77
      89
      85
      81
      76
      76
      81
      82
      94
     108
      86
      86
      72
     102
      84
      98
      89
      93
      86
      89
      82
      84
      83
      76
      84
      81
      96
      75
      78
      78
      98
      68
      78
      80
      94
      89
      92
      86
     103
      90
      96
      79
      90
      85
      98
      68
      97
      83
      90
      84
     109
      99
      91
      90
      82
     101
     112
      78
      99
      95
      89
      89
      95
      75
      82
      83
      83
      81
      80
      99
      89
      88
      80
      68
      77
      70
      81
     112
      76
      69
      99
      87
      86
      82
      98
      75
      88
      81
      86
      77
      79
      82
      90
      76
      89
     101
      93
      82
      78
      78
      73
      77
      81
      90
      78
      78
      88
      80
      84
      78
      86
      87
      84
      91
      77
      91
      70
      94
      87
      91
      77
      86
      88
      67
      91
     104
      90
      90
      92
      79
      75
      79
      86
      83
      88
      77
      96
      86
      80
      87
      84
      81
      77
      73
      77
      82
      97
      95
      76
      79
      68
      69
      95
      79
      79
      86
      94
      78
      82
      76
      79
      79
      61
      87
      71
      92
      77
      87
      91
      94
      86
      80
      81
      85
      82
      78
      90
      79
      94
      78
      88
     105
      89
      84
      81
      75
      93
      76
      97
      99
      86
      67
      76
      95
      92
      91
      76
      81
      96
      91
      93
      99
      93
      78
      93
      81
      88
      75
      86
     105
      85
      82
      89
      88
      91
      88
      82
      68
      90
      85
      77
      70
      73
      68
      79
      89
      84
      85
      84
      84
      80
      88
      92
      85
     102
      76
      80
      84
      84
      78
      75
      97
      64
      93
      61
      82
      82
      65
      80
      93
      89
      89
      76
      71
      89
      87
      85
      85
      87
      86
     103
     112
      74
      74
      80
      87
     103
      85
      76
      85
      80
     101
      89
      91
      71
      70
      87
      68
      89
      84
      84
      76
      82
      97
      79
      72
      77
      73
      94
      82
      90
      80
      97
      81
     103
      93
      75
      90
      84
      83
      80
      90
      79
      76
      82
      88
      80
      93
      89
      80
      71
      84
      66
      71
      75
      99
      82
     101
      79
      89
      93
      97
      77
      75
     102
      82
      75
      92
      94
      74
      71
      76
      72
      84
      86
      79
      76
      97
      90
      69
     100
      86
      78
      92
      94
      72
      73
      97
      90
      86
      86
      86
      74
      81
      90
      88
      92
      85
      92
      90
      93
      88
      92
      81
      88
      74
      67
      82
      96
      94
      89
      92
      84
      90
      89
      88
      72
      89
      98
      72
      91
      80
      93
      85
     108
      86
      79
      98
      80
      73
      76
     109
      97
      87
      86
      75
      76
      92
      67
      80
      84
      97
      86
      80
      81
      99
      72
      80
      81
      98
      96
      83
      62
      75
      78
      86
      76
      74
      88
      92
      96
      84
      90
      94
      97
      87
      85
      84
      92
      85
      91
      68
      84
      83
      85
      85
      68
      83
      79
      85
      92
      84
      94
      80
      84
      97
      89
      78
      77
      85
      93
      99
      82
      85
      90
      90
      79
      81
     102
      76
      76
      87
      86
      97
      80
      81
      77
      73
      85
      92
      90
      76
      82
     100
      86
      82
      69
      90
      94
      79
      76
      96
      82
      77
      87
      84
      91
     103
     100
      97
      81
      95
      74
     115
      90
      82
      74
      79
      97
      81
     102
      94
      90
      88
      90
      86
      98
      79
      89
      93
      76
      78
      82
      67
      78
      75
      86
      80
      73
     100
      83
      85
      90
      76
      87
     108
      73
      88
     101
      66
      90
     102
     102
      85
      78
      93
      97
      78
      78
     102
     102
      88
      96
      96
      91
      99
      73
      72
      73
      74
     104
      82
      97
      72
      77
      92
      89
      90
      96
      78
      82
      88
     104
     103
      90
      82
      94
      85
      77
     102
     106
      82
      78
      98
      89
      82
      85
      90
      96
      81
      93
      83
      87
      86
      83
      68
      85
      70
      94
      98
      85
      90
      88
      77
      88
      83
      76
      83
      83
      87
      84
      95
      76
      81
      80
      78
      88
      79
      78
      85
     102
      82
      91
      88
      89
      82
      76
      79
      87
      86
      90
      99
     101
     101
      85
      73
      99
      73
      85
      83
      93
      81
      86
     100
     101
      67
      72
      76
      76
      82
      92
      66
      76
      80
      79
      89
      80
      73
      78
      84
      95
      83
      94
      78
      89
      85
      87
      93
      86
      76
      78
      90
      88
      80
      71
      85
      85
      79
      76
      86
      95
      82
      66
      74
      64
      93
      73
     101
      83
      70
      54
      95
      67
      87
      83
      69
      82
      94
      89
      80
      85
      90
      89
      80
      68
      70
      81
      70
      85
      74
      91
      82
      81
     103
      80
      84
      85
      81
      76
      83
      73
      72
      78
      73
     100
      73
      70
      81
      88
      75
      73
      69
      68
      81
      64
      72
      81
      84
      88
      86
      77
      87
      72
      86
      65
      97
      59
      81
      70
      74
     103
      78
      80
      81
      68
      81
      69
      87
      79
      82
      81
      73
      89
      82
      70
      71
      81
      77
      87
      68
      84
      77
      81
      83
      67
      60
      66
      88
      77
      72
      63
      55
      82
      92
      74
      68
      75
      68
      85
      78
      94
      79
      79
      68
      81
      99
      76
      72
      84
      83
      73
      89
      73
      69
      65
      79
      69
      66
      72
      80
      69
      69
      67
      71
      59
      67
      72
      70
      74
      71
      63
      82
      79
      66
      69
      80
      73
      54
      80
      70
      75
      80
      65
      89
      67
      60
      67
      60
      66
      55
      69
      72
      74
      57
      53
      81
      68
      64
      73
      64
      79
      73
      76
      54
      77
      67
      70
      74
      58
      66
      75
      59
      62
      83
      71
      69
      73
      62
      79
      53
      64
      57
      69
      72
      59
      68
      73
      68
      87
      71
      76
      70
      67
      59
      87
      72
      80
      53
      63
      59
      71
      55
      60
      69
      77
      67
      61
      63
      68
      75
      56
      71
      67
      71
      75
      76
      69
      69
      64
      63
      49
      61
      63
      67
      65
      61
      65
      61
      61
      52
      58
      45
      66
      74
      63
      58
      72
      64
      62
      67
      61
      67
      65
      69
      62
      63
      65
      53
      56
      77
      62
      56
      67
      58
      60
      70
      58
      59
      62
      62
      69
      54
      65
      46
      53
      55
      54
      60
      53
      58
      52
      65
      50
      61
      70
      52
      66
      79
      59
      56
      73
      64
      54
      62
      63
      62
      67
      60
      72
      70
      51
      74
      50
      54
      51
      48
      59
      49
      53
      56
      44
      52
      70
      56
      48
      59
      55
      66
      54
      51
      57
      57
      60
      55
      56
      62
      58
      59
      55
      49
      57
      46
      59
      49
      61
      55
      39
      48
      52
      49
      57
      52
      46
      58
      51
      57
      54
      33
      42
      51
      51
      52
      60
      51
      60
      61
      45
      50
      43
      63
      47
      49
      52
      55
      40
      44
      39
      51
      40
      47
      64
      51
      44
      56
      62
      50
      44
      49
      49
      42
      49
      57
      43
      52
      49
      45
      35
      48
      55
      57
      38
      40
      46
      37
      49
      37
      61
      41
      47
      42
      50
      47
      49
      53
      33
      50
      50
      48
      38
      48
      47
      45
      62
      44
      40
      56
      42
      50
      52
      53
      45
      38
      52
      46
      54
      58
      50
      39
      54
      45
      44
      49
      46
      36
      40
      46
      42
      46
      34
      50
      42
      42
      44
      44
      50
      47
      50
      51
      52
      66
      38
      35
      48
      37
      39
      52
      36
      35
      44
      37
      40
      44
      48
      42
      42
      43
      40
      50
      37
      48
      45
      48
      41
      36
      40
      34
      37
      37
      32
      53
      42
      32
      32
      34
      42
      36
      42
      44
      32
      42
      41
      43
      41
      39
      39
      38
      49
      40
      32
      45
      37
      31
      31
      35
      39
      47
      50
      35
      47
      48
      44
      33
      35
      49
      30
      35
      40
      43
      51
      41
      42
      41
      36
      38
      33
      34
      36
      26
      36
      52
      35
      50
      20
      39
      39
      33
      46
      46
      40
      37
      42
      35
      32
      37
      44
      35
      44
      38
      43
      37
      36
      32
      38
      33
      46
      31
      42
      37
      39
      38
      40
      36
      42
      51
      37
      42
      27
      48
      40
      37
      38
      42
      34
      36
      43
      34
      46
      40
      33
      37
      39
      37
      38
      44
      40
      37
      41
      44
      47
      42
      35
      43
      27
      47
      38
      48
      27
      48
      48
      40
      42
      32
      42
      37
      40
      46
      28
      31
      35
      35
      42
      45
      44
      41
      44
      38
      36
      37
      44
      34
      43
      34
      37
      43
      36
      44
      33
      45
      39
      42
      33
      29
      31
      43
      32
      38
      29
      42
      38
      39
      43
      46
      46
      49
      42
      45
      43
      33
      40
      35
      34
      35
      53
      36
      36
      46
      34
      33
      39
      49
      38
      43
      53
      38
      47
      45
      42
      37
      48
      43
      44
      46
      35
      45
      32
      42
      34
      38
      37
      26
      44
      49
      42
      37
      45
      49
      37
      34
      35
      32
      36
      37
      47
      56
      54
      53
      44
      46
      35
      32
      48
      32
      50
      49
      49
      40
      38
      46
      36
      43
      53
      39
      48
      53
      53
      40
      60
      42
      42
      40
      53
      40
      41
      55
      52
      46
      27
      47
      50
      48
      48
      43
      35
      45
      37
      51
      50
      56
      47
      47
      49
      33
      39
      46
      36
      54
      47
      33
      46
      45
      49
      45
      47
      51
      46
      45
      51
      47
      60
      60
      43
      49
      63
      49
      48
      53
      52
      36
      38
      68
      45
      43
      46
      46
      63
      71
      63
      49
      35
      45
      50
      69
      62
      47
      53
      43
      51
      56
      64
      55
      48
      50
      48
      59
      73
      47
      54
      65
      59
      61
      57
      61
      57
      53
      47
      53
      58
      64
      57
      59
      57
      80
      59
      47
      70
      54
      58
      43
      58
      42
      57
      57
      62
      52
      59
      67
      63
      66
      55
      43
      62
      60
      70
      62
      65
      56
      73
      70
      56
      86
      63
      53
      69
      62
      56
      57
      84
      65
      73
      62
      59
      63
      70
      68
      70
      57
      71
      52
      71
      58
      56
      63
      66
      75
      68
      68
      76
      62
      57
      57
      68
      73
      65
      65
      62
      83
      70
      74
      71
      67
      72
      62
      64
      66
      52
      74
      66
      68
      70
      73
      64
      74
      66
      71
      76
      65
      70
      73
      85
      78
      70
      73
      60
      68
      77
      69
      65
      89
      72
      94
      70
      63
      75
      67
      79
      82
      66
      73
      77
      86
      72
      86
      59
      68
      67
      85
      71
      65
      66
      84
      70
      93
      95
      94
      85
      78
      86
      93
      67
      69
      75
      85
      77
      93
      79
      76
      89
      83
      90
      65
      92
      64
      73
      80
      97
      80
      87
      92
      79
      99
      77
      92
      81
      90
      83
      79
      80
      67
      76
      88
      84
      94
      78
      80
      95
      72
      92
      78
      83
      86
     101
      79
      74
      82
      96
      94
      97
      89
      85
      84
      70
      80
      91
      80
     100
      84
      93
      93
      87
      93
      83
      82
      59
      81
      90
      91
      62
      87
     106
      93
      99
     103
      80
      93
      92
      78
      84
      94
      77
      73
     104
      85
     109
      81
      92
      80
      87
      98
      82
     101
      89
      88
      88
      92
      86
      86
      85
      82
      89
      99
      77
      78
      89
     103
      75
      96
      59
      84
      89
      94
      83
      98
      75
      87
      78
      99
      78
      94
      92
      89
     110
      73
      90
      78
      82
      92
      75
     106
     103
      83
      84
      90
      93
      93
      82
     100
      93
      89
      89
      82
      62
      95
      72
      72
      96
      86
     105
      88
      89
      95
     102
      95
     100
      74
      80
      88
      82
      90
      85
      83
      81
     100
     102
      84
      86
     102
      88
     103
      89
      89
      83
      72
      77
      95
      94
     100
      98
      97
      79
      79
      75
      83
      79
      88
      87
      76
      80
      75
      86
      76
      82
      99
      71
      87
      94
      89
      75
      93
      94
      95
      76
      81
      78
     104
      74
     100
      92
      70
      84
      86
      68
      75
     106
      83
      63
      75
      83
      97
      73
      86
      79
      75
      85
     102
      70
      67
      74
      82
      81
      71
      93
      73
      86
      72
     101
      80
      81
      69
      83
      95
      72
      82
      94
      81
      76
      72
      84
      75
      85
      61
      74
      86
      91
      75
      79
      66
      89
      72
      81
      76
      78
      75
      90
      79
      81
      72
      68
      88
      72
      71
      71
      73
      81
      73
      82
      86
      69
      73
      73
      82
      86
      62
      74
      66
      72
      81
      78
      66
      71
      76
      63
      93
      62
      72
      80
      91
      70
      75
      65
      83
      72
      65
      62
      68
      55
      84
      66
      84
      85
      62
      63
      87
      84
      70
      67
      85
      73
      65
      70
      79
      64
      51
      72
      72
      70
      64
      78
      56
      63
      56
      65
      61
      89
      68
      74
      55
      73
      77
      60
      65
      64
      66
      63
      68
      65
      64
      62
      80
      66
      47
      65
      76
      74
      75
      66
      70
      78
      65
      71
      76
      66
      68
      70
      72
      49
      68
      71
      58
      64
      52
      63
      55
      49
      62
      56
      71
      53
      75
      57
      53
      51
      70
      58
      68
      51
      54
      58
      60
      75
      71
      54
      54
      60
      73
      69
      70
      68
      64
      49
      60
      61
      55
      70
      67
      57
      58
      63
      63
      69
      46
      61
      57
      60
      54
      48
      55
      72
      48
      53
      63
      50
      47
      62
      64
      51
      59
      47
      60
      67
      58
      52
      52
      55
      63
      51
      54
      48
      74
      46
      45
      63
      50
      63
      52
      60
      46
      56
      57
      64
      52
      51
      44
      50
      63
      62
      42
      48
      60
      54
      39
      52
      32
      44
      35
      57
      49
      55
      50
      53
      41
      41
      48
      39
      50
      47
      41
      62
      44
      68
      47
      38
      42
      40
      47
      41
      44
      43
      39
      35
      33
      48
      39
      38
      38
      60
      42
      38
      42
      39
      44
      52
      49
      50
      38
      30
      45
      51
      36
      52
      45
      44
      53
      57
      47
      44
      33
      44
      51
      40
      32
      32
      47
      42
      35
      30
      46
      34
      44
      53
      39
      45
      39
      50
      37
      47
      41
      45
      42
      51
      39
      50
      56
      31
      43
      44
      41
      32
      37
      31
      24
      51
      51
      41
      34
      45
      41
      31
      50
      24
      35
      48
      40
      46
      38
      33
      36
      37
      38
      35
      32
      36
      42
      33
      39
      39
      42
      32
      50
      31
      42
      33
      38
      41
      30
      43
      28
      46
      40
      32
      37
      37
      36
      35
      34
      44
      25
      34
      30
      37
      31
      25
      44
      39
      34
      36
      30
      28
      24
      31
      50
      29
      40
      30
      38
      30
      29
      29
      30
      27
      41
      39
      30
      27
      33
      27
      29
      35
      25
      44
      38
      30
      40
      30
      30
      31
      32
      19
      35
      19
      25
      30
      25
      25
      35
      38
      31
      38
      30
      31
      33
      19
      33
      26
      18
      34
      26
      29
      32
      38
      43
      23
      39
      28
      22
      23
      25
      28
      31
      21
      38
      27
      21
      27
      22
      29
      26
      26
      21
      23
      24
      31
      26
      28
      19
      32
      24
      26
      30
      27
      23
      28
      29
      23
      29
      17
      17
      15
      28
      29
      30
      25
      29
      18
      20
      24
      32
      27
      14
      18
      25
      27
      21
      18
      26
      23
      29
      21
      29
      28
      28
      25
      19
      18
      27
      29
      16
      30
      23
      24
      19
      14
      25
      23
      13
      23
      25
      14
      21
      18
      21
      23
      24
      16
      15
      25
      16
      20
      25
      23
      19
      22
      16
      29
      21
      14
      29
      18
      19
      21
      24
      28
      18
      24
      24
      20
      20
      21
      20
      25
      17
      13
      22
      16
      20
      15
      23
      30
      16
      18
      26
      23
      21
      24
      14
      16
      13
      23
      18
      20
      28
      25
      23
      19
      23
      19
      18
      12
      16
      14
      21
      20
      17
      26
      13
      19
      25
      13
      17
      16
      20
      20
      15
      22
      16
      20
      20
      21
      17
      24
      21
      24
      15
      16
      14
      16
      13
      20
      19
      21
      15
      17
      16
      18
      13
      19
      23
      15
      19
      15
      12
      17
      13
      13
      26
      16
      10
      22
      16
      15
      24
      16
      19
      20
       8
      14
      12
       9
      23
       7
      19
      10
      16
      13
      15
      21
      17
      12
      14
      16
      16
       9
      17
      24
      17
      16
      17
      17
      16
      13
      20
      18
      19
      13
      18
      16
      20
      16
      14
      24
      10
      15
      19
      13
      12
      19
      14
      14
      18
      17
      11
      13
      16
      10
      13
      11
      13
       7
      17
      18
      17
       5
      15
      11
      16
      14
      15
      15
      16
      16
      15
      14
      18
      16
      19
      11
       9
      14
       9
      19
      16
      19
      15
      14
      15
      15
      14
      13
      15
      12
      15
      13
      14
      17
      13
      11
      20
      12
      15
      14
      16
      16
      17
      12
       6
      13
      17
       8
      13
       6
      12
      15
       9
      17
      11
      11
      18
      11
       9
      15
      13
      17
       8
      16
      10
      15
      12
       9
      12
      10
      13
      14
      14
      17
      20
      12
      20
      14
       4
      17
      12
      10
      13
      11
      16
      16
      11
      12
      13
      20
      15
      16
      14
      15
       6
       8
       5
      13
      15
      12
      12
      10
      14
      12
       9
       9
      10
      12
      10
       9
      22
      11
      10
      12
      12
      11
       9
       7
       9
      13
      15
      11
      15
       9
       7
       9
      10
      11
       8
       9
      11
       9
      15
      10
       4
      13
      10
      14
      11
      10
       8
       8
       9
      12
      12
      18
       9
       7
      14
       7
      13
      11
      14
      13
       6
      13
       8
      10
      11
       8
       9
      15
       9
       7
       7
      10
       6
      16
       8
       9
       7
      13
       6
      12
      10
       8
      11
       8
      14
      15
      17
      10
      11
       8
      10
      13
       9
       6
      14
      10
       6
       8
      15
      11
       6
      10
       6
       7
       5
       7
      15
      12
       9
      12
      13
       9
      11
      11
      13
      11
       9
      12
      12
      11
      11
       9
      11
      10
      13
      12
       7
      17
       9
      13
      13
      10
      11
      11
       8
       5
      15
       7
      16
      11
       7
      19
       7
      18
       9
      10
      12
      11
       7
       6
       7
      18
       9
      12
      12
      18
       9
       8
      14
       8
       7
      11
       9
      10
      12
      12
      13
      13
      10
       9
       5
      11
       8
      12
      14
      10
      11
      11
      13
      11
      10
       6
       8
      12
      12
      11
      12
      12
      13
       9
      15
      11
      11
       8
       7
      14
      10
       5
       3
       6
       6
      11
      13
       9
      11
       7
      11
      10
       6
       8
      10
      13
      11
      13
      13
       5
      10
       9
      16
       6
       8
      11
       7
       5
       5
       7
       5
       7
      18
       6
      14
      10
       5
      13
       7
       6
       6
       8
      12
      10
      13
       9
      15
       4
      12
       8
      10
       8
       7
      11
       9
       6
       5
      15
      11
      11
      12
       7
      14
       9
      12
       7
       9
       9
       6
       8
      11
       6
       6
      14
      11
       3
      13
       9
      11
       7
       8
      11
       9
       9
       8
      10
       5
      11
      10
       6
       5
       7
      15
      13
      12
      11
       5
      11
       7
       5
       6
       6
       6
      10
       7
      13
       8
       8
       7
       9
      19
      10
      17
      11
       8
      10
      11
      11
       5
      13
       5
       7
       6
      12
       7
       9
      11
      11
       9
       6
      13
       8
       3
       5
       2
       8
       5
       9
       6
      12
       7
       6
      11
       8
      13
       6
       9
       7
      10
       6
       7
       7
       4
       5
      10
       8
       9
      11
      12
       8
       6
      14
       4
       9
      11
       9
      13
      11
       5
       6
       3
       8
      12
       7
       9
      11
       6
      12
       9
       4
      10
      11
      11
       8
       7
      10
      11
       4
       8
      14
       7
       8
       5
       8
       7
       5
       3
      11
       7
       7
      10
      14
      14
       9
       9
      11
       7
      12
       9
      10
       5
       6
      10
      10
      14
      13
       9
      14
       5
       7
       3
      14
       6
       2
       8
       8
       9
       7
       6
       9
      11
      10
       9
      11
      10
       9
      10
       9
       5
      10
      10
       4
       9
      10
       7
      11
      10
      10
       4
       1
       7
      10
      11
       5
       2
       4
      12
      14
       8
       9
       3
      13
       9
       8
      15
       7
       7
       8
      12
       6
       9
       3
       6
       8
       7
       8
       7
       6
       4
       9
       5
       8
       5
       6
      14
       9
       8
       6
      14
       6
       7
      18
       8
       8
      13
       8
       6
      10
      14
       7
      12
      10
       5
      10
      11
       7
      11
       5
       4
       8
       5
       8
       4
      10
       5
       6
       5
       3
       8
       8
       7
      13
       8
       3
       4
       7
       9
       9
       6
      10
      12
       9
       7
       7
       6
       6
       5
       7
      10
       9
       9
       5
       7
       8
       9
      14
      12
       6
       3
       7
       6
       8
       4
      10
       7
      11
       6
      10
       6
       7
       6
       9
       8
       9
       7
       8
       9
      10
       7
       7
      13
       7
       2
       3
       8
      11
       7
       9
       9
       6
       6
       6
       5
       8
       7
       6
      16
       3
       8
       9
      11
       7
       9
       5
       4
      11
       4
       8
       5
       4
       5
       3
       5
       6
       7
      14
       9
       4
       9
      10
       5
       3
       8
       9
       8
       8
       7
       6
       8
       8
       8
       8
      10
       5
       5
      12
      10
      10
       9
       8
       7
       2
       2
       8
       4
       6
       9
      14
       7
       6
       5
      14
       9
       4
      11
      11
       5
       9
       7
       9
      10
       5
       5
       8
       5
       3
       4
       8
       9
      12
       9
       9
       6
       9
       1
       6
      13
       5
       4
       9
       6
       6
       7
       8
       7
       6
       4
      12
       8
       7
       8
       7
       6
       9
       4
      10
       3
       6
       2
       9
       6
       9
       5
       8
       6
      13
       6
       4
       5
       6
       4
       4
       7
       8
       5
       7
      11
       6
       5
       5
       2
      12
       6
      10
       5
       6
       9
       3
       8
       7
       6
      10
       6
       9
       5
       8
       3
       6
      11
       5
       3
      11
       4
       8
       7
       9
       8
       8
       4
       5
      10
       7
       8
       4
       7
       4
       5
       5
      11
       5
       7
      14
       8
       6
       6
       8
       2
      11
      12
       3
       4
       2
       7
      10
       8
       9
       6
       3
       2
       5
       8
       6
      11
       7
       7
       5
       5
       6
       5
       7
       3
       9
       7
       7
       9
       2
      10
       4
       8
       6
       6
       5
       6
      14
       5
       7
       2
       9
       4
       8
       5
       4
       6
       8
       1
       4
       7
      10
       8
       7
       5
       6
       7
       4
      11
       2
       5
       7
       8
       9
       9
       9
       8
       6
       4
      10
       4
       6
       5
       7
       5
       8
       5
       6
       8
       6
       9
       6
      11
       5
       3
       9
       5
       3
       9
       8
       4
       7
       5
       7
       8
       5
       4
       5
       9
       4
       5
       7
       6
       6
       5
       6
      10
       5
       7
       7
      11
       7
       8
       7
       4
       3
       5
       3
       6
       5
       5
       5
      11
       7
       2
       8
       3
       5
       4
       6
       2
       5
       7
      10
       2
       4
       9
       5
       6
       2
       9
       6
       8
      10
       7
       7
       8
       6
       4
       8
      10
       7
       5
       4
       3
       8
       4
       3
      10
      10
       6
       4
       5
       6
       7
       7
       5
       7
       6
       6
       2
       9
       5
       5
      12
       7
       7
       3
       5
      13
       6
       8
       8
       6
       2
       5
       6
       6
       7
       6
       8
       4
       5
       8
       9
       2
       5
       8
       5
       5
      12
       2
       6
       3
       4
       8
       6
       6
       6
       7
      11
       3
       7
       8
       7
       9
       9
       4
       8
       6
       4
      12
       7
       4
       7
       2
       7
       5
       4
       7
       2
       7
       6
       4
       6
       7
      10
       6
       2
       8
       6
       7
       5
       7
       9
       9
       8
       7
       7
       7
       5
       4
       8
       6
       5
       2
       7
       8
       4
       5
       5
       7
       1
      10
       9
       7
       9
       4
       7
       3
       4
       8
       3
       6
      10
       3
      13
       8
       9
       4
       3
       8
       6
       5
       5
       8
       9
      13
       2
      11
       7
       6
       8
       2
       3
       2
       6
      10
       3
       5
       3
       4
       8
      10
       6
       5
       6
       3
       2
       4
       5
       3
       6
       5
       6
       7
       5
       7
       9
      10
       5
       3
       6
       5
       5
       6
       7
       6
       4
       6
       7
       5
      11
       6
       4
       9
       7
       4
      10
      10
       8
       5
       7
       3
       3
       5
       6
       2
       5
       7
       1
       2
      12
       4
       1
       7
       1
       6
       3
       9
       6
       8
       5
       4
       7
       6
       8
       4
       8
       4
       6
       5
       6
       2
       9
       4
       6
       1
       5
       6
       6
       3
       3
       2
       2
       9
       5
       5
       5
      10
       4
       8
       6
       5
       4
       6
       2
       7
       3
       9
       9
       6
       3
       7
       5
       7
       3
       4
       2
       5
       3
       7
       2
       6
       4
       5
       7
       6
       7
       3
       4
       7
      10
       6
       4
       8
      10
       3
      10
       3
       6
       1
       5
       5
       8
       7
       5
       6
       8
       7
       9
       2
       4
       3
       4
       4
       4
       4
       4
       0
       7
       6
       4
      10
       8
       6
       7
       4
       5
       4
       7
       5
       4
       7
       7
       7
       8
       9
       8
       7
       5
      10
       5
       3
       2
       4
       7
       5
       7
       7
       6
       1
       3
       5
       2
       4
       6
      10
       4
       6
       6
       2
       5
       7
       7
       4
       2
       5
       4
       2
       5
       5
       5
       4
       4
       7
       2
       2
       6
       3
       9
       6
       2
      11
       6
       5
       3
       6
       4
       6
       7
       6
       4
       3
       6
       5
       2
       4
       4
       5
       4
       8
       2
       5
       7
       2
      11
       6
       7
       6
       2
       1
       3
       7
       6
       5
       6
       4
       6
       4
       6
       6
       6
       3
       5
       4
       3
       5
       4
       4
       6
       2
       7
       5
       3
       8
       3
       4
       7
       3
       5
       2
       6
       3
       4
       9
       5
       5
       5
       6
       7
       4
       4
       7
       4
       4
       4
       8
       8
       6
       8
       3
       7
       3
       6
       5
       3
       7
       2
       4
       6
       4
       3
       6
       5
       3
       3
       5
       3
       0
       7
       2
       6
       6
       6
       2
       4
      10
       0
       2
       6
       7
       1
       2
       2
       6
       8
       4
       6
       6
       2
       2
       5
       2
       4
       2
       4
       4
       1
       4
       5
       4
       1
      13
       1
       4
       4
       5
       4
       7
       4
       6
       4
       3
       1
       4
       1
       6
       3
       4
       6
       5
       5
       3
       3
       3
       4
       3
       4
       1
       1
       5
       5
       4
       6
       4
       3
       6
       3
       3
       6
       4
       4
       3
       2
       4
       3
       5
       4
       3
       3
       3
       3
       7
       2
       6
       3
       6
       3
       5
       1
       4
       6
       4
       4
       6
       4
       4
       1
       7
       5
       5
       5
       3
       3
       5
       7
       4
       5
       7
       5
       9
       1
       5
       2
       5
       4
       7
       3
       2
       5
       1
       7
       5
       5
       2
       3
       7
       2
       4
       5
       3
       3
       6
       4
       2
       5
       4
       4
       5
       5
       3
       3
       3
       4
       2
       3
       6
       2
       6
       4
       1
       5
      11
       3
       3
       2
       2
       2
       5
       4
       9
       2
       0
      11
       7
       4
       2
       0
       3
       2
       5
       3
       7
       7
       3
       2
       6
       5
       4
       1
       2
       8
       4
       6
       3
       2
       9
       2
       5
       3
       7
       6
       5
       2
       3
       6
       6
       3
       5
       4
       5
       4
       1
       5
       4
       4
       4
       2
       2
      10
       2
       5
       3
       0
       3
       6
       4
       4
       3
       2
       5
       8
       3
       5
       4
       2
       1
       5
       3
       5
       7
       1
       6
       3
       1
       4
       8
       3
       2
       6
       9
       5
       5
       5
       5
       5
       4
       4
       3
       3
       3
       6
       7
       5
       3
       7
       5
       4
       6
       4
       2
       1
       6
       3
       4
       4
       7
       4
       5
       4
       4
       8
       4
       8
       2
       2
       6
       5
       4
       1
       5
       4
       2
       3
       4
       3
       2
       2
       5
       4
       2
       4
       4
       4
       4
       8
       2
       3
       5
       3
       2
       3
       9
       3
       4
       4
       5
       8
       0
       5
       4
       4
       4
       4
       0
       8
       5
       1
       4
       2
       6
       2
       7
       4
       7
       2
       2
       2
       6
       3
       4
       5
       1
       7
       4
       1
       4
       4
       4
       2
       3
       4
       6
       2
       1
       1
       5
       3
       4
       7
       7
       4
       6
       2
       2
       8
       6
       4
       3
      10
       2
       3
       4
       1
       3
       4
       3
       8
       2
       7
       3
       3
       1
       6
       4
       5
       3
       3
       4
       2
       3
       4
       9
       5
       4
       4
       5
       6
       5
       4
       4
       6
       2
       2
       3
       6
       4
       5
       4
       4
       5
       3
       4
       5
       4
       3
       3
       1
       6
       6
       4
       4
       5
       2
       1
       6
       4
       2
       4
       8
       5
       4
       3
       2
       6
       2
       3
       5
       4
       2
       2
       3
       3
       7
       8
       2
       1
       6
       4
       1
       5
       1
       2
       4
       3
       3
       4
       5
       1
       6
       8
       2
       5
       6
       2
       6
       2
       2
       4
       8
       3
       3
       2
       2
       4
       2
       7
       4
       4
       1
       3
       7
       1
       2
       6
       2
       2
       1
       5
       1
       6
       2
       1
       3
       1
       2
       1
       4
       2
       3
       2
       2
       2
       0
       1
       0
       0
       0
       0
       1
       0
       1
       0
       1
       0
       0
       0
       0
       0
       0
       0
       0
       0
       0
       0
       0
       0
       0
       0
       0
       0
       0
       0
       0
       0
       0
       0
       0
       0
       0
       0
       0
       0
       0
       0
       0
       0
       0
       0
       0
       0
       0
       0
       0
       0
       0
       0
       0
       0
       0
       0
       0
       0
       0
       0
       0
       0
       0
       0
       0
       0
       0
       0
       0
       0
       0
       0
       0
       0
       0
       0
       0
       0
       0
       0
       0
       0
       0
       0
       0
       0
       0
       0
       0
       0
       0
       0
       0
       0
       0
       0
       0
       0
       0
       0
       0
       0
       0
       0
       0
       0
       0
       0
       0
       0
       0
       0
       0
       0
       0
       0
       0
       0
       0
       0
       0
       0
       0
       0
       0
       0
       0
       0
       0
       0
       0
       0
       0
       0
       0
       0
       0
       0
       0
       0
       0
       0
       0
       0
       0
       0
       0
       0
       0
       0
       0
       0
       1
       0
       0
       0
       0
       0
       0
       0
       0
       0
       0
       0
       0
       0
       0
       0
       0
       0
       0
       0
       0
       0
       0
       0
       0
       0
       0
       0
       0
       0
       0
       0
       0
       0
       0
       0
       0
       0
       0
       0
       0
       0
       0
       0
       0
       0
       0
       0
       0
       0
       0
       0
       0
       0
       0
       0
       0
       0
       0
       0
       0
       0
       0
       0
       0
       0
       0
       0
       0
       0
       0
       0
       0
       0
       0
       0
       0
       0
       0
       0
       0
       0
       0
       0
       0
       0
       0
       0
       0
       0
       0
       0
       0
       0
       0
       0
       0
       0
       0
       0
       0
       0
       0
       0
       0
       0
       0
       0
       0
       0
       0
       0
       0
       0
       0
       0
       0
       0
       0
       0
       0
       0
       0
       0
       0
       0
       0
       0
       0
       0
       0
       0
       0
       0
       0
       0
       0
       0
       0
       0
       0
       0
       0
       0
       0
       0
       0
       0
       0
       0
       0
       0
       0
       0
       0
       0
       0
       0
       0
       0
       0
       0
       0
       0
       0
       0
       0
       0
       0
       0
       0
       0
       0
       0
       0
       0
       0
       0
       0
       0
       0
       0
       0
       0
       0
       0
       0
       0
       0
       0
       0
       0
       0
       0
       0
       0
       0
       0
       0
       0
       0
       0
       0
       0
       0
       0
       0
       0
       0
       0
       0
       0
       0
       0
       0
       0
       0
       0
       0
       0
       0
       0
       0
       0
       0
       0
       0
       0
       0
       0
       0
       0
       0
       0
       0
       0
       0
       0
       0
       0
       0
       0
       0
       0
       0
       0
       0
       0
       0
       0
       0
       0
       0
       0
       0
       0
       0
       0
       0
       0
       0
       0
       0
       0
       0
       0
       0
       0
       0
       0
       0
       0
       0
       0
       0
       0
       0
       0
       0
       0
       0
       0
       0
       0
       0
       0
       0
       0
       0
       0
       0
       0
       0
       0
       0
       0
       0
       0
       0
       0
       0
       0
       0
       0
       0
       0
       0
       0
       0
       0
       0
       0
       0
       0
       0
       0
       0
       0
       0
       0
       0
       0
       0
       0
       0
       0
       0
       0
       0
       0
       0
       0
       0
       0
       0
       0
       0
       0
       0
       0
       0
       0
       0
       0
       0
       0
       0
       0
       0
       0
       0
       0
       0
       0
       0
       0
       0
       0
       0
       0
       0
       0
       0
       0
       0
       0
       0
       0
       0
       0
       0
       0
       0
       0
       0
       0
       0
       0
       0
       0
       0
       0
       0
       0
       0
       0
       0
       0
       0
       0
       0
       0
       0
       0
       0
       0
       0
       0
       0
       0
       0
       0
       0
       0
       0
       0
       0
       0
       0
       0
       0
       0
       0
       0
       0
       0
       0
       0
       0
       0
       0
       0
       0
       0
       0
       0
       0
       0
       0
       0
       0
       0
       0
       0
       0
       0
       0
       0
       0
       0
       0
       0
       0
       0
       0
       0
       0
       0
       0
       0
       0
       0
       0
       0
       0
       0
       0
       0
       0
       0
       0
       0
       0
       0
       0
       0
       0
       0
       0
       0
       0
       0
       0
       0
       0
       0
       0
       0
       0
       0
       0
       0
       0
       0
       0
       0
       0
       0
       0
       0
       0
       0
       0
       0
       0
       0
       0
       0
       0
       0
       0
       0
       0
       0
       0
       0
       0
       0
       0
       0
       0
       0
       0
       0
       0
       0
       0
       0
       0
       0
       0
       0
       0
       0
       0
       0
       0
       0
       0
       0
       0
       0
       0
       0
       0
       0
       0
       0
       0
       0
       0
       0
       0
       0
       0
       0
       0
       0
       0
       0
       0
       0
       0
       0
       0
$ROI:
0
$PRESETS:
None
0
0
$ENER_FIT:
385.637970 0.250090
$MCA_CAL:
3
3.856380E+002 2.500897E-001 0.000000E+000 keV
$SHAPE_CAL:
3
7.890658E+001 1.689815E-001 0.000000E+000
