$SPEC_ID:
No sample description was entered.
$SPEC_REM:
DET# 2
DETDESC# PCKP26 MCB 129
AP# Maestro Version 7.01
$DATE_MEA:
04/08/2019 11:00:54
$MEAS_TIM:
221 223
$DATA:
0 8191
       0
       0
       0
       0
       0
       0
       0
       0
       0
       0
       0
       0
       0
       0
       0
       0
       0
       0
       0
       0
       0
       0
       0
       0
       0
       0
       0
       0
       0
       0
       0
       0
       0
       0
       0
       0
       0
       0
       0
       0
       0
       0
       0
       0
       0
       0
       0
       0
       0
       0
       0
       0
       0
       0
       0
       0
       0
       0
       0
       1
       1
       2
       3
       3
       6
      14
      14
      25
      76
     145
     272
     422
     510
     538
     660
     683
     639
     706
     723
     670
     651
     646
     641
     613
     522
     593
     569
     573
     581
     567
     588
     577
     599
     608
     673
     618
     611
     662
     682
     692
     718
     751
     745
     756
     783
     731
     781
     781
     764
     793
     772
     816
     768
     726
     756
     744
     782
     731
     749
     684
     756
     746
     764
     685
     745
     675
     697
     675
     621
     668
     664
     677
     631
     652
     623
     659
     668
     651
     593
     669
     640
     651
     676
     680
     718
     691
     700
     717
     785
     769
     719
     767
     904
     791
     827
     894
     927
     943
     904
    1021
    1028
    1067
    1026
    1101
    1164
    1142
    1235
    1350
    1311
    1412
    1449
    1434
    1514
    1626
    1646
    1712
    1735
    1907
    1910
    1941
    1983
    2076
    2107
    2144
    2162
    2334
    2307
    2379
    2500
    2532
    2547
    2610
    2707
    2769
    2692
    2710
    2894
    2758
    2854
    3024
    2889
    3114
    2938
    2934
    3047
    2979
    3093
    3163
    3132
    3188
    3073
    3041
    3121
    2989
    2996
    3083
    3029
    2968
    2853
    2910
    2925
    2852
    2788
    2846
    2688
    2633
    2574
    2559
    2520
    2434
    2329
    2364
    2268
    2275
    2138
    2252
    2139
    2073
    1898
    1926
    1830
    1791
    1798
    1713
    1650
    1617
    1633
    1554
    1556
    1374
    1397
    1228
    1240
    1225
    1133
    1112
    1076
    1016
     995
     914
     965
     862
     872
     781
     777
     738
     727
     671
     692
     628
     574
     589
     512
     515
     520
     460
     477
     435
     417
     387
     401
     380
     372
     382
     335
     358
     341
     317
     315
     276
     293
     285
     277
     292
     257
     254
     263
     247
     264
     267
     231
     260
     221
     234
     230
     241
     240
     251
     223
     228
     209
     235
     221
     199
     209
     215
     233
     231
     220
     225
     237
     219
     224
     204
     226
     254
     226
     221
     192
     199
     233
     220
     248
     191
     209
     191
     223
     222
     232
     233
     232
     238
     211
     258
     214
     217
     183
     231
     238
     227
     206
     243
     222
     215
     201
     192
     207
     227
     253
     222
     205
     224
     190
     217
     227
     226
     217
     223
     246
     239
     201
     219
     240
     258
     220
     218
     239
     222
     240
     237
     200
     240
     232
     242
     225
     259
     225
     234
     223
     233
     213
     232
     228
     242
     215
     231
     212
     234
     230
     219
     233
     234
     234
     244
     267
     247
     244
     218
     217
     246
     247
     223
     221
     244
     209
     249
     234
     220
     243
     212
     244
     243
     226
     243
     234
     222
     219
     260
     235
     237
     262
     202
     244
     242
     258
     250
     236
     221
     241
     236
     243
     240
     238
     251
     219
     243
     236
     234
     237
     271
     265
     243
     214
     227
     216
     253
     262
     249
     231
     245
     216
     235
     236
     239
     233
     235
     205
     217
     218
     217
     228
     212
     235
     240
     239
     255
     214
     227
     204
     234
     251
     222
     241
     206
     240
     252
     234
     220
     239
     215
     236
     225
     221
     219
     208
     210
     186
     220
     231
     237
     223
     183
     230
     213
     218
     220
     245
     200
     225
     217
     217
     242
     219
     205
     209
     247
     187
     222
     210
     197
     194
     209
     193
     201
     217
     231
     196
     195
     230
     209
     184
     194
     226
     216
     177
     207
     194
     221
     185
     221
     214
     229
     180
     206
     186
     213
     202
     197
     183
     191
     182
     211
     202
     187
     199
     206
     181
     160
     203
     215
     190
     214
     214
     165
     188
     186
     198
     188
     166
     177
     199
     208
     169
     178
     180
     178
     194
     199
     183
     185
     183
     203
     192
     188
     178
     206
     200
     193
     149
     173
     193
     161
     203
     181
     183
     176
     199
     150
     186
     194
     194
     181
     169
     212
     175
     179
     180
     171
     200
     192
     177
     177
     186
     183
     173
     215
     186
     203
     171
     165
     156
     160
     177
     165
     186
     182
     177
     177
     192
     175
     169
     172
     176
     172
     180
     160
     167
     174
     148
     157
     164
     183
     184
     165
     170
     165
     158
     184
     182
     182
     163
     153
     169
     153
     147
     163
     166
     172
     168
     163
     167
     168
     173
     157
     182
     181
     162
     165
     149
     175
     141
     169
     171
     163
     153
     167
     151
     158
     180
     159
     166
     155
     137
     159
     151
     157
     164
     158
     177
     158
     133
     153
     151
     150
     136
     128
     139
     152
     147
     141
     143
     158
     137
     151
     144
     139
     134
     150
     114
     134
     145
     142
     142
     147
     142
     129
     128
     136
     158
     151
     140
     142
     138
     125
     124
     136
     121
     145
     130
     121
     120
     131
     144
     128
     129
     109
     124
     122
     141
     146
     124
     119
     118
     113
     126
     119
     122
     113
     116
     138
     111
     120
     113
     114
     110
     106
     112
     119
     107
     122
     123
      99
     105
     110
     127
     121
      99
     108
     100
     124
     114
      96
      91
     119
     118
     115
      94
     100
     114
     108
      90
      97
      99
      81
     107
      97
     126
      91
     102
      88
      90
      88
     104
      97
      92
      95
      81
      74
      78
      80
      88
      69
      97
     100
      89
      79
      84
      81
      96
      84
      75
      90
      89
      78
      71
      95
      88
      88
      89
      94
      85
      91
      86
      74
      74
      85
      88
      78
      69
      96
      86
      80
      81
      76
      74
      88
      92
      68
      73
      71
      76
      73
      63
      81
      65
      78
      59
      74
      70
      93
      73
      73
      75
      80
      57
      72
      75
      64
      70
      70
      69
      69
      64
      65
      72
      64
      60
      72
      48
      65
      71
      62
      43
      53
      65
      74
      72
      75
      78
      78
      62
      55
      78
      51
      70
      64
      74
      73
      66
      61
      65
      70
      53
      68
      76
      58
      61
      52
      72
      73
      65
      86
      67
      72
      63
      63
      70
      62
      68
      69
      60
      68
      68
      66
      78
      79
      59
      70
      61
      78
      68
      76
      67
      55
      67
      65
      69
      59
      79
      70
      86
      73
      76
      67
      67
      62
      92
      73
      81
      79
      78
      80
      92
      63
      82
      83
      82
      89
      85
      79
      83
      84
      64
      93
      82
      92
      92
      94
      70
      93
      83
      94
     113
      99
      84
      96
      88
      92
     108
     107
     103
     101
      98
      93
     105
     108
     112
      95
     102
     133
     101
     111
     118
     115
     113
     105
     118
     109
     120
     102
     112
     140
     110
     126
     117
     130
     105
     114
     125
     131
     125
     135
     148
     145
     146
     138
     126
     161
     130
     138
     126
     142
     156
     138
     160
     146
     174
     172
     167
     127
     154
     153
     174
     171
     172
     143
     172
     168
     186
     169
     182
     165
     164
     144
     186
     161
     189
     174
     199
     188
     178
     196
     168
     197
     164
     169
     216
     211
     198
     202
     202
     201
     208
     213
     189
     190
     199
     219
     224
     215
     204
     219
     216
     191
     209
     235
     209
     237
     203
     244
     202
     218
     238
     215
     221
     246
     227
     232
     240
     229
     222
     220
     218
     268
     243
     234
     234
     234
     223
     235
     260
     276
     228
     252
     233
     267
     261
     276
     261
     254
     253
     242
     234
     268
     246
     284
     260
     242
     252
     255
     260
     242
     261
     262
     282
     287
     246
     296
     273
     265
     284
     246
     275
     241
     255
     278
     258
     265
     271
     246
     297
     267
     275
     274
     246
     237
     246
     266
     274
     265
     267
     263
     255
     298
     268
     281
     286
     284
     278
     293
     253
     248
     279
     259
     231
     260
     267
     251
     287
     269
     254
     273
     286
     265
     256
     270
     261
     269
     255
     242
     277
     306
     276
     261
     286
     261
     268
     263
     260
     277
     293
     252
     241
     255
     268
     228
     270
     273
     231
     245
     255
     238
     247
     253
     254
     259
     231
     241
     234
     254
     219
     234
     264
     229
     254
     251
     234
     240
     251
     230
     229
     232
     239
     222
     204
     205
     215
     217
     205
     221
     211
     223
     219
     228
     194
     196
     204
     219
     190
     211
     207
     205
     190
     187
     195
     206
     199
     193
     178
     225
     185
     174
     177
     191
     178
     186
     155
     180
     186
     180
     156
     170
     187
     166
     164
     156
     154
     170
     154
     185
     168
     163
     129
     154
     179
     134
     135
     137
     162
     155
     144
     124
     148
     144
     136
     137
     140
     127
     132
     135
     129
     120
     139
     125
     130
     118
     117
     121
      98
     130
      91
     103
     133
     115
     111
     119
      98
     104
     125
     118
     110
     119
     102
     105
      97
     107
     107
      93
      82
      97
      98
     105
      79
     100
      85
      96
      82
      78
      83
      80
      84
      98
      84
      69
      77
      97
      84
      65
      87
      66
      70
      60
      51
      78
      63
      54
      62
      59
      66
      63
      56
      62
      61
      57
      65
      56
      64
      47
      56
      60
      49
      43
      54
      55
      40
      58
      57
      50
      62
      52
      54
      47
      36
      50
      53
      47
      49
      43
      43
      34
      44
      55
      42
      36
      53
      42
      38
      43
      40
      31
      40
      40
      43
      33
      29
      42
      30
      41
      43
      42
      35
      35
      32
      39
      33
      31
      31
      36
      37
      31
      37
      21
      25
      17
      36
      27
      28
      31
      27
      41
      36
      35
      33
      37
      40
      21
      26
      20
      32
      32
      29
      22
      25
      32
      28
      27
      20
      36
      27
      25
      23
      25
      28
      34
      29
      31
      26
      31
      28
      28
      22
      27
      27
      31
      27
      36
      29
      31
      37
      24
      30
      24
      23
      29
      21
      20
      29
      24
      25
      23
      29
      22
      32
      24
      25
      39
      21
      24
      26
      24
      23
      30
      22
      32
      30
      24
      23
      24
      30
      27
      22
      28
      21
      30
      24
      23
      25
      25
      33
      22
      28
      23
      23
      29
      35
      29
      28
      30
      26
      37
      29
      33
      22
      21
      29
      23
      25
      25
      23
      25
      18
      32
      31
      31
      29
      26
      28
      32
      25
      27
      17
      21
      23
      32
      22
      25
      29
      29
      28
      25
      22
      25
      22
      21
      33
      26
      34
      23
      23
      21
      31
      35
      24
      26
      27
      27
      36
      23
      24
      36
      32
      19
      23
      28
      28
      15
      25
      23
      21
      27
      29
      31
      25
      31
      19
      30
      33
      20
      17
      28
      24
      26
      21
      21
      25
      24
      31
      33
      26
      21
      30
      18
      25
      28
      20
      16
      28
      34
      25
      28
      32
      23
      35
      35
      35
      23
      22
      24
      28
      25
      17
      22
      39
      26
      30
      24
      41
      23
      18
      29
      27
      19
      19
      35
      24
      22
      31
      21
      37
      30
      16
      22
      21
      28
      21
      26
      31
      26
      26
      28
      31
      26
      26
      33
      24
      25
      23
      34
      32
      26
      29
      39
      36
      26
      24
      32
      33
      25
      34
      31
      22
      35
      26
      25
      26
      26
      17
      35
      33
      22
      30
      18
      31
      25
      33
      33
      28
      28
      32
      23
      22
      27
      26
      20
      34
      26
      27
      37
      23
      33
      37
      35
      24
      15
      29
      38
      33
      34
      25
      31
      27
      32
      27
      23
      36
      37
      29
      25
      26
      26
      26
      20
      41
      32
      23
      25
      24
      30
      23
      25
      29
      32
      34
      30
      36
      26
      27
      23
      22
      50
      30
      27
      36
      26
      25
      31
      27
      38
      30
      28
      34
      27
      34
      25
      37
      34
      28
      29
      31
      28
      26
      29
      35
      33
      34
      30
      26
      25
      24
      34
      31
      21
      25
      29
      22
      22
      21
      31
      22
      31
      22
      24
      28
      20
      25
      25
      30
      24
      22
      20
      29
      23
      21
      35
      28
      25
      32
      27
      28
      28
      17
      30
      30
      28
      29
      34
      28
      21
      22
      21
      29
      22
      30
      27
      23
      19
      30
      27
      34
      26
      31
      31
      36
      25
      28
      23
      29
      28
      23
      20
      24
      22
      13
      29
      21
      22
      27
      33
      28
      25
      22
      28
      26
      25
      24
      22
      32
      27
      26
      31
      36
      25
      42
      27
      23
      25
      28
      21
      24
      30
      27
      26
      26
      22
      33
      33
      21
      22
      28
      21
      26
      21
      29
      23
      26
      27
      30
      26
      28
      26
      31
      25
      26
      21
      27
      30
      19
      33
      36
      26
      25
      21
      24
      28
      27
      22
      33
      23
      30
      30
      32
      39
      21
      12
      24
      26
      33
      30
      33
      23
      25
      27
      20
      31
      35
      33
      23
      28
      38
      26
      30
      17
      29
      15
      32
      30
      24
      27
      25
      24
      26
      19
      19
      28
      27
      32
      23
      28
      18
      25
      25
      27
      24
      23
      24
      16
      26
      29
      25
      15
      26
      15
      25
      15
      28
      25
      30
      25
      26
      20
      18
      23
      23
      21
      18
      20
      19
      25
      24
      23
      32
      13
      20
      26
      26
      28
      19
      16
      19
      27
      23
      23
      27
      20
      26
      22
      21
      25
      23
      24
      10
      23
      22
      21
      30
      24
      18
      31
      17
      14
      19
      25
      21
      18
      16
      21
      20
      20
      23
      17
      16
      19
      21
      23
      22
      26
      21
      25
      19
      24
      23
      22
      23
      22
      25
      17
      19
      27
      14
      20
       9
      22
      10
      19
      17
      20
      12
      16
      20
      17
      20
      16
      14
      15
      16
      16
      17
      15
      14
      12
      16
      19
      10
      22
      14
      17
      20
      17
      15
      20
      21
      19
      17
      20
      19
      12
      19
      20
      13
      15
      16
      12
      14
      21
      13
      18
      14
      14
      16
      23
      19
      18
      16
      21
      25
      24
      21
      18
      10
      19
      13
      12
      14
      20
      17
      17
      18
      14
      11
      17
      20
      14
      16
      17
      23
      18
      17
      16
      20
      13
      20
      12
      14
      17
      19
      21
      13
      17
      17
      15
      27
      11
      10
      13
      14
      17
      17
      12
      19
      16
      19
      16
      16
       9
       9
      22
      15
      11
      13
      13
      16
      18
      16
      13
      16
      21
      13
      17
      21
       4
      15
      16
      14
       7
      14
      11
      16
      14
      16
      16
      13
      18
      11
      20
      16
       8
      18
      15
      13
      11
      15
      17
      14
      17
      18
      17
      12
      24
      15
      15
      17
      15
      12
      14
      17
      17
      19
      22
       8
      15
      17
      10
      13
      17
      14
      14
      20
      13
      15
      16
      20
      13
      12
      14
      10
      16
       9
      18
      12
      18
      12
      13
      16
      15
      16
      12
      22
      18
      27
      19
       7
      19
      21
      15
      19
      22
       9
      22
      16
      17
       7
      13
      17
      20
      15
      20
      17
      18
      16
      22
      13
      11
      20
      21
      14
      15
      12
      12
      14
      19
      13
      19
      19
      16
      18
      14
      18
      17
      21
      19
      17
      21
      17
      14
      15
      11
      18
      20
      23
      17
      13
      19
      15
      17
      22
      20
      15
      12
      19
      21
      15
      13
      25
      19
      14
      19
      14
      11
      19
      18
      24
      19
      18
      21
      15
      18
      12
      22
      19
      19
      24
      15
      15
      23
      20
      16
      15
      18
      22
      19
      30
      18
      18
      18
      20
      19
      13
      20
      17
      15
      24
      19
      22
      19
      22
      18
      15
      26
      15
      16
      15
      28
      12
      18
      17
      19
      20
      21
      23
      18
      26
      20
      20
      18
      21
      16
      21
      18
      17
      19
       7
      14
      17
      22
      17
      14
      27
      21
      22
      20
      20
      22
      16
      18
      19
      12
      19
      17
      21
      16
      25
      27
      16
      25
      20
      20
      26
      23
      19
      19
      27
      25
      23
      21
      21
      10
      18
      17
      18
      17
      26
      22
      26
      20
      21
      17
      14
      23
      24
      20
      28
      27
      20
      24
      22
      26
      34
      23
      24
      32
      16
      23
      33
      35
      20
      25
      13
      25
      20
      33
      20
      21
      27
      18
      28
      23
      16
      23
      20
      29
      15
      26
      30
      20
      18
      22
      20
      22
      19
      21
      26
      26
      20
      30
      27
      19
      25
      24
      18
      21
      29
      21
      34
      18
      24
      28
      19
      23
      30
      21
      30
      29
      28
      28
      26
      37
      17
      15
      16
      28
      21
      20
      25
      24
      27
      21
      15
      25
      20
      19
      28
      34
      20
      17
      22
      20
      26
      18
      29
      18
      29
      23
      24
      31
      30
      19
      26
      18
      25
      20
      15
      23
      19
      23
      29
      16
      23
      33
      30
      32
      31
      26
      21
      27
      29
      30
      19
      29
      18
      20
      17
      21
      32
      23
      15
      27
      33
      13
      27
      28
      18
      25
      27
      23
      18
      19
      21
      26
      25
      35
      19
      22
      29
      25
      22
      24
      26
      25
      27
      27
      19
      25
      32
      22
      24
      24
      23
      28
      29
      23
      21
      22
      30
      24
      33
      27
      26
      32
      24
      22
      18
      34
      23
      23
      25
      25
      26
      30
      14
      18
      26
      29
      19
      20
      21
      21
      22
      20
      27
      28
      27
      18
      22
      22
      16
      27
      24
      19
      20
      26
      29
      19
      16
      20
      17
      19
      25
      16
      32
      33
      19
      24
      22
      16
      31
      17
      19
      21
      17
      17
      19
      22
      18
      14
      23
      23
      24
      18
      21
      24
      13
      20
      20
      23
      21
      25
      22
      11
      25
      22
      18
      13
      12
      25
      26
      30
      16
      22
      19
      16
      13
      18
      22
      31
      20
      25
      16
      22
      26
      15
      25
      17
      20
      14
      22
      16
      21
      21
      21
      16
      13
      19
      18
      22
      16
      22
      21
      18
      18
      15
      20
      18
      15
      28
      27
      17
      21
      25
      23
      26
      21
      29
      17
      18
      23
      20
      10
      13
      16
      13
      18
      15
      20
      19
      13
      10
      13
      19
      18
      13
      11
      12
      16
      19
      19
      12
       9
      18
      16
      20
      11
      19
      17
      17
      16
      14
      13
      20
      18
      13
      13
      20
      16
       9
      11
      14
      13
      16
      13
      10
      12
      11
      11
      12
      11
      11
      15
      14
      11
       5
      13
      14
       9
      11
       8
      18
      12
      11
      10
      12
       7
      10
      14
      12
      10
      13
      12
      12
      13
      12
      11
       9
      15
      10
      10
      10
      12
      11
       7
      13
       9
       7
       8
      11
       4
      10
       5
      11
       4
       7
       5
       8
       7
       7
      10
       7
       5
       9
       4
      15
      10
      10
       8
       5
      10
       9
      10
       4
      14
       7
       5
       8
       7
       8
      13
       8
      11
       7
      13
      10
       5
       5
       6
       7
       6
       7
       4
       4
       9
       4
       6
       7
       6
       8
       6
       5
       9
       6
       7
       5
       9
       6
       4
       9
       5
       3
       4
       2
       2
       3
       3
       4
       5
       3
       5
       5
      12
       8
       9
       5
       4
       3
       1
       5
       7
       4
       6
       2
       3
       2
       5
       2
       2
       4
       2
       7
       1
       6
       4
       2
       5
       3
       1
       2
       1
       2
       4
       1
       8
       5
       1
       4
       4
       4
       0
       1
       5
       0
       3
       3
       2
       5
       2
       2
       2
       2
       1
       1
       1
       2
       0
       3
       2
       2
       1
       0
       3
       2
       5
       2
       2
       0
       5
       0
       3
       2
       1
       1
       2
       1
       1
       1
       1
       1
       3
       1
       2
       2
       1
       2
       2
       1
       1
       0
       0
       0
       1
       0
       1
       1
       0
       3
       1
       2
       2
       1
       2
       3
       3
       0
       1
       1
       0
       0
       0
       3
       0
       0
       0
       2
       0
       0
       0
       0
       1
       0
       2
       0
       0
       0
       2
       0
       1
       0
       0
       0
       0
       2
       0
       0
       3
       1
       2
       1
       0
       1
       0
       1
       1
       0
       0
       1
       0
       0
       0
       0
       1
       0
       0
       0
       1
       2
       0
       2
       3
       1
       1
       0
       3
       2
       0
       1
       1
       0
       1
       0
       0
       2
       0
       1
       0
       0
       0
       1
       1
       0
       0
       0
       0
       0
       1
       1
       0
       0
       1
       0
       0
       0
       0
       1
       1
       1
       1
       0
       1
       0
       0
       0
       0
       1
       0
       0
       0
       0
       0
       0
       0
       1
       2
       0
       0
       0
       1
       0
       0
       2
       0
       0
       1
       0
       2
       0
       0
       0
       0
       0
       0
       0
       0
       1
       0
       0
       0
       0
       0
       0
       2
       0
       1
       1
       0
       0
       0
       0
       0
       1
       0
       0
       1
       0
       0
       0
       0
       0
       1
       2
       0
       0
       0
       1
       0
       0
       0
       0
       0
       0
       0
       1
       0
       0
       0
       0
       0
       0
       0
       1
       0
       0
       1
       0
       0
       1
       0
       0
       0
       0
       0
       2
       0
       1
       0
       1
       0
       2
       0
       0
       1
       0
       0
       0
       0
       0
       1
       0
       0
       0
       0
       0
       0
       2
       1
       0
       0
       0
       0
       0
       0
       1
       0
       0
       0
       0
       1
       0
       0
       0
       0
       2
       0
       0
       0
       0
       2
       0
       0
       0
       0
       0
       0
       0
       2
       0
       0
       0
       0
       0
       0
       0
       0
       2
       1
       0
       0
       1
       1
       0
       0
       1
       0
       0
       1
       1
       0
       0
       0
       0
       0
       0
       0
       0
       0
       1
       0
       0
       0
       1
       0
       0
       0
       0
       0
       0
       2
       1
       0
       0
       1
       0
       0
       0
       1
       0
       0
       0
       1
       0
       1
       1
       0
       0
       0
       0
       0
       0
       0
       0
       1
       1
       0
       0
       0
       0
       0
       0
       0
       0
       1
       0
       1
       0
       0
       1
       0
       0
       0
       0
       0
       0
       1
       1
       0
       0
       1
       0
       0
       0
       0
       0
       0
       0
       1
       0
       0
       1
       0
       1
       0
       0
       1
       1
       0
       0
       0
       0
       0
       0
       0
       0
       0
       0
       2
       0
       0
       0
       0
       1
       0
       2
       0
       0
       1
       0
       0
       0
       2
       0
       0
       1
       0
       0
       0
       0
       0
       0
       0
       0
       1
       1
       0
       0
       1
       0
       1
       0
       1
       0
       0
       0
       0
       0
       0
       0
       0
       0
       0
       0
       0
       1
       0
       1
       0
       1
       1
       0
       0
       1
       0
       0
       1
       1
       0
       0
       0
       0
       0
       1
       1
       0
       0
       0
       0
       0
       0
       2
       1
       1
       1
       0
       1
       0
       1
       0
       1
       1
       1
       0
       1
       0
       0
       0
       0
       0
       1
       1
       0
       1
       1
       0
       0
       0
       1
       0
       0
       1
       0
       0
       0
       0
       0
       0
       0
       1
       1
       0
       0
       0
       1
       0
       0
       1
       1
       1
       0
       0
       1
       0
       1
       1
       0
       0
       0
       0
       0
       0
       1
       1
       0
       1
       1
       0
       0
       1
       3
       0
       0
       0
       1
       1
       0
       0
       0
       0
       0
       1
       3
       1
       1
       0
       0
       1
       1
       0
       1
       0
       0
       0
       0
       0
       0
       0
       0
       0
       0
       0
       1
       0
       0
       0
       1
       0
       0
       0
       0
       1
       0
       1
       0
       0
       0
       0
       0
       0
       0
       1
       0
       0
       1
       0
       0
       0
       0
       1
       0
       1
       1
       1
       0
       1
       0
       0
       0
       1
       0
       0
       1
       0
       1
       0
       0
       0
       0
       0
       0
       0
       0
       1
       0
       0
       0
       0
       0
       0
       0
       0
       0
       0
       0
       0
       0
       1
       0
       0
       0
       0
       1
       0
       0
       1
       0
       1
       0
       0
       0
       0
       0
       1
       0
       0
       0
       0
       0
       0
       0
       0
       0
       0
       0
       0
       0
       1
       0
       0
       0
       0
       0
       2
       1
       0
       0
       0
       1
       0
       0
       0
       0
       0
       0
       0
       0
       0
       0
       0
       0
       0
       0
       0
       1
       0
       0
       1
       0
       0
       0
       0
       0
       0
       0
       0
       1
       0
       0
       0
       0
       0
       0
       0
       0
       0
       0
       0
       0
       0
       0
       0
       0
       0
       0
       1
       0
       0
       0
       0
       0
       0
       0
       0
       0
       1
       0
       0
       0
       0
       0
       0
       0
       0
       0
       1
       0
       0
       0
       0
       0
       1
       0
       1
       0
       0
       0
       0
       0
       0
       0
       0
       0
       0
       0
       0
       0
       0
       0
       0
       0
       0
       0
       0
       0
       0
       1
       0
       0
       0
       0
       0
       0
       0
       0
       1
       0
       0
       0
       0
       1
       1
       0
       0
       0
       0
       0
       0
       0
       0
       0
       0
       0
       0
       0
       0
       0
       0
       0
       0
       0
       0
       1
       1
       0
       0
       0
       0
       0
       0
       0
       0
       0
       1
       0
       0
       1
       0
       0
       0
       0
       0
       0
       0
       0
       0
       0
       0
       0
       0
       0
       0
       0
       0
       0
       0
       0
       1
       0
       0
       2
       0
       0
       0
       0
       0
       0
       0
       0
       0
       0
       0
       0
       0
       0
       0
       0
       0
       0
       0
       0
       0
       0
       0
       0
       0
       0
       0
       0
       0
       0
       0
       0
       0
       0
       0
       0
       0
       0
       0
       0
       0
       0
       0
       0
       0
       0
       0
       0
       0
       0
       0
       0
       0
       0
       0
       1
       0
       0
       0
       0
       0
       0
       0
       0
       0
       0
       0
       0
       0
       0
       0
       0
       1
       1
       0
       0
       0
       0
       0
       0
       0
       0
       0
       0
       0
       0
       0
       0
       0
       0
       0
       0
       0
       0
       0
       0
       0
       0
       0
       0
       0
       0
       0
       0
       0
       0
       0
       0
       0
       0
       0
       0
       0
       0
       0
       1
       0
       0
       0
       0
       0
       0
       0
       0
       0
       0
       0
       0
       0
       0
       0
       0
       0
       0
       0
       0
       0
       0
       0
       0
       0
       0
       0
       0
       0
       0
       0
       0
       0
       0
       0
       0
       0
       0
       0
       0
       0
       0
       0
       1
       0
       0
       0
       0
       0
       0
       0
       1
       0
       0
       0
       0
       0
       0
       0
       0
       0
       0
       0
       0
       0
       0
       0
       0
       0
       0
       0
       0
       0
       0
       0
       0
       0
       0
       1
       0
       0
       0
       0
       0
       0
       0
       0
       0
       0
       0
       0
       0
       0
       0
       0
       0
       0
       0
       0
       0
       0
       1
       0
       0
       0
       0
       0
       0
       0
       0
       0
       0
       0
       0
       0
       0
       0
       0
       0
       0
       0
       0
       0
       0
       0
       0
       0
       0
       0
       1
       0
       0
       0
       0
       0
       0
       0
       0
       0
       0
       0
       0
       0
       0
       0
       0
       0
       0
       0
       0
       0
       0
       0
       0
       0
       0
       0
       0
       0
       0
       0
       0
       0
       0
       0
       0
       0
       0
       0
       0
       0
       0
       0
       0
       0
       0
       0
       0
       1
       0
       0
       0
       0
       0
       1
       0
       0
       0
       0
       0
       0
       0
       0
       0
       0
       0
       0
       0
       0
       0
       0
       0
       0
       0
       0
       0
       0
       0
       0
       0
       0
       0
       0
       0
       0
       0
       0
       0
       0
       0
       0
       0
       0
       1
       0
       0
       1
       0
       0
       1
       0
       0
       0
       0
       0
       0
       0
       0
       0
       0
       0
       0
       0
       0
       0
       0
       0
       0
       0
       0
       0
       0
       0
       0
       0
       0
       0
       0
       0
       0
       0
       0
       0
       0
       0
       0
       0
       0
       0
       0
       0
       0
       0
       0
       0
       0
       0
       0
       0
       0
       0
       0
       0
       1
       0
       0
       0
       0
       0
       0
       0
       1
       0
       0
       0
       0
       0
       0
       0
       0
       0
       0
       0
       0
       0
       0
       0
       0
       0
       1
       0
       0
       0
       0
       0
       0
       0
       1
       0
       0
       0
       0
       0
       0
       0
       0
       0
       0
       0
       1
       0
       0
       0
       0
       0
       0
       0
       0
       0
       0
       0
       0
       0
       0
       0
       0
       0
       0
       0
       0
       0
       0
       0
       0
       0
       0
       0
       1
       0
       0
       0
       0
       1
       0
       0
       0
       0
       0
       0
       0
       0
       0
       0
       0
       0
       0
       0
       0
       0
       0
       0
       1
       0
       0
       0
       0
       0
       0
       0
       0
       0
       0
       0
       0
       0
       0
       0
       0
       0
       1
       0
       0
       0
       0
       0
       0
       0
       0
       0
       0
       0
       0
       0
       0
       0
       0
       0
       0
       0
       0
       0
       1
       0
       0
       0
       0
       1
       0
       0
       0
       0
       0
       0
       0
       0
       0
       0
       0
       0
       0
       0
       0
       0
       0
       0
       0
       0
       0
       0
       0
       0
       0
       0
       0
       0
       0
       0
       0
       0
       0
       0
       0
       0
       0
       0
       0
       0
       0
       0
       0
       0
       0
       0
       0
       0
       0
       1
       0
       0
       0
       0
       0
       0
       1
       0
       0
       0
       0
       0
       0
       0
       0
       0
       0
       0
       1
       0
       0
       0
       0
       0
       0
       0
       0
       0
       0
       0
       0
       0
       0
       0
       0
       0
       0
       0
       0
       0
       0
       0
       0
       0
       0
       0
       0
       0
       0
       0
       0
       0
       0
       0
       0
       0
       0
       0
       0
       0
       0
       0
       0
       0
       0
       0
       0
       0
       1
       0
       0
       0
       0
       0
       0
       0
       0
       0
       0
       0
       0
       0
       0
       1
       0
       0
       0
       0
       0
       0
       0
       0
       0
       0
       0
       0
       0
       0
       0
       0
       0
       0
       0
       0
       0
       0
       0
       0
       0
       0
       0
       0
       0
       0
       0
       0
       0
       0
       0
       0
       0
       0
       0
       0
       0
       0
       0
       0
       0
       0
       0
       0
       0
       0
       0
       0
       0
       0
       0
       0
       0
       0
       0
       0
       0
       1
       0
       0
       0
       0
       0
       0
       0
       0
       0
       0
       0
       0
       0
       0
       0
       0
       0
       0
       0
       0
       0
       0
       0
       0
       0
       0
       0
       0
       0
       0
       0
       0
       0
       0
       0
       0
       0
       0
       0
       1
       0
       0
       0
       0
       0
       0
       0
       0
       0
       0
       0
       0
       0
       0
       0
       0
       0
       0
       0
       0
       0
       0
       0
       0
       0
       0
       0
       0
       0
       1
       0
       0
       0
       0
       0
       0
       0
       0
       0
       0
       0
       0
       0
       0
       0
       0
       0
       0
       0
       0
       0
       0
       0
       0
       0
       0
       0
       0
       0
       0
       0
       0
       0
       0
       0
       0
       0
       0
       0
       0
       0
       1
       0
       0
       0
       0
       0
       0
       0
       0
       0
       0
       0
       0
       0
       0
       0
       0
       0
       0
       0
       0
       0
       1
       0
       0
       0
       0
       0
       0
       0
       0
       0
       0
       0
       0
       0
       0
       0
       0
       0
       1
       0
       0
       0
       0
       0
       0
       0
       0
       0
       0
       0
       0
       0
       0
       0
       0
       0
       0
       0
       0
       0
       0
       0
       0
       0
       0
       0
       0
       0
       0
       0
       0
       0
       0
       0
       0
       0
       0
       0
       0
       0
       0
       0
       0
       0
       0
       0
       0
       0
       0
       0
       0
       0
       0
       0
       0
       0
       0
       0
       0
       0
       0
       0
       0
       1
       0
       0
       0
       0
       0
       0
       0
       0
       0
       0
       0
       0
       0
       0
       0
       0
       0
       0
       0
       0
       0
       0
       0
       0
       0
       0
       0
       0
       0
       0
       0
       0
       1
       0
       0
       0
       0
       0
       0
       0
       1
       0
       0
       0
       0
       0
       0
       0
       0
       0
       0
       0
       0
       0
       0
       0
       0
       0
       0
       0
       0
       0
       0
       0
       0
       0
       0
       0
       0
       0
       0
       0
       0
       0
       0
       0
       0
       0
       0
       0
       0
       0
       0
       0
       0
       0
       0
       1
       0
       0
       0
       0
       0
       0
       0
       0
       0
       0
       0
       0
       0
       0
       0
       0
       0
       0
       0
       0
       0
       0
       0
       0
       0
       0
       0
       0
       0
       0
       0
       0
       0
       0
       0
       0
       0
       0
       0
       0
       0
       0
       0
       0
       0
       1
       0
       0
       0
       0
       0
       0
       0
       0
       0
       0
       0
       0
       0
       0
       0
       0
       0
       0
       0
       0
       0
       0
       1
       0
       0
       0
       0
       0
       0
       0
       0
       0
       0
       0
       0
       0
       0
       0
       0
       0
       0
       0
       0
       1
       0
       0
       0
       1
       0
       0
       0
       0
       0
       0
       0
       0
       0
       1
       0
       0
       0
       0
       0
       0
       0
       0
       0
       0
       0
       0
       0
       0
       0
       1
       0
       0
       0
       0
       0
       0
       0
       0
       0
       0
       0
       0
       0
       0
       0
       0
       0
       0
       0
       0
       0
       0
       0
       0
       0
       0
       0
       0
       0
       0
       0
       0
       0
       0
       0
       0
       0
       0
       0
       0
       0
       0
       0
       0
       0
       0
       0
       0
       0
       0
       0
       0
       0
       0
       0
       0
       0
       0
       0
       0
       0
       0
       0
       1
       0
       0
       0
       0
       0
       0
       0
       0
       0
       0
       0
       0
       0
       0
       0
       0
       0
       0
       0
       1
       0
       0
       0
       0
       0
       0
       0
       0
       0
       0
       0
       0
       0
       0
       0
       0
       1
       0
       0
       0
       0
       0
       0
       0
       0
       0
       0
       0
       0
       0
       0
       0
       0
       1
       0
       0
       0
       0
       0
       0
       0
       0
       0
       0
       0
       0
       0
       0
       0
       0
       0
       0
       0
       0
       1
       0
       0
       0
       0
       0
       0
       0
       0
       0
       0
       0
       0
       0
       0
       0
       0
       0
       0
       0
       0
       0
       0
       1
       0
       0
       0
       0
       0
       0
       0
       0
       0
       0
       0
       0
       0
       0
       0
       0
       0
       0
       0
       1
       0
       0
       0
       0
       0
       0
       0
       0
       0
       0
       0
       0
       0
       0
       0
       0
       0
       0
       0
       0
       0
       0
       0
       0
       0
       0
       0
       0
       0
       0
       0
       0
       0
       0
       0
       0
       0
       0
       0
       0
       0
       0
       0
       0
       0
       0
       0
       0
       0
       0
       0
       0
       0
       0
       0
       0
       0
       0
       0
       0
       0
       0
       0
       0
       0
       0
       0
       0
       0
       0
       0
       0
       0
       0
       0
       0
       0
       0
       0
       0
       0
       0
       0
       0
       0
       0
       0
       0
       0
       0
       0
       0
       0
       0
       0
       0
       0
       0
       0
       0
       0
       0
       0
       0
       0
       0
       0
       0
       0
       0
       1
       0
       0
       0
       0
       0
       0
       0
       0
       0
       0
       0
       0
       0
       0
       0
       0
       0
       0
       0
       0
       0
       0
       0
       0
       0
       0
       0
       0
       0
       0
       0
       0
       0
       0
       0
       0
       0
       0
       0
       0
       0
       0
       0
       0
       0
       0
       0
       0
       0
       0
       0
       0
       0
       0
       0
       0
       0
       0
       0
       0
       0
       0
       0
       0
       0
       0
       0
       0
       0
       0
       0
       0
       0
       0
       0
       0
       0
       0
       0
       0
       0
       0
       0
       0
       0
       0
       0
       0
       0
       0
       0
       0
       0
       0
       0
       0
       0
       0
       0
       0
       0
       0
       0
       0
       0
       0
       0
       0
       1
       0
       0
       0
       0
       0
       0
       0
       0
       0
       0
       0
       0
       0
       0
       0
       0
       0
       0
       0
       0
       0
       0
       0
       0
       1
       0
       0
       0
       0
       0
       0
       0
       0
       0
       0
       0
       0
       0
       0
       0
       0
       0
       0
       0
       0
       0
       0
       0
       0
       0
       0
       0
       0
       0
       0
       0
       0
       0
       0
       0
       0
       0
       0
       0
       0
       0
       0
       0
       0
       0
       1
       0
       0
       0
       0
       0
       0
       0
       0
       0
       0
       0
       0
       0
       0
       0
       0
       0
       0
       0
       0
       0
       0
       0
       0
       0
       0
       0
       0
       0
       0
       0
       0
       0
       0
       0
       0
       0
       0
       0
       0
       0
       0
       0
       0
       0
       0
       0
       0
       0
       0
       0
       0
       0
       0
       0
       0
       0
       0
       0
       0
       1
       0
       0
       0
       0
       0
       0
       0
       0
       0
       0
       0
       0
       0
       0
       0
       0
       0
       0
       0
       0
       0
       0
       0
       0
       0
       0
       0
       0
       0
       0
       0
       0
       0
       0
       0
       0
       0
       0
       0
       0
       0
       0
       0
       0
       0
       1
       0
       0
       0
       0
       0
       0
       0
       0
       0
       0
       0
       0
       0
       0
       0
       1
       0
       0
       0
       0
       0
       0
       0
       0
       0
       0
       0
       0
       0
       0
       0
       0
       0
       0
       0
       0
       0
       0
       0
       0
       0
       0
       0
       0
       0
       0
       0
       0
       0
       0
       0
       0
       0
       0
       0
       0
       0
       0
       0
       0
       0
       0
       0
       1
       0
       0
       0
       0
       0
       0
       0
       0
       0
       0
       0
       0
       0
       0
       1
       0
       0
       0
       0
       0
       0
       0
       0
       0
       0
       0
       0
       0
       0
       0
       0
       0
       0
       0
       0
       0
       0
       0
       0
       0
       0
       0
       0
       0
       0
       0
       0
       0
       0
       0
       0
       0
       0
       0
       0
       0
       0
       0
       0
       0
       0
       0
       0
       0
       0
       0
       0
       0
       0
       0
       0
       0
       0
       0
       0
       0
       0
       0
       0
       0
       0
       0
       0
       0
       0
       0
       0
       0
       0
       0
       0
       0
       0
       0
       0
       0
       0
       0
       0
       0
       0
       0
       0
       0
       0
       0
       0
       0
       1
       0
       0
       0
       0
       0
       0
       0
       0
       0
       0
       0
       0
       0
       0
       0
       0
       0
       0
       0
       0
       0
       0
       0
       0
       0
       0
       0
       0
       0
       0
       0
       0
       0
       0
       0
       0
       0
       0
       0
       0
       0
       0
       1
       0
       0
       0
       0
       0
       0
       0
       0
       0
       0
       0
       0
       0
       0
       0
       0
       0
       0
       0
       0
       0
       0
       0
       0
       0
       0
       0
       0
       0
       0
       0
       0
       0
       0
       0
       0
       0
       0
       0
       0
       0
       0
       0
       0
       0
       0
       0
       0
       0
       0
       0
       0
       0
       0
       0
       0
       0
       0
       0
       0
       0
       0
       0
       0
       0
       0
       0
       0
       0
       0
       0
       0
       0
       0
       0
       0
       0
       0
       0
       0
       0
       0
       0
       0
       0
       0
       0
       0
       0
       0
       0
       0
       0
       0
       0
       0
       0
       0
       0
       0
       0
       0
       0
       0
       0
       0
       0
       0
       0
       0
       0
       0
       0
       0
       0
       0
       0
       0
       0
       0
       0
       0
       0
       0
       0
       0
       0
       0
       0
       0
       0
       0
       0
       0
       0
       0
       0
       0
       0
       0
       0
       0
       0
       0
       0
       0
       0
       0
       0
       0
       0
       0
       0
       0
       0
       0
       0
       0
       0
       0
       0
       0
       0
       0
       0
       0
       0
       0
       0
       1
       0
       0
       0
       0
       0
       0
       0
       0
       0
       0
       0
       0
       0
       0
       0
       0
       0
       0
       0
       0
       0
       0
       0
       0
       0
       0
       0
       0
       0
       0
       0
       0
       0
       0
       0
       0
       0
       0
       0
       0
       0
       0
       0
       0
       0
       0
       0
       0
       0
       0
       0
       0
       0
       0
       0
       0
       0
       0
       0
       0
       0
       0
       0
       0
       0
       0
       0
       0
       0
       0
       0
       0
       0
       0
       0
       0
       0
       0
       0
       0
       0
       0
       0
       0
       0
       0
       0
       0
       0
       0
       0
       0
       0
       0
       0
       0
       0
       0
       0
       0
       0
       0
       0
       0
       0
       0
       0
       0
       0
       0
       0
       0
       0
       0
       0
       0
       0
       0
       0
       0
       0
       0
       0
       0
       0
       0
       0
       1
       0
       0
       0
       0
       0
       0
       0
       0
       0
       0
       0
       0
       0
       0
       0
       0
       0
       0
       0
       0
       0
       0
       0
       0
       0
       0
       0
       1
       0
       0
       0
       0
       0
       0
       0
       0
       0
       0
       0
       0
       0
       0
       0
       0
       0
       0
       0
       0
       0
       0
       0
       0
       0
       0
       0
       0
       0
       0
       0
       0
       0
       0
       0
       0
       0
       0
       0
       0
       0
       0
       0
       0
       0
       0
       0
       0
       0
       0
       0
       0
       0
       0
       0
       0
       0
       0
       0
       0
       0
       0
       0
       0
       0
       0
       0
       0
       0
       0
       0
       0
       0
       0
       0
       0
       0
       0
       0
       0
       0
       0
       0
       0
       0
       0
       0
       0
       0
       0
       0
       0
       0
       0
       0
       0
       0
       0
       0
       0
       0
       0
       0
       0
       0
       0
       0
       0
       0
       0
       0
       0
       0
       0
       0
       0
       0
       0
       0
       0
       0
       0
       0
       0
       0
       0
       0
       0
       0
       0
       0
       0
       0
       0
       0
       0
       0
       0
       1
       0
       0
       0
       0
       0
       0
       0
       0
       0
       0
       0
       0
       0
       0
       0
       0
       0
       0
       0
       0
       0
       0
       0
       0
       0
       0
       0
       0
       0
       0
       0
       0
       0
       0
       0
       0
       0
       0
       0
       0
       0
       0
       0
       0
       0
       0
       0
       0
       0
       0
       0
       0
       0
       0
       0
       0
       0
       0
       0
       0
       0
       0
       0
       0
       0
       0
       0
       0
       0
       0
       0
       0
       0
       0
       0
       0
       0
       0
       0
       0
       0
       0
       0
       0
       0
       0
       0
       0
       0
       0
       0
       0
       0
       0
       0
       0
       0
       0
       0
       0
       0
       0
       0
       0
       0
       0
       0
       0
       0
       0
       0
       0
       0
       0
       0
       0
       0
       0
       0
       0
       0
       0
       0
       0
       0
       0
       0
       0
       0
       0
       0
       0
       0
       0
       0
       0
       0
       0
       0
       0
       0
       0
       0
       0
       0
       0
       0
       0
       0
       0
       0
       0
       0
       0
       0
       0
       0
       0
       0
       0
       0
       0
       0
       0
       0
       0
       0
       0
       0
       0
       0
       0
       0
       0
       0
       0
       0
       0
       0
       0
       0
       0
       0
       0
       0
       0
       0
       0
       0
       0
       0
       0
       0
       0
       0
       0
       0
       0
       0
       0
       0
       0
       0
       0
       0
       0
       0
       0
       0
       0
       0
       0
       0
       0
       0
       0
       0
       0
       0
       0
       0
       0
       0
       0
       0
       0
       0
       0
       0
       0
       0
       0
       0
       0
       0
       0
       0
       0
       0
       0
       0
       0
       0
       0
       0
       0
       0
       0
       0
       0
       0
       0
       0
       0
       0
       0
       0
       0
       0
       0
       0
       0
       0
       0
       0
       0
       0
       0
       0
       0
       0
       0
       0
       0
       0
       0
       0
       0
       0
       0
       0
       0
       0
       0
       0
       0
       0
       0
       0
       0
       0
       0
       0
       0
       0
       0
       0
       0
       0
       0
       0
       0
       0
       0
       0
       0
       0
       0
       0
       0
       0
       0
       0
       0
       0
       0
       0
       0
       0
       0
       0
       0
       0
       0
       0
       0
       0
       0
       0
       0
       0
       0
       0
       0
       0
       0
       0
       0
       0
       0
       0
       0
       0
       0
       0
       0
       0
       0
       0
       0
       0
       0
       0
       0
       0
       0
       0
       0
       0
       0
       0
       0
       0
       0
       0
       0
       0
       0
       0
       0
       0
       0
       0
       0
       0
       0
       0
       0
       0
       0
       0
       0
       0
       0
       0
       0
       0
       0
       0
       0
       0
       0
       0
       0
       0
       0
       0
       0
       0
       0
       0
       0
       0
       0
       0
       0
       0
       0
       0
       0
       0
       0
       0
       0
       0
       0
       0
       0
       0
       0
       0
       0
       0
       0
       0
       0
       0
       0
       0
       0
       0
       0
       0
       0
       0
       0
       0
       0
       0
       0
       0
       0
       0
       0
       0
       0
       0
       0
       0
       0
       0
       0
       0
       0
       0
       0
       0
       0
       0
       0
       0
       0
       0
       0
       0
       0
       0
       0
       0
       0
       0
       0
       0
       0
       0
       0
       0
       0
       0
       0
       0
       0
       0
       0
       0
       0
       0
       0
       0
       0
       0
       0
       0
       0
       0
       0
       0
       0
       0
       0
       0
       0
       0
       0
       0
       0
       0
       0
       0
       0
       0
       0
       0
       0
       0
       0
       0
       0
       0
       0
       0
       0
       0
       0
       0
       0
       0
       0
       0
       0
       0
       0
       0
       0
       0
       0
       0
       0
       0
       0
       0
       0
       0
       0
       0
       0
       0
       0
       0
       0
       0
       0
       0
       0
       0
       0
       0
       0
       0
       0
       0
       0
       0
       0
       0
       0
       0
       0
       0
       0
       0
       0
       0
       0
       0
       0
       0
       0
       0
       0
       0
       0
       0
       0
       0
       0
       0
       0
       0
       0
       0
       0
       0
       0
       0
       0
       0
       0
       0
       0
       0
       0
       0
       0
       0
       0
       0
       0
       0
       0
       0
       0
       0
       0
       0
       0
       0
       0
       0
       0
       0
       0
       0
       0
       0
       0
       0
       0
       0
       0
       0
       0
       0
       0
       0
       0
       0
       0
       0
       0
       0
       0
       0
       0
       0
       0
       0
       0
       0
       0
       0
       0
       0
       0
       0
       0
       0
       0
       0
       0
       0
       0
       0
       0
       0
       0
       0
       0
       0
       0
       0
       0
       0
       0
       0
       0
       0
       0
       0
       0
       0
       0
       0
       0
       0
       0
       0
       0
       0
       0
       0
       0
       0
       0
       0
       0
       0
       0
       0
       0
       0
       0
       0
       0
       0
       0
       0
       0
       0
       0
       0
       0
       0
       0
       0
       0
       0
       0
       0
       0
       0
       0
       0
       0
       0
       0
       0
       0
       0
       0
       0
       0
       0
       0
       0
       0
       0
       0
       0
       0
       0
       0
       0
       0
       0
       0
       0
       0
       0
       0
       0
       0
       0
       0
       0
       0
       0
       0
       0
       0
       0
       0
       0
       0
       0
       0
       0
       0
       0
       0
       0
       0
       0
       0
       0
       0
       0
       0
       0
       0
       0
       0
       0
       0
       0
       0
       0
       0
       0
       0
       0
       0
       0
       0
       0
       0
       0
       0
       0
       0
       0
       0
       0
       0
       0
       0
       0
       0
       0
       0
       0
       0
       0
       0
       0
       0
       0
       0
       0
       0
       0
       0
       0
       0
       0
       0
       0
       0
       0
       0
       0
       0
       0
       0
       0
       0
       0
       0
       0
       0
       0
       0
       0
       0
       0
       0
       0
       0
       0
       0
       0
       0
       0
       0
       0
       0
       0
       0
       0
       0
       0
       0
       0
       0
       0
       0
       0
       0
       0
       0
       0
       0
       0
       0
       0
       0
       0
       0
       0
       0
       0
       0
       0
       0
       0
       0
       0
       0
       0
       0
       0
       0
       0
       0
       0
       0
       0
       0
       0
       0
       0
       0
       0
       0
       0
       0
       0
       0
       0
       0
       0
       0
       0
       0
       0
       0
       0
       0
       0
       0
       0
       0
       0
       0
       0
       0
       0
       0
       0
       0
       0
       0
       0
       0
       0
       0
       0
       0
       0
       0
       0
       0
       0
       0
       0
       0
       0
       0
       0
       0
       0
       0
       0
       0
       0
       0
       0
       0
       0
       0
       0
       0
       0
       0
       0
       0
       0
       0
       0
       0
       0
       0
       0
       0
       0
       0
       0
       0
       0
       0
       0
       0
       0
       0
       0
       0
       0
       0
       0
       0
       0
       0
       0
       0
       0
       0
       0
       0
       0
       0
       0
       0
       0
       0
       0
       0
       0
       0
       0
       0
       0
       0
       0
       0
       0
       0
       0
       0
       0
       0
       0
       0
       0
       0
       0
       0
       0
       0
       0
       0
       0
       0
       0
       0
       0
       0
       0
       0
       0
       0
       0
       0
       0
       0
       0
       0
       0
       0
       0
       0
       0
       0
       0
       0
       0
       0
       0
       0
       0
       0
       0
       0
       0
       0
       0
       0
       0
       0
       0
       0
       0
       0
       0
       0
       0
       0
       0
       0
       0
       0
       0
       0
       0
       0
       0
       0
       0
       0
       0
       0
       0
       0
       0
       0
       0
       0
       0
       0
       0
       0
       0
       0
       0
       0
       0
       0
       0
       0
       0
       0
       0
       0
       0
       0
       0
       0
       0
       0
       0
       0
       0
       0
       0
       0
       0
       0
       0
       0
       0
       0
       0
       0
       0
       0
       0
       0
       0
       0
       0
       0
       0
       0
       0
       0
       0
       0
       0
       0
       0
       0
       0
       0
       0
       0
       0
       0
       0
       0
       0
       0
       0
       0
       0
       0
       0
       0
       0
       0
       0
       0
       0
       0
       0
       0
       0
       0
       0
       0
       0
       0
       0
       0
       0
       0
       0
       0
       0
       0
       0
       0
       0
       0
       0
       0
       0
       0
       0
       0
       0
       0
       0
       0
       0
       0
       0
       0
       0
       0
       0
       0
       0
       0
       0
       0
       0
       0
       0
       0
       0
       0
       0
       0
       0
       0
       0
       0
       0
       0
       0
       0
       0
       0
       0
       0
       0
       0
       0
       0
       0
       0
       0
       0
       0
       0
       0
       0
       0
       0
       0
       0
       0
       0
       0
       0
       0
       0
       0
       0
       0
       0
       0
       0
       0
       0
       0
       0
       0
       0
       0
       0
       0
       0
       0
       0
       0
       0
       0
       0
       0
       0
       0
       0
       0
       0
       0
       0
       0
       0
       0
       0
       0
       0
       0
       0
       0
       0
       0
       0
       0
       0
       0
       0
       0
       0
       0
       0
       0
       0
       0
       0
       0
       0
       0
       0
       0
       0
       0
       0
       0
       0
       0
       0
       0
       0
       0
       0
       0
       0
       0
       0
       0
       0
       0
       0
       0
       0
       0
       0
       0
       0
       0
       0
       0
       0
       0
       0
       0
       0
       0
       0
       0
       0
       0
       0
       0
       0
       0
       0
       0
       0
       0
       0
       0
       0
       0
       0
       0
       0
       0
       0
       0
       0
       0
       0
       0
       0
       0
       0
       0
       0
       0
       0
       0
       0
       0
       0
       0
       0
       0
       0
       0
       0
       0
       0
       0
       0
       0
       0
       0
       0
       0
       0
       0
       0
       0
       0
       0
       0
       0
       0
       0
       0
       0
       0
       0
       0
       0
       0
       0
       0
       0
       0
       0
       0
       0
       0
       0
       0
       0
       0
       0
       0
       0
       0
       0
       0
       0
       0
       0
       0
       0
       0
       0
       0
       0
       0
       0
       0
       0
       0
       0
       0
       0
       0
       0
       0
       0
       0
       0
       0
       0
       0
       0
       0
       0
       0
       0
       0
       0
       0
       0
       0
       0
       0
       0
       0
       0
       0
       0
       0
       0
       0
       0
       0
       0
       0
       0
       0
       0
       0
       0
       0
       0
       0
       0
       0
       0
       0
       0
       0
       0
       0
       0
       0
       0
       0
       0
       0
       0
       0
       0
       0
       0
       0
       0
       0
       0
       0
       0
       0
       0
       0
       0
       0
       0
       0
       0
       0
       0
       0
       0
       0
       0
       0
       0
       0
       0
       0
       0
       0
       0
       0
       0
       0
       0
       0
       0
       0
       0
       0
       0
       0
       0
       0
       0
       0
       0
       0
       0
       0
       0
       0
       0
       0
       0
       0
       0
       0
       0
       0
       0
       0
       0
       0
       0
       0
       0
       0
       0
       0
       0
       0
       0
       0
       0
       0
       0
       0
       0
       0
       0
       0
       0
       0
       0
       0
       0
       0
       0
       0
       0
       0
       0
       0
       0
       0
       0
       0
       0
       0
       0
       0
       0
       0
       0
       0
       0
       0
       0
       0
       0
       0
       0
       0
       0
       0
       0
       0
       0
       0
       0
       0
       0
       0
       0
       0
       0
       0
       0
       0
       0
       0
       0
       0
       0
       0
       0
       0
       0
       0
       0
       0
       0
       0
       0
       0
       0
       0
       0
       0
       0
       0
       0
       0
       0
       0
       0
       0
       0
       0
       0
       0
       0
       0
       0
       0
       0
       0
       0
       0
       0
       0
       0
       0
       0
       0
       0
       0
       0
       0
       0
       0
       0
       0
       0
       0
       0
       0
       0
       0
       0
       0
       0
       0
       0
       0
       0
       0
       0
       0
       0
       0
       0
       0
       0
       0
       0
       0
       0
       0
       0
       0
       0
       0
       0
       0
       0
       0
       0
       0
       0
       0
       0
       0
       0
       0
       0
       0
       0
       0
       0
       0
       0
       0
       0
       0
       0
       0
       0
       0
       0
       0
       0
       0
       0
       0
       0
       0
       0
       0
       0
       0
       0
       0
       0
       0
       0
       0
       0
       0
       0
       0
       0
       0
       0
       0
       0
       0
       0
       0
       0
       0
       0
       0
       0
       0
       0
       0
       0
       0
       0
       0
       0
       0
       0
       0
       0
       0
       0
       0
       0
       0
       0
       0
       0
       0
       0
       0
       0
       0
       0
       0
       0
       0
       0
       0
       0
       0
       0
       0
       0
       0
       0
       0
       0
       0
       0
       0
       0
       0
       0
       0
       0
       0
       0
       0
       0
       0
       0
       0
       0
       0
       0
       0
       0
       0
       0
       0
       0
       0
       0
       0
       0
       0
       0
       0
       0
       0
       0
       0
       0
       0
       0
       0
       0
       0
       0
       0
       0
       0
       0
       0
       0
       0
       0
       0
       0
       0
       0
       0
       0
       0
       0
       0
       0
       0
       0
       0
       0
       0
       0
       0
       0
       0
       0
       0
       0
       0
       0
       0
       0
       0
       0
       0
       0
       0
       0
       0
       0
       0
       0
       0
       0
       0
       0
       0
       0
       0
       0
       0
       0
       0
       0
       0
       0
       0
       0
       0
       0
       0
       0
       0
       0
       0
       0
       0
       0
       0
       0
       0
       0
       0
       0
       0
       0
       0
       0
       0
       0
       0
       0
       0
       0
       0
       0
       0
       0
       0
       0
       0
       0
       0
       0
       0
       0
       0
       0
       0
       0
       0
       0
       0
       0
       0
       0
       0
       0
       0
       0
       0
       0
       0
       0
       0
       0
       0
       0
       0
       0
       0
       0
       0
       0
       0
       0
       0
       0
       0
       0
       0
       0
       0
       0
       0
       0
       0
       0
       0
       0
       0
       0
       0
       0
       0
$ROI:
0
$PRESETS:
None
0
0
$ENER_FIT:
385.637970 0.250090
$MCA_CAL:
3
3.856380E+002 2.500897E-001 0.000000E+000 keV
$SHAPE_CAL:
3
7.890658E+001 1.689815E-001 0.000000E+000
